,num_sims,round,experiment,horizon,electrophile_id,ligand_name,nucleophile_id,yield
0,0.0,0.0,0.0,0.0,e3,A-caPhos,nG,0.0
1,0.0,1.0,0.0,1.0,e1,BrettPhos,nA,0.0
2,0.0,2.0,0.0,2.0,e9,CX-FBu,nA,0.026568437497950775
3,0.0,3.0,0.0,3.0,e1,CX-PICy,nI,0.16332586594833928
4,0.0,4.0,0.0,4.0,e4,Cy-DavePhos,nI,0.09721557254928792
5,0.0,5.0,0.0,5.0,e10,Cy-vBRIDP,nE,0.10818426656909862
6,0.0,6.0,0.0,6.0,e5,Kwong,nI,0.605127225193205
7,0.0,7.0,0.0,7.0,e10,MeO-KITPHOS,nC,0.6485009952102284
8,0.0,8.0,0.0,8.0,e2,P(o-Anis)3,nG,0.12131880345908684
9,0.0,9.0,0.0,9.0,e1,Et-PhenCar-Phos,nC,0.13162928317129613
10,0.0,10.0,0.0,10.0,e10,JackiePhos,nB,0.3412973722922598
11,0.0,11.0,0.0,11.0,e3,"P(3,5-CF3-Ph)3",nF,0.739492776362512
12,0.0,12.0,0.0,12.0,e3,P(fur)3,nB,0.048815786923134194
13,0.0,13.0,0.0,13.0,e5,Ph-PhenCar-Phos,nA,0.0
14,0.0,14.0,0.0,14.0,e9,PPh2Me,nI,0.5231142463877392
15,0.0,15.0,0.0,15.0,e9,PPhtBu2,nI,0.6362211015918549
16,0.0,16.0,0.0,16.0,e9,tBPh-CPhos,nA,0.5070576131604569
17,0.0,17.0,0.0,17.0,e2,PPhMe2,nE,0.206575885338896
18,0.0,18.0,0.0,18.0,e2,Cy-BippyPhos,nD,0.899766462439471
19,0.0,19.0,0.0,19.0,e5,PCy3 HBF4,nD,0.4635875867274559
20,0.0,20.0,0.0,20.0,e5,CgMe-PPh,nF,0.4710660416220753
21,0.0,21.0,0.0,21.0,e9,PPh3,nB,0.08611579146274333
22,0.0,22.0,0.0,22.0,e1,X-Phos,nC,0.27431091804894675
23,0.0,23.0,0.0,23.0,e4,PnBu3 HBF4,nA,0.01706005824707267
24,0.0,24.0,0.0,24.0,e5,Cy-BippyPhos,nC,0.7310324837389857
25,0.0,25.0,0.0,25.0,e10,"P(3,5-CF3-Ph)3",nG,0.420516226306976
26,0.0,26.0,0.0,26.0,e7,MeO-KITPHOS,nF,0.14909057955854127
27,0.0,27.0,0.0,27.0,e1,PPhtBu2,nI,0.0
28,0.0,28.0,0.0,28.0,e4,Kwong,nG,0.0
29,0.0,29.0,0.0,29.0,e3,PPh2Me,nA,0.009003872028159892
30,0.0,30.0,0.0,30.0,e7,tBPh-CPhos,nC,0.6575510344081796
31,0.0,31.0,0.0,31.0,e10,CgMe-PPh,nA,0.1556727410455523
32,0.0,32.0,0.0,32.0,e3,PCy3 HBF4,nE,0.06067622810866836
33,0.0,33.0,0.0,33.0,e1,JackiePhos,nI,0.23164589492729465
34,0.0,34.0,0.0,34.0,e9,X-Phos,nA,0.4653132921969271
35,0.0,35.0,0.0,35.0,e9,Cy-BippyPhos,nE,0.1706050823301135
36,0.0,36.0,0.0,36.0,e1,PPhMe2,nG,0.015753918769731767
37,0.0,37.0,0.0,37.0,e2,CX-PICy,nD,0.844934148288056
38,0.0,38.0,0.0,38.0,e4,Et-PhenCar-Phos,nI,0.02371214570587278
39,0.0,39.0,0.0,39.0,e9,P(o-Anis)3,nE,0.015334735124532104
40,0.0,40.0,0.0,40.0,e4,Cy-vBRIDP,nC,0.20302461670836117
41,0.0,41.0,0.0,41.0,e7,Cy-DavePhos,nC,0.43870094090204687
42,0.0,42.0,0.0,42.0,e10,PPh3,nB,0.027379747986006113
43,0.0,43.0,0.0,43.0,e5,P(fur)3,nC,0.706763204366684
44,0.0,44.0,0.0,44.0,e4,CX-FBu,nC,0.0047669076631712696
45,0.0,45.0,0.0,45.0,e10,PnBu3 HBF4,nI,0.26729288053977013
46,0.0,46.0,0.0,46.0,e2,A-caPhos,nE,0.03960375441695721
47,0.0,47.0,0.0,47.0,e10,BrettPhos,nI,0.1572445220332629
48,0.0,48.0,0.0,48.0,e7,Ph-PhenCar-Phos,nE,0.014969722878949149
49,0.0,49.0,0.0,49.0,e2,tBPh-CPhos,nG,0.21498121859438568
50,0.0,50.0,0.0,50.0,e10,"P(3,5-CF3-Ph)3",nD,0.9480127354628836
51,0.0,51.0,0.0,51.0,e5,CX-PICy,nG,0.35909736921031543
52,0.0,52.0,0.0,52.0,e5,"P(3,5-CF3-Ph)3",nB,0.24568271742359823
53,0.0,53.0,0.0,53.0,e2,MeO-KITPHOS,nA,0.6953968715197815
54,0.0,54.0,0.0,54.0,e5,P(fur)3,nD,0.7206680265827334
55,0.0,55.0,0.0,55.0,e1,X-Phos,nA,0.8789499411781446
56,0.0,56.0,0.0,56.0,e4,Cy-BippyPhos,nE,0.0
57,0.0,57.0,0.0,57.0,e2,PPhtBu2,nE,0.2141985283033928
58,0.0,58.0,0.0,58.0,e9,CgMe-PPh,nI,0.9133569283838853
59,0.0,59.0,0.0,59.0,e1,Kwong,nB,0.06453691607178057
60,0.0,60.0,0.0,60.0,e3,JackiePhos,nG,0.6578858211575712
61,0.0,61.0,0.0,61.0,e10,X-Phos,nE,0.0935959226806929
62,0.0,62.0,0.0,62.0,e5,Cy-DavePhos,nD,0.7566333942731113
63,0.0,63.0,0.0,63.0,e1,PPh2Me,nG,0.046182417331377484
64,0.0,64.0,0.0,64.0,e1,PCy3 HBF4,nC,0.12548596697694442
65,0.0,65.0,0.0,65.0,e9,CgMe-PPh,nB,0.16201116259216772
66,0.0,66.0,0.0,66.0,e2,MeO-KITPHOS,nF,0.6735229847545438
67,0.0,67.0,0.0,67.0,e2,P(fur)3,nC,0.531364471158177
68,0.0,68.0,0.0,68.0,e5,tBPh-CPhos,nI,0.8432755599410124
69,0.0,69.0,0.0,69.0,e4,CX-PICy,nI,0.049131110362350565
70,0.0,70.0,0.0,70.0,e9,"P(3,5-CF3-Ph)3",nG,0.3475054757161358
71,0.0,71.0,0.0,71.0,e7,Cy-DavePhos,nG,0.22461200392146816
72,0.0,72.0,0.0,72.0,e2,Cy-vBRIDP,nG,0.27869962157058037
73,0.0,73.0,0.0,73.0,e4,JackiePhos,nE,0.0
74,0.0,74.0,0.0,74.0,e1,PnBu3 HBF4,nE,0.0
75,0.0,75.0,0.0,75.0,e9,tBPh-CPhos,nI,0.8988852901963119
76,0.0,76.0,0.0,76.0,e3,MeO-KITPHOS,nB,0.16832752828316924
77,0.0,77.0,0.0,77.0,e4,PPhMe2,nD,0.03789710444075946
78,0.0,78.0,0.0,78.0,e3,tBPh-CPhos,nA,0.5729071695707448
79,0.0,79.0,0.0,79.0,e1,P(fur)3,nF,0.0
80,0.0,80.0,0.0,80.0,e10,BrettPhos,nA,0.3672528507287323
81,0.0,81.0,0.0,81.0,e10,Et-PhenCar-Phos,nC,0.7283750489168687
82,0.0,82.0,0.0,82.0,e3,P(o-Anis)3,nE,0.0347685138498739
83,0.0,83.0,0.0,83.0,e5,PPh3,nF,0.459106585899356
84,0.0,84.0,0.0,84.0,e9,Cy-BippyPhos,nB,0.19614551978344988
85,0.0,85.0,0.0,85.0,e1,Et-PhenCar-Phos,nA,0.5211070217161989
86,0.0,86.0,0.0,86.0,e5,PPhtBu2,nE,0.26560222932504995
87,0.0,87.0,0.0,87.0,e7,"P(3,5-CF3-Ph)3",nC,0.37358571629078485
88,0.0,88.0,0.0,88.0,e1,A-caPhos,nI,0.03722071252473063
89,0.0,89.0,0.0,89.0,e10,tBPh-CPhos,nC,0.7154205799800839
90,0.0,90.0,0.0,90.0,e1,CX-FBu,nD,0.04874487002483518
91,0.0,91.0,0.0,91.0,e5,X-Phos,nE,0.10922716180611192
92,0.0,92.0,0.0,92.0,e7,CgMe-PPh,nF,0.8590504388988899
93,0.0,93.0,0.0,93.0,e4,Ph-PhenCar-Phos,nE,0.0
94,0.0,94.0,0.0,94.0,e2,CgMe-PPh,nB,0.2326183566176621
95,0.0,95.0,0.0,95.0,e3,tBPh-CPhos,nB,0.2201396278511609
96,1.0,0.0,0.0,0.0,e10,A-caPhos,nF,0.7955510503185635
97,1.0,1.0,0.0,1.0,e2,BrettPhos,nF,0.3409853317756659
98,1.0,2.0,0.0,2.0,e10,CX-FBu,nF,0.19352259897861
99,1.0,3.0,0.0,3.0,e5,CX-PICy,nI,0.7387768863355436
100,1.0,4.0,0.0,4.0,e4,Cy-DavePhos,nA,0.030639879401734644
101,1.0,5.0,0.0,5.0,e1,Cy-vBRIDP,nG,0.040219882770202414
102,1.0,6.0,0.0,6.0,e7,Kwong,nB,0.020383918157043737
103,1.0,7.0,0.0,7.0,e9,MeO-KITPHOS,nB,0.10548391557053341
104,1.0,8.0,0.0,8.0,e4,P(o-Anis)3,nC,0.108256170748378
105,1.0,9.0,0.0,9.0,e3,Et-PhenCar-Phos,nF,0.7168147526183698
106,1.0,10.0,0.0,10.0,e3,JackiePhos,nC,0.5634096118513189
107,1.0,11.0,0.0,11.0,e3,"P(3,5-CF3-Ph)3",nC,0.5560644999980037
108,1.0,12.0,0.0,12.0,e1,P(fur)3,nE,0.030488115443860403
109,1.0,13.0,0.0,13.0,e1,Ph-PhenCar-Phos,nA,0.18568024853139675
110,1.0,14.0,0.0,14.0,e2,PPh2Me,nE,0.1828915699577187
111,1.0,15.0,0.0,15.0,e10,PPhtBu2,nD,0.9552227828319847
112,1.0,16.0,0.0,16.0,e7,tBPh-CPhos,nG,0.06459244912713331
113,1.0,17.0,0.0,17.0,e9,PPhMe2,nE,0.20376038691379747
114,1.0,18.0,0.0,18.0,e1,Cy-BippyPhos,nA,0.6371489847313551
115,1.0,19.0,0.0,19.0,e4,PCy3 HBF4,nG,0.0
116,1.0,20.0,0.0,20.0,e10,CgMe-PPh,nG,0.4450058594793389
117,1.0,21.0,0.0,21.0,e10,PPh3,nG,0.1393167968001149
118,1.0,22.0,0.0,22.0,e2,X-Phos,nB,0.20337122330638152
119,1.0,23.0,0.0,23.0,e9,PnBu3 HBF4,nC,0.29786886006957153
120,1.0,24.0,0.0,24.0,e10,PPhtBu2,nF,0.9293464786587261
121,1.0,25.0,0.0,25.0,e1,A-caPhos,nD,0.0
122,1.0,26.0,0.0,26.0,e5,CX-PICy,nG,0.35909736921031543
123,1.0,27.0,0.0,27.0,e1,Et-PhenCar-Phos,nF,0.09483902946857867
124,1.0,28.0,0.0,28.0,e9,Cy-BippyPhos,nA,0.5551684100530536
125,1.0,29.0,0.0,29.0,e1,JackiePhos,nD,0.5137263354833275
126,1.0,30.0,0.0,30.0,e5,"P(3,5-CF3-Ph)3",nI,0.9667861636236104
127,1.0,31.0,0.0,31.0,e5,CgMe-PPh,nF,0.4710660416220753
128,1.0,32.0,0.0,32.0,e3,PPhtBu2,nG,0.42214668793427734
129,1.0,33.0,0.0,33.0,e10,BrettPhos,nC,0.17130482447828083
130,1.0,34.0,0.0,34.0,e9,PnBu3 HBF4,nB,0.05641430852865334
131,1.0,35.0,0.0,35.0,e2,PPhMe2,nG,0.1743874382182481
132,1.0,36.0,0.0,36.0,e1,X-Phos,nC,0.27431091804894675
133,1.0,37.0,0.0,37.0,e10,CX-FBu,nB,0.1174497941912104
134,1.0,38.0,0.0,38.0,e2,Ph-PhenCar-Phos,nC,0.6114139698966943
135,1.0,39.0,0.0,39.0,e7,PPh2Me,nE,0.014703352842934232
136,1.0,40.0,0.0,40.0,e5,"P(3,5-CF3-Ph)3",nD,0.7269615014964179
137,1.0,41.0,0.0,41.0,e1,PPh3,nA,0.2870639417300373
138,1.0,42.0,0.0,42.0,e4,P(o-Anis)3,nF,0.16200930130091348
139,1.0,43.0,0.0,43.0,e7,MeO-KITPHOS,nI,0.21783562748931537
140,1.0,44.0,0.0,44.0,e9,tBPh-CPhos,nA,0.5070576131604569
141,1.0,45.0,0.0,45.0,e5,Cy-vBRIDP,nA,0.7556883724207524
142,1.0,46.0,0.0,46.0,e5,Cy-DavePhos,nB,0.24820523727080449
143,1.0,47.0,0.0,47.0,e1,P(fur)3,nD,0.027849023497232013
144,1.0,48.0,0.0,48.0,e10,Kwong,nG,0.24923381383602894
145,1.0,49.0,0.0,49.0,e1,Cy-BippyPhos,nD,0.19322800249768834
146,1.0,50.0,0.0,50.0,e1,PCy3 HBF4,nI,0.04512889597205454
147,1.0,51.0,0.0,51.0,e7,CX-PICy,nA,0.4849023858174712
148,1.0,52.0,0.0,52.0,e5,JackiePhos,nG,0.338261501637445
149,1.0,53.0,0.0,53.0,e9,PPhtBu2,nB,0.0744540569819119
150,1.0,54.0,0.0,54.0,e4,"P(3,5-CF3-Ph)3",nI,0.07226229178364636
151,1.0,55.0,0.0,55.0,e4,CgMe-PPh,nG,0.03040429412851897
152,1.0,56.0,0.0,56.0,e5,Et-PhenCar-Phos,nE,0.1555337724688785
153,1.0,57.0,0.0,57.0,e2,Ph-PhenCar-Phos,nI,0.31637502685680596
154,1.0,58.0,0.0,58.0,e10,Cy-vBRIDP,nG,0.3608953345580712
155,1.0,59.0,0.0,59.0,e1,A-caPhos,nE,0.03499297317844621
156,1.0,60.0,0.0,60.0,e1,tBPh-CPhos,nG,0.12674104413371357
157,1.0,61.0,0.0,61.0,e9,CX-PICy,nE,0.11110502362494325
158,1.0,62.0,0.0,62.0,e7,BrettPhos,nE,0.0
159,1.0,63.0,0.0,63.0,e3,X-Phos,nD,0.6499890415739124
160,1.0,64.0,0.0,64.0,e9,PPh3,nD,0.6001831529671628
161,1.0,65.0,0.0,65.0,e2,JackiePhos,nD,0.8885726039005069
162,1.0,66.0,0.0,66.0,e1,Cy-BippyPhos,nB,0.16085798150695332
163,1.0,67.0,0.0,67.0,e7,PPhMe2,nC,0.45538465088279884
164,1.0,68.0,0.0,68.0,e1,PPhtBu2,nG,0.0
165,1.0,69.0,0.0,69.0,e9,PnBu3 HBF4,nE,0.13881752224258265
166,1.0,70.0,0.0,70.0,e2,"P(3,5-CF3-Ph)3",nB,0.3077541564280736
167,1.0,71.0,0.0,71.0,e1,JackiePhos,nG,0.16044985000151907
168,1.0,72.0,0.0,72.0,e3,MeO-KITPHOS,nD,0.4375043123935729
169,1.0,73.0,0.0,73.0,e5,CX-FBu,nB,0.060299548757721935
170,1.0,74.0,0.0,74.0,e2,Cy-DavePhos,nD,0.8600984767103315
171,1.0,75.0,0.0,75.0,e2,P(o-Anis)3,nB,0.11086154927683153
172,1.0,76.0,0.0,76.0,e10,Kwong,nI,0.44837347162573915
173,1.0,77.0,0.0,77.0,e9,Cy-vBRIDP,nI,0.6700718714523624
174,1.0,78.0,0.0,78.0,e3,Cy-DavePhos,nB,0.16485335147347094
175,1.0,79.0,0.0,79.0,e5,X-Phos,nB,0.22803797881095858
176,1.0,80.0,0.0,80.0,e3,Ph-PhenCar-Phos,nE,0.000513778510005651
177,1.0,81.0,0.0,81.0,e3,PPh2Me,nA,0.009003872028159892
178,1.0,82.0,0.0,82.0,e1,PPh3,nF,0.033638963742203404
179,1.0,83.0,0.0,83.0,e9,Et-PhenCar-Phos,nG,0.46505962614221114
180,1.0,84.0,0.0,84.0,e7,CgMe-PPh,nC,0.4527219927063775
181,1.0,85.0,0.0,85.0,e3,Cy-vBRIDP,nF,0.7389650558356956
182,1.0,86.0,0.0,86.0,e7,P(fur)3,nI,0.30508908766736764
183,1.0,87.0,0.0,87.0,e4,PCy3 HBF4,nD,0.07881380061232132
184,1.0,88.0,0.0,88.0,e5,PPhMe2,nF,0.0
185,1.0,89.0,0.0,89.0,e2,A-caPhos,nC,0.6792763491019146
186,1.0,90.0,0.0,90.0,e5,CX-PICy,nA,0.6723589540000653
187,1.0,91.0,0.0,91.0,e1,"P(3,5-CF3-Ph)3",nI,0.05907258173862887
188,1.0,92.0,0.0,92.0,e1,MeO-KITPHOS,nB,0.015845697854694092
189,1.0,93.0,0.0,93.0,e1,Cy-vBRIDP,nF,0.05518931662697358
190,1.0,94.0,0.0,94.0,e1,Kwong,nC,0.006793877228623898
191,1.0,95.0,0.0,95.0,e3,tBPh-CPhos,nA,0.5729071695707448
192,2.0,0.0,0.0,0.0,e7,A-caPhos,nF,0.1328274541277745
193,2.0,1.0,0.0,1.0,e10,BrettPhos,nI,0.1572445220332629
194,2.0,2.0,0.0,2.0,e10,CX-FBu,nD,0.021025961968080993
195,2.0,3.0,0.0,3.0,e3,CX-PICy,nE,0.1788347445386581
196,2.0,4.0,0.0,4.0,e9,Cy-DavePhos,nE,0.11425610500152658
197,2.0,5.0,0.0,5.0,e9,Cy-vBRIDP,nD,0.702991104041341
198,2.0,6.0,0.0,6.0,e1,Kwong,nB,0.06453691607178057
199,2.0,7.0,0.0,7.0,e1,MeO-KITPHOS,nE,0.04671760971453625
200,2.0,8.0,0.0,8.0,e2,P(o-Anis)3,nI,0.27775277390949565
201,2.0,9.0,0.0,9.0,e2,Et-PhenCar-Phos,nG,0.21586957617119734
202,2.0,10.0,0.0,10.0,e3,JackiePhos,nA,0.49532594634296395
203,2.0,11.0,0.0,11.0,e3,"P(3,5-CF3-Ph)3",nF,0.739492776362512
204,2.0,12.0,0.0,12.0,e9,P(fur)3,nG,0.3593925605569053
205,2.0,13.0,0.0,13.0,e3,Ph-PhenCar-Phos,nG,0.05055398317567727
206,2.0,14.0,0.0,14.0,e3,PPh2Me,nG,0.0
207,2.0,15.0,0.0,15.0,e9,PPhtBu2,nB,0.0744540569819119
208,2.0,16.0,0.0,16.0,e5,tBPh-CPhos,nF,0.021215482774025726
209,2.0,17.0,0.0,17.0,e10,PPhMe2,nD,0.9998377684127633
210,2.0,18.0,0.0,18.0,e5,Cy-BippyPhos,nA,0.7454640568896914
211,2.0,19.0,0.0,19.0,e1,PCy3 HBF4,nE,0.06933003441095552
212,2.0,20.0,0.0,20.0,e9,CgMe-PPh,nG,0.5466105607265662
213,2.0,21.0,0.0,21.0,e1,PPh3,nB,0.1440608266906695
214,2.0,22.0,0.0,22.0,e10,X-Phos,nB,0.3561245065772018
215,2.0,23.0,0.0,23.0,e9,PnBu3 HBF4,nF,0.06976139513202796
216,2.0,24.0,0.0,24.0,e7,PPhMe2,nG,0.0
217,2.0,25.0,0.0,25.0,e9,Cy-BippyPhos,nF,0.9242970629259212
218,2.0,26.0,0.0,26.0,e4,"P(3,5-CF3-Ph)3",nF,0.12460832905550522
219,2.0,27.0,0.0,27.0,e2,Cy-vBRIDP,nF,0.6290075171930294
220,2.0,28.0,0.0,28.0,e7,CgMe-PPh,nD,1.0
221,2.0,29.0,0.0,29.0,e5,JackiePhos,nA,0.7290418673450977
222,2.0,30.0,0.0,30.0,e10,P(fur)3,nE,0.041148408288671126
223,2.0,31.0,0.0,31.0,e4,X-Phos,nG,0.014305219597103146
224,2.0,32.0,0.0,32.0,e2,P(o-Anis)3,nA,0.25800548866225337
225,2.0,33.0,0.0,33.0,e3,Cy-BippyPhos,nA,0.7065412188883603
226,2.0,34.0,0.0,34.0,e7,Et-PhenCar-Phos,nA,0.46105828561415296
227,2.0,35.0,0.0,35.0,e7,CgMe-PPh,nG,0.20467687014770913
228,2.0,36.0,0.0,36.0,e2,CX-PICy,nB,0.019159777876378164
229,2.0,37.0,0.0,37.0,e9,BrettPhos,nB,0.015005675905422431
230,2.0,38.0,0.0,38.0,e4,PPh3,nD,0.001865175726413785
231,2.0,39.0,0.0,39.0,e1,A-caPhos,nE,0.03499297317844621
232,2.0,40.0,0.0,40.0,e5,Cy-DavePhos,nA,0.7763833572037856
233,2.0,41.0,0.0,41.0,e1,Cy-vBRIDP,nB,0.09907844745687962
234,2.0,42.0,0.0,42.0,e4,PPhtBu2,nI,0.0
235,2.0,43.0,0.0,43.0,e4,PnBu3 HBF4,nA,0.01706005824707267
236,2.0,44.0,0.0,44.0,e7,PCy3 HBF4,nC,0.4444113627763342
237,2.0,45.0,0.0,45.0,e7,Kwong,nA,0.07567394742364385
238,2.0,46.0,0.0,46.0,e2,Ph-PhenCar-Phos,nB,0.0
239,2.0,47.0,0.0,47.0,e7,MeO-KITPHOS,nI,0.21783562748931537
240,2.0,48.0,0.0,48.0,e4,JackiePhos,nF,0.14143573352899122
241,2.0,49.0,0.0,49.0,e10,tBPh-CPhos,nB,0.34684817142606866
242,2.0,50.0,0.0,50.0,e1,CX-FBu,nC,0.027604957748843088
243,2.0,51.0,0.0,51.0,e9,PPh2Me,nF,0.31363771031122095
244,2.0,52.0,0.0,52.0,e1,Cy-BippyPhos,nD,0.19322800249768834
245,2.0,53.0,0.0,53.0,e10,PPhMe2,nI,0.5272307031167799
246,2.0,54.0,0.0,54.0,e2,Cy-DavePhos,nG,0.27117001204677615
247,2.0,55.0,0.0,55.0,e2,"P(3,5-CF3-Ph)3",nA,0.7596387385382168
248,2.0,56.0,0.0,56.0,e10,Et-PhenCar-Phos,nE,0.1423623971693994
249,2.0,57.0,0.0,57.0,e3,CgMe-PPh,nI,0.37696044105126186
250,2.0,58.0,0.0,58.0,e1,"P(3,5-CF3-Ph)3",nB,0.03740009874424654
251,2.0,59.0,0.0,59.0,e5,P(o-Anis)3,nD,0.2673691817698943
252,2.0,60.0,0.0,60.0,e10,PCy3 HBF4,nF,0.5031493938885278
253,2.0,61.0,0.0,61.0,e4,PPhMe2,nD,0.03789710444075946
254,2.0,62.0,0.0,62.0,e7,Cy-BippyPhos,nB,0.26761082245238416
255,2.0,63.0,0.0,63.0,e9,Cy-vBRIDP,nF,0.6967928130282119
256,2.0,64.0,0.0,64.0,e9,P(fur)3,nB,0.1017982533025562
257,2.0,65.0,0.0,65.0,e10,JackiePhos,nC,0.7413507792095948
258,2.0,66.0,0.0,66.0,e2,X-Phos,nD,0.810292693921554
259,2.0,67.0,0.0,67.0,e5,tBPh-CPhos,nD,0.8244748174600138
260,2.0,68.0,0.0,68.0,e3,PPh2Me,nD,0.22980567343975122
261,2.0,69.0,0.0,69.0,e3,tBPh-CPhos,nB,0.2201396278511609
262,2.0,70.0,0.0,70.0,e2,X-Phos,nG,0.15427681870136029
263,2.0,71.0,0.0,71.0,e3,MeO-KITPHOS,nD,0.4375043123935729
264,2.0,72.0,0.0,72.0,e7,Cy-DavePhos,nG,0.22461200392146816
265,2.0,73.0,0.0,73.0,e7,CgMe-PPh,nB,0.11466820021189443
266,2.0,74.0,0.0,74.0,e3,Cy-vBRIDP,nG,0.6350943239493974
267,2.0,75.0,0.0,75.0,e3,JackiePhos,nI,0.44377710899114275
268,2.0,76.0,0.0,76.0,e10,CX-PICy,nI,0.8294011628993512
269,2.0,77.0,0.0,77.0,e2,BrettPhos,nC,0.18745960828809252
270,2.0,78.0,0.0,78.0,e7,A-caPhos,nD,0.45969276976080437
271,2.0,79.0,0.0,79.0,e3,CX-PICy,nI,0.3147352706817098
272,2.0,80.0,0.0,80.0,e3,PCy3 HBF4,nG,0.21655404349373675
273,2.0,81.0,0.0,81.0,e5,PPh3,nA,0.2549508068127627
274,2.0,82.0,0.0,82.0,e2,Kwong,nE,0.15385645810893028
275,2.0,83.0,0.0,83.0,e3,Cy-BippyPhos,nG,0.6656541362855952
276,2.0,84.0,0.0,84.0,e10,PnBu3 HBF4,nD,1.0
277,2.0,85.0,0.0,85.0,e9,PnBu3 HBF4,nD,0.3392198605455525
278,2.0,86.0,0.0,86.0,e4,PPhtBu2,nE,0.0
279,2.0,87.0,0.0,87.0,e4,Cy-vBRIDP,nB,0.0
280,2.0,88.0,0.0,88.0,e4,Ph-PhenCar-Phos,nA,0.0
281,2.0,89.0,0.0,89.0,e5,CX-FBu,nC,0.07791633633204394
282,2.0,90.0,0.0,90.0,e10,Et-PhenCar-Phos,nA,0.7401699862842729
283,2.0,91.0,0.0,91.0,e9,P(o-Anis)3,nB,0.014166351731102438
284,2.0,92.0,0.0,92.0,e2,"P(3,5-CF3-Ph)3",nC,0.5485762544154528
285,2.0,93.0,0.0,93.0,e3,JackiePhos,nC,0.5634096118513189
286,2.0,94.0,0.0,94.0,e4,Cy-BippyPhos,nI,0.01506826698150689
287,2.0,95.0,0.0,95.0,e3,PPhMe2,nA,0.3195986379275633
288,3.0,0.0,0.0,0.0,e4,A-caPhos,nD,0.005914580833647114
289,3.0,1.0,0.0,1.0,e4,BrettPhos,nD,0.0055714565905122075
290,3.0,2.0,0.0,2.0,e7,CX-FBu,nC,0.015254117622773431
291,3.0,3.0,0.0,3.0,e7,CX-PICy,nG,0.27831617102194695
292,3.0,4.0,0.0,4.0,e3,Cy-DavePhos,nB,0.16485335147347094
293,3.0,5.0,0.0,5.0,e10,Cy-vBRIDP,nC,0.6923970246236064
294,3.0,6.0,0.0,6.0,e1,Kwong,nD,0.08645291673067909
295,3.0,7.0,0.0,7.0,e9,MeO-KITPHOS,nA,0.3102142356694695
296,3.0,8.0,0.0,8.0,e2,P(o-Anis)3,nB,0.11086154927683153
297,3.0,9.0,0.0,9.0,e7,Et-PhenCar-Phos,nE,0.05718031328307803
298,3.0,10.0,0.0,10.0,e2,JackiePhos,nG,0.226362632584802
299,3.0,11.0,0.0,11.0,e2,"P(3,5-CF3-Ph)3",nE,0.09746826633878404
300,3.0,12.0,0.0,12.0,e3,P(fur)3,nB,0.048815786923134194
301,3.0,13.0,0.0,13.0,e5,Ph-PhenCar-Phos,nE,0.0
302,3.0,14.0,0.0,14.0,e7,PPh2Me,nC,0.3285547341820373
303,3.0,15.0,0.0,15.0,e4,PPhtBu2,nF,0.0
304,3.0,16.0,0.0,16.0,e5,tBPh-CPhos,nB,0.28432749904894056
305,3.0,17.0,0.0,17.0,e1,PPhMe2,nB,0.028702661498009253
306,3.0,18.0,0.0,18.0,e2,Cy-BippyPhos,nG,0.21398062661899547
307,3.0,19.0,0.0,19.0,e10,PCy3 HBF4,nC,0.7481239349628751
308,3.0,20.0,0.0,20.0,e10,CgMe-PPh,nA,0.1556727410455523
309,3.0,21.0,0.0,21.0,e9,PPh3,nD,0.6001831529671628
310,3.0,22.0,0.0,22.0,e7,X-Phos,nE,0.009747915997314067
311,3.0,23.0,0.0,23.0,e1,PnBu3 HBF4,nB,0.005892158794976363
312,3.0,24.0,0.0,24.0,e10,PCy3 HBF4,nG,0.03784536673058321
313,3.0,25.0,0.0,25.0,e7,Cy-vBRIDP,nD,0.5488733534623731
314,3.0,26.0,0.0,26.0,e1,PPh3,nI,0.04621439454240948
315,3.0,27.0,0.0,27.0,e4,PPh2Me,nG,0.04035626265938144
316,3.0,28.0,0.0,28.0,e2,MeO-KITPHOS,nD,0.8301285778461426
317,3.0,29.0,0.0,29.0,e4,tBPh-CPhos,nF,0.13333417034980927
318,3.0,30.0,0.0,30.0,e5,CX-PICy,nD,0.7367636173787823
319,3.0,31.0,0.0,31.0,e7,JackiePhos,nC,0.6688604819213119
320,3.0,32.0,0.0,32.0,e4,Cy-BippyPhos,nF,0.16766741748867858
321,3.0,33.0,0.0,33.0,e3,Cy-DavePhos,nI,0.3888644156671869
322,3.0,34.0,0.0,34.0,e5,CgMe-PPh,nG,0.5263762443562906
323,3.0,35.0,0.0,35.0,e10,P(o-Anis)3,nD,0.21473020833290504
324,3.0,36.0,0.0,36.0,e10,"P(3,5-CF3-Ph)3",nA,0.546272038278152
325,3.0,37.0,0.0,37.0,e4,Kwong,nG,0.0
326,3.0,38.0,0.0,38.0,e4,Et-PhenCar-Phos,nD,0.045517695769122665
327,3.0,39.0,0.0,39.0,e3,P(fur)3,nD,0.517468751935307
328,3.0,40.0,0.0,40.0,e10,Cy-vBRIDP,nD,0.9843096018311139
329,3.0,41.0,0.0,41.0,e2,PPhMe2,nF,0.6752763886691495
330,3.0,42.0,0.0,42.0,e3,CX-FBu,nB,0.0717486552554436
331,3.0,43.0,0.0,43.0,e5,X-Phos,nD,0.8408611369475726
332,3.0,44.0,0.0,44.0,e7,A-caPhos,nA,0.22387111117310493
333,3.0,45.0,0.0,45.0,e10,PnBu3 HBF4,nI,0.26729288053977013
334,3.0,46.0,0.0,46.0,e10,BrettPhos,nE,0.057568734516984195
335,3.0,47.0,0.0,47.0,e10,Ph-PhenCar-Phos,nG,0.0
336,3.0,48.0,0.0,48.0,e4,PPhtBu2,nC,0.0
337,3.0,49.0,0.0,49.0,e4,MeO-KITPHOS,nF,0.09857703536485529
338,3.0,50.0,0.0,50.0,e7,CX-PICy,nI,0.5099042814136777
339,3.0,51.0,0.0,51.0,e2,Cy-vBRIDP,nI,0.6880605476764962
340,3.0,52.0,0.0,52.0,e7,JackiePhos,nI,0.6032624128682527
341,3.0,53.0,0.0,53.0,e1,X-Phos,nG,0.030496859953677565
342,3.0,54.0,0.0,54.0,e9,PCy3 HBF4,nB,0.0
343,3.0,55.0,0.0,55.0,e4,PPhMe2,nC,0.05076454644852316
344,3.0,56.0,0.0,56.0,e2,CgMe-PPh,nG,0.416125825549032
345,3.0,57.0,0.0,57.0,e9,PPh3,nA,0.4432722730662406
346,3.0,58.0,0.0,58.0,e5,"P(3,5-CF3-Ph)3",nB,0.24568271742359823
347,3.0,59.0,0.0,59.0,e1,Cy-vBRIDP,nA,0.2888460681891715
348,3.0,60.0,0.0,60.0,e2,P(fur)3,nD,0.8273907264709449
349,3.0,61.0,0.0,61.0,e1,Cy-DavePhos,nB,0.14325304895448931
350,3.0,62.0,0.0,62.0,e9,CX-PICy,nA,0.22214179192108488
351,3.0,63.0,0.0,63.0,e1,JackiePhos,nG,0.16044985000151907
352,3.0,64.0,0.0,64.0,e7,tBPh-CPhos,nB,0.313551181342256
353,3.0,65.0,0.0,65.0,e7,P(fur)3,nG,0.09582881459800867
354,3.0,66.0,0.0,66.0,e5,Cy-BippyPhos,nI,0.8909978993536253
355,3.0,67.0,0.0,67.0,e7,PPh2Me,nA,0.2157458754143766
356,3.0,68.0,0.0,68.0,e5,Cy-BippyPhos,nC,0.7310324837389857
357,3.0,69.0,0.0,69.0,e10,P(o-Anis)3,nA,0.13685257205098517
358,3.0,70.0,0.0,70.0,e7,MeO-KITPHOS,nE,0.012124358784725389
359,3.0,71.0,0.0,71.0,e5,PnBu3 HBF4,nI,0.39796639204159534
360,3.0,72.0,0.0,72.0,e4,Cy-vBRIDP,nG,0.011887141708792338
361,3.0,73.0,0.0,73.0,e4,A-caPhos,nB,0.0
362,3.0,74.0,0.0,74.0,e3,CgMe-PPh,nE,0.13080909557688172
363,3.0,75.0,0.0,75.0,e10,PPh3,nB,0.027379747986006113
364,3.0,76.0,0.0,76.0,e9,Cy-BippyPhos,nB,0.19614551978344988
365,3.0,77.0,0.0,77.0,e1,Et-PhenCar-Phos,nE,0.038240826794146296
366,3.0,78.0,0.0,78.0,e10,CX-FBu,nE,0.0
367,3.0,79.0,0.0,79.0,e2,Kwong,nC,0.5542025006813295
368,3.0,80.0,0.0,80.0,e3,"P(3,5-CF3-Ph)3",nG,0.13026635301464337
369,3.0,81.0,0.0,81.0,e2,X-Phos,nE,0.05720851394385538
370,3.0,82.0,0.0,82.0,e10,BrettPhos,nC,0.17130482447828083
371,3.0,83.0,0.0,83.0,e3,CX-PICy,nD,0.6575942693885647
372,3.0,84.0,0.0,84.0,e5,PCy3 HBF4,nB,0.02481060011325073
373,3.0,85.0,0.0,85.0,e10,JackiePhos,nI,0.6404668815291216
374,3.0,86.0,0.0,86.0,e9,Ph-PhenCar-Phos,nA,0.2063595645670517
375,3.0,87.0,0.0,87.0,e10,PPhtBu2,nD,0.9552227828319847
376,3.0,88.0,0.0,88.0,e3,PPhtBu2,nB,0.11748362565060226
377,3.0,89.0,0.0,89.0,e3,PPhMe2,nF,0.8232012369865152
378,3.0,90.0,0.0,90.0,e7,tBPh-CPhos,nF,0.04219969859241317
379,3.0,91.0,0.0,91.0,e5,PPhMe2,nF,0.0
380,3.0,92.0,0.0,92.0,e7,Cy-DavePhos,nC,0.43870094090204687
381,3.0,93.0,0.0,93.0,e4,PnBu3 HBF4,nF,0.07661274417725286
382,3.0,94.0,0.0,94.0,e2,CX-PICy,nC,0.311164980503549
383,3.0,95.0,0.0,95.0,e2,P(fur)3,nA,0.7855864152365213
384,4.0,0.0,0.0,0.0,e10,A-caPhos,nB,0.05297439210885078
385,4.0,1.0,0.0,1.0,e1,BrettPhos,nG,0.0081874030607583
386,4.0,2.0,0.0,2.0,e2,CX-FBu,nE,0.044215580612420015
387,4.0,3.0,0.0,3.0,e10,CX-PICy,nB,0.2511008312299279
388,4.0,4.0,0.0,4.0,e5,Cy-DavePhos,nA,0.7763833572037856
389,4.0,5.0,0.0,5.0,e3,Cy-vBRIDP,nA,0.6444005049983973
390,4.0,6.0,0.0,6.0,e2,Kwong,nC,0.5542025006813295
391,4.0,7.0,0.0,7.0,e1,MeO-KITPHOS,nD,0.03699926034242779
392,4.0,8.0,0.0,8.0,e1,P(o-Anis)3,nE,0.0726200206341357
393,4.0,9.0,0.0,9.0,e5,Et-PhenCar-Phos,nG,0.4088272163752651
394,4.0,10.0,0.0,10.0,e3,JackiePhos,nC,0.5634096118513189
395,4.0,11.0,0.0,11.0,e3,"P(3,5-CF3-Ph)3",nD,0.5723115602287895
396,4.0,12.0,0.0,12.0,e3,P(fur)3,nC,0.46239361820179303
397,4.0,13.0,0.0,13.0,e7,Ph-PhenCar-Phos,nE,0.014969722878949149
398,4.0,14.0,0.0,14.0,e2,PPh2Me,nI,0.2867303573574186
399,4.0,15.0,0.0,15.0,e5,PPhtBu2,nG,0.3392981528661412
400,4.0,16.0,0.0,16.0,e7,tBPh-CPhos,nF,0.04219969859241317
401,4.0,17.0,0.0,17.0,e2,PPhMe2,nI,0.5671887226956333
402,4.0,18.0,0.0,18.0,e5,Cy-BippyPhos,nC,0.7310324837389857
403,4.0,19.0,0.0,19.0,e7,PCy3 HBF4,nF,0.11910164690015072
404,4.0,20.0,0.0,20.0,e10,CgMe-PPh,nD,0.9667080207978768
405,4.0,21.0,0.0,21.0,e2,PPh3,nC,0.7202319507090823
406,4.0,22.0,0.0,22.0,e1,X-Phos,nB,0.13808085610167717
407,4.0,23.0,0.0,23.0,e3,PnBu3 HBF4,nI,0.3077263161434331
408,4.0,24.0,0.0,24.0,e3,CgMe-PPh,nG,0.693870840573733
409,4.0,25.0,0.0,25.0,e7,Cy-DavePhos,nD,0.7185111182227426
410,4.0,26.0,0.0,26.0,e7,Cy-BippyPhos,nC,0.8232211000009824
411,4.0,27.0,0.0,27.0,e2,PPh3,nA,0.008904947561475468
412,4.0,28.0,0.0,28.0,e1,Cy-vBRIDP,nB,0.09907844745687962
413,4.0,29.0,0.0,29.0,e3,"P(3,5-CF3-Ph)3",nF,0.739492776362512
414,4.0,30.0,0.0,30.0,e10,PPhMe2,nG,0.29388406090139285
415,4.0,31.0,0.0,31.0,e7,JackiePhos,nI,0.6032624128682527
416,4.0,32.0,0.0,32.0,e5,Kwong,nI,0.605127225193205
417,4.0,33.0,0.0,33.0,e5,P(fur)3,nI,0.9167660385918296
418,4.0,34.0,0.0,34.0,e1,Et-PhenCar-Phos,nD,0.07952442668374339
419,4.0,35.0,0.0,35.0,e2,PPhtBu2,nF,0.8558293094709153
420,4.0,36.0,0.0,36.0,e10,PnBu3 HBF4,nF,0.9491493979218607
421,4.0,37.0,0.0,37.0,e5,PPh2Me,nI,0.18805503621177608
422,4.0,38.0,0.0,38.0,e5,CX-PICy,nE,0.19791536280621153
423,4.0,39.0,0.0,39.0,e9,CgMe-PPh,nD,0.6700037753165438
424,4.0,40.0,0.0,40.0,e7,Cy-BippyPhos,nA,0.5454537179950174
425,4.0,41.0,0.0,41.0,e7,Cy-DavePhos,nE,0.07737987898288086
426,4.0,42.0,0.0,42.0,e7,X-Phos,nI,0.10875787618113172
427,4.0,43.0,0.0,43.0,e4,PCy3 HBF4,nC,0.08261648826420669
428,4.0,44.0,0.0,44.0,e9,P(fur)3,nC,0.31559252353476763
429,4.0,45.0,0.0,45.0,e9,P(o-Anis)3,nD,0.27540950106892115
430,4.0,46.0,0.0,46.0,e9,"P(3,5-CF3-Ph)3",nC,0.26228444595483447
431,4.0,47.0,0.0,47.0,e3,A-caPhos,nI,0.251402716237195
432,4.0,48.0,0.0,48.0,e5,CX-FBu,nA,0.036929391233255865
433,4.0,49.0,0.0,49.0,e7,PnBu3 HBF4,nI,0.07769044425257474
434,4.0,50.0,0.0,50.0,e10,tBPh-CPhos,nC,0.7154205799800839
435,4.0,51.0,0.0,51.0,e10,MeO-KITPHOS,nC,0.6485009952102284
436,4.0,52.0,0.0,52.0,e1,Ph-PhenCar-Phos,nE,0.08104361666235148
437,4.0,53.0,0.0,53.0,e3,PPhtBu2,nB,0.11748362565060226
438,4.0,54.0,0.0,54.0,e3,BrettPhos,nF,0.00688372893582114
439,4.0,55.0,0.0,55.0,e4,JackiePhos,nD,0.03756510618398426
440,4.0,56.0,0.0,56.0,e5,Kwong,nD,0.6710162824432446
441,4.0,57.0,0.0,57.0,e10,CgMe-PPh,nB,0.26208153455778976
442,4.0,58.0,0.0,58.0,e9,Cy-BippyPhos,nI,0.7811843865330459
443,4.0,59.0,0.0,59.0,e9,PPhMe2,nE,0.20376038691379747
444,4.0,60.0,0.0,60.0,e5,tBPh-CPhos,nD,0.8244748174600138
445,4.0,61.0,0.0,61.0,e4,Cy-vBRIDP,nC,0.20302461670836117
446,4.0,62.0,0.0,62.0,e10,PPh3,nE,0.026002383851906816
447,4.0,63.0,0.0,63.0,e10,Kwong,nI,0.44837347162573915
448,4.0,64.0,0.0,64.0,e1,MeO-KITPHOS,nI,0.08070327614437922
449,4.0,65.0,0.0,65.0,e2,Cy-BippyPhos,nF,0.5159368139266189
450,4.0,66.0,0.0,66.0,e10,P(fur)3,nC,0.7314440607369128
451,4.0,67.0,0.0,67.0,e2,tBPh-CPhos,nG,0.21498121859438568
452,4.0,68.0,0.0,68.0,e4,"P(3,5-CF3-Ph)3",nC,0.20935389087716724
453,4.0,69.0,0.0,69.0,e2,Cy-DavePhos,nC,0.5482191793404829
454,4.0,70.0,0.0,70.0,e7,Et-PhenCar-Phos,nI,0.6075049737560246
455,4.0,71.0,0.0,71.0,e1,PPh2Me,nA,0.02658164171473438
456,4.0,72.0,0.0,72.0,e10,CgMe-PPh,nE,0.0683436736393753
457,4.0,73.0,0.0,73.0,e2,CX-PICy,nC,0.311164980503549
458,4.0,74.0,0.0,74.0,e2,P(fur)3,nB,0.3160767978375305
459,4.0,75.0,0.0,75.0,e4,PnBu3 HBF4,nA,0.01706005824707267
460,4.0,76.0,0.0,76.0,e3,PPhtBu2,nD,0.6677531336144049
461,4.0,77.0,0.0,77.0,e10,P(o-Anis)3,nG,0.07389015169587047
462,4.0,78.0,0.0,78.0,e7,Cy-BippyPhos,nB,0.26761082245238416
463,4.0,79.0,0.0,79.0,e1,Kwong,nI,0.017331328917836657
464,4.0,80.0,0.0,80.0,e10,A-caPhos,nA,0.2597050084922578
465,4.0,81.0,0.0,81.0,e7,JackiePhos,nG,0.19131726696005422
466,4.0,82.0,0.0,82.0,e3,X-Phos,nI,0.43402238114543207
467,4.0,83.0,0.0,83.0,e7,Cy-DavePhos,nG,0.22461200392146816
468,4.0,84.0,0.0,84.0,e3,Et-PhenCar-Phos,nC,0.528155852189567
469,4.0,85.0,0.0,85.0,e4,PCy3 HBF4,nB,0.0
470,4.0,86.0,0.0,86.0,e1,PPhMe2,nA,0.08091432237840718
471,4.0,87.0,0.0,87.0,e10,PPhtBu2,nD,0.9552227828319847
472,4.0,88.0,0.0,88.0,e7,PPhtBu2,nF,0.006345526298723309
473,4.0,89.0,0.0,89.0,e10,Cy-vBRIDP,nD,0.9843096018311139
474,4.0,90.0,0.0,90.0,e1,Cy-vBRIDP,nA,0.2888460681891715
475,4.0,91.0,0.0,91.0,e3,Ph-PhenCar-Phos,nB,0.02500979360624822
476,4.0,92.0,0.0,92.0,e2,CX-FBu,nB,0.0
477,4.0,93.0,0.0,93.0,e1,tBPh-CPhos,nI,0.239947127680601
478,4.0,94.0,0.0,94.0,e7,"P(3,5-CF3-Ph)3",nB,0.14407814391298038
479,4.0,95.0,0.0,95.0,e2,P(fur)3,nC,0.531364471158177
480,5.0,0.0,0.0,0.0,e5,A-caPhos,nE,0.037864613831533826
481,5.0,1.0,0.0,1.0,e7,BrettPhos,nE,0.0
482,5.0,2.0,0.0,2.0,e10,CX-FBu,nC,0.09554429852233287
483,5.0,3.0,0.0,3.0,e7,CX-PICy,nC,0.5896946040296001
484,5.0,4.0,0.0,4.0,e4,Cy-DavePhos,nC,0.365792749214354
485,5.0,5.0,0.0,5.0,e7,Cy-vBRIDP,nF,0.47929870017773896
486,5.0,6.0,0.0,6.0,e4,Kwong,nG,0.0
487,5.0,7.0,0.0,7.0,e3,MeO-KITPHOS,nE,0.10167919655151128
488,5.0,8.0,0.0,8.0,e9,P(o-Anis)3,nI,0.23316176458179774
489,5.0,9.0,0.0,9.0,e4,Et-PhenCar-Phos,nE,0.006684621137560202
490,5.0,10.0,0.0,10.0,e9,JackiePhos,nD,0.6112600941230104
491,5.0,11.0,0.0,11.0,e3,"P(3,5-CF3-Ph)3",nD,0.5723115602287895
492,5.0,12.0,0.0,12.0,e4,P(fur)3,nD,0.03673341810204701
493,5.0,13.0,0.0,13.0,e9,Ph-PhenCar-Phos,nB,0.058803717942506314
494,5.0,14.0,0.0,14.0,e1,PPh2Me,nG,0.046182417331377484
495,5.0,15.0,0.0,15.0,e5,PPhtBu2,nI,0.6943756174940648
496,5.0,16.0,0.0,16.0,e4,tBPh-CPhos,nB,0.008677035710621023
497,5.0,17.0,0.0,17.0,e9,PPhMe2,nF,0.0
498,5.0,18.0,0.0,18.0,e1,Cy-BippyPhos,nD,0.19322800249768834
499,5.0,19.0,0.0,19.0,e3,PCy3 HBF4,nI,0.33946967608816647
500,5.0,20.0,0.0,20.0,e9,CgMe-PPh,nE,0.1783004774895902
501,5.0,21.0,0.0,21.0,e2,PPh3,nE,0.08087648972572638
502,5.0,22.0,0.0,22.0,e5,X-Phos,nF,0.5612705116717954
503,5.0,23.0,0.0,23.0,e9,PnBu3 HBF4,nI,0.364306479041637
504,5.0,24.0,0.0,24.0,e9,PPhtBu2,nA,0.22969981648958007
505,5.0,25.0,0.0,25.0,e3,JackiePhos,nE,0.19804717134717115
506,5.0,26.0,0.0,26.0,e1,CX-PICy,nC,0.17448452116943244
507,5.0,27.0,0.0,27.0,e3,"P(3,5-CF3-Ph)3",nE,0.07143086362203174
508,5.0,28.0,0.0,28.0,e5,X-Phos,nI,0.6595060362188809
509,5.0,29.0,0.0,29.0,e3,Cy-vBRIDP,nG,0.6350943239493974
510,5.0,30.0,0.0,30.0,e1,Cy-DavePhos,nF,0.0
511,5.0,31.0,0.0,31.0,e3,PnBu3 HBF4,nI,0.3077263161434331
512,5.0,32.0,0.0,32.0,e5,PCy3 HBF4,nA,0.0615440146382004
513,5.0,33.0,0.0,33.0,e10,P(o-Anis)3,nG,0.07389015169587047
514,5.0,34.0,0.0,34.0,e9,Cy-BippyPhos,nF,0.9242970629259212
515,5.0,35.0,0.0,35.0,e1,CgMe-PPh,nB,0.12558127711891434
516,5.0,36.0,0.0,36.0,e9,MeO-KITPHOS,nF,0.2069173517749973
517,5.0,37.0,0.0,37.0,e1,CX-FBu,nG,0.0
518,5.0,38.0,0.0,38.0,e2,PPh3,nB,0.06113101017244386
519,5.0,39.0,0.0,39.0,e5,Ph-PhenCar-Phos,nA,0.0
520,5.0,40.0,0.0,40.0,e1,PPh2Me,nD,0.033096066833962406
521,5.0,41.0,0.0,41.0,e10,A-caPhos,nB,0.05297439210885078
522,5.0,42.0,0.0,42.0,e3,P(fur)3,nF,0.44484850798719355
523,5.0,43.0,0.0,43.0,e3,X-Phos,nD,0.6499890415739124
524,5.0,44.0,0.0,44.0,e3,tBPh-CPhos,nE,0.18973560206253479
525,5.0,45.0,0.0,45.0,e4,Et-PhenCar-Phos,nD,0.045517695769122665
526,5.0,46.0,0.0,46.0,e3,BrettPhos,nG,0.032071845059383125
527,5.0,47.0,0.0,47.0,e3,Kwong,nC,0.49266490533355695
528,5.0,48.0,0.0,48.0,e10,PPhMe2,nB,0.36471787230730734
529,5.0,49.0,0.0,49.0,e1,Cy-BippyPhos,nI,0.2211067826223972
530,5.0,50.0,0.0,50.0,e1,Cy-vBRIDP,nA,0.2888460681891715
531,5.0,51.0,0.0,51.0,e1,PPhtBu2,nG,0.0
532,5.0,52.0,0.0,52.0,e3,JackiePhos,nF,0.779856233931088
533,5.0,53.0,0.0,53.0,e9,CX-PICy,nI,0.5796467982779039
534,5.0,54.0,0.0,54.0,e2,X-Phos,nA,0.7289375568068931
535,5.0,55.0,0.0,55.0,e4,PnBu3 HBF4,nG,0.0
536,5.0,56.0,0.0,56.0,e5,"P(3,5-CF3-Ph)3",nI,0.9667861636236104
537,5.0,57.0,0.0,57.0,e10,"P(3,5-CF3-Ph)3",nD,0.9480127354628836
538,5.0,58.0,0.0,58.0,e9,JackiePhos,nA,0.4878435591523317
539,5.0,59.0,0.0,59.0,e5,Kwong,nE,0.16336084003327056
540,5.0,60.0,0.0,60.0,e5,P(fur)3,nI,0.9167660385918296
541,5.0,61.0,0.0,61.0,e7,X-Phos,nE,0.009747915997314067
542,5.0,62.0,0.0,62.0,e5,"P(3,5-CF3-Ph)3",nE,0.16245071334673533
543,5.0,63.0,0.0,63.0,e9,Cy-vBRIDP,nF,0.6967928130282119
544,5.0,64.0,0.0,64.0,e4,P(fur)3,nB,0.04357911135254303
545,5.0,65.0,0.0,65.0,e9,PCy3 HBF4,nC,0.37815021126374854
546,5.0,66.0,0.0,66.0,e3,CX-PICy,nE,0.1788347445386581
547,5.0,67.0,0.0,67.0,e4,Cy-BippyPhos,nF,0.16766741748867858
548,5.0,68.0,0.0,68.0,e7,Cy-DavePhos,nD,0.7185111182227426
549,5.0,69.0,0.0,69.0,e9,PPhMe2,nG,0.16312105796441556
550,5.0,70.0,0.0,70.0,e4,MeO-KITPHOS,nB,0.018099243207649055
551,5.0,71.0,0.0,71.0,e5,P(o-Anis)3,nI,0.25524773080664775
552,5.0,72.0,0.0,72.0,e10,CgMe-PPh,nB,0.26208153455778976
553,5.0,73.0,0.0,73.0,e9,Cy-vBRIDP,nI,0.6700718714523624
554,5.0,74.0,0.0,74.0,e7,JackiePhos,nI,0.6032624128682527
555,5.0,75.0,0.0,75.0,e7,Cy-DavePhos,nA,0.4507264804831017
556,5.0,76.0,0.0,76.0,e4,tBPh-CPhos,nC,0.29898547506383855
557,5.0,77.0,0.0,77.0,e1,PPh3,nB,0.1440608266906695
558,5.0,78.0,0.0,78.0,e1,PPhtBu2,nD,0.03363179088885197
559,5.0,79.0,0.0,79.0,e10,CX-FBu,nB,0.1174497941912104
560,5.0,80.0,0.0,80.0,e1,A-caPhos,nG,0.017297638901613968
561,5.0,81.0,0.0,81.0,e2,PPh2Me,nA,0.027726601641446406
562,5.0,82.0,0.0,82.0,e7,Cy-vBRIDP,nG,0.2559159577514194
563,5.0,83.0,0.0,83.0,e3,Ph-PhenCar-Phos,nF,0.5701705660870041
564,5.0,84.0,0.0,84.0,e9,Et-PhenCar-Phos,nI,0.47387538169056964
565,5.0,85.0,0.0,85.0,e7,"P(3,5-CF3-Ph)3",nC,0.37358571629078485
566,5.0,86.0,0.0,86.0,e9,JackiePhos,nI,0.7924680013442614
567,5.0,87.0,0.0,87.0,e2,BrettPhos,nB,0.018712271806066737
568,5.0,88.0,0.0,88.0,e1,X-Phos,nB,0.13808085610167717
569,5.0,89.0,0.0,89.0,e1,PCy3 HBF4,nD,0.10789505494394104
570,5.0,90.0,0.0,90.0,e2,JackiePhos,nE,0.14951065589537862
571,5.0,91.0,0.0,91.0,e4,Cy-DavePhos,nA,0.030639879401734644
572,5.0,92.0,0.0,92.0,e9,CX-PICy,nG,0.3105609528066332
573,5.0,93.0,0.0,93.0,e9,PnBu3 HBF4,nD,0.3392198605455525
574,5.0,94.0,0.0,94.0,e1,Cy-BippyPhos,nG,0.15976408278590903
575,5.0,95.0,0.0,95.0,e7,Kwong,nC,0.618033573890117
576,6.0,0.0,0.0,0.0,e10,A-caPhos,nA,0.2597050084922578
577,6.0,1.0,0.0,1.0,e7,BrettPhos,nI,0.03364948416287573
578,6.0,2.0,0.0,2.0,e5,CX-FBu,nG,0.012379252545960754
579,6.0,3.0,0.0,3.0,e1,CX-PICy,nD,0.26178759539722174
580,6.0,4.0,0.0,4.0,e5,Cy-DavePhos,nC,0.6945846341087276
581,6.0,5.0,0.0,5.0,e4,Cy-vBRIDP,nE,0.012274316478209889
582,6.0,6.0,0.0,6.0,e3,Kwong,nG,0.6379955567259125
583,6.0,7.0,0.0,7.0,e4,MeO-KITPHOS,nD,0.01764759420350764
584,6.0,8.0,0.0,8.0,e3,P(o-Anis)3,nB,0.08812842587343037
585,6.0,9.0,0.0,9.0,e10,Et-PhenCar-Phos,nD,0.9813444766852435
586,6.0,10.0,0.0,10.0,e7,JackiePhos,nA,0.507068550436567
587,6.0,11.0,0.0,11.0,e10,"P(3,5-CF3-Ph)3",nD,0.9480127354628836
588,6.0,12.0,0.0,12.0,e1,P(fur)3,nG,0.026494931502405453
589,6.0,13.0,0.0,13.0,e3,Ph-PhenCar-Phos,nI,0.1932605709368885
590,6.0,14.0,0.0,14.0,e5,PPh2Me,nG,0.02908266774080822
591,6.0,15.0,0.0,15.0,e2,PPhtBu2,nD,0.9426908215088567
592,6.0,16.0,0.0,16.0,e7,tBPh-CPhos,nC,0.6575510344081796
593,6.0,17.0,0.0,17.0,e9,PPhMe2,nA,0.1450743291828029
594,6.0,18.0,0.0,18.0,e5,Cy-BippyPhos,nA,0.7454640568896914
595,6.0,19.0,0.0,19.0,e3,PCy3 HBF4,nB,0.006581360557928457
596,6.0,20.0,0.0,20.0,e2,CgMe-PPh,nF,0.42403845111744487
597,6.0,21.0,0.0,21.0,e7,PPh3,nD,0.9958253430037467
598,6.0,22.0,0.0,22.0,e4,X-Phos,nI,0.009934677799407795
599,6.0,23.0,0.0,23.0,e10,PnBu3 HBF4,nE,0.04185113905030638
600,6.0,24.0,0.0,24.0,e5,PPh3,nC,0.8123421522885619
601,6.0,25.0,0.0,25.0,e1,Et-PhenCar-Phos,nA,0.5211070217161989
602,6.0,26.0,0.0,26.0,e2,"P(3,5-CF3-Ph)3",nF,0.5553423767091952
603,6.0,27.0,0.0,27.0,e9,PPhtBu2,nC,0.22719482142551736
604,6.0,28.0,0.0,28.0,e9,Cy-BippyPhos,nB,0.19614551978344988
605,6.0,29.0,0.0,29.0,e10,Cy-DavePhos,nB,0.3746301004551704
606,6.0,30.0,0.0,30.0,e10,tBPh-CPhos,nB,0.34684817142606866
607,6.0,31.0,0.0,31.0,e2,Kwong,nG,0.197472465219982
608,6.0,32.0,0.0,32.0,e7,JackiePhos,nG,0.19131726696005422
609,6.0,33.0,0.0,33.0,e7,CgMe-PPh,nG,0.20467687014770913
610,6.0,34.0,0.0,34.0,e4,PPh3,nG,0.07172298480230663
611,6.0,35.0,0.0,35.0,e1,CX-PICy,nB,0.158428631262488
612,6.0,36.0,0.0,36.0,e7,A-caPhos,nA,0.22387111117310493
613,6.0,37.0,0.0,37.0,e10,Ph-PhenCar-Phos,nG,0.0
614,6.0,38.0,0.0,38.0,e5,"P(3,5-CF3-Ph)3",nF,0.7449177693369221
615,6.0,39.0,0.0,39.0,e10,Et-PhenCar-Phos,nC,0.7283750489168687
616,6.0,40.0,0.0,40.0,e7,PPhMe2,nD,0.17967402718109338
617,6.0,41.0,0.0,41.0,e10,P(o-Anis)3,nG,0.07389015169587047
618,6.0,42.0,0.0,42.0,e10,PnBu3 HBF4,nG,0.03445540105517488
619,6.0,43.0,0.0,43.0,e10,BrettPhos,nC,0.17130482447828083
620,6.0,44.0,0.0,44.0,e10,PPh2Me,nD,1.0
621,6.0,45.0,0.0,45.0,e3,P(fur)3,nE,0.09598414323281666
622,6.0,46.0,0.0,46.0,e9,MeO-KITPHOS,nG,0.30072675877618354
623,6.0,47.0,0.0,47.0,e7,CX-FBu,nG,0.0
624,6.0,48.0,0.0,48.0,e2,Cy-vBRIDP,nA,0.9280139562522538
625,6.0,49.0,0.0,49.0,e1,X-Phos,nE,0.024633332147110165
626,6.0,50.0,0.0,50.0,e1,PCy3 HBF4,nG,0.011446303846680505
627,6.0,51.0,0.0,51.0,e9,PPhtBu2,nD,0.2526686520906297
628,6.0,52.0,0.0,52.0,e1,Cy-DavePhos,nI,0.007578802183845745
629,6.0,53.0,0.0,53.0,e5,PPh2Me,nI,0.18805503621177608
630,6.0,54.0,0.0,54.0,e5,tBPh-CPhos,nB,0.28432749904894056
631,6.0,55.0,0.0,55.0,e5,"P(3,5-CF3-Ph)3",nA,0.6652219449652172
632,6.0,56.0,0.0,56.0,e5,Et-PhenCar-Phos,nA,0.7577678491226976
633,6.0,57.0,0.0,57.0,e2,Cy-BippyPhos,nB,0.3284195625331717
634,6.0,58.0,0.0,58.0,e5,Cy-vBRIDP,nG,0.40071151817911255
635,6.0,59.0,0.0,59.0,e5,Kwong,nD,0.6710162824432446
636,6.0,60.0,0.0,60.0,e5,PPh3,nB,0.10428974023151304
637,6.0,61.0,0.0,61.0,e5,JackiePhos,nC,0.6733815385706186
638,6.0,62.0,0.0,62.0,e10,Et-PhenCar-Phos,nA,0.7401699862842729
639,6.0,63.0,0.0,63.0,e9,CgMe-PPh,nD,0.6700037753165438
640,6.0,64.0,0.0,64.0,e2,"P(3,5-CF3-Ph)3",nC,0.5485762544154528
641,6.0,65.0,0.0,65.0,e2,Kwong,nI,0.5869140300450231
642,6.0,66.0,0.0,66.0,e1,A-caPhos,nF,0.010702303143673455
643,6.0,67.0,0.0,67.0,e7,Et-PhenCar-Phos,nD,1.0
644,6.0,68.0,0.0,68.0,e10,PPhtBu2,nE,0.07462037360807186
645,6.0,69.0,0.0,69.0,e3,CX-PICy,nC,0.42737783545851454
646,6.0,70.0,0.0,70.0,e4,JackiePhos,nG,0.011497397001572884
647,6.0,71.0,0.0,71.0,e10,Et-PhenCar-Phos,nI,0.8978098811886851
648,6.0,72.0,0.0,72.0,e2,Cy-vBRIDP,nI,0.6880605476764962
649,6.0,73.0,0.0,73.0,e10,CgMe-PPh,nG,0.4450058594793389
650,6.0,74.0,0.0,74.0,e9,"P(3,5-CF3-Ph)3",nG,0.3475054757161358
651,6.0,75.0,0.0,75.0,e2,tBPh-CPhos,nD,0.9627817421488892
652,6.0,76.0,0.0,76.0,e5,Cy-BippyPhos,nD,0.7452121533478554
653,6.0,77.0,0.0,77.0,e10,PPhMe2,nA,0.6773210798547121
654,6.0,78.0,0.0,78.0,e1,MeO-KITPHOS,nC,0.08497736742087081
655,6.0,79.0,0.0,79.0,e2,tBPh-CPhos,nF,0.9180522305589233
656,6.0,80.0,0.0,80.0,e4,PPh2Me,nD,0.017873792875666726
657,6.0,81.0,0.0,81.0,e4,Et-PhenCar-Phos,nE,0.006684621137560202
658,6.0,82.0,0.0,82.0,e9,tBPh-CPhos,nA,0.5070576131604569
659,6.0,83.0,0.0,83.0,e1,Kwong,nF,0.04076651100940088
660,6.0,84.0,0.0,84.0,e3,BrettPhos,nD,0.19688586421207319
661,6.0,85.0,0.0,85.0,e2,Cy-DavePhos,nA,0.890605834039087
662,6.0,86.0,0.0,86.0,e1,Ph-PhenCar-Phos,nC,0.12082905001684137
663,6.0,87.0,0.0,87.0,e7,Cy-vBRIDP,nC,0.6820459911323365
664,6.0,88.0,0.0,88.0,e10,Cy-BippyPhos,nF,0.9551634913355087
665,6.0,89.0,0.0,89.0,e1,PPh3,nF,0.033638963742203404
666,6.0,90.0,0.0,90.0,e2,P(o-Anis)3,nF,0.0020685938468024733
667,6.0,91.0,0.0,91.0,e2,Cy-DavePhos,nF,0.8384971848128893
668,6.0,92.0,0.0,92.0,e2,PPhMe2,nF,0.6752763886691495
669,6.0,93.0,0.0,93.0,e3,Cy-BippyPhos,nF,0.818115739608698
670,6.0,94.0,0.0,94.0,e7,P(fur)3,nG,0.09582881459800867
671,6.0,95.0,0.0,95.0,e10,Cy-DavePhos,nE,0.14634029717947056
672,7.0,0.0,0.0,0.0,e9,A-caPhos,nD,0.5903907562753792
673,7.0,1.0,0.0,1.0,e7,BrettPhos,nC,0.0
674,7.0,2.0,0.0,2.0,e10,CX-FBu,nI,0.11326772664660484
675,7.0,3.0,0.0,3.0,e3,CX-PICy,nI,0.3147352706817098
676,7.0,4.0,0.0,4.0,e2,Cy-DavePhos,nB,0.3895783251678055
677,7.0,5.0,0.0,5.0,e5,Cy-vBRIDP,nF,0.0
678,7.0,6.0,0.0,6.0,e7,Kwong,nG,0.1256424423170876
679,7.0,7.0,0.0,7.0,e4,MeO-KITPHOS,nE,0.0
680,7.0,8.0,0.0,8.0,e9,P(o-Anis)3,nE,0.015334735124532104
681,7.0,9.0,0.0,9.0,e9,Et-PhenCar-Phos,nG,0.46505962614221114
682,7.0,10.0,0.0,10.0,e2,JackiePhos,nB,0.27751512392797617
683,7.0,11.0,0.0,11.0,e7,"P(3,5-CF3-Ph)3",nE,0.01373661617423656
684,7.0,12.0,0.0,12.0,e3,P(fur)3,nG,0.19737875966328072
685,7.0,13.0,0.0,13.0,e5,Ph-PhenCar-Phos,nI,0.37255339391005377
686,7.0,14.0,0.0,14.0,e10,PPh2Me,nE,0.052986997437251694
687,7.0,15.0,0.0,15.0,e4,PPhtBu2,nC,0.0
688,7.0,16.0,0.0,16.0,e7,tBPh-CPhos,nE,0.0
689,7.0,17.0,0.0,17.0,e4,PPhMe2,nE,0.0
690,7.0,18.0,0.0,18.0,e3,Cy-BippyPhos,nC,0.4701158020102052
691,7.0,19.0,0.0,19.0,e3,PCy3 HBF4,nA,0.026603552105440537
692,7.0,20.0,0.0,20.0,e9,CgMe-PPh,nC,0.40356850702768715
693,7.0,21.0,0.0,21.0,e2,PPh3,nD,0.829809282023606
694,7.0,22.0,0.0,22.0,e10,X-Phos,nD,0.9917865678194812
695,7.0,23.0,0.0,23.0,e7,PnBu3 HBF4,nC,0.08381330857807825
696,7.0,24.0,0.0,24.0,e7,X-Phos,nC,0.7699443054600407
697,7.0,25.0,0.0,25.0,e10,PPh3,nC,0.8555703332989744
698,7.0,26.0,0.0,26.0,e9,A-caPhos,nA,0.04128507835913788
699,7.0,27.0,0.0,27.0,e7,Cy-BippyPhos,nF,0.8908823040179712
700,7.0,28.0,0.0,28.0,e7,Et-PhenCar-Phos,nC,0.7443135007935773
701,7.0,29.0,0.0,29.0,e4,CgMe-PPh,nB,0.010586928381835779
702,7.0,30.0,0.0,30.0,e1,Cy-DavePhos,nF,0.0
703,7.0,31.0,0.0,31.0,e3,Ph-PhenCar-Phos,nF,0.5701705660870041
704,7.0,32.0,0.0,32.0,e9,CX-PICy,nI,0.5796467982779039
705,7.0,33.0,0.0,33.0,e2,X-Phos,nC,0.40642389315255095
706,7.0,34.0,0.0,34.0,e3,JackiePhos,nE,0.19804717134717115
707,7.0,35.0,0.0,35.0,e7,PPh3,nD,0.9958253430037467
708,7.0,36.0,0.0,36.0,e5,P(fur)3,nE,0.1658371632512746
709,7.0,37.0,0.0,37.0,e5,Kwong,nF,0.007071092684467668
710,7.0,38.0,0.0,38.0,e1,CX-FBu,nD,0.04874487002483518
711,7.0,39.0,0.0,39.0,e4,Cy-BippyPhos,nG,0.015289072522480941
712,7.0,40.0,0.0,40.0,e5,PnBu3 HBF4,nC,0.7038726736579902
713,7.0,41.0,0.0,41.0,e3,PPh2Me,nC,0.4855178301327266
714,7.0,42.0,0.0,42.0,e7,PPh3,nC,0.8376892636395048
715,7.0,43.0,0.0,43.0,e4,PCy3 HBF4,nD,0.07881380061232132
716,7.0,44.0,0.0,44.0,e3,Et-PhenCar-Phos,nC,0.528155852189567
717,7.0,45.0,0.0,45.0,e10,P(o-Anis)3,nA,0.13685257205098517
718,7.0,46.0,0.0,46.0,e5,"P(3,5-CF3-Ph)3",nD,0.7269615014964179
719,7.0,47.0,0.0,47.0,e1,BrettPhos,nC,0.004772581327773339
720,7.0,48.0,0.0,48.0,e9,Cy-vBRIDP,nG,0.47307553236824745
721,7.0,49.0,0.0,49.0,e3,MeO-KITPHOS,nB,0.16832752828316924
722,7.0,50.0,0.0,50.0,e4,PPhtBu2,nG,0.010529758099421742
723,7.0,51.0,0.0,51.0,e4,tBPh-CPhos,nB,0.008677035710621023
724,7.0,52.0,0.0,52.0,e7,PPhMe2,nG,0.0
725,7.0,53.0,0.0,53.0,e7,Ph-PhenCar-Phos,nA,0.20865958976807292
726,7.0,54.0,0.0,54.0,e9,PPh3,nI,0.45913414385457335
727,7.0,55.0,0.0,55.0,e5,X-Phos,nG,0.36700316278880124
728,7.0,56.0,0.0,56.0,e9,CX-PICy,nE,0.11110502362494325
729,7.0,57.0,0.0,57.0,e1,PnBu3 HBF4,nE,0.0
730,7.0,58.0,0.0,58.0,e1,"P(3,5-CF3-Ph)3",nG,0.0
731,7.0,59.0,0.0,59.0,e1,Et-PhenCar-Phos,nD,0.07952442668374339
732,7.0,60.0,0.0,60.0,e4,A-caPhos,nB,0.0
733,7.0,61.0,0.0,61.0,e3,PPh3,nG,0.5441952440189306
734,7.0,62.0,0.0,62.0,e3,PPh2Me,nB,0.018469886419135415
735,7.0,63.0,0.0,63.0,e9,JackiePhos,nA,0.4878435591523317
736,7.0,64.0,0.0,64.0,e7,Cy-vBRIDP,nE,0.0285055968883504
737,7.0,65.0,0.0,65.0,e4,X-Phos,nF,0.075113393769907
738,7.0,66.0,0.0,66.0,e2,CgMe-PPh,nI,0.7692361366046242
739,7.0,67.0,0.0,67.0,e10,Cy-BippyPhos,nF,0.9551634913355087
740,7.0,68.0,0.0,68.0,e7,Cy-DavePhos,nD,0.7185111182227426
741,7.0,69.0,0.0,69.0,e5,P(fur)3,nI,0.9167660385918296
742,7.0,70.0,0.0,70.0,e10,Cy-BippyPhos,nE,0.15176129512938982
743,7.0,71.0,0.0,71.0,e10,P(fur)3,nI,0.900708416999593
744,7.0,72.0,0.0,72.0,e2,PPh3,nE,0.08087648972572638
745,7.0,73.0,0.0,73.0,e2,CgMe-PPh,nA,0.6670880102879697
746,7.0,74.0,0.0,74.0,e10,P(fur)3,nD,0.986548910086449
747,7.0,75.0,0.0,75.0,e1,Ph-PhenCar-Phos,nC,0.12082905001684137
748,7.0,76.0,0.0,76.0,e7,P(fur)3,nA,0.15917780258602543
749,7.0,77.0,0.0,77.0,e9,Cy-DavePhos,nD,0.7064770155795914
750,7.0,78.0,0.0,78.0,e2,MeO-KITPHOS,nI,0.6167813320248422
751,7.0,79.0,0.0,79.0,e7,CX-FBu,nG,0.0
752,7.0,80.0,0.0,80.0,e3,P(o-Anis)3,nB,0.08812842587343037
753,7.0,81.0,0.0,81.0,e5,CX-PICy,nB,0.25414471887183276
754,7.0,82.0,0.0,82.0,e5,Kwong,nA,0.5502353247445788
755,7.0,83.0,0.0,83.0,e2,JackiePhos,nG,0.226362632584802
756,7.0,84.0,0.0,84.0,e5,PCy3 HBF4,nG,0.056653910463520696
757,7.0,85.0,0.0,85.0,e4,CgMe-PPh,nE,0.0309977877786149
758,7.0,86.0,0.0,86.0,e1,Et-PhenCar-Phos,nB,0.04532172338475905
759,7.0,87.0,0.0,87.0,e10,Cy-DavePhos,nA,0.6290037488957982
760,7.0,88.0,0.0,88.0,e9,PPhtBu2,nB,0.0744540569819119
761,7.0,89.0,0.0,89.0,e1,tBPh-CPhos,nB,0.13846077071822055
762,7.0,90.0,0.0,90.0,e7,PnBu3 HBF4,nD,0.08555081309162699
763,7.0,91.0,0.0,91.0,e9,BrettPhos,nG,0.0
764,7.0,92.0,0.0,92.0,e9,X-Phos,nD,0.745297985783962
765,7.0,93.0,0.0,93.0,e1,MeO-KITPHOS,nC,0.08497736742087081
766,7.0,94.0,0.0,94.0,e9,PPhMe2,nI,0.047646357359235086
767,7.0,95.0,0.0,95.0,e2,PPh3,nG,0.1371811438806168
768,8.0,0.0,0.0,0.0,e2,A-caPhos,nB,0.050816766328986455
769,8.0,1.0,0.0,1.0,e3,BrettPhos,nE,0.012327416789753938
770,8.0,2.0,0.0,2.0,e5,CX-FBu,nI,0.1321271688112772
771,8.0,3.0,0.0,3.0,e1,CX-PICy,nC,0.17448452116943244
772,8.0,4.0,0.0,4.0,e7,Cy-DavePhos,nG,0.22461200392146816
773,8.0,5.0,0.0,5.0,e4,Cy-vBRIDP,nB,0.0
774,8.0,6.0,0.0,6.0,e1,Kwong,nG,0.02109424691555194
775,8.0,7.0,0.0,7.0,e4,MeO-KITPHOS,nF,0.09857703536485529
776,8.0,8.0,0.0,8.0,e10,P(o-Anis)3,nF,0.06384265359275798
777,8.0,9.0,0.0,9.0,e1,Et-PhenCar-Phos,nF,0.09483902946857867
778,8.0,10.0,0.0,10.0,e2,JackiePhos,nC,0.5096826906052602
779,8.0,11.0,0.0,11.0,e1,"P(3,5-CF3-Ph)3",nI,0.05907258173862887
780,8.0,12.0,0.0,12.0,e4,P(fur)3,nG,0.003303003899865808
781,8.0,13.0,0.0,13.0,e5,Ph-PhenCar-Phos,nI,0.37255339391005377
782,8.0,14.0,0.0,14.0,e5,PPh2Me,nB,0.24852294716245807
783,8.0,15.0,0.0,15.0,e4,PPhtBu2,nE,0.0
784,8.0,16.0,0.0,16.0,e3,tBPh-CPhos,nG,0.6694190600721208
785,8.0,17.0,0.0,17.0,e7,PPhMe2,nG,0.0
786,8.0,18.0,0.0,18.0,e10,Cy-BippyPhos,nC,0.6737699231822453
787,8.0,19.0,0.0,19.0,e9,PCy3 HBF4,nA,0.39949447947915445
788,8.0,20.0,0.0,20.0,e2,CgMe-PPh,nB,0.2326183566176621
789,8.0,21.0,0.0,21.0,e7,PPh3,nD,0.9958253430037467
790,8.0,22.0,0.0,22.0,e4,X-Phos,nF,0.075113393769907
791,8.0,23.0,0.0,23.0,e1,PnBu3 HBF4,nA,0.033538713814707063
792,8.0,24.0,0.0,24.0,e9,PPh3,nI,0.45913414385457335
793,8.0,25.0,0.0,25.0,e9,Cy-BippyPhos,nE,0.1706050823301135
794,8.0,26.0,0.0,26.0,e4,tBPh-CPhos,nA,0.0348084285544355
795,8.0,27.0,0.0,27.0,e1,JackiePhos,nB,0.15130453997269813
796,8.0,28.0,0.0,28.0,e2,PCy3 HBF4,nA,0.001570789934535926
797,8.0,29.0,0.0,29.0,e2,Ph-PhenCar-Phos,nI,0.31637502685680596
798,8.0,30.0,0.0,30.0,e9,PPh2Me,nB,0.025869944469680908
799,8.0,31.0,0.0,31.0,e3,CgMe-PPh,nA,0.5833854524265055
800,8.0,32.0,0.0,32.0,e3,Cy-DavePhos,nE,0.1655425072853271
801,8.0,33.0,0.0,33.0,e1,CX-PICy,nA,0.5817574646717254
802,8.0,34.0,0.0,34.0,e1,PPh3,nA,0.2870639417300373
803,8.0,35.0,0.0,35.0,e4,CX-FBu,nG,0.020464891268564923
804,8.0,36.0,0.0,36.0,e5,MeO-KITPHOS,nF,0.6717033584808797
805,8.0,37.0,0.0,37.0,e5,Et-PhenCar-Phos,nC,0.7420550241578128
806,8.0,38.0,0.0,38.0,e2,X-Phos,nA,0.7289375568068931
807,8.0,39.0,0.0,39.0,e5,P(o-Anis)3,nI,0.25524773080664775
808,8.0,40.0,0.0,40.0,e1,"P(3,5-CF3-Ph)3",nG,0.0
809,8.0,41.0,0.0,41.0,e9,A-caPhos,nE,0.1264609747923346
810,8.0,42.0,0.0,42.0,e7,PnBu3 HBF4,nG,0.005323230430891596
811,8.0,43.0,0.0,43.0,e1,Kwong,nD,0.08645291673067909
812,8.0,44.0,0.0,44.0,e2,BrettPhos,nG,0.08281407991024353
813,8.0,45.0,0.0,45.0,e1,P(fur)3,nE,0.030488115443860403
814,8.0,46.0,0.0,46.0,e5,Cy-vBRIDP,nF,0.0
815,8.0,47.0,0.0,47.0,e1,PPhtBu2,nA,0.4568186881135986
816,8.0,48.0,0.0,48.0,e7,PPhMe2,nD,0.17967402718109338
817,8.0,49.0,0.0,49.0,e1,Cy-BippyPhos,nD,0.19322800249768834
818,8.0,50.0,0.0,50.0,e7,Et-PhenCar-Phos,nG,0.27193527624521374
819,8.0,51.0,0.0,51.0,e1,CgMe-PPh,nI,0.33119462408139744
820,8.0,52.0,0.0,52.0,e1,X-Phos,nF,0.0977093065996311
821,8.0,53.0,0.0,53.0,e1,MeO-KITPHOS,nA,0.198940849951651
822,8.0,54.0,0.0,54.0,e1,CX-PICy,nG,0.10103394714922777
823,8.0,55.0,0.0,55.0,e2,tBPh-CPhos,nD,0.9627817421488892
824,8.0,56.0,0.0,56.0,e9,Ph-PhenCar-Phos,nI,0.46896060545395385
825,8.0,57.0,0.0,57.0,e9,JackiePhos,nI,0.7924680013442614
826,8.0,58.0,0.0,58.0,e5,PPh3,nC,0.8123421522885619
827,8.0,59.0,0.0,59.0,e4,tBPh-CPhos,nC,0.29898547506383855
828,8.0,60.0,0.0,60.0,e2,PPhtBu2,nC,0.5884787341556109
829,8.0,61.0,0.0,61.0,e10,JackiePhos,nG,0.19943476808224297
830,8.0,62.0,0.0,62.0,e10,PPh3,nF,0.9681029779274772
831,8.0,63.0,0.0,63.0,e4,PCy3 HBF4,nE,0.014449000330444188
832,8.0,64.0,0.0,64.0,e3,Cy-DavePhos,nF,0.8181899294726043
833,8.0,65.0,0.0,65.0,e7,PPh3,nB,0.20864817755410225
834,8.0,66.0,0.0,66.0,e10,P(o-Anis)3,nI,0.12648823608270143
835,8.0,67.0,0.0,67.0,e2,Cy-DavePhos,nG,0.27117001204677615
836,8.0,68.0,0.0,68.0,e3,PPh2Me,nF,0.4801900206505367
837,8.0,69.0,0.0,69.0,e9,Ph-PhenCar-Phos,nA,0.2063595645670517
838,8.0,70.0,0.0,70.0,e10,CgMe-PPh,nF,0.9345922792122748
839,8.0,71.0,0.0,71.0,e2,Et-PhenCar-Phos,nF,0.516942514891109
840,8.0,72.0,0.0,72.0,e1,CgMe-PPh,nF,0.16030992191406224
841,8.0,73.0,0.0,73.0,e4,PPhMe2,nB,0.0
842,8.0,74.0,0.0,74.0,e10,PPhtBu2,nG,0.2854037571220982
843,8.0,75.0,0.0,75.0,e3,A-caPhos,nF,0.7082011417231325
844,8.0,76.0,0.0,76.0,e1,Cy-BippyPhos,nB,0.16085798150695332
845,8.0,77.0,0.0,77.0,e5,tBPh-CPhos,nB,0.28432749904894056
846,8.0,78.0,0.0,78.0,e1,CX-FBu,nC,0.027604957748843088
847,8.0,79.0,0.0,79.0,e5,MeO-KITPHOS,nG,0.5037716636607265
848,8.0,80.0,0.0,80.0,e9,Kwong,nF,0.6183071390945252
849,8.0,81.0,0.0,81.0,e1,BrettPhos,nG,0.0081874030607583
850,8.0,82.0,0.0,82.0,e4,X-Phos,nE,0.0
851,8.0,83.0,0.0,83.0,e5,A-caPhos,nC,0.7479428186239185
852,8.0,84.0,0.0,84.0,e3,"P(3,5-CF3-Ph)3",nA,0.08371816344615461
853,8.0,85.0,0.0,85.0,e2,CX-PICy,nA,0.6627082272144782
854,8.0,86.0,0.0,86.0,e2,PPh3,nI,0.5983316480220364
855,8.0,87.0,0.0,87.0,e1,PnBu3 HBF4,nG,0.02038973512534908
856,8.0,88.0,0.0,88.0,e10,P(fur)3,nC,0.7314440607369128
857,8.0,89.0,0.0,89.0,e1,Cy-vBRIDP,nI,0.10345030861489754
858,8.0,90.0,0.0,90.0,e7,JackiePhos,nC,0.6688604819213119
859,8.0,91.0,0.0,91.0,e10,P(fur)3,nG,0.5091625405710212
860,8.0,92.0,0.0,92.0,e2,A-caPhos,nE,0.03960375441695721
861,8.0,93.0,0.0,93.0,e10,Et-PhenCar-Phos,nI,0.8978098811886851
862,8.0,94.0,0.0,94.0,e5,PPh2Me,nG,0.02908266774080822
863,8.0,95.0,0.0,95.0,e4,Et-PhenCar-Phos,nG,0.0029966288441688137
864,9.0,0.0,0.0,0.0,e10,A-caPhos,nE,0.06369465752083445
865,9.0,1.0,0.0,1.0,e3,BrettPhos,nI,0.03009704001424225
866,9.0,2.0,0.0,2.0,e5,CX-FBu,nE,0.034021070951704015
867,9.0,3.0,0.0,3.0,e3,CX-PICy,nC,0.42737783545851454
868,9.0,4.0,0.0,4.0,e4,Cy-DavePhos,nI,0.09721557254928792
869,9.0,5.0,0.0,5.0,e10,Cy-vBRIDP,nE,0.10818426656909862
870,9.0,6.0,0.0,6.0,e10,Kwong,nB,0.3444954378360332
871,9.0,7.0,0.0,7.0,e3,MeO-KITPHOS,nG,0.3259921382962992
872,9.0,8.0,0.0,8.0,e9,P(o-Anis)3,nD,0.27540950106892115
873,9.0,9.0,0.0,9.0,e5,Et-PhenCar-Phos,nA,0.7577678491226976
874,9.0,10.0,0.0,10.0,e1,JackiePhos,nE,0.07879071157202047
875,9.0,11.0,0.0,11.0,e10,"P(3,5-CF3-Ph)3",nI,0.941711710784077
876,9.0,12.0,0.0,12.0,e4,P(fur)3,nI,0.04402143693540769
877,9.0,13.0,0.0,13.0,e1,Ph-PhenCar-Phos,nA,0.18568024853139675
878,9.0,14.0,0.0,14.0,e4,PPh2Me,nE,0.0
879,9.0,15.0,0.0,15.0,e5,PPhtBu2,nC,0.7698254349858591
880,9.0,16.0,0.0,16.0,e7,tBPh-CPhos,nB,0.313551181342256
881,9.0,17.0,0.0,17.0,e10,PPhMe2,nE,0.1008193657573415
882,9.0,18.0,0.0,18.0,e7,Cy-BippyPhos,nG,0.3885701449233445
883,9.0,19.0,0.0,19.0,e1,PCy3 HBF4,nB,0.04339996600929039
884,9.0,20.0,0.0,20.0,e2,CgMe-PPh,nA,0.6670880102879697
885,9.0,21.0,0.0,21.0,e2,PPh3,nI,0.5983316480220364
886,9.0,22.0,0.0,22.0,e10,X-Phos,nD,0.9917865678194812
887,9.0,23.0,0.0,23.0,e4,PnBu3 HBF4,nI,0.0
888,9.0,24.0,0.0,24.0,e2,X-Phos,nA,0.7289375568068931
889,9.0,25.0,0.0,25.0,e7,"P(3,5-CF3-Ph)3",nI,0.4348939297275991
890,9.0,26.0,0.0,26.0,e4,PPhtBu2,nC,0.0
891,9.0,27.0,0.0,27.0,e5,Et-PhenCar-Phos,nC,0.7420550241578128
892,9.0,28.0,0.0,28.0,e4,CgMe-PPh,nA,0.05836143390317885
893,9.0,29.0,0.0,29.0,e7,PPh3,nC,0.8376892636395048
894,9.0,30.0,0.0,30.0,e5,CX-PICy,nD,0.7367636173787823
895,9.0,31.0,0.0,31.0,e2,Cy-BippyPhos,nF,0.5159368139266189
896,9.0,32.0,0.0,32.0,e3,Kwong,nE,0.12194116840481971
897,9.0,33.0,0.0,33.0,e2,MeO-KITPHOS,nE,0.14157346928450873
898,9.0,34.0,0.0,34.0,e3,tBPh-CPhos,nF,0.8810310712945111
899,9.0,35.0,0.0,35.0,e4,P(o-Anis)3,nB,0.028651564710375093
900,9.0,36.0,0.0,36.0,e2,X-Phos,nD,0.810292693921554
901,9.0,37.0,0.0,37.0,e1,Ph-PhenCar-Phos,nF,0.03399207920306404
902,9.0,38.0,0.0,38.0,e3,Et-PhenCar-Phos,nF,0.7168147526183698
903,9.0,39.0,0.0,39.0,e2,PPh3,nF,0.46094142786882736
904,9.0,40.0,0.0,40.0,e10,Cy-vBRIDP,nI,0.8380507759186263
905,9.0,41.0,0.0,41.0,e4,"P(3,5-CF3-Ph)3",nG,0.02206633089938497
906,9.0,42.0,0.0,42.0,e4,PPhMe2,nI,0.0
907,9.0,43.0,0.0,43.0,e3,Cy-DavePhos,nG,0.582883480820361
908,9.0,44.0,0.0,44.0,e9,JackiePhos,nG,0.542757589383612
909,9.0,45.0,0.0,45.0,e9,A-caPhos,nD,0.5903907562753792
910,9.0,46.0,0.0,46.0,e4,P(fur)3,nF,0.07182384377127193
911,9.0,47.0,0.0,47.0,e5,PCy3 HBF4,nI,0.34482654450171224
912,9.0,48.0,0.0,48.0,e9,CX-FBu,nG,0.0
913,9.0,49.0,0.0,49.0,e1,BrettPhos,nB,0.023933086062199235
914,9.0,50.0,0.0,50.0,e2,tBPh-CPhos,nA,0.8502272930334943
915,9.0,51.0,0.0,51.0,e2,PPh2Me,nC,0.6126561714426878
916,9.0,52.0,0.0,52.0,e2,PnBu3 HBF4,nF,0.09742653300738942
917,9.0,53.0,0.0,53.0,e9,X-Phos,nE,0.11576466040964467
918,9.0,54.0,0.0,54.0,e4,CX-PICy,nI,0.049131110362350565
919,9.0,55.0,0.0,55.0,e10,Et-PhenCar-Phos,nI,0.8978098811886851
920,9.0,56.0,0.0,56.0,e9,Cy-vBRIDP,nD,0.702991104041341
921,9.0,57.0,0.0,57.0,e3,Cy-BippyPhos,nD,0.7257486948775891
922,9.0,58.0,0.0,58.0,e3,tBPh-CPhos,nI,0.40203943367844525
923,9.0,59.0,0.0,59.0,e7,PPhtBu2,nA,0.22643925135847556
924,9.0,60.0,0.0,60.0,e5,PPh3,nF,0.459106585899356
925,9.0,61.0,0.0,61.0,e3,Et-PhenCar-Phos,nD,0.6274812834141975
926,9.0,62.0,0.0,62.0,e3,CgMe-PPh,nE,0.13080909557688172
927,9.0,63.0,0.0,63.0,e3,Cy-DavePhos,nE,0.1655425072853271
928,9.0,64.0,0.0,64.0,e3,A-caPhos,nI,0.251402716237195
929,9.0,65.0,0.0,65.0,e9,JackiePhos,nA,0.4878435591523317
930,9.0,66.0,0.0,66.0,e9,PPh2Me,nG,0.32077678172887275
931,9.0,67.0,0.0,67.0,e5,Cy-vBRIDP,nE,0.15014188546666088
932,9.0,68.0,0.0,68.0,e1,Cy-BippyPhos,nC,0.12530079881726516
933,9.0,69.0,0.0,69.0,e7,X-Phos,nF,0.15361466712198887
934,9.0,70.0,0.0,70.0,e1,MeO-KITPHOS,nF,0.01625313158601373
935,9.0,71.0,0.0,71.0,e3,Kwong,nG,0.6379955567259125
936,9.0,72.0,0.0,72.0,e3,Et-PhenCar-Phos,nE,0.16222416431861286
937,9.0,73.0,0.0,73.0,e3,"P(3,5-CF3-Ph)3",nF,0.739492776362512
938,9.0,74.0,0.0,74.0,e1,tBPh-CPhos,nI,0.239947127680601
939,9.0,75.0,0.0,75.0,e4,PCy3 HBF4,nB,0.0
940,9.0,76.0,0.0,76.0,e10,PPh3,nA,0.17893078161194448
941,9.0,77.0,0.0,77.0,e4,P(o-Anis)3,nE,0.0
942,9.0,78.0,0.0,78.0,e5,CX-PICy,nF,0.5063471923786179
943,9.0,79.0,0.0,79.0,e5,"P(3,5-CF3-Ph)3",nB,0.24568271742359823
944,9.0,80.0,0.0,80.0,e4,JackiePhos,nA,0.01378290721008047
945,9.0,81.0,0.0,81.0,e9,Ph-PhenCar-Phos,nD,0.6767072029805355
946,9.0,82.0,0.0,82.0,e5,Kwong,nI,0.605127225193205
947,9.0,83.0,0.0,83.0,e5,PPhtBu2,nE,0.26560222932504995
948,9.0,84.0,0.0,84.0,e1,P(fur)3,nA,0.13903094918195189
949,9.0,85.0,0.0,85.0,e3,Et-PhenCar-Phos,nG,0.7493850028763238
950,9.0,86.0,0.0,86.0,e1,PPh2Me,nG,0.046182417331377484
951,9.0,87.0,0.0,87.0,e3,PPhMe2,nE,0.20156383963737273
952,9.0,88.0,0.0,88.0,e2,PnBu3 HBF4,nE,0.09021493672850452
953,9.0,89.0,0.0,89.0,e9,A-caPhos,nF,0.3473256083599624
954,9.0,90.0,0.0,90.0,e3,X-Phos,nA,0.5260046217897938
955,9.0,91.0,0.0,91.0,e2,Ph-PhenCar-Phos,nD,0.16891370076688705
956,9.0,92.0,0.0,92.0,e7,Cy-vBRIDP,nF,0.47929870017773896
957,9.0,93.0,0.0,93.0,e7,BrettPhos,nC,0.0
958,9.0,94.0,0.0,94.0,e1,CgMe-PPh,nF,0.16030992191406224
959,9.0,95.0,0.0,95.0,e1,Cy-BippyPhos,nF,0.042463401107959806
960,10.0,0.0,0.0,0.0,e2,A-caPhos,nD,0.8459561333315676
961,10.0,1.0,0.0,1.0,e4,BrettPhos,nE,0.020587634820407864
962,10.0,2.0,0.0,2.0,e3,CX-FBu,nC,0.10650096099207426
963,10.0,3.0,0.0,3.0,e9,CX-PICy,nI,0.5796467982779039
964,10.0,4.0,0.0,4.0,e9,Cy-DavePhos,nC,0.37373314589550694
965,10.0,5.0,0.0,5.0,e10,Cy-vBRIDP,nI,0.8380507759186263
966,10.0,6.0,0.0,6.0,e3,Kwong,nC,0.49266490533355695
967,10.0,7.0,0.0,7.0,e4,MeO-KITPHOS,nA,0.009388644305479189
968,10.0,8.0,0.0,8.0,e5,P(o-Anis)3,nF,0.05262122919976672
969,10.0,9.0,0.0,9.0,e2,Et-PhenCar-Phos,nI,0.6430834035717605
970,10.0,10.0,0.0,10.0,e4,JackiePhos,nC,0.28682741874775813
971,10.0,11.0,0.0,11.0,e10,"P(3,5-CF3-Ph)3",nA,0.546272038278152
972,10.0,12.0,0.0,12.0,e10,P(fur)3,nF,0.9483400902675492
973,10.0,13.0,0.0,13.0,e10,Ph-PhenCar-Phos,nG,0.0
974,10.0,14.0,0.0,14.0,e5,PPh2Me,nI,0.18805503621177608
975,10.0,15.0,0.0,15.0,e4,PPhtBu2,nA,0.03055984955910126
976,10.0,16.0,0.0,16.0,e4,tBPh-CPhos,nB,0.008677035710621023
977,10.0,17.0,0.0,17.0,e2,PPhMe2,nC,0.5688989155636163
978,10.0,18.0,0.0,18.0,e2,Cy-BippyPhos,nD,0.899766462439471
979,10.0,19.0,0.0,19.0,e3,PCy3 HBF4,nF,0.7927520064501151
980,10.0,20.0,0.0,20.0,e5,CgMe-PPh,nD,0.8391860239024482
981,10.0,21.0,0.0,21.0,e9,PPh3,nE,0.09067760339083293
982,10.0,22.0,0.0,22.0,e7,X-Phos,nE,0.009747915997314067
983,10.0,23.0,0.0,23.0,e3,PnBu3 HBF4,nC,0.5104443617808837
984,10.0,24.0,0.0,24.0,e4,P(fur)3,nD,0.03673341810204701
985,10.0,25.0,0.0,25.0,e3,Cy-BippyPhos,nF,0.818115739608698
986,10.0,26.0,0.0,26.0,e7,A-caPhos,nB,0.19570168231689697
987,10.0,27.0,0.0,27.0,e3,CgMe-PPh,nE,0.13080909557688172
988,10.0,28.0,0.0,28.0,e5,Cy-vBRIDP,nD,0.7161030534920702
989,10.0,29.0,0.0,29.0,e9,PCy3 HBF4,nI,0.5233205929895026
990,10.0,30.0,0.0,30.0,e5,Et-PhenCar-Phos,nE,0.1555337724688785
991,10.0,31.0,0.0,31.0,e3,CX-PICy,nF,0.6497944840300122
992,10.0,32.0,0.0,32.0,e7,PPhMe2,nE,0.04656087399550363
993,10.0,33.0,0.0,33.0,e4,"P(3,5-CF3-Ph)3",nG,0.02206633089938497
994,10.0,34.0,0.0,34.0,e3,PnBu3 HBF4,nE,0.07267279002281227
995,10.0,35.0,0.0,35.0,e7,Kwong,nC,0.618033573890117
996,10.0,36.0,0.0,36.0,e3,Cy-DavePhos,nB,0.16485335147347094
997,10.0,37.0,0.0,37.0,e9,JackiePhos,nC,0.3402888306071797
998,10.0,38.0,0.0,38.0,e9,Cy-BippyPhos,nB,0.19614551978344988
999,10.0,39.0,0.0,39.0,e10,Cy-vBRIDP,nF,0.8737297326167234
1000,10.0,40.0,0.0,40.0,e3,PPh2Me,nB,0.018469886419135415
1001,10.0,41.0,0.0,41.0,e5,CX-FBu,nD,0.14004055706710997
1002,10.0,42.0,0.0,42.0,e3,PPh3,nD,0.558051966163369
1003,10.0,43.0,0.0,43.0,e9,PCy3 HBF4,nG,0.4351271395358285
1004,10.0,44.0,0.0,44.0,e9,P(o-Anis)3,nC,0.3510501736587359
1005,10.0,45.0,0.0,45.0,e7,PPhtBu2,nD,0.17084686391608417
1006,10.0,46.0,0.0,46.0,e1,CX-PICy,nF,0.035498905100854815
1007,10.0,47.0,0.0,47.0,e4,BrettPhos,nD,0.0055714565905122075
1008,10.0,48.0,0.0,48.0,e1,X-Phos,nD,0.11103234490926704
1009,10.0,49.0,0.0,49.0,e10,MeO-KITPHOS,nI,0.8474236030258523
1010,10.0,50.0,0.0,50.0,e7,tBPh-CPhos,nI,0.3070094849804215
1011,10.0,51.0,0.0,51.0,e10,Ph-PhenCar-Phos,nB,0.010682786436433955
1012,10.0,52.0,0.0,52.0,e1,Kwong,nF,0.04076651100940088
1013,10.0,53.0,0.0,53.0,e1,Cy-vBRIDP,nE,0.10273481023694789
1014,10.0,54.0,0.0,54.0,e5,A-caPhos,nE,0.037864613831533826
1015,10.0,55.0,0.0,55.0,e2,P(fur)3,nI,0.8026402936862348
1016,10.0,56.0,0.0,56.0,e5,CgMe-PPh,nG,0.5263762443562906
1017,10.0,57.0,0.0,57.0,e9,MeO-KITPHOS,nD,0.6506971208307475
1018,10.0,58.0,0.0,58.0,e1,Et-PhenCar-Phos,nA,0.5211070217161989
1019,10.0,59.0,0.0,59.0,e2,Cy-BippyPhos,nF,0.5159368139266189
1020,10.0,60.0,0.0,60.0,e10,P(fur)3,nC,0.7314440607369128
1021,10.0,61.0,0.0,61.0,e2,PPh3,nI,0.5983316480220364
1022,10.0,62.0,0.0,62.0,e1,PCy3 HBF4,nF,0.0936542572430908
1023,10.0,63.0,0.0,63.0,e10,JackiePhos,nB,0.3412973722922598
1024,10.0,64.0,0.0,64.0,e10,PPhMe2,nB,0.36471787230730734
1025,10.0,65.0,0.0,65.0,e2,PnBu3 HBF4,nG,0.05240835785700971
1026,10.0,66.0,0.0,66.0,e5,"P(3,5-CF3-Ph)3",nB,0.24568271742359823
1027,10.0,67.0,0.0,67.0,e3,Cy-DavePhos,nF,0.8181899294726043
1028,10.0,68.0,0.0,68.0,e9,MeO-KITPHOS,nI,0.37369206432045404
1029,10.0,69.0,0.0,69.0,e7,CgMe-PPh,nF,0.8590504388988899
1030,10.0,70.0,0.0,70.0,e1,Cy-vBRIDP,nI,0.10345030861489754
1031,10.0,71.0,0.0,71.0,e7,P(fur)3,nF,0.003960698397596189
1032,10.0,72.0,0.0,72.0,e4,P(o-Anis)3,nI,0.02548894148634491
1033,10.0,73.0,0.0,73.0,e3,Cy-BippyPhos,nE,0.21120990283036814
1034,10.0,74.0,0.0,74.0,e10,Cy-DavePhos,nI,0.7834423636635293
1035,10.0,75.0,0.0,75.0,e4,Et-PhenCar-Phos,nG,0.0029966288441688137
1036,10.0,76.0,0.0,76.0,e2,CgMe-PPh,nI,0.7692361366046242
1037,10.0,77.0,0.0,77.0,e4,CX-PICy,nG,0.016007987024632152
1038,10.0,78.0,0.0,78.0,e5,tBPh-CPhos,nA,0.7026512612569452
1039,10.0,79.0,0.0,79.0,e3,PPh3,nG,0.5441952440189306
1040,10.0,80.0,0.0,80.0,e9,Kwong,nA,0.4209461322156132
1041,10.0,81.0,0.0,81.0,e1,CX-FBu,nA,0.06728168343034004
1042,10.0,82.0,0.0,82.0,e3,Cy-DavePhos,nA,0.4587692631158191
1043,10.0,83.0,0.0,83.0,e2,CgMe-PPh,nC,0.6339599379342666
1044,10.0,84.0,0.0,84.0,e10,PPh2Me,nG,0.05238083217686043
1045,10.0,85.0,0.0,85.0,e1,PPhtBu2,nD,0.03363179088885197
1046,10.0,86.0,0.0,86.0,e7,A-caPhos,nD,0.45969276976080437
1047,10.0,87.0,0.0,87.0,e4,tBPh-CPhos,nI,0.022633316819564778
1048,10.0,88.0,0.0,88.0,e2,PPhMe2,nB,0.34830416803640063
1049,10.0,89.0,0.0,89.0,e1,JackiePhos,nB,0.15130453997269813
1050,10.0,90.0,0.0,90.0,e3,X-Phos,nB,0.2000064287326038
1051,10.0,91.0,0.0,91.0,e9,MeO-KITPHOS,nE,0.1247527709304835
1052,10.0,92.0,0.0,92.0,e7,PCy3 HBF4,nE,0.012884298674100353
1053,10.0,93.0,0.0,93.0,e9,PPh3,nB,0.08611579146274333
1054,10.0,94.0,0.0,94.0,e4,CgMe-PPh,nB,0.010586928381835779
1055,10.0,95.0,0.0,95.0,e3,BrettPhos,nB,0.0
1056,11.0,0.0,0.0,0.0,e3,A-caPhos,nI,0.251402716237195
1057,11.0,1.0,0.0,1.0,e10,BrettPhos,nE,0.057568734516984195
1058,11.0,2.0,0.0,2.0,e2,CX-FBu,nC,0.0
1059,11.0,3.0,0.0,3.0,e1,CX-PICy,nF,0.035498905100854815
1060,11.0,4.0,0.0,4.0,e5,Cy-DavePhos,nF,0.03313108332432727
1061,11.0,5.0,0.0,5.0,e3,Cy-vBRIDP,nG,0.6350943239493974
1062,11.0,6.0,0.0,6.0,e2,Kwong,nG,0.197472465219982
1063,11.0,7.0,0.0,7.0,e2,MeO-KITPHOS,nE,0.14157346928450873
1064,11.0,8.0,0.0,8.0,e3,P(o-Anis)3,nB,0.08812842587343037
1065,11.0,9.0,0.0,9.0,e1,Et-PhenCar-Phos,nE,0.038240826794146296
1066,11.0,10.0,0.0,10.0,e4,JackiePhos,nB,0.0
1067,11.0,11.0,0.0,11.0,e1,"P(3,5-CF3-Ph)3",nC,0.0
1068,11.0,12.0,0.0,12.0,e10,P(fur)3,nA,0.6938329241091595
1069,11.0,13.0,0.0,13.0,e4,Ph-PhenCar-Phos,nI,0.03672891692050217
1070,11.0,14.0,0.0,14.0,e7,PPh2Me,nI,0.05866681747449082
1071,11.0,15.0,0.0,15.0,e10,PPhtBu2,nF,0.9293464786587261
1072,11.0,16.0,0.0,16.0,e10,tBPh-CPhos,nG,0.1872202584239755
1073,11.0,17.0,0.0,17.0,e4,PPhMe2,nB,0.0
1074,11.0,18.0,0.0,18.0,e5,Cy-BippyPhos,nF,0.5547253517877193
1075,11.0,19.0,0.0,19.0,e9,PCy3 HBF4,nA,0.39949447947915445
1076,11.0,20.0,0.0,20.0,e5,CgMe-PPh,nC,0.7463019251283864
1077,11.0,21.0,0.0,21.0,e2,PPh3,nF,0.46094142786882736
1078,11.0,22.0,0.0,22.0,e2,X-Phos,nF,0.2803025402995705
1079,11.0,23.0,0.0,23.0,e5,PnBu3 HBF4,nG,0.0346467819695208
1080,11.0,24.0,0.0,24.0,e5,PPhtBu2,nF,0.03204541377761061
1081,11.0,25.0,0.0,25.0,e7,CgMe-PPh,nE,0.023295783669163114
1082,11.0,26.0,0.0,26.0,e7,P(fur)3,nC,0.4312782068921491
1083,11.0,27.0,0.0,27.0,e10,Cy-vBRIDP,nD,0.9843096018311139
1084,11.0,28.0,0.0,28.0,e9,Cy-BippyPhos,nB,0.19614551978344988
1085,11.0,29.0,0.0,29.0,e2,PPh3,nA,0.008904947561475468
1086,11.0,30.0,0.0,30.0,e3,PCy3 HBF4,nA,0.026603552105440537
1087,11.0,31.0,0.0,31.0,e3,X-Phos,nE,0.1548016728315108
1088,11.0,32.0,0.0,32.0,e3,A-caPhos,nB,0.12487445849811245
1089,11.0,33.0,0.0,33.0,e2,Cy-vBRIDP,nF,0.6290075171930294
1090,11.0,34.0,0.0,34.0,e9,Kwong,nA,0.4209461322156132
1091,11.0,35.0,0.0,35.0,e4,tBPh-CPhos,nI,0.022633316819564778
1092,11.0,36.0,0.0,36.0,e2,MeO-KITPHOS,nA,0.6953968715197815
1093,11.0,37.0,0.0,37.0,e1,P(o-Anis)3,nA,0.30722554215143316
1094,11.0,38.0,0.0,38.0,e5,PPh2Me,nC,0.7002906735204408
1095,11.0,39.0,0.0,39.0,e7,BrettPhos,nB,0.006706537467230552
1096,11.0,40.0,0.0,40.0,e7,Et-PhenCar-Phos,nC,0.7443135007935773
1097,11.0,41.0,0.0,41.0,e1,Ph-PhenCar-Phos,nI,0.08752687001474006
1098,11.0,42.0,0.0,42.0,e4,CX-PICy,nI,0.049131110362350565
1099,11.0,43.0,0.0,43.0,e7,PnBu3 HBF4,nG,0.005323230430891596
1100,11.0,44.0,0.0,44.0,e2,Cy-DavePhos,nI,0.6644450399368388
1101,11.0,45.0,0.0,45.0,e3,CX-FBu,nD,0.0
1102,11.0,46.0,0.0,46.0,e10,JackiePhos,nB,0.3412973722922598
1103,11.0,47.0,0.0,47.0,e7,"P(3,5-CF3-Ph)3",nF,0.4547323879793554
1104,11.0,48.0,0.0,48.0,e3,PPhMe2,nA,0.3195986379275633
1105,11.0,49.0,0.0,49.0,e4,P(fur)3,nF,0.07182384377127193
1106,11.0,50.0,0.0,50.0,e1,Cy-vBRIDP,nE,0.10273481023694789
1107,11.0,51.0,0.0,51.0,e10,PPhtBu2,nG,0.2854037571220982
1108,11.0,52.0,0.0,52.0,e10,MeO-KITPHOS,nI,0.8474236030258523
1109,11.0,53.0,0.0,53.0,e4,Et-PhenCar-Phos,nG,0.0029966288441688137
1110,11.0,54.0,0.0,54.0,e10,CgMe-PPh,nA,0.1556727410455523
1111,11.0,55.0,0.0,55.0,e4,PPh2Me,nB,0.0
1112,11.0,56.0,0.0,56.0,e1,Cy-BippyPhos,nF,0.042463401107959806
1113,11.0,57.0,0.0,57.0,e5,Cy-DavePhos,nD,0.7566333942731113
1114,11.0,58.0,0.0,58.0,e3,Kwong,nD,0.6707851203385027
1115,11.0,59.0,0.0,59.0,e9,MeO-KITPHOS,nG,0.30072675877618354
1116,11.0,60.0,0.0,60.0,e4,PPh3,nB,0.04245983275840727
1117,11.0,61.0,0.0,61.0,e10,"P(3,5-CF3-Ph)3",nG,0.420516226306976
1118,11.0,62.0,0.0,62.0,e9,Cy-DavePhos,nA,0.4785669589162221
1119,11.0,63.0,0.0,63.0,e3,X-Phos,nA,0.5260046217897938
1120,11.0,64.0,0.0,64.0,e5,PCy3 HBF4,nC,0.7610838314818648
1121,11.0,65.0,0.0,65.0,e10,P(o-Anis)3,nC,0.3046850801785095
1122,11.0,66.0,0.0,66.0,e2,A-caPhos,nE,0.03960375441695721
1123,11.0,67.0,0.0,67.0,e2,Cy-vBRIDP,nA,0.9280139562522538
1124,11.0,68.0,0.0,68.0,e5,JackiePhos,nF,0.046842070771333566
1125,11.0,69.0,0.0,69.0,e1,Kwong,nC,0.006793877228623898
1126,11.0,70.0,0.0,70.0,e5,PPhMe2,nI,0.7440098607047809
1127,11.0,71.0,0.0,71.0,e2,PPhtBu2,nE,0.2141985283033928
1128,11.0,72.0,0.0,72.0,e2,P(fur)3,nF,0.4799987068628782
1129,11.0,73.0,0.0,73.0,e7,PCy3 HBF4,nC,0.4444113627763342
1130,11.0,74.0,0.0,74.0,e1,Cy-vBRIDP,nA,0.2888460681891715
1131,11.0,75.0,0.0,75.0,e2,tBPh-CPhos,nA,0.8502272930334943
1132,11.0,76.0,0.0,76.0,e5,PPhMe2,nC,0.6973280420518365
1133,11.0,77.0,0.0,77.0,e9,tBPh-CPhos,nA,0.5070576131604569
1134,11.0,78.0,0.0,78.0,e5,MeO-KITPHOS,nC,0.6524320098130438
1135,11.0,79.0,0.0,79.0,e9,Cy-DavePhos,nE,0.11425610500152658
1136,11.0,80.0,0.0,80.0,e5,Ph-PhenCar-Phos,nG,0.0
1137,11.0,81.0,0.0,81.0,e3,X-Phos,nC,0.5782791539418308
1138,11.0,82.0,0.0,82.0,e7,CgMe-PPh,nI,0.6142759277683246
1139,11.0,83.0,0.0,83.0,e3,CX-PICy,nA,0.3216556256640709
1140,11.0,84.0,0.0,84.0,e7,"P(3,5-CF3-Ph)3",nD,0.7248719169293781
1141,11.0,85.0,0.0,85.0,e7,BrettPhos,nI,0.03364948416287573
1142,11.0,86.0,0.0,86.0,e2,PPhMe2,nB,0.34830416803640063
1143,11.0,87.0,0.0,87.0,e2,PnBu3 HBF4,nG,0.05240835785700971
1144,11.0,88.0,0.0,88.0,e3,MeO-KITPHOS,nF,0.6190014842829609
1145,11.0,89.0,0.0,89.0,e7,P(fur)3,nA,0.15917780258602543
1146,11.0,90.0,0.0,90.0,e1,Cy-BippyPhos,nG,0.15976408278590903
1147,11.0,91.0,0.0,91.0,e1,Et-PhenCar-Phos,nB,0.04532172338475905
1148,11.0,92.0,0.0,92.0,e10,CX-FBu,nF,0.19352259897861
1149,11.0,93.0,0.0,93.0,e5,Cy-vBRIDP,nD,0.7161030534920702
1150,11.0,94.0,0.0,94.0,e10,PCy3 HBF4,nD,0.5416797206056861
1151,11.0,95.0,0.0,95.0,e5,PPh2Me,nF,0.0
1152,12.0,0.0,0.0,0.0,e7,A-caPhos,nE,0.0
1153,12.0,1.0,0.0,1.0,e3,BrettPhos,nD,0.19688586421207319
1154,12.0,2.0,0.0,2.0,e2,CX-FBu,nC,0.0
1155,12.0,3.0,0.0,3.0,e3,CX-PICy,nD,0.6575942693885647
1156,12.0,4.0,0.0,4.0,e1,Cy-DavePhos,nE,0.04088521449674735
1157,12.0,5.0,0.0,5.0,e7,Cy-vBRIDP,nB,0.18834091750393028
1158,12.0,6.0,0.0,6.0,e5,Kwong,nC,0.7139078067166453
1159,12.0,7.0,0.0,7.0,e10,MeO-KITPHOS,nA,0.5040049303765105
1160,12.0,8.0,0.0,8.0,e10,P(o-Anis)3,nC,0.3046850801785095
1161,12.0,9.0,0.0,9.0,e5,Et-PhenCar-Phos,nG,0.4088272163752651
1162,12.0,10.0,0.0,10.0,e5,JackiePhos,nG,0.338261501637445
1163,12.0,11.0,0.0,11.0,e4,"P(3,5-CF3-Ph)3",nE,0.022865395605389537
1164,12.0,12.0,0.0,12.0,e7,P(fur)3,nE,0.0
1165,12.0,13.0,0.0,13.0,e5,Ph-PhenCar-Phos,nF,0.09156197264058712
1166,12.0,14.0,0.0,14.0,e9,PPh2Me,nC,0.2914145670907849
1167,12.0,15.0,0.0,15.0,e1,PPhtBu2,nA,0.4568186881135986
1168,12.0,16.0,0.0,16.0,e4,tBPh-CPhos,nA,0.0348084285544355
1169,12.0,17.0,0.0,17.0,e1,PPhMe2,nA,0.08091432237840718
1170,12.0,18.0,0.0,18.0,e9,Cy-BippyPhos,nC,0.4093298004131833
1171,12.0,19.0,0.0,19.0,e4,PCy3 HBF4,nI,0.08784137609541397
1172,12.0,20.0,0.0,20.0,e1,CgMe-PPh,nB,0.12558127711891434
1173,12.0,21.0,0.0,21.0,e4,PPh3,nD,0.001865175726413785
1174,12.0,22.0,0.0,22.0,e4,X-Phos,nD,0.016269680027475288
1175,12.0,23.0,0.0,23.0,e4,PnBu3 HBF4,nB,0.021725924272589937
1176,12.0,24.0,0.0,24.0,e10,Kwong,nE,0.10609667459949558
1177,12.0,25.0,0.0,25.0,e2,CX-PICy,nA,0.6627082272144782
1178,12.0,26.0,0.0,26.0,e2,MeO-KITPHOS,nF,0.6735229847545438
1179,12.0,27.0,0.0,27.0,e2,PPhtBu2,nG,0.1723789943659194
1180,12.0,28.0,0.0,28.0,e10,Cy-BippyPhos,nA,0.7528860791443422
1181,12.0,29.0,0.0,29.0,e7,Et-PhenCar-Phos,nE,0.05718031328307803
1182,12.0,30.0,0.0,30.0,e7,JackiePhos,nG,0.19131726696005422
1183,12.0,31.0,0.0,31.0,e4,P(o-Anis)3,nC,0.108256170748378
1184,12.0,32.0,0.0,32.0,e10,PPh2Me,nF,0.9442102793927251
1185,12.0,33.0,0.0,33.0,e9,BrettPhos,nF,0.16808056792906734
1186,12.0,34.0,0.0,34.0,e4,Cy-vBRIDP,nB,0.0
1187,12.0,35.0,0.0,35.0,e3,CgMe-PPh,nB,0.2170305015470435
1188,12.0,36.0,0.0,36.0,e2,Ph-PhenCar-Phos,nD,0.16891370076688705
1189,12.0,37.0,0.0,37.0,e7,PCy3 HBF4,nC,0.4444113627763342
1190,12.0,38.0,0.0,38.0,e1,PPhMe2,nB,0.028702661498009253
1191,12.0,39.0,0.0,39.0,e4,CX-PICy,nE,0.044118367259479443
1192,12.0,40.0,0.0,40.0,e5,Cy-DavePhos,nG,0.4296099762008142
1193,12.0,41.0,0.0,41.0,e3,tBPh-CPhos,nA,0.5729071695707448
1194,12.0,42.0,0.0,42.0,e10,PPh2Me,nG,0.05238083217686043
1195,12.0,43.0,0.0,43.0,e2,"P(3,5-CF3-Ph)3",nI,0.7101552221676866
1196,12.0,44.0,0.0,44.0,e5,PnBu3 HBF4,nB,0.017097729724094155
1197,12.0,45.0,0.0,45.0,e7,X-Phos,nG,0.0
1198,12.0,46.0,0.0,46.0,e10,MeO-KITPHOS,nF,0.8931997261223513
1199,12.0,47.0,0.0,47.0,e4,PPh3,nE,0.0
1200,12.0,48.0,0.0,48.0,e1,A-caPhos,nB,0.04609606229142198
1201,12.0,49.0,0.0,49.0,e10,CX-FBu,nI,0.11326772664660484
1202,12.0,50.0,0.0,50.0,e5,P(fur)3,nB,0.1834224346309997
1203,12.0,51.0,0.0,51.0,e9,Cy-BippyPhos,nG,0.46478882021105844
1204,12.0,52.0,0.0,52.0,e9,MeO-KITPHOS,nF,0.2069173517749973
1205,12.0,53.0,0.0,53.0,e4,Kwong,nB,0.0
1206,12.0,54.0,0.0,54.0,e10,"P(3,5-CF3-Ph)3",nG,0.420516226306976
1207,12.0,55.0,0.0,55.0,e9,PPhtBu2,nG,0.2561213944420894
1208,12.0,56.0,0.0,56.0,e1,tBPh-CPhos,nE,0.10531846896621012
1209,12.0,57.0,0.0,57.0,e4,Cy-BippyPhos,nB,0.001309200773603058
1210,12.0,58.0,0.0,58.0,e5,PCy3 HBF4,nB,0.02481060011325073
1211,12.0,59.0,0.0,59.0,e10,JackiePhos,nI,0.6404668815291216
1212,12.0,60.0,0.0,60.0,e3,Cy-DavePhos,nD,0.6446826086450984
1213,12.0,61.0,0.0,61.0,e9,Et-PhenCar-Phos,nE,0.09970326563233488
1214,12.0,62.0,0.0,62.0,e10,P(o-Anis)3,nI,0.12648823608270143
1215,12.0,63.0,0.0,63.0,e2,CX-PICy,nD,0.844934148288056
1216,12.0,64.0,0.0,64.0,e9,BrettPhos,nB,0.015005675905422431
1217,12.0,65.0,0.0,65.0,e3,CgMe-PPh,nC,0.5573433814229866
1218,12.0,66.0,0.0,66.0,e10,PPh2Me,nC,0.7635702486574847
1219,12.0,67.0,0.0,67.0,e5,MeO-KITPHOS,nB,0.28637906683057796
1220,12.0,68.0,0.0,68.0,e3,CX-PICy,nE,0.1788347445386581
1221,12.0,69.0,0.0,69.0,e7,JackiePhos,nC,0.6688604819213119
1222,12.0,70.0,0.0,70.0,e4,Ph-PhenCar-Phos,nG,0.032094455374630654
1223,12.0,71.0,0.0,71.0,e10,"P(3,5-CF3-Ph)3",nD,0.9480127354628836
1224,12.0,72.0,0.0,72.0,e9,Cy-DavePhos,nC,0.37373314589550694
1225,12.0,73.0,0.0,73.0,e5,"P(3,5-CF3-Ph)3",nA,0.6652219449652172
1226,12.0,74.0,0.0,74.0,e1,PPh2Me,nI,0.05859619006636522
1227,12.0,75.0,0.0,75.0,e9,Cy-vBRIDP,nD,0.702991104041341
1228,12.0,76.0,0.0,76.0,e2,P(fur)3,nD,0.8273907264709449
1229,12.0,77.0,0.0,77.0,e9,P(fur)3,nF,0.14474013927612028
1230,12.0,78.0,0.0,78.0,e3,CX-FBu,nA,0.034590175407777715
1231,12.0,79.0,0.0,79.0,e10,PPhMe2,nG,0.29388406090139285
1232,12.0,80.0,0.0,80.0,e2,JackiePhos,nA,0.9033456818168843
1233,12.0,81.0,0.0,81.0,e3,CgMe-PPh,nD,0.6746435408754137
1234,12.0,82.0,0.0,82.0,e7,Cy-vBRIDP,nF,0.47929870017773896
1235,12.0,83.0,0.0,83.0,e7,PPhtBu2,nD,0.17084686391608417
1236,12.0,84.0,0.0,84.0,e9,"P(3,5-CF3-Ph)3",nA,0.28248248720696867
1237,12.0,85.0,0.0,85.0,e1,JackiePhos,nD,0.5137263354833275
1238,12.0,86.0,0.0,86.0,e10,A-caPhos,nB,0.05297439210885078
1239,12.0,87.0,0.0,87.0,e1,PnBu3 HBF4,nF,0.01643119627071477
1240,12.0,88.0,0.0,88.0,e7,Kwong,nC,0.618033573890117
1241,12.0,89.0,0.0,89.0,e7,X-Phos,nC,0.7699443054600407
1242,12.0,90.0,0.0,90.0,e4,X-Phos,nI,0.009934677799407795
1243,12.0,91.0,0.0,91.0,e4,PPh3,nF,0.23217627507948946
1244,12.0,92.0,0.0,92.0,e7,MeO-KITPHOS,nF,0.14909057955854127
1245,12.0,93.0,0.0,93.0,e7,Cy-BippyPhos,nI,0.8044666768394777
1246,12.0,94.0,0.0,94.0,e7,CgMe-PPh,nD,1.0
1247,12.0,95.0,0.0,95.0,e10,CgMe-PPh,nE,0.0683436736393753
1248,13.0,0.0,0.0,0.0,e5,A-caPhos,nB,0.05123964518257458
1249,13.0,1.0,0.0,1.0,e9,BrettPhos,nD,0.116949762005874
1250,13.0,2.0,0.0,2.0,e9,CX-FBu,nE,0.04355822240680955
1251,13.0,3.0,0.0,3.0,e9,CX-PICy,nC,0.3368172083334284
1252,13.0,4.0,0.0,4.0,e3,Cy-DavePhos,nD,0.6446826086450984
1253,13.0,5.0,0.0,5.0,e10,Cy-vBRIDP,nD,0.9843096018311139
1254,13.0,6.0,0.0,6.0,e5,Kwong,nB,0.19563904085240036
1255,13.0,7.0,0.0,7.0,e10,MeO-KITPHOS,nC,0.6485009952102284
1256,13.0,8.0,0.0,8.0,e5,P(o-Anis)3,nB,0.08805288524342034
1257,13.0,9.0,0.0,9.0,e4,Et-PhenCar-Phos,nA,0.02363360610342534
1258,13.0,10.0,0.0,10.0,e5,JackiePhos,nI,0.6882070592144776
1259,13.0,11.0,0.0,11.0,e3,"P(3,5-CF3-Ph)3",nA,0.08371816344615461
1260,13.0,12.0,0.0,12.0,e9,P(fur)3,nI,0.28711297797323754
1261,13.0,13.0,0.0,13.0,e4,Ph-PhenCar-Phos,nB,0.004535315989053302
1262,13.0,14.0,0.0,14.0,e2,PPh2Me,nC,0.6126561714426878
1263,13.0,15.0,0.0,15.0,e4,PPhtBu2,nC,0.0
1264,13.0,16.0,0.0,16.0,e2,tBPh-CPhos,nA,0.8502272930334943
1265,13.0,17.0,0.0,17.0,e10,PPhMe2,nE,0.1008193657573415
1266,13.0,18.0,0.0,18.0,e3,Cy-BippyPhos,nE,0.21120990283036814
1267,13.0,19.0,0.0,19.0,e10,PCy3 HBF4,nD,0.5416797206056861
1268,13.0,20.0,0.0,20.0,e10,CgMe-PPh,nE,0.0683436736393753
1269,13.0,21.0,0.0,21.0,e9,PPh3,nE,0.09067760339083293
1270,13.0,22.0,0.0,22.0,e1,X-Phos,nC,0.27431091804894675
1271,13.0,23.0,0.0,23.0,e1,PnBu3 HBF4,nB,0.005892158794976363
1272,13.0,24.0,0.0,24.0,e4,Cy-vBRIDP,nF,0.08710389043025306
1273,13.0,25.0,0.0,25.0,e7,tBPh-CPhos,nD,0.9555589604373731
1274,13.0,26.0,0.0,26.0,e5,JackiePhos,nA,0.7290418673450977
1275,13.0,27.0,0.0,27.0,e1,MeO-KITPHOS,nB,0.015845697854694092
1276,13.0,28.0,0.0,28.0,e9,Cy-DavePhos,nI,0.6237855110018449
1277,13.0,29.0,0.0,29.0,e4,PPh2Me,nG,0.04035626265938144
1278,13.0,30.0,0.0,30.0,e4,PCy3 HBF4,nA,0.03156483605433674
1279,13.0,31.0,0.0,31.0,e2,CX-PICy,nF,0.35525432440321075
1280,13.0,32.0,0.0,32.0,e3,tBPh-CPhos,nA,0.5729071695707448
1281,13.0,33.0,0.0,33.0,e1,P(fur)3,nC,0.13064801328706593
1282,13.0,34.0,0.0,34.0,e10,X-Phos,nF,0.9068098364152221
1283,13.0,35.0,0.0,35.0,e9,Cy-BippyPhos,nG,0.46478882021105844
1284,13.0,36.0,0.0,36.0,e3,Kwong,nG,0.6379955567259125
1285,13.0,37.0,0.0,37.0,e2,JackiePhos,nB,0.27751512392797617
1286,13.0,38.0,0.0,38.0,e9,BrettPhos,nE,0.04085862990218846
1287,13.0,39.0,0.0,39.0,e10,PPhMe2,nD,0.9998377684127633
1288,13.0,40.0,0.0,40.0,e5,PPh3,nI,0.7008002329516867
1289,13.0,41.0,0.0,41.0,e5,P(o-Anis)3,nF,0.05262122919976672
1290,13.0,42.0,0.0,42.0,e3,"P(3,5-CF3-Ph)3",nI,0.34124947817961754
1291,13.0,43.0,0.0,43.0,e5,CgMe-PPh,nF,0.4710660416220753
1292,13.0,44.0,0.0,44.0,e10,A-caPhos,nA,0.2597050084922578
1293,13.0,45.0,0.0,45.0,e7,Cy-DavePhos,nA,0.4507264804831017
1294,13.0,46.0,0.0,46.0,e10,CX-FBu,nF,0.19352259897861
1295,13.0,47.0,0.0,47.0,e4,Et-PhenCar-Phos,nI,0.02371214570587278
1296,13.0,48.0,0.0,48.0,e9,PnBu3 HBF4,nB,0.05641430852865334
1297,13.0,49.0,0.0,49.0,e4,X-Phos,nB,0.0
1298,13.0,50.0,0.0,50.0,e2,Ph-PhenCar-Phos,nD,0.16891370076688705
1299,13.0,51.0,0.0,51.0,e4,PPhtBu2,nE,0.0
1300,13.0,52.0,0.0,52.0,e4,PPhMe2,nA,0.0
1301,13.0,53.0,0.0,53.0,e5,Cy-vBRIDP,nG,0.40071151817911255
1302,13.0,54.0,0.0,54.0,e3,tBPh-CPhos,nC,0.4601786928065039
1303,13.0,55.0,0.0,55.0,e7,Kwong,nB,0.020383918157043737
1304,13.0,56.0,0.0,56.0,e2,PPh3,nF,0.46094142786882736
1305,13.0,57.0,0.0,57.0,e3,CX-PICy,nE,0.1788347445386581
1306,13.0,58.0,0.0,58.0,e10,Cy-BippyPhos,nB,0.44442545396979233
1307,13.0,59.0,0.0,59.0,e9,MeO-KITPHOS,nC,0.35851761793533216
1308,13.0,60.0,0.0,60.0,e2,PPh2Me,nA,0.027726601641446406
1309,13.0,61.0,0.0,61.0,e3,Cy-DavePhos,nC,0.37215812981068086
1310,13.0,62.0,0.0,62.0,e3,JackiePhos,nI,0.44377710899114275
1311,13.0,63.0,0.0,63.0,e1,tBPh-CPhos,nI,0.239947127680601
1312,13.0,64.0,0.0,64.0,e5,PCy3 HBF4,nG,0.056653910463520696
1313,13.0,65.0,0.0,65.0,e4,CgMe-PPh,nI,0.07791399926072878
1314,13.0,66.0,0.0,66.0,e7,Cy-vBRIDP,nD,0.5488733534623731
1315,13.0,67.0,0.0,67.0,e9,"P(3,5-CF3-Ph)3",nG,0.3475054757161358
1316,13.0,68.0,0.0,68.0,e5,P(fur)3,nE,0.1658371632512746
1317,13.0,69.0,0.0,69.0,e7,PPh3,nB,0.20864817755410225
1318,13.0,70.0,0.0,70.0,e3,A-caPhos,nD,0.6490888057244365
1319,13.0,71.0,0.0,71.0,e2,X-Phos,nE,0.05720851394385538
1320,13.0,72.0,0.0,72.0,e9,JackiePhos,nF,0.9465936072978836
1321,13.0,73.0,0.0,73.0,e9,CX-FBu,nF,0.005339162336147423
1322,13.0,74.0,0.0,74.0,e3,Cy-BippyPhos,nB,0.2278488766711775
1323,13.0,75.0,0.0,75.0,e7,Cy-DavePhos,nC,0.43870094090204687
1324,13.0,76.0,0.0,76.0,e1,PPhMe2,nF,0.0
1325,13.0,77.0,0.0,77.0,e1,JackiePhos,nC,0.10916790305363006
1326,13.0,78.0,0.0,78.0,e1,tBPh-CPhos,nC,0.20431204836192307
1327,13.0,79.0,0.0,79.0,e9,Cy-vBRIDP,nB,0.1653784441959319
1328,13.0,80.0,0.0,80.0,e9,Ph-PhenCar-Phos,nF,0.6256618485697769
1329,13.0,81.0,0.0,81.0,e7,MeO-KITPHOS,nG,0.11322968814633767
1330,13.0,82.0,0.0,82.0,e10,BrettPhos,nI,0.1572445220332629
1331,13.0,83.0,0.0,83.0,e5,P(o-Anis)3,nE,0.08503037414620321
1332,13.0,84.0,0.0,84.0,e3,A-caPhos,nI,0.251402716237195
1333,13.0,85.0,0.0,85.0,e1,PnBu3 HBF4,nE,0.0
1334,13.0,86.0,0.0,86.0,e4,CX-PICy,nC,0.6506137028615483
1335,13.0,87.0,0.0,87.0,e1,Kwong,nB,0.06453691607178057
1336,13.0,88.0,0.0,88.0,e5,Et-PhenCar-Phos,nE,0.1555337724688785
1337,13.0,89.0,0.0,89.0,e10,Ph-PhenCar-Phos,nG,0.0
1338,13.0,90.0,0.0,90.0,e5,PPhtBu2,nA,0.6662908668048635
1339,13.0,91.0,0.0,91.0,e4,"P(3,5-CF3-Ph)3",nB,0.027212247580631236
1340,13.0,92.0,0.0,92.0,e4,Cy-DavePhos,nD,0.03141453777755875
1341,13.0,93.0,0.0,93.0,e10,PPh2Me,nD,1.0
1342,13.0,94.0,0.0,94.0,e10,PPh2Me,nC,0.7635702486574847
1343,13.0,95.0,0.0,95.0,e5,PPh2Me,nF,0.0
1344,14.0,0.0,0.0,0.0,e4,A-caPhos,nB,0.0
1345,14.0,1.0,0.0,1.0,e4,BrettPhos,nD,0.0055714565905122075
1346,14.0,2.0,0.0,2.0,e7,CX-FBu,nA,0.026781225321877523
1347,14.0,3.0,0.0,3.0,e9,CX-PICy,nA,0.22214179192108488
1348,14.0,4.0,0.0,4.0,e2,Cy-DavePhos,nA,0.890605834039087
1349,14.0,5.0,0.0,5.0,e10,Cy-vBRIDP,nB,0.4380455887344343
1350,14.0,6.0,0.0,6.0,e1,Kwong,nA,0.11345641456119931
1351,14.0,7.0,0.0,7.0,e5,MeO-KITPHOS,nG,0.5037716636607265
1352,14.0,8.0,0.0,8.0,e4,P(o-Anis)3,nA,0.011826348840518159
1353,14.0,9.0,0.0,9.0,e3,Et-PhenCar-Phos,nD,0.6274812834141975
1354,14.0,10.0,0.0,10.0,e2,JackiePhos,nG,0.226362632584802
1355,14.0,11.0,0.0,11.0,e5,"P(3,5-CF3-Ph)3",nF,0.7449177693369221
1356,14.0,12.0,0.0,12.0,e5,P(fur)3,nB,0.1834224346309997
1357,14.0,13.0,0.0,13.0,e5,Ph-PhenCar-Phos,nB,0.007649551127788808
1358,14.0,14.0,0.0,14.0,e7,PPh2Me,nD,0.1229873725585538
1359,14.0,15.0,0.0,15.0,e7,PPhtBu2,nA,0.22643925135847556
1360,14.0,16.0,0.0,16.0,e2,tBPh-CPhos,nA,0.8502272930334943
1361,14.0,17.0,0.0,17.0,e7,PPhMe2,nF,0.0
1362,14.0,18.0,0.0,18.0,e4,Cy-BippyPhos,nC,0.45425693534735095
1363,14.0,19.0,0.0,19.0,e7,PCy3 HBF4,nI,0.1338582855355113
1364,14.0,20.0,0.0,20.0,e3,CgMe-PPh,nG,0.693870840573733
1365,14.0,21.0,0.0,21.0,e2,PPh3,nE,0.08087648972572638
1366,14.0,22.0,0.0,22.0,e3,X-Phos,nE,0.1548016728315108
1367,14.0,23.0,0.0,23.0,e3,PnBu3 HBF4,nB,0.061021062497356005
1368,14.0,24.0,0.0,24.0,e5,Cy-DavePhos,nA,0.7763833572037856
1369,14.0,25.0,0.0,25.0,e3,tBPh-CPhos,nI,0.40203943367844525
1370,14.0,26.0,0.0,26.0,e2,"P(3,5-CF3-Ph)3",nI,0.7101552221676866
1371,14.0,27.0,0.0,27.0,e2,CgMe-PPh,nI,0.7692361366046242
1372,14.0,28.0,0.0,28.0,e5,Et-PhenCar-Phos,nA,0.7577678491226976
1373,14.0,29.0,0.0,29.0,e1,MeO-KITPHOS,nA,0.198940849951651
1374,14.0,30.0,0.0,30.0,e3,Cy-BippyPhos,nB,0.2278488766711775
1375,14.0,31.0,0.0,31.0,e2,Cy-vBRIDP,nA,0.9280139562522538
1376,14.0,32.0,0.0,32.0,e4,Cy-DavePhos,nD,0.03141453777755875
1377,14.0,33.0,0.0,33.0,e4,PPhtBu2,nE,0.0
1378,14.0,34.0,0.0,34.0,e3,JackiePhos,nA,0.49532594634296395
1379,14.0,35.0,0.0,35.0,e5,CX-PICy,nE,0.19791536280621153
1380,14.0,36.0,0.0,36.0,e9,P(fur)3,nB,0.1017982533025562
1381,14.0,37.0,0.0,37.0,e1,X-Phos,nI,0.05873515318530329
1382,14.0,38.0,0.0,38.0,e3,CgMe-PPh,nC,0.5573433814229866
1383,14.0,39.0,0.0,39.0,e3,"P(3,5-CF3-Ph)3",nD,0.5723115602287895
1384,14.0,40.0,0.0,40.0,e7,PCy3 HBF4,nC,0.4444113627763342
1385,14.0,41.0,0.0,41.0,e5,PPh2Me,nD,0.8364467095225078
1386,14.0,42.0,0.0,42.0,e2,Kwong,nF,0.7262280592039937
1387,14.0,43.0,0.0,43.0,e2,Et-PhenCar-Phos,nA,0.9619512654546682
1388,14.0,44.0,0.0,44.0,e9,Cy-vBRIDP,nC,0.3462977628869725
1389,14.0,45.0,0.0,45.0,e2,PPh3,nC,0.7202319507090823
1390,14.0,46.0,0.0,46.0,e4,PnBu3 HBF4,nE,0.0
1391,14.0,47.0,0.0,47.0,e5,tBPh-CPhos,nI,0.8432755599410124
1392,14.0,48.0,0.0,48.0,e4,CX-FBu,nI,0.026545433452423287
1393,14.0,49.0,0.0,49.0,e3,P(o-Anis)3,nA,0.1800745926353478
1394,14.0,50.0,0.0,50.0,e4,Ph-PhenCar-Phos,nD,0.0
1395,14.0,51.0,0.0,51.0,e7,BrettPhos,nA,0.0124654631537221
1396,14.0,52.0,0.0,52.0,e1,A-caPhos,nD,0.0
1397,14.0,53.0,0.0,53.0,e7,PPhMe2,nE,0.04656087399550363
1398,14.0,54.0,0.0,54.0,e5,Et-PhenCar-Phos,nF,0.9721268742833418
1399,14.0,55.0,0.0,55.0,e7,PPh2Me,nF,0.03319774188221985
1400,14.0,56.0,0.0,56.0,e10,tBPh-CPhos,nC,0.7154205799800839
1401,14.0,57.0,0.0,57.0,e1,Kwong,nF,0.04076651100940088
1402,14.0,58.0,0.0,58.0,e2,"P(3,5-CF3-Ph)3",nG,0.292311804161314
1403,14.0,59.0,0.0,59.0,e9,Et-PhenCar-Phos,nG,0.46505962614221114
1404,14.0,60.0,0.0,60.0,e7,CgMe-PPh,nG,0.20467687014770913
1405,14.0,61.0,0.0,61.0,e10,PPh3,nB,0.027379747986006113
1406,14.0,62.0,0.0,62.0,e3,JackiePhos,nB,0.1608694107669877
1407,14.0,63.0,0.0,63.0,e3,MeO-KITPHOS,nB,0.16832752828316924
1408,14.0,64.0,0.0,64.0,e9,Cy-BippyPhos,nG,0.46478882021105844
1409,14.0,65.0,0.0,65.0,e4,Cy-vBRIDP,nF,0.08710389043025306
1410,14.0,66.0,0.0,66.0,e9,Cy-DavePhos,nF,0.869939977523386
1411,14.0,67.0,0.0,67.0,e2,PCy3 HBF4,nD,0.7652714503735659
1412,14.0,68.0,0.0,68.0,e7,tBPh-CPhos,nE,0.0
1413,14.0,69.0,0.0,69.0,e1,Et-PhenCar-Phos,nD,0.07952442668374339
1414,14.0,70.0,0.0,70.0,e3,Cy-DavePhos,nB,0.16485335147347094
1415,14.0,71.0,0.0,71.0,e10,CX-PICy,nF,0.8753267029656862
1416,14.0,72.0,0.0,72.0,e7,PCy3 HBF4,nA,0.25607908411044755
1417,14.0,73.0,0.0,73.0,e5,CX-PICy,nI,0.7387768863355436
1418,14.0,74.0,0.0,74.0,e4,"P(3,5-CF3-Ph)3",nF,0.12460832905550522
1419,14.0,75.0,0.0,75.0,e3,P(fur)3,nB,0.048815786923134194
1420,14.0,76.0,0.0,76.0,e4,CgMe-PPh,nE,0.0309977877786149
1421,14.0,77.0,0.0,77.0,e9,Cy-BippyPhos,nA,0.5551684100530536
1422,14.0,78.0,0.0,78.0,e3,PPhtBu2,nB,0.11748362565060226
1423,14.0,79.0,0.0,79.0,e1,X-Phos,nF,0.0977093065996311
1424,14.0,80.0,0.0,80.0,e7,P(o-Anis)3,nD,0.20661863979261372
1425,14.0,81.0,0.0,81.0,e7,CX-PICy,nE,0.02553348260378032
1426,14.0,82.0,0.0,82.0,e1,PPh2Me,nA,0.02658164171473438
1427,14.0,83.0,0.0,83.0,e7,Et-PhenCar-Phos,nE,0.05718031328307803
1428,14.0,84.0,0.0,84.0,e9,tBPh-CPhos,nI,0.8988852901963119
1429,14.0,85.0,0.0,85.0,e10,Cy-vBRIDP,nD,0.9843096018311139
1430,14.0,86.0,0.0,86.0,e2,Cy-vBRIDP,nD,0.9350385282324228
1431,14.0,87.0,0.0,87.0,e3,JackiePhos,nG,0.6578858211575712
1432,14.0,88.0,0.0,88.0,e9,Kwong,nI,0.4493156931018429
1433,14.0,89.0,0.0,89.0,e10,MeO-KITPHOS,nI,0.8474236030258523
1434,14.0,90.0,0.0,90.0,e1,PnBu3 HBF4,nG,0.02038973512534908
1435,14.0,91.0,0.0,91.0,e1,Cy-DavePhos,nE,0.04088521449674735
1436,14.0,92.0,0.0,92.0,e2,CX-FBu,nB,0.0
1437,14.0,93.0,0.0,93.0,e10,PPhMe2,nE,0.1008193657573415
1438,14.0,94.0,0.0,94.0,e5,Cy-vBRIDP,nC,0.6808973298430087
1439,14.0,95.0,0.0,95.0,e5,tBPh-CPhos,nD,0.8244748174600138
1440,15.0,0.0,0.0,0.0,e4,A-caPhos,nC,0.22300559618283194
1441,15.0,1.0,0.0,1.0,e3,BrettPhos,nA,0.051040990235073004
1442,15.0,2.0,0.0,2.0,e5,CX-FBu,nA,0.036929391233255865
1443,15.0,3.0,0.0,3.0,e10,CX-PICy,nF,0.8753267029656862
1444,15.0,4.0,0.0,4.0,e3,Cy-DavePhos,nE,0.1655425072853271
1445,15.0,5.0,0.0,5.0,e5,Cy-vBRIDP,nD,0.7161030534920702
1446,15.0,6.0,0.0,6.0,e7,Kwong,nD,0.7352375479541646
1447,15.0,7.0,0.0,7.0,e3,MeO-KITPHOS,nE,0.10167919655151128
1448,15.0,8.0,0.0,8.0,e9,P(o-Anis)3,nG,0.16952591679227183
1449,15.0,9.0,0.0,9.0,e4,Et-PhenCar-Phos,nG,0.0029966288441688137
1450,15.0,10.0,0.0,10.0,e5,JackiePhos,nA,0.7290418673450977
1451,15.0,11.0,0.0,11.0,e10,"P(3,5-CF3-Ph)3",nE,0.08377153804882367
1452,15.0,12.0,0.0,12.0,e1,P(fur)3,nG,0.026494931502405453
1453,15.0,13.0,0.0,13.0,e3,Ph-PhenCar-Phos,nC,0.4884283173094792
1454,15.0,14.0,0.0,14.0,e7,PPh2Me,nI,0.05866681747449082
1455,15.0,15.0,0.0,15.0,e1,PPhtBu2,nI,0.0
1456,15.0,16.0,0.0,16.0,e5,tBPh-CPhos,nF,0.021215482774025726
1457,15.0,17.0,0.0,17.0,e2,PPhMe2,nA,0.9184295688785155
1458,15.0,18.0,0.0,18.0,e3,Cy-BippyPhos,nC,0.4701158020102052
1459,15.0,19.0,0.0,19.0,e2,PCy3 HBF4,nA,0.001570789934535926
1460,15.0,20.0,0.0,20.0,e7,CgMe-PPh,nE,0.023295783669163114
1461,15.0,21.0,0.0,21.0,e1,PPh3,nF,0.033638963742203404
1462,15.0,22.0,0.0,22.0,e9,X-Phos,nA,0.4653132921969271
1463,15.0,23.0,0.0,23.0,e9,PnBu3 HBF4,nB,0.05641430852865334
1464,15.0,24.0,0.0,24.0,e9,PPhMe2,nI,0.047646357359235086
1465,15.0,25.0,0.0,25.0,e1,CX-PICy,nE,0.08929455529222792
1466,15.0,26.0,0.0,26.0,e7,Kwong,nE,0.004040419088719778
1467,15.0,27.0,0.0,27.0,e2,JackiePhos,nA,0.9033456818168843
1468,15.0,28.0,0.0,28.0,e7,Cy-vBRIDP,nB,0.18834091750393028
1469,15.0,29.0,0.0,29.0,e5,Ph-PhenCar-Phos,nD,0.05973892971813824
1470,15.0,30.0,0.0,30.0,e4,Cy-BippyPhos,nA,0.014200695922544622
1471,15.0,31.0,0.0,31.0,e4,X-Phos,nE,0.0
1472,15.0,32.0,0.0,32.0,e1,JackiePhos,nF,0.21427092007990234
1473,15.0,33.0,0.0,33.0,e7,A-caPhos,nD,0.45969276976080437
1474,15.0,34.0,0.0,34.0,e7,P(o-Anis)3,nD,0.20661863979261372
1475,15.0,35.0,0.0,35.0,e10,Cy-DavePhos,nI,0.7834423636635293
1476,15.0,36.0,0.0,36.0,e4,MeO-KITPHOS,nA,0.009388644305479189
1477,15.0,37.0,0.0,37.0,e1,"P(3,5-CF3-Ph)3",nA,0.1017122012266687
1478,15.0,38.0,0.0,38.0,e10,PPh2Me,nG,0.05238083217686043
1479,15.0,39.0,0.0,39.0,e4,PnBu3 HBF4,nC,0.0
1480,15.0,40.0,0.0,40.0,e1,BrettPhos,nF,0.02959502704843433
1481,15.0,41.0,0.0,41.0,e9,CX-FBu,nI,0.03414362913763253
1482,15.0,42.0,0.0,42.0,e1,PPh3,nE,0.00995882546000144
1483,15.0,43.0,0.0,43.0,e5,P(fur)3,nA,0.7422450479697658
1484,15.0,44.0,0.0,44.0,e4,CgMe-PPh,nB,0.010586928381835779
1485,15.0,45.0,0.0,45.0,e2,tBPh-CPhos,nB,0.3113430630612205
1486,15.0,46.0,0.0,46.0,e7,Et-PhenCar-Phos,nF,0.8005855615874519
1487,15.0,47.0,0.0,47.0,e2,PCy3 HBF4,nE,0.0
1488,15.0,48.0,0.0,48.0,e5,PPhtBu2,nA,0.6662908668048635
1489,15.0,49.0,0.0,49.0,e10,PPhMe2,nA,0.6773210798547121
1490,15.0,50.0,0.0,50.0,e9,CX-PICy,nG,0.3105609528066332
1491,15.0,51.0,0.0,51.0,e1,Cy-DavePhos,nC,0.07922994530801464
1492,15.0,52.0,0.0,52.0,e9,Cy-vBRIDP,nF,0.6967928130282119
1493,15.0,53.0,0.0,53.0,e9,Et-PhenCar-Phos,nF,0.7233050105292524
1494,15.0,54.0,0.0,54.0,e9,P(fur)3,nF,0.14474013927612028
1495,15.0,55.0,0.0,55.0,e1,Kwong,nC,0.006793877228623898
1496,15.0,56.0,0.0,56.0,e4,JackiePhos,nC,0.28682741874775813
1497,15.0,57.0,0.0,57.0,e10,A-caPhos,nG,0.030747624704373516
1498,15.0,58.0,0.0,58.0,e5,PPhtBu2,nE,0.26560222932504995
1499,15.0,59.0,0.0,59.0,e7,PPhMe2,nA,0.24213550852685992
1500,15.0,60.0,0.0,60.0,e1,Cy-vBRIDP,nA,0.2888460681891715
1501,15.0,61.0,0.0,61.0,e4,Ph-PhenCar-Phos,nI,0.03672891692050217
1502,15.0,62.0,0.0,62.0,e9,Et-PhenCar-Phos,nB,0.15268768262180096
1503,15.0,63.0,0.0,63.0,e9,Cy-BippyPhos,nB,0.19614551978344988
1504,15.0,64.0,0.0,64.0,e9,X-Phos,nB,0.1353117060763067
1505,15.0,65.0,0.0,65.0,e7,P(o-Anis)3,nF,0.166780622805447
1506,15.0,66.0,0.0,66.0,e10,tBPh-CPhos,nA,0.738775541606104
1507,15.0,67.0,0.0,67.0,e9,CX-PICy,nB,0.017548782295091724
1508,15.0,68.0,0.0,68.0,e10,JackiePhos,nC,0.7413507792095948
1509,15.0,69.0,0.0,69.0,e9,tBPh-CPhos,nI,0.8988852901963119
1510,15.0,70.0,0.0,70.0,e9,"P(3,5-CF3-Ph)3",nC,0.26228444595483447
1511,15.0,71.0,0.0,71.0,e10,Cy-DavePhos,nB,0.3746301004551704
1512,15.0,72.0,0.0,72.0,e4,tBPh-CPhos,nG,0.04357628217462166
1513,15.0,73.0,0.0,73.0,e5,Cy-vBRIDP,nE,0.15014188546666088
1514,15.0,74.0,0.0,74.0,e10,PPhMe2,nB,0.36471787230730734
1515,15.0,75.0,0.0,75.0,e10,MeO-KITPHOS,nA,0.5040049303765105
1516,15.0,76.0,0.0,76.0,e4,PPh2Me,nI,0.011948259243086866
1517,15.0,77.0,0.0,77.0,e7,JackiePhos,nF,0.01228824735837601
1518,15.0,78.0,0.0,78.0,e4,PPhtBu2,nG,0.010529758099421742
1519,15.0,79.0,0.0,79.0,e7,P(fur)3,nG,0.09582881459800867
1520,15.0,80.0,0.0,80.0,e10,BrettPhos,nD,0.9370714187232184
1521,15.0,81.0,0.0,81.0,e9,BrettPhos,nB,0.015005675905422431
1522,15.0,82.0,0.0,82.0,e4,CX-FBu,nB,0.003611186330700581
1523,15.0,83.0,0.0,83.0,e5,PnBu3 HBF4,nB,0.017097729724094155
1524,15.0,84.0,0.0,84.0,e2,PPh3,nI,0.5983316480220364
1525,15.0,85.0,0.0,85.0,e5,CgMe-PPh,nE,0.0
1526,15.0,86.0,0.0,86.0,e3,Et-PhenCar-Phos,nC,0.528155852189567
1527,15.0,87.0,0.0,87.0,e9,PCy3 HBF4,nI,0.5233205929895026
1528,15.0,88.0,0.0,88.0,e2,Kwong,nI,0.5869140300450231
1529,15.0,89.0,0.0,89.0,e4,A-caPhos,nD,0.005914580833647114
1530,15.0,90.0,0.0,90.0,e1,Cy-BippyPhos,nA,0.6371489847313551
1531,15.0,91.0,0.0,91.0,e3,PPh3,nC,0.5766867841866626
1532,15.0,92.0,0.0,92.0,e5,MeO-KITPHOS,nG,0.5037716636607265
1533,15.0,93.0,0.0,93.0,e7,X-Phos,nI,0.10875787618113172
1534,15.0,94.0,0.0,94.0,e10,Cy-DavePhos,nE,0.14634029717947056
1535,15.0,95.0,0.0,95.0,e3,Ph-PhenCar-Phos,nF,0.5701705660870041
1536,16.0,0.0,0.0,0.0,e7,A-caPhos,nA,0.22387111117310493
1537,16.0,1.0,0.0,1.0,e9,BrettPhos,nC,0.1761979943768592
1538,16.0,2.0,0.0,2.0,e4,CX-FBu,nE,0.0
1539,16.0,3.0,0.0,3.0,e5,CX-PICy,nG,0.35909736921031543
1540,16.0,4.0,0.0,4.0,e1,Cy-DavePhos,nB,0.14325304895448931
1541,16.0,5.0,0.0,5.0,e5,Cy-vBRIDP,nG,0.40071151817911255
1542,16.0,6.0,0.0,6.0,e3,Kwong,nF,0.751341990836228
1543,16.0,7.0,0.0,7.0,e10,MeO-KITPHOS,nB,0.3900451840459689
1544,16.0,8.0,0.0,8.0,e1,P(o-Anis)3,nC,0.2646743135782516
1545,16.0,9.0,0.0,9.0,e5,Et-PhenCar-Phos,nD,0.7835996088615103
1546,16.0,10.0,0.0,10.0,e7,JackiePhos,nF,0.01228824735837601
1547,16.0,11.0,0.0,11.0,e5,"P(3,5-CF3-Ph)3",nE,0.16245071334673533
1548,16.0,12.0,0.0,12.0,e4,P(fur)3,nC,0.5121985356201784
1549,16.0,13.0,0.0,13.0,e7,Ph-PhenCar-Phos,nE,0.014969722878949149
1550,16.0,14.0,0.0,14.0,e10,PPh2Me,nD,1.0
1551,16.0,15.0,0.0,15.0,e9,PPhtBu2,nI,0.6362211015918549
1552,16.0,16.0,0.0,16.0,e9,tBPh-CPhos,nC,0.363549380851319
1553,16.0,17.0,0.0,17.0,e4,PPhMe2,nF,0.05675807339476563
1554,16.0,18.0,0.0,18.0,e10,Cy-BippyPhos,nF,0.9551634913355087
1555,16.0,19.0,0.0,19.0,e5,PCy3 HBF4,nB,0.02481060011325073
1556,16.0,20.0,0.0,20.0,e10,CgMe-PPh,nG,0.4450058594793389
1557,16.0,21.0,0.0,21.0,e9,PPh3,nG,0.4180674835896047
1558,16.0,22.0,0.0,22.0,e1,X-Phos,nF,0.0977093065996311
1559,16.0,23.0,0.0,23.0,e5,PnBu3 HBF4,nA,0.048714441027052635
1560,16.0,24.0,0.0,24.0,e7,PPh2Me,nD,0.1229873725585538
1561,16.0,25.0,0.0,25.0,e2,Cy-BippyPhos,nC,0.565819186487617
1562,16.0,26.0,0.0,26.0,e5,Et-PhenCar-Phos,nI,0.8679590234640545
1563,16.0,27.0,0.0,27.0,e5,Kwong,nF,0.007071092684467668
1564,16.0,28.0,0.0,28.0,e1,PPhtBu2,nB,0.03618479220380419
1565,16.0,29.0,0.0,29.0,e1,P(fur)3,nB,0.0419340920396758
1566,16.0,30.0,0.0,30.0,e2,CgMe-PPh,nD,0.9061905699119336
1567,16.0,31.0,0.0,31.0,e9,PPh3,nB,0.08611579146274333
1568,16.0,32.0,0.0,32.0,e7,Cy-vBRIDP,nA,0.4856539808134513
1569,16.0,33.0,0.0,33.0,e7,MeO-KITPHOS,nF,0.14909057955854127
1570,16.0,34.0,0.0,34.0,e1,tBPh-CPhos,nD,0.47671112549978
1571,16.0,35.0,0.0,35.0,e1,CX-PICy,nF,0.035498905100854815
1572,16.0,36.0,0.0,36.0,e1,P(o-Anis)3,nG,0.06451864020112658
1573,16.0,37.0,0.0,37.0,e9,Et-PhenCar-Phos,nI,0.47387538169056964
1574,16.0,38.0,0.0,38.0,e1,A-caPhos,nI,0.03722071252473063
1575,16.0,39.0,0.0,39.0,e9,BrettPhos,nI,0.032611559012961096
1576,16.0,40.0,0.0,40.0,e5,Cy-BippyPhos,nD,0.7452121533478554
1577,16.0,41.0,0.0,41.0,e1,"P(3,5-CF3-Ph)3",nG,0.0
1578,16.0,42.0,0.0,42.0,e4,Cy-DavePhos,nE,0.0
1579,16.0,43.0,0.0,43.0,e2,X-Phos,nA,0.7289375568068931
1580,16.0,44.0,0.0,44.0,e9,CgMe-PPh,nC,0.40356850702768715
1581,16.0,45.0,0.0,45.0,e5,PPhMe2,nG,0.32039585377097946
1582,16.0,46.0,0.0,46.0,e5,PnBu3 HBF4,nC,0.7038726736579902
1583,16.0,47.0,0.0,47.0,e2,PCy3 HBF4,nF,0.06006001678298359
1584,16.0,48.0,0.0,48.0,e10,Ph-PhenCar-Phos,nC,0.6466673885416775
1585,16.0,49.0,0.0,49.0,e10,JackiePhos,nD,0.9619894282107424
1586,16.0,50.0,0.0,50.0,e4,CX-FBu,nA,0.0
1587,16.0,51.0,0.0,51.0,e4,PPh2Me,nG,0.04035626265938144
1588,16.0,52.0,0.0,52.0,e7,Cy-BippyPhos,nB,0.26761082245238416
1589,16.0,53.0,0.0,53.0,e9,JackiePhos,nB,0.12673454703525938
1590,16.0,54.0,0.0,54.0,e3,Et-PhenCar-Phos,nE,0.16222416431861286
1591,16.0,55.0,0.0,55.0,e9,Cy-vBRIDP,nG,0.47307553236824745
1592,16.0,56.0,0.0,56.0,e1,tBPh-CPhos,nE,0.10531846896621012
1593,16.0,57.0,0.0,57.0,e9,X-Phos,nB,0.1353117060763067
1594,16.0,58.0,0.0,58.0,e7,Kwong,nG,0.1256424423170876
1595,16.0,59.0,0.0,59.0,e4,PnBu3 HBF4,nD,0.037089716289498115
1596,16.0,60.0,0.0,60.0,e4,PPhtBu2,nG,0.010529758099421742
1597,16.0,61.0,0.0,61.0,e9,Ph-PhenCar-Phos,nC,0.36327049578373294
1598,16.0,62.0,0.0,62.0,e5,CgMe-PPh,nE,0.0
1599,16.0,63.0,0.0,63.0,e9,P(fur)3,nA,0.001325378623256779
1600,16.0,64.0,0.0,64.0,e10,MeO-KITPHOS,nI,0.8474236030258523
1601,16.0,65.0,0.0,65.0,e3,PPh3,nG,0.5441952440189306
1602,16.0,66.0,0.0,66.0,e3,Cy-BippyPhos,nB,0.2278488766711775
1603,16.0,67.0,0.0,67.0,e9,MeO-KITPHOS,nF,0.2069173517749973
1604,16.0,68.0,0.0,68.0,e1,CX-PICy,nA,0.5817574646717254
1605,16.0,69.0,0.0,69.0,e1,Cy-vBRIDP,nG,0.040219882770202414
1606,16.0,70.0,0.0,70.0,e3,PPhMe2,nE,0.20156383963737273
1607,16.0,71.0,0.0,71.0,e3,P(o-Anis)3,nD,0.017049023134240643
1608,16.0,72.0,0.0,72.0,e7,Et-PhenCar-Phos,nG,0.27193527624521374
1609,16.0,73.0,0.0,73.0,e2,A-caPhos,nD,0.8459561333315676
1610,16.0,74.0,0.0,74.0,e4,PPh2Me,nC,0.0
1611,16.0,75.0,0.0,75.0,e7,A-caPhos,nE,0.0
1612,16.0,76.0,0.0,76.0,e10,JackiePhos,nE,0.13231340139379136
1613,16.0,77.0,0.0,77.0,e4,BrettPhos,nC,0.2081868974382628
1614,16.0,78.0,0.0,78.0,e3,PPh3,nE,0.056276657784168405
1615,16.0,79.0,0.0,79.0,e5,Ph-PhenCar-Phos,nB,0.007649551127788808
1616,16.0,80.0,0.0,80.0,e9,"P(3,5-CF3-Ph)3",nD,0.44318159981050437
1617,16.0,81.0,0.0,81.0,e5,Cy-DavePhos,nI,0.8413366058756354
1618,16.0,82.0,0.0,82.0,e10,Cy-DavePhos,nF,0.8813598639667193
1619,16.0,83.0,0.0,83.0,e4,CX-PICy,nB,0.013717757670572962
1620,16.0,84.0,0.0,84.0,e4,X-Phos,nC,0.34258955436774835
1621,16.0,85.0,0.0,85.0,e7,tBPh-CPhos,nE,0.0
1622,16.0,86.0,0.0,86.0,e5,Cy-DavePhos,nA,0.7763833572037856
1623,16.0,87.0,0.0,87.0,e3,PCy3 HBF4,nI,0.33946967608816647
1624,16.0,88.0,0.0,88.0,e9,Kwong,nF,0.6183071390945252
1625,16.0,89.0,0.0,89.0,e4,Cy-BippyPhos,nI,0.01506826698150689
1626,16.0,90.0,0.0,90.0,e9,CgMe-PPh,nF,1.0
1627,16.0,91.0,0.0,91.0,e4,CgMe-PPh,nF,0.15676724879802045
1628,16.0,92.0,0.0,92.0,e2,Cy-DavePhos,nB,0.3895783251678055
1629,16.0,93.0,0.0,93.0,e7,PnBu3 HBF4,nB,0.027547310407485818
1630,16.0,94.0,0.0,94.0,e4,CX-FBu,nF,0.0037689635802445258
1631,16.0,95.0,0.0,95.0,e7,Et-PhenCar-Phos,nE,0.05718031328307803
1632,17.0,0.0,0.0,0.0,e1,A-caPhos,nF,0.010702303143673455
1633,17.0,1.0,0.0,1.0,e7,BrettPhos,nD,0.0
1634,17.0,2.0,0.0,2.0,e9,CX-FBu,nI,0.03414362913763253
1635,17.0,3.0,0.0,3.0,e4,CX-PICy,nI,0.049131110362350565
1636,17.0,4.0,0.0,4.0,e7,Cy-DavePhos,nF,0.07212456406365218
1637,17.0,5.0,0.0,5.0,e7,Cy-vBRIDP,nC,0.6820459911323365
1638,17.0,6.0,0.0,6.0,e9,Kwong,nG,0.48310327993375796
1639,17.0,7.0,0.0,7.0,e5,MeO-KITPHOS,nG,0.5037716636607265
1640,17.0,8.0,0.0,8.0,e2,P(o-Anis)3,nC,0.2694306601099812
1641,17.0,9.0,0.0,9.0,e5,Et-PhenCar-Phos,nG,0.4088272163752651
1642,17.0,10.0,0.0,10.0,e3,JackiePhos,nD,0.6652224475203186
1643,17.0,11.0,0.0,11.0,e10,"P(3,5-CF3-Ph)3",nG,0.420516226306976
1644,17.0,12.0,0.0,12.0,e1,P(fur)3,nD,0.027849023497232013
1645,17.0,13.0,0.0,13.0,e9,Ph-PhenCar-Phos,nI,0.46896060545395385
1646,17.0,14.0,0.0,14.0,e3,PPh2Me,nC,0.4855178301327266
1647,17.0,15.0,0.0,15.0,e10,PPhtBu2,nE,0.07462037360807186
1648,17.0,16.0,0.0,16.0,e7,tBPh-CPhos,nD,0.9555589604373731
1649,17.0,17.0,0.0,17.0,e9,PPhMe2,nE,0.20376038691379747
1650,17.0,18.0,0.0,18.0,e7,Cy-BippyPhos,nB,0.26761082245238416
1651,17.0,19.0,0.0,19.0,e5,PCy3 HBF4,nG,0.056653910463520696
1652,17.0,20.0,0.0,20.0,e4,CgMe-PPh,nG,0.03040429412851897
1653,17.0,21.0,0.0,21.0,e7,PPh3,nG,0.09330503580192609
1654,17.0,22.0,0.0,22.0,e2,X-Phos,nD,0.810292693921554
1655,17.0,23.0,0.0,23.0,e4,PnBu3 HBF4,nD,0.037089716289498115
1656,17.0,24.0,0.0,24.0,e9,tBPh-CPhos,nC,0.363549380851319
1657,17.0,25.0,0.0,25.0,e7,X-Phos,nC,0.7699443054600407
1658,17.0,26.0,0.0,26.0,e1,Cy-vBRIDP,nB,0.09907844745687962
1659,17.0,27.0,0.0,27.0,e2,JackiePhos,nE,0.14951065589537862
1660,17.0,28.0,0.0,28.0,e3,MeO-KITPHOS,nD,0.4375043123935729
1661,17.0,29.0,0.0,29.0,e2,PPh2Me,nE,0.1828915699577187
1662,17.0,30.0,0.0,30.0,e2,Kwong,nE,0.15385645810893028
1663,17.0,31.0,0.0,31.0,e3,Ph-PhenCar-Phos,nE,0.000513778510005651
1664,17.0,32.0,0.0,32.0,e2,"P(3,5-CF3-Ph)3",nC,0.5485762544154528
1665,17.0,33.0,0.0,33.0,e2,Et-PhenCar-Phos,nB,0.30781579365006
1666,17.0,34.0,0.0,34.0,e1,P(o-Anis)3,nF,0.0052034376124689445
1667,17.0,35.0,0.0,35.0,e7,Cy-BippyPhos,nA,0.5454537179950174
1668,17.0,36.0,0.0,36.0,e5,X-Phos,nF,0.5612705116717954
1669,17.0,37.0,0.0,37.0,e2,PPhMe2,nD,0.9665760108651322
1670,17.0,38.0,0.0,38.0,e3,PPh3,nA,0.08557652021695743
1671,17.0,39.0,0.0,39.0,e9,PPhtBu2,nC,0.22719482142551736
1672,17.0,40.0,0.0,40.0,e2,tBPh-CPhos,nE,0.13432593614456043
1673,17.0,41.0,0.0,41.0,e10,Cy-DavePhos,nC,0.6949319682872127
1674,17.0,42.0,0.0,42.0,e9,PCy3 HBF4,nD,0.675233270214635
1675,17.0,43.0,0.0,43.0,e1,CX-PICy,nB,0.158428631262488
1676,17.0,44.0,0.0,44.0,e4,PnBu3 HBF4,nC,0.0
1677,17.0,45.0,0.0,45.0,e10,CX-FBu,nE,0.0
1678,17.0,46.0,0.0,46.0,e3,CgMe-PPh,nF,0.8647744195298661
1679,17.0,47.0,0.0,47.0,e4,P(fur)3,nB,0.04357911135254303
1680,17.0,48.0,0.0,48.0,e2,A-caPhos,nF,0.09240764466838348
1681,17.0,49.0,0.0,49.0,e5,BrettPhos,nG,0.07790157669115998
1682,17.0,50.0,0.0,50.0,e5,PPhMe2,nA,0.6471944961567562
1683,17.0,51.0,0.0,51.0,e9,"P(3,5-CF3-Ph)3",nE,0.0796317150343979
1684,17.0,52.0,0.0,52.0,e5,MeO-KITPHOS,nI,0.7966198404456795
1685,17.0,53.0,0.0,53.0,e9,X-Phos,nD,0.745297985783962
1686,17.0,54.0,0.0,54.0,e2,CgMe-PPh,nE,0.14444129012752938
1687,17.0,55.0,0.0,55.0,e2,JackiePhos,nA,0.9033456818168843
1688,17.0,56.0,0.0,56.0,e4,Cy-BippyPhos,nC,0.45425693534735095
1689,17.0,57.0,0.0,57.0,e7,Cy-vBRIDP,nA,0.4856539808134513
1690,17.0,58.0,0.0,58.0,e10,Cy-DavePhos,nA,0.6290037488957982
1691,17.0,59.0,0.0,59.0,e4,PCy3 HBF4,nD,0.07881380061232132
1692,17.0,60.0,0.0,60.0,e9,Et-PhenCar-Phos,nG,0.46505962614221114
1693,17.0,61.0,0.0,61.0,e10,PPhMe2,nD,0.9998377684127633
1694,17.0,62.0,0.0,62.0,e4,PPh2Me,nB,0.0
1695,17.0,63.0,0.0,63.0,e4,MeO-KITPHOS,nC,0.5583920453812025
1696,17.0,64.0,0.0,64.0,e10,Kwong,nE,0.10609667459949558
1697,17.0,65.0,0.0,65.0,e1,JackiePhos,nE,0.07879071157202047
1698,17.0,66.0,0.0,66.0,e10,X-Phos,nD,0.9917865678194812
1699,17.0,67.0,0.0,67.0,e3,PPhMe2,nE,0.20156383963737273
1700,17.0,68.0,0.0,68.0,e3,X-Phos,nI,0.43402238114543207
1701,17.0,69.0,0.0,69.0,e5,Ph-PhenCar-Phos,nE,0.0
1702,17.0,70.0,0.0,70.0,e3,tBPh-CPhos,nE,0.18973560206253479
1703,17.0,71.0,0.0,71.0,e3,Cy-DavePhos,nG,0.582883480820361
1704,17.0,72.0,0.0,72.0,e5,Cy-BippyPhos,nB,0.35550155976803
1705,17.0,73.0,0.0,73.0,e4,Cy-vBRIDP,nA,0.021399040085944364
1706,17.0,74.0,0.0,74.0,e2,MeO-KITPHOS,nG,0.2917340042609233
1707,17.0,75.0,0.0,75.0,e2,PPhtBu2,nE,0.2141985283033928
1708,17.0,76.0,0.0,76.0,e1,P(o-Anis)3,nE,0.0726200206341357
1709,17.0,77.0,0.0,77.0,e7,Et-PhenCar-Phos,nB,0.3099147672836797
1710,17.0,78.0,0.0,78.0,e4,X-Phos,nI,0.009934677799407795
1711,17.0,79.0,0.0,79.0,e4,CX-PICy,nD,0.04718150893102839
1712,17.0,80.0,0.0,80.0,e10,"P(3,5-CF3-Ph)3",nD,0.9480127354628836
1713,17.0,81.0,0.0,81.0,e10,PPh3,nE,0.026002383851906816
1714,17.0,82.0,0.0,82.0,e9,CgMe-PPh,nA,0.4265411652763391
1715,17.0,83.0,0.0,83.0,e4,"P(3,5-CF3-Ph)3",nI,0.07226229178364636
1716,17.0,84.0,0.0,84.0,e2,PPhMe2,nB,0.34830416803640063
1717,17.0,85.0,0.0,85.0,e2,Cy-DavePhos,nC,0.5482191793404829
1718,17.0,86.0,0.0,86.0,e2,A-caPhos,nD,0.8459561333315676
1719,17.0,87.0,0.0,87.0,e5,A-caPhos,nC,0.7479428186239185
1720,17.0,88.0,0.0,88.0,e9,BrettPhos,nI,0.032611559012961096
1721,17.0,89.0,0.0,89.0,e10,P(fur)3,nE,0.041148408288671126
1722,17.0,90.0,0.0,90.0,e3,JackiePhos,nE,0.19804717134717115
1723,17.0,91.0,0.0,91.0,e3,PnBu3 HBF4,nF,0.742670929975428
1724,17.0,92.0,0.0,92.0,e7,CX-FBu,nF,0.0
1725,17.0,93.0,0.0,93.0,e10,PCy3 HBF4,nD,0.5416797206056861
1726,17.0,94.0,0.0,94.0,e3,A-caPhos,nE,0.07288605180469757
1727,17.0,95.0,0.0,95.0,e1,PnBu3 HBF4,nA,0.033538713814707063
1728,18.0,0.0,0.0,0.0,e3,A-caPhos,nF,0.7082011417231325
1729,18.0,1.0,0.0,1.0,e2,BrettPhos,nC,0.18745960828809252
1730,18.0,2.0,0.0,2.0,e1,CX-FBu,nG,0.0
1731,18.0,3.0,0.0,3.0,e1,CX-PICy,nD,0.26178759539722174
1732,18.0,4.0,0.0,4.0,e2,Cy-DavePhos,nD,0.8600984767103315
1733,18.0,5.0,0.0,5.0,e1,Cy-vBRIDP,nA,0.2888460681891715
1734,18.0,6.0,0.0,6.0,e10,Kwong,nF,0.8938930828018169
1735,18.0,7.0,0.0,7.0,e2,MeO-KITPHOS,nC,0.5379588871410882
1736,18.0,8.0,0.0,8.0,e1,P(o-Anis)3,nI,0.05879365689573417
1737,18.0,9.0,0.0,9.0,e9,Et-PhenCar-Phos,nG,0.46505962614221114
1738,18.0,10.0,0.0,10.0,e4,JackiePhos,nG,0.011497397001572884
1739,18.0,11.0,0.0,11.0,e7,"P(3,5-CF3-Ph)3",nA,0.10610513723257087
1740,18.0,12.0,0.0,12.0,e10,P(fur)3,nD,0.986548910086449
1741,18.0,13.0,0.0,13.0,e5,Ph-PhenCar-Phos,nG,0.0
1742,18.0,14.0,0.0,14.0,e10,PPh2Me,nF,0.9442102793927251
1743,18.0,15.0,0.0,15.0,e7,PPhtBu2,nI,0.035471536543272855
1744,18.0,16.0,0.0,16.0,e2,tBPh-CPhos,nG,0.21498121859438568
1745,18.0,17.0,0.0,17.0,e10,PPhMe2,nG,0.29388406090139285
1746,18.0,18.0,0.0,18.0,e5,Cy-BippyPhos,nE,0.276087915044034
1747,18.0,19.0,0.0,19.0,e5,PCy3 HBF4,nI,0.34482654450171224
1748,18.0,20.0,0.0,20.0,e3,CgMe-PPh,nG,0.693870840573733
1749,18.0,21.0,0.0,21.0,e1,PPh3,nE,0.00995882546000144
1750,18.0,22.0,0.0,22.0,e2,X-Phos,nC,0.40642389315255095
1751,18.0,23.0,0.0,23.0,e4,PnBu3 HBF4,nB,0.021725924272589937
1752,18.0,24.0,0.0,24.0,e10,P(fur)3,nB,0.29107612738736705
1753,18.0,25.0,0.0,25.0,e10,PPh2Me,nB,0.020868406358790646
1754,18.0,26.0,0.0,26.0,e3,Kwong,nG,0.6379955567259125
1755,18.0,27.0,0.0,27.0,e10,Cy-DavePhos,nC,0.6949319682872127
1756,18.0,28.0,0.0,28.0,e2,A-caPhos,nD,0.8459561333315676
1757,18.0,29.0,0.0,29.0,e10,CgMe-PPh,nA,0.1556727410455523
1758,18.0,30.0,0.0,30.0,e7,MeO-KITPHOS,nA,0.11368563470080227
1759,18.0,31.0,0.0,31.0,e10,Et-PhenCar-Phos,nF,0.9128845279878604
1760,18.0,32.0,0.0,32.0,e7,X-Phos,nD,0.3829370574937559
1761,18.0,33.0,0.0,33.0,e7,PCy3 HBF4,nD,0.14803355669666612
1762,18.0,34.0,0.0,34.0,e3,PPhMe2,nA,0.3195986379275633
1763,18.0,35.0,0.0,35.0,e4,Cy-vBRIDP,nB,0.0
1764,18.0,36.0,0.0,36.0,e4,Cy-BippyPhos,nC,0.45425693534735095
1765,18.0,37.0,0.0,37.0,e3,CX-PICy,nG,0.45815090380182744
1766,18.0,38.0,0.0,38.0,e1,tBPh-CPhos,nF,0.2236049471858116
1767,18.0,39.0,0.0,39.0,e7,Cy-DavePhos,nD,0.7185111182227426
1768,18.0,40.0,0.0,40.0,e1,A-caPhos,nA,0.24027073531882212
1769,18.0,41.0,0.0,41.0,e7,BrettPhos,nB,0.006706537467230552
1770,18.0,42.0,0.0,42.0,e1,Kwong,nI,0.017331328917836657
1771,18.0,43.0,0.0,43.0,e9,"P(3,5-CF3-Ph)3",nB,0.06814180345199915
1772,18.0,44.0,0.0,44.0,e5,Et-PhenCar-Phos,nI,0.8679590234640545
1773,18.0,45.0,0.0,45.0,e7,P(o-Anis)3,nF,0.166780622805447
1774,18.0,46.0,0.0,46.0,e9,P(fur)3,nI,0.28711297797323754
1775,18.0,47.0,0.0,47.0,e5,PPhtBu2,nD,0.7431815841843207
1776,18.0,48.0,0.0,48.0,e5,PnBu3 HBF4,nA,0.048714441027052635
1777,18.0,49.0,0.0,49.0,e7,JackiePhos,nA,0.507068550436567
1778,18.0,50.0,0.0,50.0,e2,PPh3,nG,0.1371811438806168
1779,18.0,51.0,0.0,51.0,e2,CX-FBu,nC,0.0
1780,18.0,52.0,0.0,52.0,e4,Ph-PhenCar-Phos,nI,0.03672891692050217
1781,18.0,53.0,0.0,53.0,e9,Cy-DavePhos,nE,0.11425610500152658
1782,18.0,54.0,0.0,54.0,e3,Et-PhenCar-Phos,nE,0.16222416431861286
1783,18.0,55.0,0.0,55.0,e9,PPh2Me,nE,0.1405880999819467
1784,18.0,56.0,0.0,56.0,e4,CgMe-PPh,nE,0.0309977877786149
1785,18.0,57.0,0.0,57.0,e2,X-Phos,nE,0.05720851394385538
1786,18.0,58.0,0.0,58.0,e2,PPhtBu2,nD,0.9426908215088567
1787,18.0,59.0,0.0,59.0,e10,Cy-BippyPhos,nD,1.0
1788,18.0,60.0,0.0,60.0,e5,CX-PICy,nD,0.7367636173787823
1789,18.0,61.0,0.0,61.0,e4,A-caPhos,nD,0.005914580833647114
1790,18.0,62.0,0.0,62.0,e4,MeO-KITPHOS,nB,0.018099243207649055
1791,18.0,63.0,0.0,63.0,e1,Cy-BippyPhos,nB,0.16085798150695332
1792,18.0,64.0,0.0,64.0,e5,PPhtBu2,nA,0.6662908668048635
1793,18.0,65.0,0.0,65.0,e3,PPhMe2,nC,0.45752334695304314
1794,18.0,66.0,0.0,66.0,e5,P(fur)3,nC,0.706763204366684
1795,18.0,67.0,0.0,67.0,e2,JackiePhos,nA,0.9033456818168843
1796,18.0,68.0,0.0,68.0,e3,Kwong,nI,0.27368874204771254
1797,18.0,69.0,0.0,69.0,e10,PCy3 HBF4,nI,0.2597424074177721
1798,18.0,70.0,0.0,70.0,e7,CX-PICy,nE,0.02553348260378032
1799,18.0,71.0,0.0,71.0,e3,tBPh-CPhos,nE,0.18973560206253479
1800,18.0,72.0,0.0,72.0,e2,JackiePhos,nG,0.226362632584802
1801,18.0,73.0,0.0,73.0,e7,Et-PhenCar-Phos,nA,0.46105828561415296
1802,18.0,74.0,0.0,74.0,e1,Cy-DavePhos,nA,0.3421517795536883
1803,18.0,75.0,0.0,75.0,e4,PPhtBu2,nB,0.0
1804,18.0,76.0,0.0,76.0,e4,P(fur)3,nE,0.000437879828488327
1805,18.0,77.0,0.0,77.0,e10,Cy-vBRIDP,nE,0.10818426656909862
1806,18.0,78.0,0.0,78.0,e9,P(o-Anis)3,nD,0.27540950106892115
1807,18.0,79.0,0.0,79.0,e7,PPh2Me,nA,0.2157458754143766
1808,18.0,80.0,0.0,80.0,e4,PPhMe2,nI,0.0
1809,18.0,81.0,0.0,81.0,e3,BrettPhos,nD,0.19688586421207319
1810,18.0,82.0,0.0,82.0,e10,"P(3,5-CF3-Ph)3",nC,0.6167370746739574
1811,18.0,83.0,0.0,83.0,e1,PPh3,nI,0.04621439454240948
1812,18.0,84.0,0.0,84.0,e3,Cy-BippyPhos,nI,0.4880124029547394
1813,18.0,85.0,0.0,85.0,e5,Et-PhenCar-Phos,nF,0.9721268742833418
1814,18.0,86.0,0.0,86.0,e1,Et-PhenCar-Phos,nE,0.038240826794146296
1815,18.0,87.0,0.0,87.0,e3,Kwong,nC,0.49266490533355695
1816,18.0,88.0,0.0,88.0,e7,A-caPhos,nC,0.6204517712369704
1817,18.0,89.0,0.0,89.0,e2,PnBu3 HBF4,nI,0.3422463973419018
1818,18.0,90.0,0.0,90.0,e3,CgMe-PPh,nA,0.5833854524265055
1819,18.0,91.0,0.0,91.0,e4,Cy-DavePhos,nA,0.030639879401734644
1820,18.0,92.0,0.0,92.0,e7,X-Phos,nI,0.10875787618113172
1821,18.0,93.0,0.0,93.0,e4,Ph-PhenCar-Phos,nB,0.004535315989053302
1822,18.0,94.0,0.0,94.0,e7,"P(3,5-CF3-Ph)3",nC,0.37358571629078485
1823,18.0,95.0,0.0,95.0,e1,CX-FBu,nC,0.027604957748843088
1824,19.0,0.0,0.0,0.0,e1,A-caPhos,nI,0.03722071252473063
1825,19.0,1.0,0.0,1.0,e5,BrettPhos,nD,0.6392781029757402
1826,19.0,2.0,0.0,2.0,e10,CX-FBu,nE,0.0
1827,19.0,3.0,0.0,3.0,e1,CX-PICy,nG,0.10103394714922777
1828,19.0,4.0,0.0,4.0,e1,Cy-DavePhos,nB,0.14325304895448931
1829,19.0,5.0,0.0,5.0,e4,Cy-vBRIDP,nD,0.0814370688803937
1830,19.0,6.0,0.0,6.0,e2,Kwong,nE,0.15385645810893028
1831,19.0,7.0,0.0,7.0,e4,MeO-KITPHOS,nA,0.009388644305479189
1832,19.0,8.0,0.0,8.0,e2,P(o-Anis)3,nG,0.12131880345908684
1833,19.0,9.0,0.0,9.0,e5,Et-PhenCar-Phos,nI,0.8679590234640545
1834,19.0,10.0,0.0,10.0,e4,JackiePhos,nF,0.14143573352899122
1835,19.0,11.0,0.0,11.0,e7,"P(3,5-CF3-Ph)3",nE,0.01373661617423656
1836,19.0,12.0,0.0,12.0,e1,P(fur)3,nA,0.13903094918195189
1837,19.0,13.0,0.0,13.0,e7,Ph-PhenCar-Phos,nC,0.4720527136836855
1838,19.0,14.0,0.0,14.0,e5,PPh2Me,nD,0.8364467095225078
1839,19.0,15.0,0.0,15.0,e7,PPhtBu2,nD,0.17084686391608417
1840,19.0,16.0,0.0,16.0,e9,tBPh-CPhos,nB,0.15300473080796315
1841,19.0,17.0,0.0,17.0,e10,PPhMe2,nE,0.1008193657573415
1842,19.0,18.0,0.0,18.0,e9,Cy-BippyPhos,nC,0.4093298004131833
1843,19.0,19.0,0.0,19.0,e5,PCy3 HBF4,nF,0.0989693910252459
1844,19.0,20.0,0.0,20.0,e10,CgMe-PPh,nA,0.1556727410455523
1845,19.0,21.0,0.0,21.0,e10,PPh3,nI,0.6602505435133692
1846,19.0,22.0,0.0,22.0,e5,X-Phos,nA,0.7308372177455247
1847,19.0,23.0,0.0,23.0,e1,PnBu3 HBF4,nA,0.033538713814707063
1848,19.0,24.0,0.0,24.0,e4,Et-PhenCar-Phos,nI,0.02371214570587278
1849,19.0,25.0,0.0,25.0,e2,PPh2Me,nC,0.6126561714426878
1850,19.0,26.0,0.0,26.0,e5,X-Phos,nI,0.6595060362188809
1851,19.0,27.0,0.0,27.0,e7,PPh3,nB,0.20864817755410225
1852,19.0,28.0,0.0,28.0,e4,BrettPhos,nC,0.2081868974382628
1853,19.0,29.0,0.0,29.0,e3,Ph-PhenCar-Phos,nF,0.5701705660870041
1854,19.0,30.0,0.0,30.0,e1,Cy-BippyPhos,nE,0.08360289329221145
1855,19.0,31.0,0.0,31.0,e1,PPhtBu2,nC,0.04142482366500885
1856,19.0,32.0,0.0,32.0,e5,CgMe-PPh,nF,0.4710660416220753
1857,19.0,33.0,0.0,33.0,e1,Kwong,nF,0.04076651100940088
1858,19.0,34.0,0.0,34.0,e2,tBPh-CPhos,nD,0.9627817421488892
1859,19.0,35.0,0.0,35.0,e4,Cy-DavePhos,nI,0.09721557254928792
1860,19.0,36.0,0.0,36.0,e7,JackiePhos,nI,0.6032624128682527
1861,19.0,37.0,0.0,37.0,e1,P(fur)3,nC,0.13064801328706593
1862,19.0,38.0,0.0,38.0,e9,PPh2Me,nI,0.5231142463877392
1863,19.0,39.0,0.0,39.0,e7,P(o-Anis)3,nE,0.02835275518299585
1864,19.0,40.0,0.0,40.0,e5,X-Phos,nB,0.22803797881095858
1865,19.0,41.0,0.0,41.0,e9,CX-PICy,nB,0.017548782295091724
1866,19.0,42.0,0.0,42.0,e7,PPhMe2,nD,0.17967402718109338
1867,19.0,43.0,0.0,43.0,e3,PCy3 HBF4,nB,0.006581360557928457
1868,19.0,44.0,0.0,44.0,e1,Cy-vBRIDP,nF,0.05518931662697358
1869,19.0,45.0,0.0,45.0,e3,A-caPhos,nB,0.12487445849811245
1870,19.0,46.0,0.0,46.0,e4,PnBu3 HBF4,nB,0.021725924272589937
1871,19.0,47.0,0.0,47.0,e2,"P(3,5-CF3-Ph)3",nB,0.3077541564280736
1872,19.0,48.0,0.0,48.0,e1,MeO-KITPHOS,nB,0.015845697854694092
1873,19.0,49.0,0.0,49.0,e10,CX-FBu,nD,0.021025961968080993
1874,19.0,50.0,0.0,50.0,e3,tBPh-CPhos,nF,0.8810310712945111
1875,19.0,51.0,0.0,51.0,e1,Ph-PhenCar-Phos,nC,0.12082905001684137
1876,19.0,52.0,0.0,52.0,e9,Et-PhenCar-Phos,nC,0.3799408105497681
1877,19.0,53.0,0.0,53.0,e2,PPh3,nC,0.7202319507090823
1878,19.0,54.0,0.0,54.0,e4,BrettPhos,nD,0.0055714565905122075
1879,19.0,55.0,0.0,55.0,e7,tBPh-CPhos,nF,0.04219969859241317
1880,19.0,56.0,0.0,56.0,e1,PPh2Me,nI,0.05859619006636522
1881,19.0,57.0,0.0,57.0,e2,JackiePhos,nE,0.14951065589537862
1882,19.0,58.0,0.0,58.0,e10,CgMe-PPh,nC,0.7862446552445246
1883,19.0,59.0,0.0,59.0,e3,X-Phos,nE,0.1548016728315108
1884,19.0,60.0,0.0,60.0,e9,PPh3,nI,0.45913414385457335
1885,19.0,61.0,0.0,61.0,e3,Cy-BippyPhos,nC,0.4701158020102052
1886,19.0,62.0,0.0,62.0,e3,CgMe-PPh,nA,0.5833854524265055
1887,19.0,63.0,0.0,63.0,e5,Et-PhenCar-Phos,nG,0.4088272163752651
1888,19.0,64.0,0.0,64.0,e1,"P(3,5-CF3-Ph)3",nI,0.05907258173862887
1889,19.0,65.0,0.0,65.0,e5,PPhMe2,nD,0.7767748774157355
1890,19.0,66.0,0.0,66.0,e7,P(fur)3,nB,0.171267964584971
1891,19.0,67.0,0.0,67.0,e10,Ph-PhenCar-Phos,nA,0.4084319710624149
1892,19.0,68.0,0.0,68.0,e4,Cy-DavePhos,nG,0.04776203346339624
1893,19.0,69.0,0.0,69.0,e4,PPhtBu2,nI,0.0
1894,19.0,70.0,0.0,70.0,e10,PPh3,nF,0.9681029779274772
1895,19.0,71.0,0.0,71.0,e4,Kwong,nC,0.13664049521331256
1896,19.0,72.0,0.0,72.0,e2,tBPh-CPhos,nF,0.9180522305589233
1897,19.0,73.0,0.0,73.0,e1,PPh2Me,nA,0.02658164171473438
1898,19.0,74.0,0.0,74.0,e9,PPhMe2,nG,0.16312105796441556
1899,19.0,75.0,0.0,75.0,e2,CgMe-PPh,nC,0.6339599379342666
1900,19.0,76.0,0.0,76.0,e7,PPh3,nE,0.0
1901,19.0,77.0,0.0,77.0,e9,A-caPhos,nD,0.5903907562753792
1902,19.0,78.0,0.0,78.0,e5,P(o-Anis)3,nE,0.08503037414620321
1903,19.0,79.0,0.0,79.0,e10,tBPh-CPhos,nC,0.7154205799800839
1904,19.0,80.0,0.0,80.0,e4,Cy-vBRIDP,nG,0.011887141708792338
1905,19.0,81.0,0.0,81.0,e4,Cy-BippyPhos,nC,0.45425693534735095
1906,19.0,82.0,0.0,82.0,e3,CX-PICy,nA,0.3216556256640709
1907,19.0,83.0,0.0,83.0,e10,PCy3 HBF4,nA,0.06858302437999264
1908,19.0,84.0,0.0,84.0,e5,JackiePhos,nF,0.046842070771333566
1909,19.0,85.0,0.0,85.0,e1,X-Phos,nG,0.030496859953677565
1910,19.0,86.0,0.0,86.0,e9,PnBu3 HBF4,nG,0.39354534074743824
1911,19.0,87.0,0.0,87.0,e2,BrettPhos,nF,0.3409853317756659
1912,19.0,88.0,0.0,88.0,e4,tBPh-CPhos,nB,0.008677035710621023
1913,19.0,89.0,0.0,89.0,e5,MeO-KITPHOS,nC,0.6524320098130438
1914,19.0,90.0,0.0,90.0,e1,CX-FBu,nD,0.04874487002483518
1915,19.0,91.0,0.0,91.0,e7,CgMe-PPh,nG,0.20467687014770913
1916,19.0,92.0,0.0,92.0,e4,Et-PhenCar-Phos,nF,0.10620274724550914
1917,19.0,93.0,0.0,93.0,e4,A-caPhos,nG,0.029990371767592245
1918,19.0,94.0,0.0,94.0,e5,Ph-PhenCar-Phos,nF,0.09156197264058712
1919,19.0,95.0,0.0,95.0,e3,MeO-KITPHOS,nB,0.16832752828316924
1920,20.0,0.0,0.0,0.0,e3,A-caPhos,nC,0.44127462725198824
1921,20.0,1.0,0.0,1.0,e5,BrettPhos,nD,0.6392781029757402
1922,20.0,2.0,0.0,2.0,e9,CX-FBu,nA,0.026568437497950775
1923,20.0,3.0,0.0,3.0,e7,CX-PICy,nA,0.4849023858174712
1924,20.0,4.0,0.0,4.0,e7,Cy-DavePhos,nA,0.4507264804831017
1925,20.0,5.0,0.0,5.0,e9,Cy-vBRIDP,nD,0.702991104041341
1926,20.0,6.0,0.0,6.0,e9,Kwong,nI,0.4493156931018429
1927,20.0,7.0,0.0,7.0,e3,MeO-KITPHOS,nB,0.16832752828316924
1928,20.0,8.0,0.0,8.0,e1,P(o-Anis)3,nC,0.2646743135782516
1929,20.0,9.0,0.0,9.0,e3,Et-PhenCar-Phos,nG,0.7493850028763238
1930,20.0,10.0,0.0,10.0,e3,JackiePhos,nD,0.6652224475203186
1931,20.0,11.0,0.0,11.0,e5,"P(3,5-CF3-Ph)3",nG,0.33880240957433805
1932,20.0,12.0,0.0,12.0,e3,P(fur)3,nD,0.517468751935307
1933,20.0,13.0,0.0,13.0,e5,Ph-PhenCar-Phos,nG,0.0
1934,20.0,14.0,0.0,14.0,e10,PPh2Me,nD,1.0
1935,20.0,15.0,0.0,15.0,e7,PPhtBu2,nB,0.048302790354388385
1936,20.0,16.0,0.0,16.0,e9,tBPh-CPhos,nD,0.7798623769507976
1937,20.0,17.0,0.0,17.0,e10,PPhMe2,nD,0.9998377684127633
1938,20.0,18.0,0.0,18.0,e4,Cy-BippyPhos,nE,0.0
1939,20.0,19.0,0.0,19.0,e1,PCy3 HBF4,nG,0.011446303846680505
1940,20.0,20.0,0.0,20.0,e4,CgMe-PPh,nA,0.05836143390317885
1941,20.0,21.0,0.0,21.0,e4,PPh3,nB,0.04245983275840727
1942,20.0,22.0,0.0,22.0,e5,X-Phos,nC,0.7137664796412143
1943,20.0,23.0,0.0,23.0,e1,PnBu3 HBF4,nB,0.005892158794976363
1944,20.0,24.0,0.0,24.0,e4,PPh2Me,nD,0.017873792875666726
1945,20.0,25.0,0.0,25.0,e5,PPhMe2,nI,0.7440098607047809
1946,20.0,26.0,0.0,26.0,e7,tBPh-CPhos,nC,0.6575510344081796
1947,20.0,27.0,0.0,27.0,e1,Et-PhenCar-Phos,nA,0.5211070217161989
1948,20.0,28.0,0.0,28.0,e5,X-Phos,nA,0.7308372177455247
1949,20.0,29.0,0.0,29.0,e10,Cy-vBRIDP,nF,0.8737297326167234
1950,20.0,30.0,0.0,30.0,e5,JackiePhos,nB,0.3749398944667019
1951,20.0,31.0,0.0,31.0,e2,BrettPhos,nG,0.08281407991024353
1952,20.0,32.0,0.0,32.0,e10,P(fur)3,nE,0.041148408288671126
1953,20.0,33.0,0.0,33.0,e2,CX-PICy,nE,0.1112468268031635
1954,20.0,34.0,0.0,34.0,e10,Cy-DavePhos,nE,0.14634029717947056
1955,20.0,35.0,0.0,35.0,e5,Kwong,nF,0.007071092684467668
1956,20.0,36.0,0.0,36.0,e7,A-caPhos,nD,0.45969276976080437
1957,20.0,37.0,0.0,37.0,e5,"P(3,5-CF3-Ph)3",nB,0.24568271742359823
1958,20.0,38.0,0.0,38.0,e7,PPhMe2,nC,0.45538465088279884
1959,20.0,39.0,0.0,39.0,e5,P(o-Anis)3,nC,0.2597060555559565
1960,20.0,40.0,0.0,40.0,e4,Cy-vBRIDP,nD,0.0814370688803937
1961,20.0,41.0,0.0,41.0,e2,MeO-KITPHOS,nB,0.2471450614128532
1962,20.0,42.0,0.0,42.0,e1,X-Phos,nG,0.030496859953677565
1963,20.0,43.0,0.0,43.0,e1,tBPh-CPhos,nD,0.47671112549978
1964,20.0,44.0,0.0,44.0,e2,CgMe-PPh,nE,0.14444129012752938
1965,20.0,45.0,0.0,45.0,e1,Et-PhenCar-Phos,nC,0.13162928317129613
1966,20.0,46.0,0.0,46.0,e5,PPhtBu2,nA,0.6662908668048635
1967,20.0,47.0,0.0,47.0,e2,PPh3,nE,0.08087648972572638
1968,20.0,48.0,0.0,48.0,e1,CX-FBu,nB,0.02185844190568017
1969,20.0,49.0,0.0,49.0,e5,PCy3 HBF4,nI,0.34482654450171224
1970,20.0,50.0,0.0,50.0,e7,PnBu3 HBF4,nF,0.03709911701896136
1971,20.0,51.0,0.0,51.0,e3,Ph-PhenCar-Phos,nI,0.1932605709368885
1972,20.0,52.0,0.0,52.0,e9,Cy-BippyPhos,nG,0.46478882021105844
1973,20.0,53.0,0.0,53.0,e5,JackiePhos,nI,0.6882070592144776
1974,20.0,54.0,0.0,54.0,e7,PPh2Me,nI,0.05866681747449082
1975,20.0,55.0,0.0,55.0,e3,PPhMe2,nE,0.20156383963737273
1976,20.0,56.0,0.0,56.0,e10,A-caPhos,nA,0.2597050084922578
1977,20.0,57.0,0.0,57.0,e5,tBPh-CPhos,nE,0.21985955173112223
1978,20.0,58.0,0.0,58.0,e4,BrettPhos,nG,0.0
1979,20.0,59.0,0.0,59.0,e1,PPhtBu2,nB,0.03618479220380419
1980,20.0,60.0,0.0,60.0,e9,JackiePhos,nG,0.542757589383612
1981,20.0,61.0,0.0,61.0,e9,Cy-DavePhos,nE,0.11425610500152658
1982,20.0,62.0,0.0,62.0,e1,CX-PICy,nE,0.08929455529222792
1983,20.0,63.0,0.0,63.0,e3,Cy-vBRIDP,nA,0.6444005049983973
1984,20.0,64.0,0.0,64.0,e1,"P(3,5-CF3-Ph)3",nC,0.0
1985,20.0,65.0,0.0,65.0,e2,P(fur)3,nA,0.7855864152365213
1986,20.0,66.0,0.0,66.0,e10,P(o-Anis)3,nB,0.07857661737600978
1987,20.0,67.0,0.0,67.0,e5,Cy-BippyPhos,nA,0.7454640568896914
1988,20.0,68.0,0.0,68.0,e1,X-Phos,nF,0.0977093065996311
1989,20.0,69.0,0.0,69.0,e10,Kwong,nI,0.44837347162573915
1990,20.0,70.0,0.0,70.0,e1,Et-PhenCar-Phos,nG,0.07748698744311458
1991,20.0,71.0,0.0,71.0,e4,MeO-KITPHOS,nB,0.018099243207649055
1992,20.0,72.0,0.0,72.0,e4,P(fur)3,nF,0.07182384377127193
1993,20.0,73.0,0.0,73.0,e4,PPhMe2,nI,0.0
1994,20.0,74.0,0.0,74.0,e9,PCy3 HBF4,nG,0.4351271395358285
1995,20.0,75.0,0.0,75.0,e7,Cy-vBRIDP,nE,0.0285055968883504
1996,20.0,76.0,0.0,76.0,e2,JackiePhos,nA,0.9033456818168843
1997,20.0,77.0,0.0,77.0,e1,Cy-BippyPhos,nI,0.2211067826223972
1998,20.0,78.0,0.0,78.0,e9,A-caPhos,nG,0.4248789034782635
1999,20.0,79.0,0.0,79.0,e9,tBPh-CPhos,nE,0.2128966624664455
2000,20.0,80.0,0.0,80.0,e2,JackiePhos,nB,0.27751512392797617
2001,20.0,81.0,0.0,81.0,e10,CgMe-PPh,nG,0.4450058594793389
2002,20.0,82.0,0.0,82.0,e2,PPh2Me,nE,0.1828915699577187
2003,20.0,83.0,0.0,83.0,e9,Ph-PhenCar-Phos,nI,0.46896060545395385
2004,20.0,84.0,0.0,84.0,e10,PPh3,nF,0.9681029779274772
2005,20.0,85.0,0.0,85.0,e3,PPh3,nI,0.029763654521305326
2006,20.0,86.0,0.0,86.0,e1,Kwong,nI,0.017331328917836657
2007,20.0,87.0,0.0,87.0,e1,CX-FBu,nC,0.027604957748843088
2008,20.0,88.0,0.0,88.0,e7,PnBu3 HBF4,nA,0.19159700729969498
2009,20.0,89.0,0.0,89.0,e3,PCy3 HBF4,nD,0.6525316662080763
2010,20.0,90.0,0.0,90.0,e4,PPhtBu2,nB,0.0
2011,20.0,91.0,0.0,91.0,e2,A-caPhos,nG,0.08718212432149915
2012,20.0,92.0,0.0,92.0,e2,BrettPhos,nB,0.018712271806066737
2013,20.0,93.0,0.0,93.0,e9,X-Phos,nF,0.7946437444937127
2014,20.0,94.0,0.0,94.0,e1,JackiePhos,nE,0.07879071157202047
2015,20.0,95.0,0.0,95.0,e4,Cy-DavePhos,nE,0.0
2016,21.0,0.0,0.0,0.0,e10,A-caPhos,nG,0.030747624704373516
2017,21.0,1.0,0.0,1.0,e4,BrettPhos,nC,0.2081868974382628
2018,21.0,2.0,0.0,2.0,e9,CX-FBu,nE,0.04355822240680955
2019,21.0,3.0,0.0,3.0,e1,CX-PICy,nA,0.5817574646717254
2020,21.0,4.0,0.0,4.0,e5,Cy-DavePhos,nI,0.8413366058756354
2021,21.0,5.0,0.0,5.0,e2,Cy-vBRIDP,nG,0.27869962157058037
2022,21.0,6.0,0.0,6.0,e2,Kwong,nF,0.7262280592039937
2023,21.0,7.0,0.0,7.0,e1,MeO-KITPHOS,nF,0.01625313158601373
2024,21.0,8.0,0.0,8.0,e1,P(o-Anis)3,nI,0.05879365689573417
2025,21.0,9.0,0.0,9.0,e5,Et-PhenCar-Phos,nB,0.3409079497861161
2026,21.0,10.0,0.0,10.0,e10,JackiePhos,nG,0.19943476808224297
2027,21.0,11.0,0.0,11.0,e10,"P(3,5-CF3-Ph)3",nB,0.3248401714816362
2028,21.0,12.0,0.0,12.0,e10,P(fur)3,nA,0.6938329241091595
2029,21.0,13.0,0.0,13.0,e9,Ph-PhenCar-Phos,nD,0.6767072029805355
2030,21.0,14.0,0.0,14.0,e4,PPh2Me,nE,0.0
2031,21.0,15.0,0.0,15.0,e10,PPhtBu2,nA,0.7009303126601298
2032,21.0,16.0,0.0,16.0,e9,tBPh-CPhos,nA,0.5070576131604569
2033,21.0,17.0,0.0,17.0,e9,PPhMe2,nB,0.05685342476548213
2034,21.0,18.0,0.0,18.0,e9,Cy-BippyPhos,nE,0.1706050823301135
2035,21.0,19.0,0.0,19.0,e3,PCy3 HBF4,nE,0.06067622810866836
2036,21.0,20.0,0.0,20.0,e4,CgMe-PPh,nG,0.03040429412851897
2037,21.0,21.0,0.0,21.0,e7,PPh3,nI,0.24779538065626336
2038,21.0,22.0,0.0,22.0,e2,X-Phos,nB,0.20337122330638152
2039,21.0,23.0,0.0,23.0,e7,PnBu3 HBF4,nF,0.03709911701896136
2040,21.0,24.0,0.0,24.0,e2,Cy-DavePhos,nI,0.6644450399368388
2041,21.0,25.0,0.0,25.0,e3,Kwong,nB,0.13828352718505904
2042,21.0,26.0,0.0,26.0,e5,PPhtBu2,nA,0.6662908668048635
2043,21.0,27.0,0.0,27.0,e3,P(fur)3,nE,0.09598414323281666
2044,21.0,28.0,0.0,28.0,e4,Ph-PhenCar-Phos,nG,0.032094455374630654
2045,21.0,29.0,0.0,29.0,e7,CX-PICy,nG,0.27831617102194695
2046,21.0,30.0,0.0,30.0,e5,tBPh-CPhos,nG,0.3364545940088557
2047,21.0,31.0,0.0,31.0,e10,Et-PhenCar-Phos,nD,0.9813444766852435
2048,21.0,32.0,0.0,32.0,e1,"P(3,5-CF3-Ph)3",nG,0.0
2049,21.0,33.0,0.0,33.0,e2,Cy-vBRIDP,nC,0.591401678089823
2050,21.0,34.0,0.0,34.0,e2,PPh3,nI,0.5983316480220364
2051,21.0,35.0,0.0,35.0,e7,BrettPhos,nB,0.006706537467230552
2052,21.0,36.0,0.0,36.0,e1,X-Phos,nD,0.11103234490926704
2053,21.0,37.0,0.0,37.0,e3,JackiePhos,nA,0.49532594634296395
2054,21.0,38.0,0.0,38.0,e2,Cy-BippyPhos,nG,0.21398062661899547
2055,21.0,39.0,0.0,39.0,e9,Cy-DavePhos,nI,0.6237855110018449
2056,21.0,40.0,0.0,40.0,e7,PPhtBu2,nE,0.004287376405646932
2057,21.0,41.0,0.0,41.0,e10,Et-PhenCar-Phos,nG,0.4986371729738086
2058,21.0,42.0,0.0,42.0,e9,PCy3 HBF4,nA,0.39949447947915445
2059,21.0,43.0,0.0,43.0,e2,P(o-Anis)3,nI,0.27775277390949565
2060,21.0,44.0,0.0,44.0,e4,PPhMe2,nI,0.0
2061,21.0,45.0,0.0,45.0,e4,CX-FBu,nD,0.01181462181211995
2062,21.0,46.0,0.0,46.0,e4,PnBu3 HBF4,nF,0.07661274417725286
2063,21.0,47.0,0.0,47.0,e5,A-caPhos,nD,0.7956086691618747
2064,21.0,48.0,0.0,48.0,e4,CgMe-PPh,nI,0.07791399926072878
2065,21.0,49.0,0.0,49.0,e1,MeO-KITPHOS,nA,0.198940849951651
2066,21.0,50.0,0.0,50.0,e3,PPh2Me,nI,0.0
2067,21.0,51.0,0.0,51.0,e9,Cy-DavePhos,nB,0.10197404268440335
2068,21.0,52.0,0.0,52.0,e10,Cy-vBRIDP,nG,0.3608953345580712
2069,21.0,53.0,0.0,53.0,e3,Kwong,nE,0.12194116840481971
2070,21.0,54.0,0.0,54.0,e1,CX-PICy,nD,0.26178759539722174
2071,21.0,55.0,0.0,55.0,e4,PPh3,nA,0.08894444044781374
2072,21.0,56.0,0.0,56.0,e3,tBPh-CPhos,nI,0.40203943367844525
2073,21.0,57.0,0.0,57.0,e2,A-caPhos,nC,0.6792763491019146
2074,21.0,58.0,0.0,58.0,e9,P(fur)3,nI,0.28711297797323754
2075,21.0,59.0,0.0,59.0,e4,Ph-PhenCar-Phos,nD,0.0
2076,21.0,60.0,0.0,60.0,e2,Et-PhenCar-Phos,nF,0.516942514891109
2077,21.0,61.0,0.0,61.0,e9,JackiePhos,nC,0.3402888306071797
2078,21.0,62.0,0.0,62.0,e1,A-caPhos,nG,0.017297638901613968
2079,21.0,63.0,0.0,63.0,e5,PCy3 HBF4,nG,0.056653910463520696
2080,21.0,64.0,0.0,64.0,e5,PPhtBu2,nF,0.03204541377761061
2081,21.0,65.0,0.0,65.0,e10,Cy-BippyPhos,nC,0.6737699231822453
2082,21.0,66.0,0.0,66.0,e9,Et-PhenCar-Phos,nE,0.09970326563233488
2083,21.0,67.0,0.0,67.0,e5,P(o-Anis)3,nI,0.25524773080664775
2084,21.0,68.0,0.0,68.0,e5,"P(3,5-CF3-Ph)3",nG,0.33880240957433805
2085,21.0,69.0,0.0,69.0,e9,X-Phos,nC,0.3631647018503177
2086,21.0,70.0,0.0,70.0,e9,tBPh-CPhos,nE,0.2128966624664455
2087,21.0,71.0,0.0,71.0,e10,Cy-vBRIDP,nD,0.9843096018311139
2088,21.0,72.0,0.0,72.0,e10,Cy-DavePhos,nB,0.3746301004551704
2089,21.0,73.0,0.0,73.0,e4,Cy-vBRIDP,nG,0.011887141708792338
2090,21.0,74.0,0.0,74.0,e2,CX-PICy,nA,0.6627082272144782
2091,21.0,75.0,0.0,75.0,e3,MeO-KITPHOS,nG,0.3259921382962992
2092,21.0,76.0,0.0,76.0,e1,BrettPhos,nG,0.0081874030607583
2093,21.0,77.0,0.0,77.0,e5,P(fur)3,nG,0.4460254587435207
2094,21.0,78.0,0.0,78.0,e7,Cy-BippyPhos,nF,0.8908823040179712
2095,21.0,79.0,0.0,79.0,e1,JackiePhos,nC,0.10916790305363006
2096,21.0,80.0,0.0,80.0,e10,Cy-BippyPhos,nE,0.15176129512938982
2097,21.0,81.0,0.0,81.0,e10,Kwong,nA,0.5880136022074371
2098,21.0,82.0,0.0,82.0,e4,PnBu3 HBF4,nA,0.01706005824707267
2099,21.0,83.0,0.0,83.0,e5,CgMe-PPh,nE,0.0
2100,21.0,84.0,0.0,84.0,e9,PPh3,nF,0.6925620811975002
2101,21.0,85.0,0.0,85.0,e3,CX-PICy,nE,0.1788347445386581
2102,21.0,86.0,0.0,86.0,e9,PPhMe2,nC,0.30440801781180693
2103,21.0,87.0,0.0,87.0,e7,CX-FBu,nA,0.026781225321877523
2104,21.0,88.0,0.0,88.0,e1,Cy-DavePhos,nB,0.14325304895448931
2105,21.0,89.0,0.0,89.0,e1,PPh2Me,nE,0.04666252615313038
2106,21.0,90.0,0.0,90.0,e10,PPh3,nG,0.1393167968001149
2107,21.0,91.0,0.0,91.0,e7,Kwong,nD,0.7352375479541646
2108,21.0,92.0,0.0,92.0,e1,Ph-PhenCar-Phos,nE,0.08104361666235148
2109,21.0,93.0,0.0,93.0,e3,Et-PhenCar-Phos,nE,0.16222416431861286
2110,21.0,94.0,0.0,94.0,e7,P(fur)3,nI,0.30508908766736764
2111,21.0,95.0,0.0,95.0,e4,A-caPhos,nG,0.029990371767592245
2112,22.0,0.0,0.0,0.0,e4,A-caPhos,nE,0.0
2113,22.0,1.0,0.0,1.0,e3,BrettPhos,nI,0.03009704001424225
2114,22.0,2.0,0.0,2.0,e5,CX-FBu,nB,0.060299548757721935
2115,22.0,3.0,0.0,3.0,e9,CX-PICy,nI,0.5796467982779039
2116,22.0,4.0,0.0,4.0,e5,Cy-DavePhos,nG,0.4296099762008142
2117,22.0,5.0,0.0,5.0,e7,Cy-vBRIDP,nG,0.2559159577514194
2118,22.0,6.0,0.0,6.0,e2,Kwong,nB,0.28740360301809015
2119,22.0,7.0,0.0,7.0,e4,MeO-KITPHOS,nB,0.018099243207649055
2120,22.0,8.0,0.0,8.0,e3,P(o-Anis)3,nE,0.0347685138498739
2121,22.0,9.0,0.0,9.0,e9,Et-PhenCar-Phos,nC,0.3799408105497681
2122,22.0,10.0,0.0,10.0,e5,JackiePhos,nE,0.24549969999845586
2123,22.0,11.0,0.0,11.0,e1,"P(3,5-CF3-Ph)3",nD,0.1717712180634414
2124,22.0,12.0,0.0,12.0,e7,P(fur)3,nD,0.371885023964237
2125,22.0,13.0,0.0,13.0,e4,Ph-PhenCar-Phos,nE,0.0
2126,22.0,14.0,0.0,14.0,e1,PPh2Me,nD,0.033096066833962406
2127,22.0,15.0,0.0,15.0,e10,PPhtBu2,nI,0.8224211337896827
2128,22.0,16.0,0.0,16.0,e2,tBPh-CPhos,nC,0.6045475370510676
2129,22.0,17.0,0.0,17.0,e9,PPhMe2,nD,0.18559600333835125
2130,22.0,18.0,0.0,18.0,e2,Cy-BippyPhos,nC,0.565819186487617
2131,22.0,19.0,0.0,19.0,e10,PCy3 HBF4,nG,0.03784536673058321
2132,22.0,20.0,0.0,20.0,e7,CgMe-PPh,nB,0.11466820021189443
2133,22.0,21.0,0.0,21.0,e7,PPh3,nE,0.0
2134,22.0,22.0,0.0,22.0,e7,X-Phos,nC,0.7699443054600407
2135,22.0,23.0,0.0,23.0,e4,PnBu3 HBF4,nB,0.021725924272589937
2136,22.0,24.0,0.0,24.0,e7,PPhtBu2,nC,0.30473655831052726
2137,22.0,25.0,0.0,25.0,e4,X-Phos,nD,0.016269680027475288
2138,22.0,26.0,0.0,26.0,e2,tBPh-CPhos,nE,0.13432593614456043
2139,22.0,27.0,0.0,27.0,e10,CX-PICy,nC,0.7614827627405488
2140,22.0,28.0,0.0,28.0,e3,Cy-BippyPhos,nE,0.21120990283036814
2141,22.0,29.0,0.0,29.0,e10,Cy-DavePhos,nI,0.7834423636635293
2142,22.0,30.0,0.0,30.0,e2,Et-PhenCar-Phos,nC,0.5743678887703998
2143,22.0,31.0,0.0,31.0,e9,P(fur)3,nG,0.3593925605569053
2144,22.0,32.0,0.0,32.0,e7,Kwong,nI,0.05676228224132744
2145,22.0,33.0,0.0,33.0,e7,Cy-vBRIDP,nE,0.0285055968883504
2146,22.0,34.0,0.0,34.0,e2,JackiePhos,nI,0.6460679308159928
2147,22.0,35.0,0.0,35.0,e3,PPhMe2,nG,0.3443466389164857
2148,22.0,36.0,0.0,36.0,e2,"P(3,5-CF3-Ph)3",nB,0.3077541564280736
2149,22.0,37.0,0.0,37.0,e4,CgMe-PPh,nC,0.07729202271014396
2150,22.0,38.0,0.0,38.0,e5,CX-PICy,nI,0.7387768863355436
2151,22.0,39.0,0.0,39.0,e9,CX-FBu,nF,0.005339162336147423
2152,22.0,40.0,0.0,40.0,e10,PCy3 HBF4,nA,0.06858302437999264
2153,22.0,41.0,0.0,41.0,e2,P(o-Anis)3,nG,0.12131880345908684
2154,22.0,42.0,0.0,42.0,e4,PPh2Me,nA,0.012250195356626198
2155,22.0,43.0,0.0,43.0,e7,BrettPhos,nC,0.0
2156,22.0,44.0,0.0,44.0,e10,PnBu3 HBF4,nF,0.9491493979218607
2157,22.0,45.0,0.0,45.0,e1,Cy-DavePhos,nF,0.0
2158,22.0,46.0,0.0,46.0,e5,MeO-KITPHOS,nE,0.20090081346750718
2159,22.0,47.0,0.0,47.0,e2,A-caPhos,nG,0.08718212432149915
2160,22.0,48.0,0.0,48.0,e2,Ph-PhenCar-Phos,nB,0.0
2161,22.0,49.0,0.0,49.0,e2,PPh3,nF,0.46094142786882736
2162,22.0,50.0,0.0,50.0,e3,PPhtBu2,nE,0.13875537672279908
2163,22.0,51.0,0.0,51.0,e3,PnBu3 HBF4,nE,0.07267279002281227
2164,22.0,52.0,0.0,52.0,e5,Et-PhenCar-Phos,nC,0.7420550241578128
2165,22.0,53.0,0.0,53.0,e3,JackiePhos,nC,0.5634096118513189
2166,22.0,54.0,0.0,54.0,e5,CX-PICy,nB,0.25414471887183276
2167,22.0,55.0,0.0,55.0,e7,X-Phos,nE,0.009747915997314067
2168,22.0,56.0,0.0,56.0,e2,Cy-BippyPhos,nG,0.21398062661899547
2169,22.0,57.0,0.0,57.0,e3,tBPh-CPhos,nI,0.40203943367844525
2170,22.0,58.0,0.0,58.0,e1,P(fur)3,nI,0.0
2171,22.0,59.0,0.0,59.0,e10,Et-PhenCar-Phos,nD,0.9813444766852435
2172,22.0,60.0,0.0,60.0,e4,PPhMe2,nD,0.03789710444075946
2173,22.0,61.0,0.0,61.0,e5,Et-PhenCar-Phos,nD,0.7835996088615103
2174,22.0,62.0,0.0,62.0,e7,"P(3,5-CF3-Ph)3",nD,0.7248719169293781
2175,22.0,63.0,0.0,63.0,e7,PPh3,nC,0.8376892636395048
2176,22.0,64.0,0.0,64.0,e4,JackiePhos,nB,0.0
2177,22.0,65.0,0.0,65.0,e9,PPh3,nF,0.6925620811975002
2178,22.0,66.0,0.0,66.0,e9,Et-PhenCar-Phos,nG,0.46505962614221114
2179,22.0,67.0,0.0,67.0,e1,Kwong,nC,0.006793877228623898
2180,22.0,68.0,0.0,68.0,e2,CX-PICy,nB,0.019159777876378164
2181,22.0,69.0,0.0,69.0,e10,PPhtBu2,nB,0.3350890548052822
2182,22.0,70.0,0.0,70.0,e1,Cy-DavePhos,nD,0.0801309667245095
2183,22.0,71.0,0.0,71.0,e10,Cy-vBRIDP,nE,0.10818426656909862
2184,22.0,72.0,0.0,72.0,e5,"P(3,5-CF3-Ph)3",nF,0.7449177693369221
2185,22.0,73.0,0.0,73.0,e7,tBPh-CPhos,nD,0.9555589604373731
2186,22.0,74.0,0.0,74.0,e4,tBPh-CPhos,nF,0.13333417034980927
2187,22.0,75.0,0.0,75.0,e2,MeO-KITPHOS,nE,0.14157346928450873
2188,22.0,76.0,0.0,76.0,e3,CgMe-PPh,nE,0.13080909557688172
2189,22.0,77.0,0.0,77.0,e5,PnBu3 HBF4,nD,0.7923101429985819
2190,22.0,78.0,0.0,78.0,e1,PPh3,nE,0.00995882546000144
2191,22.0,79.0,0.0,79.0,e3,P(o-Anis)3,nG,0.21909794334000537
2192,22.0,80.0,0.0,80.0,e5,"P(3,5-CF3-Ph)3",nC,0.6576198548980737
2193,22.0,81.0,0.0,81.0,e3,Cy-BippyPhos,nG,0.6656541362855952
2194,22.0,82.0,0.0,82.0,e2,Et-PhenCar-Phos,nD,0.9214853157259724
2195,22.0,83.0,0.0,83.0,e1,PCy3 HBF4,nB,0.04339996600929039
2196,22.0,84.0,0.0,84.0,e5,PnBu3 HBF4,nI,0.39796639204159534
2197,22.0,85.0,0.0,85.0,e1,A-caPhos,nB,0.04609606229142198
2198,22.0,86.0,0.0,86.0,e9,Et-PhenCar-Phos,nA,0.4931113401041398
2199,22.0,87.0,0.0,87.0,e3,CX-FBu,nC,0.10650096099207426
2200,22.0,88.0,0.0,88.0,e7,PPh2Me,nB,0.022176359893621114
2201,22.0,89.0,0.0,89.0,e7,BrettPhos,nI,0.03364948416287573
2202,22.0,90.0,0.0,90.0,e7,X-Phos,nI,0.10875787618113172
2203,22.0,91.0,0.0,91.0,e1,"P(3,5-CF3-Ph)3",nE,0.02574746723401784
2204,22.0,92.0,0.0,92.0,e4,Ph-PhenCar-Phos,nB,0.004535315989053302
2205,22.0,93.0,0.0,93.0,e10,Cy-BippyPhos,nI,0.8194571896084138
2206,22.0,94.0,0.0,94.0,e1,PPhtBu2,nA,0.4568186881135986
2207,22.0,95.0,0.0,95.0,e3,P(fur)3,nG,0.19737875966328072
2208,23.0,0.0,0.0,0.0,e4,A-caPhos,nA,0.066015799846542
2209,23.0,1.0,0.0,1.0,e4,BrettPhos,nB,0.06659152732740367
2210,23.0,2.0,0.0,2.0,e4,CX-FBu,nC,0.0047669076631712696
2211,23.0,3.0,0.0,3.0,e4,CX-PICy,nD,0.04718150893102839
2212,23.0,4.0,0.0,4.0,e7,Cy-DavePhos,nE,0.07737987898288086
2213,23.0,5.0,0.0,5.0,e5,Cy-vBRIDP,nB,0.24691256669659825
2214,23.0,6.0,0.0,6.0,e5,Kwong,nG,0.24931580024802266
2215,23.0,7.0,0.0,7.0,e9,MeO-KITPHOS,nF,0.2069173517749973
2216,23.0,8.0,0.0,8.0,e2,P(o-Anis)3,nG,0.12131880345908684
2217,23.0,9.0,0.0,9.0,e2,Et-PhenCar-Phos,nI,0.6430834035717605
2218,23.0,10.0,0.0,10.0,e3,JackiePhos,nE,0.19804717134717115
2219,23.0,11.0,0.0,11.0,e3,"P(3,5-CF3-Ph)3",nA,0.08371816344615461
2220,23.0,12.0,0.0,12.0,e3,P(fur)3,nD,0.517468751935307
2221,23.0,13.0,0.0,13.0,e5,Ph-PhenCar-Phos,nB,0.007649551127788808
2222,23.0,14.0,0.0,14.0,e1,PPh2Me,nB,0.01727201608687613
2223,23.0,15.0,0.0,15.0,e1,PPhtBu2,nI,0.0
2224,23.0,16.0,0.0,16.0,e4,tBPh-CPhos,nC,0.29898547506383855
2225,23.0,17.0,0.0,17.0,e5,PPhMe2,nB,0.33576273461927086
2226,23.0,18.0,0.0,18.0,e4,Cy-BippyPhos,nD,0.0
2227,23.0,19.0,0.0,19.0,e10,PCy3 HBF4,nG,0.03784536673058321
2228,23.0,20.0,0.0,20.0,e2,CgMe-PPh,nF,0.42403845111744487
2229,23.0,21.0,0.0,21.0,e2,PPh3,nI,0.5983316480220364
2230,23.0,22.0,0.0,22.0,e7,X-Phos,nC,0.7699443054600407
2231,23.0,23.0,0.0,23.0,e3,PnBu3 HBF4,nF,0.742670929975428
2232,23.0,24.0,0.0,24.0,e3,X-Phos,nE,0.1548016728315108
2233,23.0,25.0,0.0,25.0,e2,PnBu3 HBF4,nC,0.6344642168342858
2234,23.0,26.0,0.0,26.0,e5,Et-PhenCar-Phos,nI,0.8679590234640545
2235,23.0,27.0,0.0,27.0,e4,PPh3,nI,0.04426360801913863
2236,23.0,28.0,0.0,28.0,e1,P(fur)3,nF,0.0
2237,23.0,29.0,0.0,29.0,e4,CgMe-PPh,nD,0.08321089559018727
2238,23.0,30.0,0.0,30.0,e7,PPhMe2,nC,0.45538465088279884
2239,23.0,31.0,0.0,31.0,e4,tBPh-CPhos,nD,0.08322824487277797
2240,23.0,32.0,0.0,32.0,e7,Kwong,nF,0.19003296934826672
2241,23.0,33.0,0.0,33.0,e10,Cy-vBRIDP,nD,0.9843096018311139
2242,23.0,34.0,0.0,34.0,e9,MeO-KITPHOS,nB,0.10548391557053341
2243,23.0,35.0,0.0,35.0,e3,JackiePhos,nF,0.779856233931088
2244,23.0,36.0,0.0,36.0,e9,Et-PhenCar-Phos,nA,0.4931113401041398
2245,23.0,37.0,0.0,37.0,e1,P(o-Anis)3,nC,0.2646743135782516
2246,23.0,38.0,0.0,38.0,e9,PnBu3 HBF4,nA,0.20389990407151987
2247,23.0,39.0,0.0,39.0,e7,"P(3,5-CF3-Ph)3",nI,0.4348939297275991
2248,23.0,40.0,0.0,40.0,e2,Cy-DavePhos,nA,0.890605834039087
2249,23.0,41.0,0.0,41.0,e3,BrettPhos,nG,0.032071845059383125
2250,23.0,42.0,0.0,42.0,e10,A-caPhos,nC,0.810246096009385
2251,23.0,43.0,0.0,43.0,e4,CX-PICy,nA,0.04719868390618946
2252,23.0,44.0,0.0,44.0,e5,PCy3 HBF4,nF,0.0989693910252459
2253,23.0,45.0,0.0,45.0,e7,Cy-vBRIDP,nF,0.47929870017773896
2254,23.0,46.0,0.0,46.0,e10,PPh2Me,nG,0.05238083217686043
2255,23.0,47.0,0.0,47.0,e2,Ph-PhenCar-Phos,nI,0.31637502685680596
2256,23.0,48.0,0.0,48.0,e2,CX-FBu,nG,0.0
2257,23.0,49.0,0.0,49.0,e9,PPhtBu2,nB,0.0744540569819119
2258,23.0,50.0,0.0,50.0,e3,Cy-BippyPhos,nA,0.7065412188883603
2259,23.0,51.0,0.0,51.0,e9,JackiePhos,nD,0.6112600941230104
2260,23.0,52.0,0.0,52.0,e2,Cy-DavePhos,nF,0.8384971848128893
2261,23.0,53.0,0.0,53.0,e1,X-Phos,nD,0.11103234490926704
2262,23.0,54.0,0.0,54.0,e9,A-caPhos,nC,0.3325995428251358
2263,23.0,55.0,0.0,55.0,e4,Et-PhenCar-Phos,nA,0.02363360610342534
2264,23.0,56.0,0.0,56.0,e7,PPhMe2,nA,0.24213550852685992
2265,23.0,57.0,0.0,57.0,e9,Cy-BippyPhos,nG,0.46478882021105844
2266,23.0,58.0,0.0,58.0,e3,Cy-DavePhos,nD,0.6446826086450984
2267,23.0,59.0,0.0,59.0,e10,PPh3,nG,0.1393167968001149
2268,23.0,60.0,0.0,60.0,e9,Cy-vBRIDP,nG,0.47307553236824745
2269,23.0,61.0,0.0,61.0,e7,JackiePhos,nF,0.01228824735837601
2270,23.0,62.0,0.0,62.0,e1,PnBu3 HBF4,nI,0.09337979085237404
2271,23.0,63.0,0.0,63.0,e1,"P(3,5-CF3-Ph)3",nF,0.0
2272,23.0,64.0,0.0,64.0,e7,P(fur)3,nD,0.371885023964237
2273,23.0,65.0,0.0,65.0,e7,CgMe-PPh,nE,0.023295783669163114
2274,23.0,66.0,0.0,66.0,e1,Kwong,nD,0.08645291673067909
2275,23.0,67.0,0.0,67.0,e10,Cy-DavePhos,nI,0.7834423636635293
2276,23.0,68.0,0.0,68.0,e2,P(o-Anis)3,nI,0.27775277390949565
2277,23.0,69.0,0.0,69.0,e3,tBPh-CPhos,nA,0.5729071695707448
2278,23.0,70.0,0.0,70.0,e4,Ph-PhenCar-Phos,nG,0.032094455374630654
2279,23.0,71.0,0.0,71.0,e7,MeO-KITPHOS,nF,0.14909057955854127
2280,23.0,72.0,0.0,72.0,e9,A-caPhos,nB,0.040633394833466153
2281,23.0,73.0,0.0,73.0,e4,Cy-vBRIDP,nI,0.08512605466614513
2282,23.0,74.0,0.0,74.0,e7,Cy-BippyPhos,nA,0.5454537179950174
2283,23.0,75.0,0.0,75.0,e1,Cy-DavePhos,nI,0.007578802183845745
2284,23.0,76.0,0.0,76.0,e3,Et-PhenCar-Phos,nD,0.6274812834141975
2285,23.0,77.0,0.0,77.0,e3,X-Phos,nD,0.6499890415739124
2286,23.0,78.0,0.0,78.0,e2,PPhMe2,nD,0.9665760108651322
2287,23.0,79.0,0.0,79.0,e7,PPhMe2,nI,0.12447799772050785
2288,23.0,80.0,0.0,80.0,e10,PCy3 HBF4,nE,0.04178712243346533
2289,23.0,81.0,0.0,81.0,e3,tBPh-CPhos,nE,0.18973560206253479
2290,23.0,82.0,0.0,82.0,e7,BrettPhos,nF,0.05748979531195996
2291,23.0,83.0,0.0,83.0,e4,CX-PICy,nC,0.6506137028615483
2292,23.0,84.0,0.0,84.0,e4,PPhtBu2,nI,0.0
2293,23.0,85.0,0.0,85.0,e4,P(fur)3,nD,0.03673341810204701
2294,23.0,86.0,0.0,86.0,e3,PPh2Me,nI,0.0
2295,23.0,87.0,0.0,87.0,e2,Cy-BippyPhos,nD,0.899766462439471
2296,23.0,88.0,0.0,88.0,e7,Et-PhenCar-Phos,nG,0.27193527624521374
2297,23.0,89.0,0.0,89.0,e5,X-Phos,nA,0.7308372177455247
2298,23.0,90.0,0.0,90.0,e7,PnBu3 HBF4,nF,0.03709911701896136
2299,23.0,91.0,0.0,91.0,e5,Cy-BippyPhos,nE,0.276087915044034
2300,23.0,92.0,0.0,92.0,e2,CX-FBu,nD,0.6240221969248974
2301,23.0,93.0,0.0,93.0,e10,PPh3,nI,0.6602505435133692
2302,23.0,94.0,0.0,94.0,e5,CX-PICy,nG,0.35909736921031543
2303,23.0,95.0,0.0,95.0,e9,JackiePhos,nI,0.7924680013442614
2304,24.0,0.0,0.0,0.0,e1,A-caPhos,nB,0.04609606229142198
2305,24.0,1.0,0.0,1.0,e3,BrettPhos,nE,0.012327416789753938
2306,24.0,2.0,0.0,2.0,e5,CX-FBu,nF,0.0
2307,24.0,3.0,0.0,3.0,e1,CX-PICy,nI,0.16332586594833928
2308,24.0,4.0,0.0,4.0,e2,Cy-DavePhos,nF,0.8384971848128893
2309,24.0,5.0,0.0,5.0,e3,Cy-vBRIDP,nF,0.7389650558356956
2310,24.0,6.0,0.0,6.0,e3,Kwong,nC,0.49266490533355695
2311,24.0,7.0,0.0,7.0,e10,MeO-KITPHOS,nB,0.3900451840459689
2312,24.0,8.0,0.0,8.0,e3,P(o-Anis)3,nB,0.08812842587343037
2313,24.0,9.0,0.0,9.0,e5,Et-PhenCar-Phos,nA,0.7577678491226976
2314,24.0,10.0,0.0,10.0,e7,JackiePhos,nE,0.0
2315,24.0,11.0,0.0,11.0,e10,"P(3,5-CF3-Ph)3",nC,0.6167370746739574
2316,24.0,12.0,0.0,12.0,e2,P(fur)3,nE,0.12109249824231177
2317,24.0,13.0,0.0,13.0,e5,Ph-PhenCar-Phos,nE,0.0
2318,24.0,14.0,0.0,14.0,e4,PPh2Me,nD,0.017873792875666726
2319,24.0,15.0,0.0,15.0,e5,PPhtBu2,nE,0.26560222932504995
2320,24.0,16.0,0.0,16.0,e1,tBPh-CPhos,nF,0.2236049471858116
2321,24.0,17.0,0.0,17.0,e4,PPhMe2,nI,0.0
2322,24.0,18.0,0.0,18.0,e4,Cy-BippyPhos,nF,0.16766741748867858
2323,24.0,19.0,0.0,19.0,e3,PCy3 HBF4,nD,0.6525316662080763
2324,24.0,20.0,0.0,20.0,e3,CgMe-PPh,nA,0.5833854524265055
2325,24.0,21.0,0.0,21.0,e9,PPh3,nA,0.4432722730662406
2326,24.0,22.0,0.0,22.0,e10,X-Phos,nG,0.26909978021938563
2327,24.0,23.0,0.0,23.0,e1,PnBu3 HBF4,nE,0.0
2328,24.0,24.0,0.0,24.0,e2,Cy-DavePhos,nI,0.6644450399368388
2329,24.0,25.0,0.0,25.0,e2,Et-PhenCar-Phos,nF,0.516942514891109
2330,24.0,26.0,0.0,26.0,e3,Cy-vBRIDP,nG,0.6350943239493974
2331,24.0,27.0,0.0,27.0,e3,PCy3 HBF4,nA,0.026603552105440537
2332,24.0,28.0,0.0,28.0,e3,"P(3,5-CF3-Ph)3",nB,0.04364158279813684
2333,24.0,29.0,0.0,29.0,e2,CgMe-PPh,nB,0.2326183566176621
2334,24.0,30.0,0.0,30.0,e4,Kwong,nI,0.0
2335,24.0,31.0,0.0,31.0,e4,PPh3,nE,0.0
2336,24.0,32.0,0.0,32.0,e5,MeO-KITPHOS,nD,0.7150014599477411
2337,24.0,33.0,0.0,33.0,e1,X-Phos,nB,0.13808085610167717
2338,24.0,34.0,0.0,34.0,e9,PPhtBu2,nC,0.22719482142551736
2339,24.0,35.0,0.0,35.0,e9,tBPh-CPhos,nB,0.15300473080796315
2340,24.0,36.0,0.0,36.0,e7,Cy-BippyPhos,nD,1.0
2341,24.0,37.0,0.0,37.0,e3,Cy-DavePhos,nI,0.3888644156671869
2342,24.0,38.0,0.0,38.0,e4,CX-PICy,nF,0.11376981015319125
2343,24.0,39.0,0.0,39.0,e4,P(fur)3,nI,0.04402143693540769
2344,24.0,40.0,0.0,40.0,e1,Cy-vBRIDP,nA,0.2888460681891715
2345,24.0,41.0,0.0,41.0,e7,P(o-Anis)3,nA,0.2039959559602517
2346,24.0,42.0,0.0,42.0,e7,Et-PhenCar-Phos,nA,0.46105828561415296
2347,24.0,43.0,0.0,43.0,e10,A-caPhos,nA,0.2597050084922578
2348,24.0,44.0,0.0,44.0,e10,PPh2Me,nG,0.05238083217686043
2349,24.0,45.0,0.0,45.0,e7,BrettPhos,nE,0.0
2350,24.0,46.0,0.0,46.0,e9,CX-FBu,nA,0.026568437497950775
2351,24.0,47.0,0.0,47.0,e10,JackiePhos,nE,0.13231340139379136
2352,24.0,48.0,0.0,48.0,e10,Ph-PhenCar-Phos,nG,0.0
2353,24.0,49.0,0.0,49.0,e5,PPhMe2,nI,0.7440098607047809
2354,24.0,50.0,0.0,50.0,e2,PnBu3 HBF4,nA,0.0
2355,24.0,51.0,0.0,51.0,e3,Cy-BippyPhos,nF,0.818115739608698
2356,24.0,52.0,0.0,52.0,e5,MeO-KITPHOS,nB,0.28637906683057796
2357,24.0,53.0,0.0,53.0,e9,CgMe-PPh,nF,1.0
2358,24.0,54.0,0.0,54.0,e9,Cy-BippyPhos,nF,0.9242970629259212
2359,24.0,55.0,0.0,55.0,e2,PPhMe2,nA,0.9184295688785155
2360,24.0,56.0,0.0,56.0,e3,Cy-DavePhos,nA,0.4587692631158191
2361,24.0,57.0,0.0,57.0,e7,CgMe-PPh,nI,0.6142759277683246
2362,24.0,58.0,0.0,58.0,e7,PCy3 HBF4,nE,0.012884298674100353
2363,24.0,59.0,0.0,59.0,e3,"P(3,5-CF3-Ph)3",nA,0.08371816344615461
2364,24.0,60.0,0.0,60.0,e10,Et-PhenCar-Phos,nB,0.46335999806419
2365,24.0,61.0,0.0,61.0,e10,Cy-BippyPhos,nE,0.15176129512938982
2366,24.0,62.0,0.0,62.0,e5,Cy-vBRIDP,nG,0.40071151817911255
2367,24.0,63.0,0.0,63.0,e9,PPhMe2,nF,0.0
2368,24.0,64.0,0.0,64.0,e3,PPhtBu2,nA,0.3650613273843325
2369,24.0,65.0,0.0,65.0,e5,Kwong,nF,0.007071092684467668
2370,24.0,66.0,0.0,66.0,e7,PPh3,nE,0.0
2371,24.0,67.0,0.0,67.0,e9,MeO-KITPHOS,nF,0.2069173517749973
2372,24.0,68.0,0.0,68.0,e10,X-Phos,nD,0.9917865678194812
2373,24.0,69.0,0.0,69.0,e4,X-Phos,nB,0.0
2374,24.0,70.0,0.0,70.0,e7,CgMe-PPh,nG,0.20467687014770913
2375,24.0,71.0,0.0,71.0,e5,tBPh-CPhos,nG,0.3364545940088557
2376,24.0,72.0,0.0,72.0,e4,Cy-DavePhos,nF,0.1085703896725537
2377,24.0,73.0,0.0,73.0,e1,A-caPhos,nD,0.0
2378,24.0,74.0,0.0,74.0,e2,P(o-Anis)3,nE,0.11073968831160971
2379,24.0,75.0,0.0,75.0,e5,CX-PICy,nE,0.19791536280621153
2380,24.0,76.0,0.0,76.0,e7,Et-PhenCar-Phos,nF,0.8005855615874519
2381,24.0,77.0,0.0,77.0,e5,Cy-vBRIDP,nC,0.6808973298430087
2382,24.0,78.0,0.0,78.0,e3,Cy-BippyPhos,nE,0.21120990283036814
2383,24.0,79.0,0.0,79.0,e4,P(fur)3,nA,0.0
2384,24.0,80.0,0.0,80.0,e5,Et-PhenCar-Phos,nF,0.9721268742833418
2385,24.0,81.0,0.0,81.0,e3,JackiePhos,nI,0.44377710899114275
2386,24.0,82.0,0.0,82.0,e9,Et-PhenCar-Phos,nI,0.47387538169056964
2387,24.0,83.0,0.0,83.0,e9,PPh2Me,nA,0.1862919698404241
2388,24.0,84.0,0.0,84.0,e9,Cy-vBRIDP,nD,0.702991104041341
2389,24.0,85.0,0.0,85.0,e5,PPhtBu2,nG,0.3392981528661412
2390,24.0,86.0,0.0,86.0,e9,CX-FBu,nF,0.005339162336147423
2391,24.0,87.0,0.0,87.0,e7,CgMe-PPh,nB,0.11466820021189443
2392,24.0,88.0,0.0,88.0,e1,BrettPhos,nE,0.0
2393,24.0,89.0,0.0,89.0,e4,PPhMe2,nE,0.0
2394,24.0,90.0,0.0,90.0,e4,Ph-PhenCar-Phos,nB,0.004535315989053302
2395,24.0,91.0,0.0,91.0,e9,PnBu3 HBF4,nD,0.3392198605455525
2396,24.0,92.0,0.0,92.0,e1,"P(3,5-CF3-Ph)3",nF,0.0
2397,24.0,93.0,0.0,93.0,e7,MeO-KITPHOS,nI,0.21783562748931537
2398,24.0,94.0,0.0,94.0,e1,tBPh-CPhos,nD,0.47671112549978
2399,24.0,95.0,0.0,95.0,e10,Cy-vBRIDP,nA,0.6642431458921436
2400,25.0,0.0,0.0,0.0,e3,A-caPhos,nB,0.12487445849811245
2401,25.0,1.0,0.0,1.0,e2,BrettPhos,nC,0.18745960828809252
2402,25.0,2.0,0.0,2.0,e9,CX-FBu,nE,0.04355822240680955
2403,25.0,3.0,0.0,3.0,e9,CX-PICy,nI,0.5796467982779039
2404,25.0,4.0,0.0,4.0,e3,Cy-DavePhos,nI,0.3888644156671869
2405,25.0,5.0,0.0,5.0,e3,Cy-vBRIDP,nD,0.6292634271358025
2406,25.0,6.0,0.0,6.0,e1,Kwong,nD,0.08645291673067909
2407,25.0,7.0,0.0,7.0,e7,MeO-KITPHOS,nA,0.11368563470080227
2408,25.0,8.0,0.0,8.0,e9,P(o-Anis)3,nI,0.23316176458179774
2409,25.0,9.0,0.0,9.0,e7,Et-PhenCar-Phos,nE,0.05718031328307803
2410,25.0,10.0,0.0,10.0,e3,JackiePhos,nG,0.6578858211575712
2411,25.0,11.0,0.0,11.0,e7,"P(3,5-CF3-Ph)3",nA,0.10610513723257087
2412,25.0,12.0,0.0,12.0,e3,P(fur)3,nE,0.09598414323281666
2413,25.0,13.0,0.0,13.0,e1,Ph-PhenCar-Phos,nD,0.0693435439672117
2414,25.0,14.0,0.0,14.0,e1,PPh2Me,nI,0.05859619006636522
2415,25.0,15.0,0.0,15.0,e3,PPhtBu2,nG,0.42214668793427734
2416,25.0,16.0,0.0,16.0,e9,tBPh-CPhos,nF,0.9724754898127265
2417,25.0,17.0,0.0,17.0,e10,PPhMe2,nI,0.5272307031167799
2418,25.0,18.0,0.0,18.0,e1,Cy-BippyPhos,nE,0.08360289329221145
2419,25.0,19.0,0.0,19.0,e9,PCy3 HBF4,nA,0.39949447947915445
2420,25.0,20.0,0.0,20.0,e5,CgMe-PPh,nI,0.8762416176625111
2421,25.0,21.0,0.0,21.0,e2,PPh3,nA,0.008904947561475468
2422,25.0,22.0,0.0,22.0,e3,X-Phos,nF,0.8295848550156448
2423,25.0,23.0,0.0,23.0,e3,PnBu3 HBF4,nB,0.061021062497356005
2424,25.0,24.0,0.0,24.0,e10,tBPh-CPhos,nG,0.1872202584239755
2425,25.0,25.0,0.0,25.0,e4,CgMe-PPh,nD,0.08321089559018727
2426,25.0,26.0,0.0,26.0,e4,X-Phos,nG,0.014305219597103146
2427,25.0,27.0,0.0,27.0,e9,JackiePhos,nG,0.542757589383612
2428,25.0,28.0,0.0,28.0,e4,Cy-vBRIDP,nD,0.0814370688803937
2429,25.0,29.0,0.0,29.0,e10,CX-PICy,nI,0.8294011628993512
2430,25.0,30.0,0.0,30.0,e2,PPhMe2,nI,0.5671887226956333
2431,25.0,31.0,0.0,31.0,e5,PPhtBu2,nG,0.3392981528661412
2432,25.0,32.0,0.0,32.0,e2,PCy3 HBF4,nD,0.7652714503735659
2433,25.0,33.0,0.0,33.0,e10,Cy-DavePhos,nB,0.3746301004551704
2434,25.0,34.0,0.0,34.0,e7,P(o-Anis)3,nG,0.04483783011499854
2435,25.0,35.0,0.0,35.0,e10,BrettPhos,nI,0.1572445220332629
2436,25.0,36.0,0.0,36.0,e3,A-caPhos,nD,0.6490888057244365
2437,25.0,37.0,0.0,37.0,e5,CX-PICy,nG,0.35909736921031543
2438,25.0,38.0,0.0,38.0,e2,MeO-KITPHOS,nE,0.14157346928450873
2439,25.0,39.0,0.0,39.0,e5,"P(3,5-CF3-Ph)3",nC,0.6576198548980737
2440,25.0,40.0,0.0,40.0,e10,P(fur)3,nI,0.900708416999593
2441,25.0,41.0,0.0,41.0,e4,Kwong,nE,0.0
2442,25.0,42.0,0.0,42.0,e2,Cy-BippyPhos,nB,0.3284195625331717
2443,25.0,43.0,0.0,43.0,e5,Ph-PhenCar-Phos,nF,0.09156197264058712
2444,25.0,44.0,0.0,44.0,e1,PnBu3 HBF4,nI,0.09337979085237404
2445,25.0,45.0,0.0,45.0,e3,PPh2Me,nB,0.018469886419135415
2446,25.0,46.0,0.0,46.0,e1,Et-PhenCar-Phos,nE,0.038240826794146296
2447,25.0,47.0,0.0,47.0,e4,CX-FBu,nI,0.026545433452423287
2448,25.0,48.0,0.0,48.0,e10,JackiePhos,nB,0.3412973722922598
2449,25.0,49.0,0.0,49.0,e4,PPh3,nF,0.23217627507948946
2450,25.0,50.0,0.0,50.0,e4,PCy3 HBF4,nI,0.08784137609541397
2451,25.0,51.0,0.0,51.0,e1,tBPh-CPhos,nI,0.239947127680601
2452,25.0,52.0,0.0,52.0,e5,PPhMe2,nI,0.7440098607047809
2453,25.0,53.0,0.0,53.0,e9,P(fur)3,nE,0.042314138706189254
2454,25.0,54.0,0.0,54.0,e5,CgMe-PPh,nE,0.0
2455,25.0,55.0,0.0,55.0,e5,X-Phos,nD,0.8408611369475726
2456,25.0,56.0,0.0,56.0,e9,A-caPhos,nG,0.4248789034782635
2457,25.0,57.0,0.0,57.0,e5,"P(3,5-CF3-Ph)3",nD,0.7269615014964179
2458,25.0,58.0,0.0,58.0,e1,Cy-DavePhos,nI,0.007578802183845745
2459,25.0,59.0,0.0,59.0,e4,PPhtBu2,nF,0.0
2460,25.0,60.0,0.0,60.0,e2,Cy-vBRIDP,nE,0.13496463293382222
2461,25.0,61.0,0.0,61.0,e2,PPhMe2,nG,0.1743874382182481
2462,25.0,62.0,0.0,62.0,e9,CX-PICy,nE,0.11110502362494325
2463,25.0,63.0,0.0,63.0,e3,X-Phos,nI,0.43402238114543207
2464,25.0,64.0,0.0,64.0,e2,JackiePhos,nF,0.547298687249777
2465,25.0,65.0,0.0,65.0,e7,"P(3,5-CF3-Ph)3",nG,0.004136174060489153
2466,25.0,66.0,0.0,66.0,e2,tBPh-CPhos,nI,0.6559331228280183
2467,25.0,67.0,0.0,67.0,e10,Cy-BippyPhos,nB,0.44442545396979233
2468,25.0,68.0,0.0,68.0,e5,BrettPhos,nD,0.6392781029757402
2469,25.0,69.0,0.0,69.0,e10,PCy3 HBF4,nI,0.2597424074177721
2470,25.0,70.0,0.0,70.0,e1,A-caPhos,nC,0.08326557611388505
2471,25.0,71.0,0.0,71.0,e1,P(o-Anis)3,nC,0.2646743135782516
2472,25.0,72.0,0.0,72.0,e9,MeO-KITPHOS,nC,0.35851761793533216
2473,25.0,73.0,0.0,73.0,e5,PPh3,nG,0.0842244348649542
2474,25.0,74.0,0.0,74.0,e3,X-Phos,nC,0.5782791539418308
2475,25.0,75.0,0.0,75.0,e2,JackiePhos,nB,0.27751512392797617
2476,25.0,76.0,0.0,76.0,e10,tBPh-CPhos,nC,0.7154205799800839
2477,25.0,77.0,0.0,77.0,e5,PPhMe2,nC,0.6973280420518365
2478,25.0,78.0,0.0,78.0,e2,P(fur)3,nA,0.7855864152365213
2479,25.0,79.0,0.0,79.0,e3,Ph-PhenCar-Phos,nB,0.02500979360624822
2480,25.0,80.0,0.0,80.0,e7,PnBu3 HBF4,nG,0.005323230430891596
2481,25.0,81.0,0.0,81.0,e5,BrettPhos,nI,0.25661642729485107
2482,25.0,82.0,0.0,82.0,e1,CgMe-PPh,nD,0.47486974841558166
2483,25.0,83.0,0.0,83.0,e2,CX-PICy,nD,0.844934148288056
2484,25.0,84.0,0.0,84.0,e5,Et-PhenCar-Phos,nG,0.4088272163752651
2485,25.0,85.0,0.0,85.0,e1,Kwong,nF,0.04076651100940088
2486,25.0,86.0,0.0,86.0,e7,P(fur)3,nI,0.30508908766736764
2487,25.0,87.0,0.0,87.0,e4,PPh2Me,nF,0.0800684130861383
2488,25.0,88.0,0.0,88.0,e1,CX-FBu,nD,0.04874487002483518
2489,25.0,89.0,0.0,89.0,e4,tBPh-CPhos,nD,0.08322824487277797
2490,25.0,90.0,0.0,90.0,e9,Cy-BippyPhos,nC,0.4093298004131833
2491,25.0,91.0,0.0,91.0,e2,CX-PICy,nA,0.6627082272144782
2492,25.0,92.0,0.0,92.0,e1,Cy-vBRIDP,nI,0.10345030861489754
2493,25.0,93.0,0.0,93.0,e9,PPhMe2,nB,0.05685342476548213
2494,25.0,94.0,0.0,94.0,e2,X-Phos,nB,0.20337122330638152
2495,25.0,95.0,0.0,95.0,e9,Cy-DavePhos,nD,0.7064770155795914
2496,26.0,0.0,0.0,0.0,e10,A-caPhos,nF,0.7955510503185635
2497,26.0,1.0,0.0,1.0,e9,BrettPhos,nI,0.032611559012961096
2498,26.0,2.0,0.0,2.0,e10,CX-FBu,nB,0.1174497941912104
2499,26.0,3.0,0.0,3.0,e7,CX-PICy,nD,1.0
2500,26.0,4.0,0.0,4.0,e2,Cy-DavePhos,nI,0.6644450399368388
2501,26.0,5.0,0.0,5.0,e3,Cy-vBRIDP,nA,0.6444005049983973
2502,26.0,6.0,0.0,6.0,e2,Kwong,nF,0.7262280592039937
2503,26.0,7.0,0.0,7.0,e10,MeO-KITPHOS,nA,0.5040049303765105
2504,26.0,8.0,0.0,8.0,e2,P(o-Anis)3,nD,0.4223619633611157
2505,26.0,9.0,0.0,9.0,e3,Et-PhenCar-Phos,nF,0.7168147526183698
2506,26.0,10.0,0.0,10.0,e3,JackiePhos,nA,0.49532594634296395
2507,26.0,11.0,0.0,11.0,e1,"P(3,5-CF3-Ph)3",nC,0.0
2508,26.0,12.0,0.0,12.0,e7,P(fur)3,nC,0.4312782068921491
2509,26.0,13.0,0.0,13.0,e9,Ph-PhenCar-Phos,nB,0.058803717942506314
2510,26.0,14.0,0.0,14.0,e3,PPh2Me,nE,0.10038963691603196
2511,26.0,15.0,0.0,15.0,e2,PPhtBu2,nE,0.2141985283033928
2512,26.0,16.0,0.0,16.0,e10,tBPh-CPhos,nD,1.0
2513,26.0,17.0,0.0,17.0,e7,PPhMe2,nD,0.17967402718109338
2514,26.0,18.0,0.0,18.0,e9,Cy-BippyPhos,nE,0.1706050823301135
2515,26.0,19.0,0.0,19.0,e2,PCy3 HBF4,nG,0.00663833998076357
2516,26.0,20.0,0.0,20.0,e4,CgMe-PPh,nA,0.05836143390317885
2517,26.0,21.0,0.0,21.0,e10,PPh3,nI,0.6602505435133692
2518,26.0,22.0,0.0,22.0,e2,X-Phos,nF,0.2803025402995705
2519,26.0,23.0,0.0,23.0,e2,PnBu3 HBF4,nA,0.0
2520,26.0,24.0,0.0,24.0,e1,CX-PICy,nB,0.158428631262488
2521,26.0,25.0,0.0,25.0,e10,tBPh-CPhos,nB,0.34684817142606866
2522,26.0,26.0,0.0,26.0,e9,A-caPhos,nF,0.3473256083599624
2523,26.0,27.0,0.0,27.0,e4,Kwong,nG,0.0
2524,26.0,28.0,0.0,28.0,e3,Et-PhenCar-Phos,nI,0.2910836416236313
2525,26.0,29.0,0.0,29.0,e9,Cy-DavePhos,nD,0.7064770155795914
2526,26.0,30.0,0.0,30.0,e1,PPh3,nE,0.00995882546000144
2527,26.0,31.0,0.0,31.0,e4,Cy-vBRIDP,nF,0.08710389043025306
2528,26.0,32.0,0.0,32.0,e10,MeO-KITPHOS,nC,0.6485009952102284
2529,26.0,33.0,0.0,33.0,e5,JackiePhos,nA,0.7290418673450977
2530,26.0,34.0,0.0,34.0,e2,P(fur)3,nB,0.3160767978375305
2531,26.0,35.0,0.0,35.0,e3,P(o-Anis)3,nB,0.08812842587343037
2532,26.0,36.0,0.0,36.0,e7,X-Phos,nC,0.7699443054600407
2533,26.0,37.0,0.0,37.0,e7,PPhtBu2,nA,0.22643925135847556
2534,26.0,38.0,0.0,38.0,e10,PPhMe2,nF,0.9662268038122928
2535,26.0,39.0,0.0,39.0,e10,Cy-BippyPhos,nD,1.0
2536,26.0,40.0,0.0,40.0,e3,CX-FBu,nB,0.0717486552554436
2537,26.0,41.0,0.0,41.0,e10,PPh2Me,nG,0.05238083217686043
2538,26.0,42.0,0.0,42.0,e10,Cy-DavePhos,nG,0.3684434306199855
2539,26.0,43.0,0.0,43.0,e4,tBPh-CPhos,nI,0.022633316819564778
2540,26.0,44.0,0.0,44.0,e10,Ph-PhenCar-Phos,nE,0.002202515466205794
2541,26.0,45.0,0.0,45.0,e10,CgMe-PPh,nG,0.4450058594793389
2542,26.0,46.0,0.0,46.0,e10,BrettPhos,nI,0.1572445220332629
2543,26.0,47.0,0.0,47.0,e5,JackiePhos,nI,0.6882070592144776
2544,26.0,48.0,0.0,48.0,e10,PCy3 HBF4,nG,0.03784536673058321
2545,26.0,49.0,0.0,49.0,e7,"P(3,5-CF3-Ph)3",nE,0.01373661617423656
2546,26.0,50.0,0.0,50.0,e1,PnBu3 HBF4,nE,0.0
2547,26.0,51.0,0.0,51.0,e10,Cy-BippyPhos,nI,0.8194571896084138
2548,26.0,52.0,0.0,52.0,e7,CX-PICy,nE,0.02553348260378032
2549,26.0,53.0,0.0,53.0,e10,MeO-KITPHOS,nE,0.08167116258886992
2550,26.0,54.0,0.0,54.0,e5,PPhMe2,nC,0.6973280420518365
2551,26.0,55.0,0.0,55.0,e9,A-caPhos,nB,0.040633394833466153
2552,26.0,56.0,0.0,56.0,e2,X-Phos,nI,0.5461500672967297
2553,26.0,57.0,0.0,57.0,e10,Et-PhenCar-Phos,nE,0.1423623971693994
2554,26.0,58.0,0.0,58.0,e7,Cy-BippyPhos,nC,0.8232211000009824
2555,26.0,59.0,0.0,59.0,e7,JackiePhos,nG,0.19131726696005422
2556,26.0,60.0,0.0,60.0,e3,P(fur)3,nA,0.16816044846520725
2557,26.0,61.0,0.0,61.0,e2,Cy-vBRIDP,nG,0.27869962157058037
2558,26.0,62.0,0.0,62.0,e9,Kwong,nB,0.11088834300612632
2559,26.0,63.0,0.0,63.0,e1,PPhMe2,nC,0.04178685204173926
2560,26.0,64.0,0.0,64.0,e9,PPh3,nA,0.4432722730662406
2561,26.0,65.0,0.0,65.0,e5,Cy-DavePhos,nF,0.03313108332432727
2562,26.0,66.0,0.0,66.0,e1,Cy-BippyPhos,nA,0.6371489847313551
2563,26.0,67.0,0.0,67.0,e10,X-Phos,nF,0.9068098364152221
2564,26.0,68.0,0.0,68.0,e3,P(o-Anis)3,nA,0.1800745926353478
2565,26.0,69.0,0.0,69.0,e9,CgMe-PPh,nC,0.40356850702768715
2566,26.0,70.0,0.0,70.0,e1,PPhtBu2,nB,0.03618479220380419
2567,26.0,71.0,0.0,71.0,e2,X-Phos,nB,0.20337122330638152
2568,26.0,72.0,0.0,72.0,e10,tBPh-CPhos,nI,0.7208013397621875
2569,26.0,73.0,0.0,73.0,e5,Cy-BippyPhos,nI,0.8909978993536253
2570,26.0,74.0,0.0,74.0,e3,MeO-KITPHOS,nB,0.16832752828316924
2571,26.0,75.0,0.0,75.0,e5,CX-PICy,nI,0.7387768863355436
2572,26.0,76.0,0.0,76.0,e5,A-caPhos,nE,0.037864613831533826
2573,26.0,77.0,0.0,77.0,e2,Cy-BippyPhos,nG,0.21398062661899547
2574,26.0,78.0,0.0,78.0,e9,Et-PhenCar-Phos,nC,0.3799408105497681
2575,26.0,79.0,0.0,79.0,e1,JackiePhos,nA,0.8639833503359745
2576,26.0,80.0,0.0,80.0,e3,PPh3,nB,0.10579944408648047
2577,26.0,81.0,0.0,81.0,e5,tBPh-CPhos,nI,0.8432755599410124
2578,26.0,82.0,0.0,82.0,e9,BrettPhos,nE,0.04085862990218846
2579,26.0,83.0,0.0,83.0,e5,CX-FBu,nG,0.012379252545960754
2580,26.0,84.0,0.0,84.0,e1,Cy-vBRIDP,nA,0.2888460681891715
2581,26.0,85.0,0.0,85.0,e3,PPh2Me,nD,0.22980567343975122
2582,26.0,86.0,0.0,86.0,e9,JackiePhos,nB,0.12673454703525938
2583,26.0,87.0,0.0,87.0,e5,tBPh-CPhos,nB,0.28432749904894056
2584,26.0,88.0,0.0,88.0,e5,CX-PICy,nE,0.19791536280621153
2585,26.0,89.0,0.0,89.0,e4,PPhMe2,nF,0.05675807339476563
2586,26.0,90.0,0.0,90.0,e3,P(fur)3,nI,0.10333447340607371
2587,26.0,91.0,0.0,91.0,e9,CgMe-PPh,nI,0.9133569283838853
2588,26.0,92.0,0.0,92.0,e3,CgMe-PPh,nF,0.8647744195298661
2589,26.0,93.0,0.0,93.0,e2,Ph-PhenCar-Phos,nI,0.31637502685680596
2590,26.0,94.0,0.0,94.0,e4,Cy-DavePhos,nF,0.1085703896725537
2591,26.0,95.0,0.0,95.0,e1,PCy3 HBF4,nC,0.12548596697694442
2592,27.0,0.0,0.0,0.0,e7,A-caPhos,nE,0.0
2593,27.0,1.0,0.0,1.0,e3,BrettPhos,nA,0.051040990235073004
2594,27.0,2.0,0.0,2.0,e3,CX-FBu,nB,0.0717486552554436
2595,27.0,3.0,0.0,3.0,e2,CX-PICy,nI,0.5114221648973126
2596,27.0,4.0,0.0,4.0,e9,Cy-DavePhos,nB,0.10197404268440335
2597,27.0,5.0,0.0,5.0,e2,Cy-vBRIDP,nI,0.6880605476764962
2598,27.0,6.0,0.0,6.0,e9,Kwong,nF,0.6183071390945252
2599,27.0,7.0,0.0,7.0,e4,MeO-KITPHOS,nF,0.09857703536485529
2600,27.0,8.0,0.0,8.0,e4,P(o-Anis)3,nG,0.03152157172915698
2601,27.0,9.0,0.0,9.0,e7,Et-PhenCar-Phos,nE,0.05718031328307803
2602,27.0,10.0,0.0,10.0,e4,JackiePhos,nG,0.011497397001572884
2603,27.0,11.0,0.0,11.0,e3,"P(3,5-CF3-Ph)3",nB,0.04364158279813684
2604,27.0,12.0,0.0,12.0,e4,P(fur)3,nG,0.003303003899865808
2605,27.0,13.0,0.0,13.0,e7,Ph-PhenCar-Phos,nG,0.014831130594019472
2606,27.0,14.0,0.0,14.0,e9,PPh2Me,nD,0.09858496056367311
2607,27.0,15.0,0.0,15.0,e5,PPhtBu2,nF,0.03204541377761061
2608,27.0,16.0,0.0,16.0,e4,tBPh-CPhos,nA,0.0348084285544355
2609,27.0,17.0,0.0,17.0,e10,PPhMe2,nD,0.9998377684127633
2610,27.0,18.0,0.0,18.0,e7,Cy-BippyPhos,nB,0.26761082245238416
2611,27.0,19.0,0.0,19.0,e4,PCy3 HBF4,nF,0.1806752523043707
2612,27.0,20.0,0.0,20.0,e4,CgMe-PPh,nF,0.15676724879802045
2613,27.0,21.0,0.0,21.0,e4,PPh3,nG,0.07172298480230663
2614,27.0,22.0,0.0,22.0,e4,X-Phos,nB,0.0
2615,27.0,23.0,0.0,23.0,e7,PnBu3 HBF4,nI,0.07769044425257474
2616,27.0,24.0,0.0,24.0,e9,PPhMe2,nA,0.1450743291828029
2617,27.0,25.0,0.0,25.0,e3,Cy-vBRIDP,nG,0.6350943239493974
2618,27.0,26.0,0.0,26.0,e2,Kwong,nF,0.7262280592039937
2619,27.0,27.0,0.0,27.0,e2,CX-PICy,nC,0.311164980503549
2620,27.0,28.0,0.0,28.0,e4,Cy-BippyPhos,nD,0.0
2621,27.0,29.0,0.0,29.0,e3,PCy3 HBF4,nF,0.7927520064501151
2622,27.0,30.0,0.0,30.0,e5,CgMe-PPh,nI,0.8762416176625111
2623,27.0,31.0,0.0,31.0,e3,Cy-DavePhos,nE,0.1655425072853271
2624,27.0,32.0,0.0,32.0,e4,PPh2Me,nF,0.0800684130861383
2625,27.0,33.0,0.0,33.0,e4,MeO-KITPHOS,nA,0.009388644305479189
2626,27.0,34.0,0.0,34.0,e2,Kwong,nA,0.60729628561042
2627,27.0,35.0,0.0,35.0,e10,PnBu3 HBF4,nG,0.03445540105517488
2628,27.0,36.0,0.0,36.0,e4,Cy-vBRIDP,nF,0.08710389043025306
2629,27.0,37.0,0.0,37.0,e4,CX-FBu,nC,0.0047669076631712696
2630,27.0,38.0,0.0,38.0,e3,PPh3,nC,0.5766867841866626
2631,27.0,39.0,0.0,39.0,e9,Et-PhenCar-Phos,nI,0.47387538169056964
2632,27.0,40.0,0.0,40.0,e3,BrettPhos,nC,0.13197723746779189
2633,27.0,41.0,0.0,41.0,e9,"P(3,5-CF3-Ph)3",nF,0.3243416897405247
2634,27.0,42.0,0.0,42.0,e1,tBPh-CPhos,nG,0.12674104413371357
2635,27.0,43.0,0.0,43.0,e9,PPhtBu2,nD,0.2526686520906297
2636,27.0,44.0,0.0,44.0,e1,P(o-Anis)3,nI,0.05879365689573417
2637,27.0,45.0,0.0,45.0,e2,Ph-PhenCar-Phos,nF,0.02360378244278219
2638,27.0,46.0,0.0,46.0,e1,JackiePhos,nC,0.10916790305363006
2639,27.0,47.0,0.0,47.0,e9,P(fur)3,nF,0.14474013927612028
2640,27.0,48.0,0.0,48.0,e5,A-caPhos,nA,0.2812843970957228
2641,27.0,49.0,0.0,49.0,e3,X-Phos,nG,0.7317723957408664
2642,27.0,50.0,0.0,50.0,e10,PPhMe2,nC,0.711717873982058
2643,27.0,51.0,0.0,51.0,e1,CgMe-PPh,nC,0.11816325573626481
2644,27.0,52.0,0.0,52.0,e3,PCy3 HBF4,nD,0.6525316662080763
2645,27.0,53.0,0.0,53.0,e2,CX-PICy,nE,0.1112468268031635
2646,27.0,54.0,0.0,54.0,e3,Kwong,nA,0.52844484704448
2647,27.0,55.0,0.0,55.0,e9,X-Phos,nE,0.11576466040964467
2648,27.0,56.0,0.0,56.0,e7,PPhMe2,nB,0.0
2649,27.0,57.0,0.0,57.0,e5,PPh3,nE,0.07040432961461064
2650,27.0,58.0,0.0,58.0,e1,PCy3 HBF4,nG,0.011446303846680505
2651,27.0,59.0,0.0,59.0,e2,Et-PhenCar-Phos,nG,0.21586957617119734
2652,27.0,60.0,0.0,60.0,e4,Cy-vBRIDP,nE,0.012274316478209889
2653,27.0,61.0,0.0,61.0,e1,Kwong,nB,0.06453691607178057
2654,27.0,62.0,0.0,62.0,e9,"P(3,5-CF3-Ph)3",nB,0.06814180345199915
2655,27.0,63.0,0.0,63.0,e7,PPhtBu2,nI,0.035471536543272855
2656,27.0,64.0,0.0,64.0,e1,A-caPhos,nD,0.0
2657,27.0,65.0,0.0,65.0,e10,Cy-BippyPhos,nI,0.8194571896084138
2658,27.0,66.0,0.0,66.0,e4,Cy-DavePhos,nC,0.365792749214354
2659,27.0,67.0,0.0,67.0,e9,CgMe-PPh,nD,0.6700037753165438
2660,27.0,68.0,0.0,68.0,e5,Cy-BippyPhos,nI,0.8909978993536253
2661,27.0,69.0,0.0,69.0,e1,BrettPhos,nA,0.0
2662,27.0,70.0,0.0,70.0,e3,PPh2Me,nG,0.0
2663,27.0,71.0,0.0,71.0,e10,tBPh-CPhos,nE,0.067635101402571
2664,27.0,72.0,0.0,72.0,e3,Cy-BippyPhos,nI,0.4880124029547394
2665,27.0,73.0,0.0,73.0,e9,P(fur)3,nA,0.001325378623256779
2666,27.0,74.0,0.0,74.0,e5,JackiePhos,nG,0.338261501637445
2667,27.0,75.0,0.0,75.0,e2,PnBu3 HBF4,nG,0.05240835785700971
2668,27.0,76.0,0.0,76.0,e5,MeO-KITPHOS,nC,0.6524320098130438
2669,27.0,77.0,0.0,77.0,e9,CX-PICy,nG,0.3105609528066332
2670,27.0,78.0,0.0,78.0,e3,PPhMe2,nD,0.17694079610526336
2671,27.0,79.0,0.0,79.0,e9,P(o-Anis)3,nA,0.15362948073366284
2672,27.0,80.0,0.0,80.0,e4,CgMe-PPh,nE,0.0309977877786149
2673,27.0,81.0,0.0,81.0,e2,CX-FBu,nA,0.0
2674,27.0,82.0,0.0,82.0,e5,X-Phos,nF,0.5612705116717954
2675,27.0,83.0,0.0,83.0,e10,Ph-PhenCar-Phos,nI,0.19493888256788205
2676,27.0,84.0,0.0,84.0,e4,PCy3 HBF4,nD,0.07881380061232132
2677,27.0,85.0,0.0,85.0,e7,MeO-KITPHOS,nB,0.04698078637689876
2678,27.0,86.0,0.0,86.0,e5,Et-PhenCar-Phos,nB,0.3409079497861161
2679,27.0,87.0,0.0,87.0,e10,Kwong,nC,0.6516586410089802
2680,27.0,88.0,0.0,88.0,e9,PPh3,nG,0.4180674835896047
2681,27.0,89.0,0.0,89.0,e9,Cy-BippyPhos,nF,0.9242970629259212
2682,27.0,90.0,0.0,90.0,e5,Cy-BippyPhos,nE,0.276087915044034
2683,27.0,91.0,0.0,91.0,e3,Cy-DavePhos,nG,0.582883480820361
2684,27.0,92.0,0.0,92.0,e1,Cy-vBRIDP,nF,0.05518931662697358
2685,27.0,93.0,0.0,93.0,e4,X-Phos,nI,0.009934677799407795
2686,27.0,94.0,0.0,94.0,e2,Kwong,nB,0.28740360301809015
2687,27.0,95.0,0.0,95.0,e4,CX-PICy,nB,0.013717757670572962
2688,28.0,0.0,0.0,0.0,e10,A-caPhos,nC,0.810246096009385
2689,28.0,1.0,0.0,1.0,e1,BrettPhos,nB,0.023933086062199235
2690,28.0,2.0,0.0,2.0,e3,CX-FBu,nE,0.0
2691,28.0,3.0,0.0,3.0,e3,CX-PICy,nC,0.42737783545851454
2692,28.0,4.0,0.0,4.0,e3,Cy-DavePhos,nD,0.6446826086450984
2693,28.0,5.0,0.0,5.0,e5,Cy-vBRIDP,nD,0.7161030534920702
2694,28.0,6.0,0.0,6.0,e4,Kwong,nA,0.0
2695,28.0,7.0,0.0,7.0,e2,MeO-KITPHOS,nF,0.6735229847545438
2696,28.0,8.0,0.0,8.0,e10,P(o-Anis)3,nE,0.04630473114446367
2697,28.0,9.0,0.0,9.0,e7,Et-PhenCar-Phos,nF,0.8005855615874519
2698,28.0,10.0,0.0,10.0,e9,JackiePhos,nF,0.9465936072978836
2699,28.0,11.0,0.0,11.0,e3,"P(3,5-CF3-Ph)3",nA,0.08371816344615461
2700,28.0,12.0,0.0,12.0,e4,P(fur)3,nG,0.003303003899865808
2701,28.0,13.0,0.0,13.0,e10,Ph-PhenCar-Phos,nA,0.4084319710624149
2702,28.0,14.0,0.0,14.0,e10,PPh2Me,nA,0.7312605481380088
2703,28.0,15.0,0.0,15.0,e3,PPhtBu2,nB,0.11748362565060226
2704,28.0,16.0,0.0,16.0,e3,tBPh-CPhos,nI,0.40203943367844525
2705,28.0,17.0,0.0,17.0,e2,PPhMe2,nG,0.1743874382182481
2706,28.0,18.0,0.0,18.0,e10,Cy-BippyPhos,nA,0.7528860791443422
2707,28.0,19.0,0.0,19.0,e7,PCy3 HBF4,nD,0.14803355669666612
2708,28.0,20.0,0.0,20.0,e1,CgMe-PPh,nI,0.33119462408139744
2709,28.0,21.0,0.0,21.0,e4,PPh3,nA,0.08894444044781374
2710,28.0,22.0,0.0,22.0,e7,X-Phos,nB,0.24145251337028
2711,28.0,23.0,0.0,23.0,e4,PnBu3 HBF4,nD,0.037089716289498115
2712,28.0,24.0,0.0,24.0,e1,JackiePhos,nE,0.07879071157202047
2713,28.0,25.0,0.0,25.0,e9,A-caPhos,nC,0.3325995428251358
2714,28.0,26.0,0.0,26.0,e4,Et-PhenCar-Phos,nB,0.016893387098010963
2715,28.0,27.0,0.0,27.0,e9,Cy-BippyPhos,nE,0.1706050823301135
2716,28.0,28.0,0.0,28.0,e1,PPh2Me,nG,0.046182417331377484
2717,28.0,29.0,0.0,29.0,e2,Cy-vBRIDP,nC,0.591401678089823
2718,28.0,30.0,0.0,30.0,e7,MeO-KITPHOS,nB,0.04698078637689876
2719,28.0,31.0,0.0,31.0,e5,Cy-DavePhos,nD,0.7566333942731113
2720,28.0,32.0,0.0,32.0,e3,CX-PICy,nB,0.0849376627257103
2721,28.0,33.0,0.0,33.0,e10,Ph-PhenCar-Phos,nE,0.002202515466205794
2722,28.0,34.0,0.0,34.0,e3,tBPh-CPhos,nA,0.5729071695707448
2723,28.0,35.0,0.0,35.0,e7,CgMe-PPh,nG,0.20467687014770913
2724,28.0,36.0,0.0,36.0,e3,X-Phos,nI,0.43402238114543207
2725,28.0,37.0,0.0,37.0,e4,PPhMe2,nI,0.0
2726,28.0,38.0,0.0,38.0,e10,PCy3 HBF4,nB,0.0
2727,28.0,39.0,0.0,39.0,e2,PPhtBu2,nB,0.2956916574075555
2728,28.0,40.0,0.0,40.0,e2,Cy-DavePhos,nC,0.5482191793404829
2729,28.0,41.0,0.0,41.0,e2,PPh3,nA,0.008904947561475468
2730,28.0,42.0,0.0,42.0,e5,"P(3,5-CF3-Ph)3",nF,0.7449177693369221
2731,28.0,43.0,0.0,43.0,e7,Cy-vBRIDP,nG,0.2559159577514194
2732,28.0,44.0,0.0,44.0,e3,P(o-Anis)3,nI,0.03740072259651408
2733,28.0,45.0,0.0,45.0,e10,PnBu3 HBF4,nA,0.145126946063475
2734,28.0,46.0,0.0,46.0,e4,BrettPhos,nB,0.06659152732740367
2735,28.0,47.0,0.0,47.0,e1,P(fur)3,nG,0.026494931502405453
2736,28.0,48.0,0.0,48.0,e4,CX-FBu,nG,0.020464891268564923
2737,28.0,49.0,0.0,49.0,e9,Kwong,nE,0.16023618350267255
2738,28.0,50.0,0.0,50.0,e10,A-caPhos,nI,0.4049690202102659
2739,28.0,51.0,0.0,51.0,e10,JackiePhos,nG,0.19943476808224297
2740,28.0,52.0,0.0,52.0,e3,tBPh-CPhos,nF,0.8810310712945111
2741,28.0,53.0,0.0,53.0,e9,Cy-BippyPhos,nC,0.4093298004131833
2742,28.0,54.0,0.0,54.0,e9,"P(3,5-CF3-Ph)3",nE,0.0796317150343979
2743,28.0,55.0,0.0,55.0,e3,Et-PhenCar-Phos,nC,0.528155852189567
2744,28.0,56.0,0.0,56.0,e7,Cy-DavePhos,nE,0.07737987898288086
2745,28.0,57.0,0.0,57.0,e9,PPh2Me,nB,0.025869944469680908
2746,28.0,58.0,0.0,58.0,e3,MeO-KITPHOS,nI,0.3078359504421801
2747,28.0,59.0,0.0,59.0,e2,tBPh-CPhos,nF,0.9180522305589233
2748,28.0,60.0,0.0,60.0,e5,X-Phos,nG,0.36700316278880124
2749,28.0,61.0,0.0,61.0,e1,tBPh-CPhos,nA,0.9415665821167656
2750,28.0,62.0,0.0,62.0,e3,CgMe-PPh,nF,0.8647744195298661
2751,28.0,63.0,0.0,63.0,e7,Cy-vBRIDP,nB,0.18834091750393028
2752,28.0,64.0,0.0,64.0,e5,A-caPhos,nC,0.7479428186239185
2753,28.0,65.0,0.0,65.0,e2,CX-PICy,nE,0.1112468268031635
2754,28.0,66.0,0.0,66.0,e4,tBPh-CPhos,nF,0.13333417034980927
2755,28.0,67.0,0.0,67.0,e3,CgMe-PPh,nC,0.5573433814229866
2756,28.0,68.0,0.0,68.0,e5,PPhtBu2,nD,0.7431815841843207
2757,28.0,69.0,0.0,69.0,e3,Ph-PhenCar-Phos,nI,0.1932605709368885
2758,28.0,70.0,0.0,70.0,e7,Et-PhenCar-Phos,nI,0.6075049737560246
2759,28.0,71.0,0.0,71.0,e5,Cy-BippyPhos,nG,0.45451502639332875
2760,28.0,72.0,0.0,72.0,e2,A-caPhos,nI,0.27907445871147873
2761,28.0,73.0,0.0,73.0,e2,JackiePhos,nD,0.8885726039005069
2762,28.0,74.0,0.0,74.0,e4,PPhtBu2,nA,0.03055984955910126
2763,28.0,75.0,0.0,75.0,e4,JackiePhos,nD,0.03756510618398426
2764,28.0,76.0,0.0,76.0,e1,Cy-DavePhos,nB,0.14325304895448931
2765,28.0,77.0,0.0,77.0,e2,PnBu3 HBF4,nD,0.8741353520353085
2766,28.0,78.0,0.0,78.0,e10,PnBu3 HBF4,nG,0.03445540105517488
2767,28.0,79.0,0.0,79.0,e2,X-Phos,nD,0.810292693921554
2768,28.0,80.0,0.0,80.0,e5,PPhMe2,nF,0.0
2769,28.0,81.0,0.0,81.0,e3,MeO-KITPHOS,nA,0.3689090985734202
2770,28.0,82.0,0.0,82.0,e5,Kwong,nG,0.24931580024802266
2771,28.0,83.0,0.0,83.0,e3,CgMe-PPh,nD,0.6746435408754137
2772,28.0,84.0,0.0,84.0,e10,Et-PhenCar-Phos,nI,0.8978098811886851
2773,28.0,85.0,0.0,85.0,e1,PCy3 HBF4,nD,0.10789505494394104
2774,28.0,86.0,0.0,86.0,e5,Et-PhenCar-Phos,nD,0.7835996088615103
2775,28.0,87.0,0.0,87.0,e5,X-Phos,nI,0.6595060362188809
2776,28.0,88.0,0.0,88.0,e4,PPh3,nB,0.04245983275840727
2777,28.0,89.0,0.0,89.0,e3,BrettPhos,nF,0.00688372893582114
2778,28.0,90.0,0.0,90.0,e9,tBPh-CPhos,nG,0.5841317864497397
2779,28.0,91.0,0.0,91.0,e1,"P(3,5-CF3-Ph)3",nA,0.1017122012266687
2780,28.0,92.0,0.0,92.0,e1,P(o-Anis)3,nE,0.0726200206341357
2781,28.0,93.0,0.0,93.0,e10,Cy-BippyPhos,nC,0.6737699231822453
2782,28.0,94.0,0.0,94.0,e9,Cy-vBRIDP,nA,0.003827159412294159
2783,28.0,95.0,0.0,95.0,e9,P(fur)3,nF,0.14474013927612028
2784,29.0,0.0,0.0,0.0,e3,A-caPhos,nE,0.07288605180469757
2785,29.0,1.0,0.0,1.0,e1,BrettPhos,nE,0.0
2786,29.0,2.0,0.0,2.0,e1,CX-FBu,nD,0.04874487002483518
2787,29.0,3.0,0.0,3.0,e10,CX-PICy,nI,0.8294011628993512
2788,29.0,4.0,0.0,4.0,e4,Cy-DavePhos,nG,0.04776203346339624
2789,29.0,5.0,0.0,5.0,e9,Cy-vBRIDP,nG,0.47307553236824745
2790,29.0,6.0,0.0,6.0,e5,Kwong,nE,0.16336084003327056
2791,29.0,7.0,0.0,7.0,e7,MeO-KITPHOS,nG,0.11322968814633767
2792,29.0,8.0,0.0,8.0,e9,P(o-Anis)3,nA,0.15362948073366284
2793,29.0,9.0,0.0,9.0,e1,Et-PhenCar-Phos,nG,0.07748698744311458
2794,29.0,10.0,0.0,10.0,e7,JackiePhos,nI,0.6032624128682527
2795,29.0,11.0,0.0,11.0,e5,"P(3,5-CF3-Ph)3",nI,0.9667861636236104
2796,29.0,12.0,0.0,12.0,e2,P(fur)3,nB,0.3160767978375305
2797,29.0,13.0,0.0,13.0,e5,Ph-PhenCar-Phos,nD,0.05973892971813824
2798,29.0,14.0,0.0,14.0,e10,PPh2Me,nC,0.7635702486574847
2799,29.0,15.0,0.0,15.0,e4,PPhtBu2,nB,0.0
2800,29.0,16.0,0.0,16.0,e3,tBPh-CPhos,nG,0.6694190600721208
2801,29.0,17.0,0.0,17.0,e10,PPhMe2,nC,0.711717873982058
2802,29.0,18.0,0.0,18.0,e2,Cy-BippyPhos,nD,0.899766462439471
2803,29.0,19.0,0.0,19.0,e9,PCy3 HBF4,nA,0.39949447947915445
2804,29.0,20.0,0.0,20.0,e3,CgMe-PPh,nI,0.37696044105126186
2805,29.0,21.0,0.0,21.0,e9,PPh3,nB,0.08611579146274333
2806,29.0,22.0,0.0,22.0,e4,X-Phos,nE,0.0
2807,29.0,23.0,0.0,23.0,e5,PnBu3 HBF4,nE,0.14499887969779476
2808,29.0,24.0,0.0,24.0,e4,"P(3,5-CF3-Ph)3",nE,0.022865395605389537
2809,29.0,25.0,0.0,25.0,e5,Cy-BippyPhos,nD,0.7452121533478554
2810,29.0,26.0,0.0,26.0,e2,CX-PICy,nA,0.6627082272144782
2811,29.0,27.0,0.0,27.0,e1,PPh2Me,nC,0.03975950169843254
2812,29.0,28.0,0.0,28.0,e1,PPhMe2,nC,0.04178685204173926
2813,29.0,29.0,0.0,29.0,e2,tBPh-CPhos,nD,0.9627817421488892
2814,29.0,30.0,0.0,30.0,e4,JackiePhos,nD,0.03756510618398426
2815,29.0,31.0,0.0,31.0,e1,Cy-vBRIDP,nD,0.12134762347017049
2816,29.0,32.0,0.0,32.0,e7,PCy3 HBF4,nI,0.1338582855355113
2817,29.0,33.0,0.0,33.0,e7,CgMe-PPh,nA,0.6062121514347315
2818,29.0,34.0,0.0,34.0,e1,P(fur)3,nG,0.026494931502405453
2819,29.0,35.0,0.0,35.0,e1,Cy-BippyPhos,nA,0.6371489847313551
2820,29.0,36.0,0.0,36.0,e4,tBPh-CPhos,nG,0.04357628217462166
2821,29.0,37.0,0.0,37.0,e3,Kwong,nI,0.27368874204771254
2822,29.0,38.0,0.0,38.0,e10,CX-PICy,nB,0.2511008312299279
2823,29.0,39.0,0.0,39.0,e9,P(o-Anis)3,nE,0.015334735124532104
2824,29.0,40.0,0.0,40.0,e3,PnBu3 HBF4,nE,0.07267279002281227
2825,29.0,41.0,0.0,41.0,e7,MeO-KITPHOS,nA,0.11368563470080227
2826,29.0,42.0,0.0,42.0,e5,PPh3,nE,0.07040432961461064
2827,29.0,43.0,0.0,43.0,e3,Et-PhenCar-Phos,nA,0.6402198562439387
2828,29.0,44.0,0.0,44.0,e4,A-caPhos,nI,0.026305895987815804
2829,29.0,45.0,0.0,45.0,e1,Ph-PhenCar-Phos,nA,0.18568024853139675
2830,29.0,46.0,0.0,46.0,e9,CX-FBu,nF,0.005339162336147423
2831,29.0,47.0,0.0,47.0,e7,Cy-DavePhos,nB,0.2152450446486366
2832,29.0,48.0,0.0,48.0,e4,BrettPhos,nD,0.0055714565905122075
2833,29.0,49.0,0.0,49.0,e3,PPhtBu2,nF,0.8177480761316681
2834,29.0,50.0,0.0,50.0,e2,X-Phos,nB,0.20337122330638152
2835,29.0,51.0,0.0,51.0,e3,Cy-BippyPhos,nA,0.7065412188883603
2836,29.0,52.0,0.0,52.0,e3,"P(3,5-CF3-Ph)3",nA,0.08371816344615461
2837,29.0,53.0,0.0,53.0,e10,CgMe-PPh,nD,0.9667080207978768
2838,29.0,54.0,0.0,54.0,e10,PPhtBu2,nA,0.7009303126601298
2839,29.0,55.0,0.0,55.0,e7,PPh2Me,nD,0.1229873725585538
2840,29.0,56.0,0.0,56.0,e10,CgMe-PPh,nB,0.26208153455778976
2841,29.0,57.0,0.0,57.0,e10,PPhMe2,nA,0.6773210798547121
2842,29.0,58.0,0.0,58.0,e9,Et-PhenCar-Phos,nB,0.15268768262180096
2843,29.0,59.0,0.0,59.0,e3,Cy-BippyPhos,nE,0.21120990283036814
2844,29.0,60.0,0.0,60.0,e9,CX-PICy,nC,0.3368172083334284
2845,29.0,61.0,0.0,61.0,e5,JackiePhos,nA,0.7290418673450977
2846,29.0,62.0,0.0,62.0,e3,tBPh-CPhos,nD,0.7179271330497705
2847,29.0,63.0,0.0,63.0,e4,Cy-vBRIDP,nG,0.011887141708792338
2848,29.0,64.0,0.0,64.0,e9,PCy3 HBF4,nF,0.8209377552949729
2849,29.0,65.0,0.0,65.0,e9,PPhtBu2,nE,0.15317274654488514
2850,29.0,66.0,0.0,66.0,e2,Kwong,nE,0.15385645810893028
2851,29.0,67.0,0.0,67.0,e5,PPhMe2,nA,0.6471944961567562
2852,29.0,68.0,0.0,68.0,e4,JackiePhos,nF,0.14143573352899122
2853,29.0,69.0,0.0,69.0,e2,PCy3 HBF4,nE,0.0
2854,29.0,70.0,0.0,70.0,e1,tBPh-CPhos,nC,0.20431204836192307
2855,29.0,71.0,0.0,71.0,e2,P(fur)3,nC,0.531364471158177
2856,29.0,72.0,0.0,72.0,e10,CgMe-PPh,nG,0.4450058594793389
2857,29.0,73.0,0.0,73.0,e1,Cy-DavePhos,nF,0.0
2858,29.0,74.0,0.0,74.0,e10,Ph-PhenCar-Phos,nA,0.4084319710624149
2859,29.0,75.0,0.0,75.0,e7,Cy-BippyPhos,nF,0.8908823040179712
2860,29.0,76.0,0.0,76.0,e4,MeO-KITPHOS,nA,0.009388644305479189
2861,29.0,77.0,0.0,77.0,e1,PnBu3 HBF4,nA,0.033538713814707063
2862,29.0,78.0,0.0,78.0,e7,CX-PICy,nC,0.5896946040296001
2863,29.0,79.0,0.0,79.0,e10,PPhMe2,nF,0.9662268038122928
2864,29.0,80.0,0.0,80.0,e9,X-Phos,nI,0.48640092936162965
2865,29.0,81.0,0.0,81.0,e9,"P(3,5-CF3-Ph)3",nI,0.5060174107510581
2866,29.0,82.0,0.0,82.0,e1,PPhMe2,nF,0.0
2867,29.0,83.0,0.0,83.0,e2,P(o-Anis)3,nF,0.0020685938468024733
2868,29.0,84.0,0.0,84.0,e7,Cy-BippyPhos,nB,0.26761082245238416
2869,29.0,85.0,0.0,85.0,e9,PPh3,nF,0.6925620811975002
2870,29.0,86.0,0.0,86.0,e3,A-caPhos,nC,0.44127462725198824
2871,29.0,87.0,0.0,87.0,e1,PPh2Me,nD,0.033096066833962406
2872,29.0,88.0,0.0,88.0,e3,P(fur)3,nA,0.16816044846520725
2873,29.0,89.0,0.0,89.0,e7,Et-PhenCar-Phos,nD,1.0
2874,29.0,90.0,0.0,90.0,e7,Et-PhenCar-Phos,nC,0.7443135007935773
2875,29.0,91.0,0.0,91.0,e1,CX-FBu,nE,0.0
2876,29.0,92.0,0.0,92.0,e10,PPh3,nD,0.9785597434506366
2877,29.0,93.0,0.0,93.0,e3,PPh3,nF,0.7331009521150271
2878,29.0,94.0,0.0,94.0,e2,CX-PICy,nC,0.311164980503549
2879,29.0,95.0,0.0,95.0,e5,CgMe-PPh,nI,0.8762416176625111
2880,30.0,0.0,0.0,0.0,e7,A-caPhos,nE,0.0
2881,30.0,1.0,0.0,1.0,e7,BrettPhos,nE,0.0
2882,30.0,2.0,0.0,2.0,e10,CX-FBu,nI,0.11326772664660484
2883,30.0,3.0,0.0,3.0,e1,CX-PICy,nC,0.17448452116943244
2884,30.0,4.0,0.0,4.0,e2,Cy-DavePhos,nD,0.8600984767103315
2885,30.0,5.0,0.0,5.0,e2,Cy-vBRIDP,nC,0.591401678089823
2886,30.0,6.0,0.0,6.0,e7,Kwong,nG,0.1256424423170876
2887,30.0,7.0,0.0,7.0,e4,MeO-KITPHOS,nB,0.018099243207649055
2888,30.0,8.0,0.0,8.0,e9,P(o-Anis)3,nC,0.3510501736587359
2889,30.0,9.0,0.0,9.0,e3,Et-PhenCar-Phos,nI,0.2910836416236313
2890,30.0,10.0,0.0,10.0,e9,JackiePhos,nG,0.542757589383612
2891,30.0,11.0,0.0,11.0,e1,"P(3,5-CF3-Ph)3",nC,0.0
2892,30.0,12.0,0.0,12.0,e4,P(fur)3,nE,0.000437879828488327
2893,30.0,13.0,0.0,13.0,e2,Ph-PhenCar-Phos,nC,0.6114139698966943
2894,30.0,14.0,0.0,14.0,e10,PPh2Me,nA,0.7312605481380088
2895,30.0,15.0,0.0,15.0,e4,PPhtBu2,nE,0.0
2896,30.0,16.0,0.0,16.0,e2,tBPh-CPhos,nG,0.21498121859438568
2897,30.0,17.0,0.0,17.0,e2,PPhMe2,nI,0.5671887226956333
2898,30.0,18.0,0.0,18.0,e1,Cy-BippyPhos,nB,0.16085798150695332
2899,30.0,19.0,0.0,19.0,e10,PCy3 HBF4,nE,0.04178712243346533
2900,30.0,20.0,0.0,20.0,e3,CgMe-PPh,nE,0.13080909557688172
2901,30.0,21.0,0.0,21.0,e1,PPh3,nI,0.04621439454240948
2902,30.0,22.0,0.0,22.0,e1,X-Phos,nE,0.024633332147110165
2903,30.0,23.0,0.0,23.0,e10,PnBu3 HBF4,nB,0.005351613760340478
2904,30.0,24.0,0.0,24.0,e5,Cy-DavePhos,nB,0.24820523727080449
2905,30.0,25.0,0.0,25.0,e4,PPh2Me,nI,0.011948259243086866
2906,30.0,26.0,0.0,26.0,e4,Ph-PhenCar-Phos,nE,0.0
2907,30.0,27.0,0.0,27.0,e1,Cy-vBRIDP,nE,0.10273481023694789
2908,30.0,28.0,0.0,28.0,e10,PPhMe2,nE,0.1008193657573415
2909,30.0,29.0,0.0,29.0,e5,JackiePhos,nA,0.7290418673450977
2910,30.0,30.0,0.0,30.0,e7,P(o-Anis)3,nB,0.09494681712924612
2911,30.0,31.0,0.0,31.0,e4,Et-PhenCar-Phos,nE,0.006684621137560202
2912,30.0,32.0,0.0,32.0,e5,tBPh-CPhos,nF,0.021215482774025726
2913,30.0,33.0,0.0,33.0,e10,CX-PICy,nE,0.06128630570259782
2914,30.0,34.0,0.0,34.0,e5,Cy-BippyPhos,nC,0.7310324837389857
2915,30.0,35.0,0.0,35.0,e7,CgMe-PPh,nG,0.20467687014770913
2916,30.0,36.0,0.0,36.0,e3,Kwong,nC,0.49266490533355695
2917,30.0,37.0,0.0,37.0,e4,CX-FBu,nG,0.020464891268564923
2918,30.0,38.0,0.0,38.0,e3,JackiePhos,nB,0.1608694107669877
2919,30.0,39.0,0.0,39.0,e1,PPh3,nB,0.1440608266906695
2920,30.0,40.0,0.0,40.0,e7,PCy3 HBF4,nB,0.0
2921,30.0,41.0,0.0,41.0,e7,X-Phos,nA,0.3860138905078492
2922,30.0,42.0,0.0,42.0,e4,MeO-KITPHOS,nF,0.09857703536485529
2923,30.0,43.0,0.0,43.0,e4,PnBu3 HBF4,nG,0.0
2924,30.0,44.0,0.0,44.0,e3,P(fur)3,nG,0.19737875966328072
2925,30.0,45.0,0.0,45.0,e10,A-caPhos,nF,0.7955510503185635
2926,30.0,46.0,0.0,46.0,e7,BrettPhos,nC,0.0
2927,30.0,47.0,0.0,47.0,e7,"P(3,5-CF3-Ph)3",nB,0.14407814391298038
2928,30.0,48.0,0.0,48.0,e4,PPhtBu2,nA,0.03055984955910126
2929,30.0,49.0,0.0,49.0,e3,Cy-DavePhos,nE,0.1655425072853271
2930,30.0,50.0,0.0,50.0,e1,Cy-BippyPhos,nE,0.08360289329221145
2931,30.0,51.0,0.0,51.0,e10,A-caPhos,nE,0.06369465752083445
2932,30.0,52.0,0.0,52.0,e2,PPh2Me,nI,0.2867303573574186
2933,30.0,53.0,0.0,53.0,e3,Cy-vBRIDP,nI,0.34345800467563153
2934,30.0,54.0,0.0,54.0,e4,PPhMe2,nG,0.0
2935,30.0,55.0,0.0,55.0,e4,Kwong,nI,0.0
2936,30.0,56.0,0.0,56.0,e4,Ph-PhenCar-Phos,nA,0.0
2937,30.0,57.0,0.0,57.0,e9,P(o-Anis)3,nF,0.19110058556975276
2938,30.0,58.0,0.0,58.0,e9,JackiePhos,nC,0.3402888306071797
2939,30.0,59.0,0.0,59.0,e2,X-Phos,nA,0.7289375568068931
2940,30.0,60.0,0.0,60.0,e5,CgMe-PPh,nE,0.0
2941,30.0,61.0,0.0,61.0,e3,Cy-DavePhos,nC,0.37215812981068086
2942,30.0,62.0,0.0,62.0,e7,Et-PhenCar-Phos,nF,0.8005855615874519
2943,30.0,63.0,0.0,63.0,e3,X-Phos,nB,0.2000064287326038
2944,30.0,64.0,0.0,64.0,e3,tBPh-CPhos,nB,0.2201396278511609
2945,30.0,65.0,0.0,65.0,e2,CX-PICy,nF,0.35525432440321075
2946,30.0,66.0,0.0,66.0,e9,Et-PhenCar-Phos,nI,0.47387538169056964
2947,30.0,67.0,0.0,67.0,e3,P(fur)3,nF,0.44484850798719355
2948,30.0,68.0,0.0,68.0,e3,PPh3,nC,0.5766867841866626
2949,30.0,69.0,0.0,69.0,e5,Cy-vBRIDP,nB,0.24691256669659825
2950,30.0,70.0,0.0,70.0,e9,PPh2Me,nG,0.32077678172887275
2951,30.0,71.0,0.0,71.0,e3,"P(3,5-CF3-Ph)3",nF,0.739492776362512
2952,30.0,72.0,0.0,72.0,e10,CX-FBu,nC,0.09554429852233287
2953,30.0,73.0,0.0,73.0,e2,Cy-BippyPhos,nB,0.3284195625331717
2954,30.0,74.0,0.0,74.0,e1,MeO-KITPHOS,nD,0.03699926034242779
2955,30.0,75.0,0.0,75.0,e10,"P(3,5-CF3-Ph)3",nE,0.08377153804882367
2956,30.0,76.0,0.0,76.0,e4,JackiePhos,nD,0.03756510618398426
2957,30.0,77.0,0.0,77.0,e2,A-caPhos,nB,0.050816766328986455
2958,30.0,78.0,0.0,78.0,e1,PCy3 HBF4,nD,0.10789505494394104
2959,30.0,79.0,0.0,79.0,e2,PPhtBu2,nA,0.8784588854057418
2960,30.0,80.0,0.0,80.0,e9,PPhtBu2,nF,0.04207540286700265
2961,30.0,81.0,0.0,81.0,e7,PnBu3 HBF4,nI,0.07769044425257474
2962,30.0,82.0,0.0,82.0,e10,BrettPhos,nD,0.9370714187232184
2963,30.0,83.0,0.0,83.0,e4,BrettPhos,nF,0.08545068709718086
2964,30.0,84.0,0.0,84.0,e5,Cy-DavePhos,nA,0.7763833572037856
2965,30.0,85.0,0.0,85.0,e3,PPh3,nB,0.10579944408648047
2966,30.0,86.0,0.0,86.0,e4,Et-PhenCar-Phos,nD,0.045517695769122665
2967,30.0,87.0,0.0,87.0,e3,Cy-DavePhos,nG,0.582883480820361
2968,30.0,88.0,0.0,88.0,e2,PPhMe2,nG,0.1743874382182481
2969,30.0,89.0,0.0,89.0,e4,P(fur)3,nA,0.0
2970,30.0,90.0,0.0,90.0,e10,P(o-Anis)3,nE,0.04630473114446367
2971,30.0,91.0,0.0,91.0,e5,Kwong,nC,0.7139078067166453
2972,30.0,92.0,0.0,92.0,e7,Ph-PhenCar-Phos,nE,0.014969722878949149
2973,30.0,93.0,0.0,93.0,e9,CX-PICy,nD,0.7313083836786916
2974,30.0,94.0,0.0,94.0,e7,PPh2Me,nG,0.01761201016057301
2975,30.0,95.0,0.0,95.0,e5,X-Phos,nB,0.22803797881095858
2976,31.0,0.0,0.0,0.0,e2,A-caPhos,nD,0.8459561333315676
2977,31.0,1.0,0.0,1.0,e4,BrettPhos,nG,0.0
2978,31.0,2.0,0.0,2.0,e10,CX-FBu,nB,0.1174497941912104
2979,31.0,3.0,0.0,3.0,e10,CX-PICy,nF,0.8753267029656862
2980,31.0,4.0,0.0,4.0,e5,Cy-DavePhos,nG,0.4296099762008142
2981,31.0,5.0,0.0,5.0,e2,Cy-vBRIDP,nG,0.27869962157058037
2982,31.0,6.0,0.0,6.0,e1,Kwong,nG,0.02109424691555194
2983,31.0,7.0,0.0,7.0,e10,MeO-KITPHOS,nC,0.6485009952102284
2984,31.0,8.0,0.0,8.0,e1,P(o-Anis)3,nI,0.05879365689573417
2985,31.0,9.0,0.0,9.0,e10,Et-PhenCar-Phos,nI,0.8978098811886851
2986,31.0,10.0,0.0,10.0,e1,JackiePhos,nE,0.07879071157202047
2987,31.0,11.0,0.0,11.0,e9,"P(3,5-CF3-Ph)3",nF,0.3243416897405247
2988,31.0,12.0,0.0,12.0,e9,P(fur)3,nA,0.001325378623256779
2989,31.0,13.0,0.0,13.0,e1,Ph-PhenCar-Phos,nC,0.12082905001684137
2990,31.0,14.0,0.0,14.0,e10,PPh2Me,nI,0.054332685778400516
2991,31.0,15.0,0.0,15.0,e4,PPhtBu2,nD,0.015477322861925848
2992,31.0,16.0,0.0,16.0,e10,tBPh-CPhos,nE,0.067635101402571
2993,31.0,17.0,0.0,17.0,e3,PPhMe2,nD,0.17694079610526336
2994,31.0,18.0,0.0,18.0,e5,Cy-BippyPhos,nF,0.5547253517877193
2995,31.0,19.0,0.0,19.0,e2,PCy3 HBF4,nA,0.001570789934535926
2996,31.0,20.0,0.0,20.0,e10,CgMe-PPh,nA,0.1556727410455523
2997,31.0,21.0,0.0,21.0,e9,PPh3,nD,0.6001831529671628
2998,31.0,22.0,0.0,22.0,e5,X-Phos,nD,0.8408611369475726
2999,31.0,23.0,0.0,23.0,e1,PnBu3 HBF4,nE,0.0
3000,31.0,24.0,0.0,24.0,e9,Et-PhenCar-Phos,nB,0.15268768262180096
3001,31.0,25.0,0.0,25.0,e1,CX-PICy,nI,0.16332586594833928
3002,31.0,26.0,0.0,26.0,e2,A-caPhos,nC,0.6792763491019146
3003,31.0,27.0,0.0,27.0,e7,X-Phos,nI,0.10875787618113172
3004,31.0,28.0,0.0,28.0,e4,MeO-KITPHOS,nC,0.5583920453812025
3005,31.0,29.0,0.0,29.0,e9,PPh3,nA,0.4432722730662406
3006,31.0,30.0,0.0,30.0,e9,Cy-BippyPhos,nD,0.7312870661515999
3007,31.0,31.0,0.0,31.0,e4,Cy-DavePhos,nB,0.0
3008,31.0,32.0,0.0,32.0,e3,"P(3,5-CF3-Ph)3",nG,0.13026635301464337
3009,31.0,33.0,0.0,33.0,e4,Cy-vBRIDP,nA,0.021399040085944364
3010,31.0,34.0,0.0,34.0,e1,PPhMe2,nC,0.04178685204173926
3011,31.0,35.0,0.0,35.0,e1,A-caPhos,nB,0.04609606229142198
3012,31.0,36.0,0.0,36.0,e9,CgMe-PPh,nE,0.1783004774895902
3013,31.0,37.0,0.0,37.0,e2,Ph-PhenCar-Phos,nI,0.31637502685680596
3014,31.0,38.0,0.0,38.0,e3,CX-FBu,nC,0.10650096099207426
3015,31.0,39.0,0.0,39.0,e3,JackiePhos,nD,0.6652224475203186
3016,31.0,40.0,0.0,40.0,e10,tBPh-CPhos,nC,0.7154205799800839
3017,31.0,41.0,0.0,41.0,e10,P(o-Anis)3,nA,0.13685257205098517
3018,31.0,42.0,0.0,42.0,e2,Cy-BippyPhos,nE,0.15754944548975836
3019,31.0,43.0,0.0,43.0,e10,PPh2Me,nG,0.05238083217686043
3020,31.0,44.0,0.0,44.0,e5,Kwong,nI,0.605127225193205
3021,31.0,45.0,0.0,45.0,e1,MeO-KITPHOS,nE,0.04671760971453625
3022,31.0,46.0,0.0,46.0,e10,PPhtBu2,nD,0.9552227828319847
3023,31.0,47.0,0.0,47.0,e5,PCy3 HBF4,nC,0.7610838314818648
3024,31.0,48.0,0.0,48.0,e5,P(fur)3,nG,0.4460254587435207
3025,31.0,49.0,0.0,49.0,e7,BrettPhos,nB,0.006706537467230552
3026,31.0,50.0,0.0,50.0,e10,PnBu3 HBF4,nA,0.145126946063475
3027,31.0,51.0,0.0,51.0,e9,Et-PhenCar-Phos,nA,0.4931113401041398
3028,31.0,52.0,0.0,52.0,e1,PPh3,nA,0.2870639417300373
3029,31.0,53.0,0.0,53.0,e9,CX-PICy,nC,0.3368172083334284
3030,31.0,54.0,0.0,54.0,e1,PPhtBu2,nA,0.4568186881135986
3031,31.0,55.0,0.0,55.0,e9,X-Phos,nA,0.4653132921969271
3032,31.0,56.0,0.0,56.0,e5,tBPh-CPhos,nC,0.7175681052805551
3033,31.0,57.0,0.0,57.0,e10,PCy3 HBF4,nG,0.03784536673058321
3034,31.0,58.0,0.0,58.0,e2,JackiePhos,nE,0.14951065589537862
3035,31.0,59.0,0.0,59.0,e5,Kwong,nD,0.6710162824432446
3036,31.0,60.0,0.0,60.0,e5,A-caPhos,nD,0.7956086691618747
3037,31.0,61.0,0.0,61.0,e9,Et-PhenCar-Phos,nG,0.46505962614221114
3038,31.0,62.0,0.0,62.0,e3,tBPh-CPhos,nG,0.6694190600721208
3039,31.0,63.0,0.0,63.0,e10,"P(3,5-CF3-Ph)3",nA,0.546272038278152
3040,31.0,64.0,0.0,64.0,e2,P(fur)3,nD,0.8273907264709449
3041,31.0,65.0,0.0,65.0,e2,Cy-BippyPhos,nD,0.899766462439471
3042,31.0,66.0,0.0,66.0,e10,Ph-PhenCar-Phos,nB,0.010682786436433955
3043,31.0,67.0,0.0,67.0,e4,PPhtBu2,nI,0.0
3044,31.0,68.0,0.0,68.0,e7,Cy-DavePhos,nC,0.43870094090204687
3045,31.0,69.0,0.0,69.0,e7,X-Phos,nE,0.009747915997314067
3046,31.0,70.0,0.0,70.0,e5,CX-PICy,nA,0.6723589540000653
3047,31.0,71.0,0.0,71.0,e2,PPh3,nI,0.5983316480220364
3048,31.0,72.0,0.0,72.0,e4,A-caPhos,nD,0.005914580833647114
3049,31.0,73.0,0.0,73.0,e2,Kwong,nG,0.197472465219982
3050,31.0,74.0,0.0,74.0,e10,Cy-BippyPhos,nE,0.15176129512938982
3051,31.0,75.0,0.0,75.0,e5,CgMe-PPh,nI,0.8762416176625111
3052,31.0,76.0,0.0,76.0,e1,P(fur)3,nI,0.0
3053,31.0,77.0,0.0,77.0,e3,MeO-KITPHOS,nA,0.3689090985734202
3054,31.0,78.0,0.0,78.0,e3,Cy-vBRIDP,nA,0.6444005049983973
3055,31.0,79.0,0.0,79.0,e7,CgMe-PPh,nE,0.023295783669163114
3056,31.0,80.0,0.0,80.0,e4,tBPh-CPhos,nE,0.08334191795338486
3057,31.0,81.0,0.0,81.0,e4,CX-FBu,nI,0.026545433452423287
3058,31.0,82.0,0.0,82.0,e2,PPhMe2,nC,0.5688989155636163
3059,31.0,83.0,0.0,83.0,e10,P(o-Anis)3,nC,0.3046850801785095
3060,31.0,84.0,0.0,84.0,e1,CX-PICy,nD,0.26178759539722174
3061,31.0,85.0,0.0,85.0,e3,Et-PhenCar-Phos,nB,0.2232542389845771
3062,31.0,86.0,0.0,86.0,e2,"P(3,5-CF3-Ph)3",nG,0.292311804161314
3063,31.0,87.0,0.0,87.0,e10,PnBu3 HBF4,nE,0.04185113905030638
3064,31.0,88.0,0.0,88.0,e9,PPh3,nE,0.09067760339083293
3065,31.0,89.0,0.0,89.0,e5,Cy-vBRIDP,nG,0.40071151817911255
3066,31.0,90.0,0.0,90.0,e10,PPh2Me,nA,0.7312605481380088
3067,31.0,91.0,0.0,91.0,e2,JackiePhos,nC,0.5096826906052602
3068,31.0,92.0,0.0,92.0,e7,Cy-DavePhos,nB,0.2152450446486366
3069,31.0,93.0,0.0,93.0,e3,PPh2Me,nF,0.4801900206505367
3070,31.0,94.0,0.0,94.0,e1,PCy3 HBF4,nE,0.06933003441095552
3071,31.0,95.0,0.0,95.0,e4,BrettPhos,nD,0.0055714565905122075
3072,32.0,0.0,0.0,0.0,e1,A-caPhos,nE,0.03499297317844621
3073,32.0,1.0,0.0,1.0,e2,BrettPhos,nB,0.018712271806066737
3074,32.0,2.0,0.0,2.0,e7,CX-FBu,nI,0.008436723887765887
3075,32.0,3.0,0.0,3.0,e10,CX-PICy,nF,0.8753267029656862
3076,32.0,4.0,0.0,4.0,e4,Cy-DavePhos,nE,0.0
3077,32.0,5.0,0.0,5.0,e4,Cy-vBRIDP,nC,0.20302461670836117
3078,32.0,6.0,0.0,6.0,e9,Kwong,nB,0.11088834300612632
3079,32.0,7.0,0.0,7.0,e4,MeO-KITPHOS,nF,0.09857703536485529
3080,32.0,8.0,0.0,8.0,e2,P(o-Anis)3,nD,0.4223619633611157
3081,32.0,9.0,0.0,9.0,e9,Et-PhenCar-Phos,nE,0.09970326563233488
3082,32.0,10.0,0.0,10.0,e3,JackiePhos,nE,0.19804717134717115
3083,32.0,11.0,0.0,11.0,e10,"P(3,5-CF3-Ph)3",nB,0.3248401714816362
3084,32.0,12.0,0.0,12.0,e10,P(fur)3,nG,0.5091625405710212
3085,32.0,13.0,0.0,13.0,e10,Ph-PhenCar-Phos,nB,0.010682786436433955
3086,32.0,14.0,0.0,14.0,e7,PPh2Me,nD,0.1229873725585538
3087,32.0,15.0,0.0,15.0,e7,PPhtBu2,nF,0.006345526298723309
3088,32.0,16.0,0.0,16.0,e4,tBPh-CPhos,nI,0.022633316819564778
3089,32.0,17.0,0.0,17.0,e7,PPhMe2,nD,0.17967402718109338
3090,32.0,18.0,0.0,18.0,e7,Cy-BippyPhos,nD,1.0
3091,32.0,19.0,0.0,19.0,e5,PCy3 HBF4,nB,0.02481060011325073
3092,32.0,20.0,0.0,20.0,e9,CgMe-PPh,nD,0.6700037753165438
3093,32.0,21.0,0.0,21.0,e10,PPh3,nG,0.1393167968001149
3094,32.0,22.0,0.0,22.0,e9,X-Phos,nA,0.4653132921969271
3095,32.0,23.0,0.0,23.0,e3,PnBu3 HBF4,nA,0.08612679775706653
3096,32.0,24.0,0.0,24.0,e3,Cy-BippyPhos,nF,0.818115739608698
3097,32.0,25.0,0.0,25.0,e2,CX-PICy,nI,0.5114221648973126
3098,32.0,26.0,0.0,26.0,e1,CgMe-PPh,nF,0.16030992191406224
3099,32.0,27.0,0.0,27.0,e10,P(fur)3,nI,0.900708416999593
3100,32.0,28.0,0.0,28.0,e4,X-Phos,nI,0.009934677799407795
3101,32.0,29.0,0.0,29.0,e5,P(o-Anis)3,nD,0.2673691817698943
3102,32.0,30.0,0.0,30.0,e3,"P(3,5-CF3-Ph)3",nI,0.34124947817961754
3103,32.0,31.0,0.0,31.0,e2,Cy-BippyPhos,nE,0.15754944548975836
3104,32.0,32.0,0.0,32.0,e2,Cy-vBRIDP,nA,0.9280139562522538
3105,32.0,33.0,0.0,33.0,e1,JackiePhos,nE,0.07879071157202047
3106,32.0,34.0,0.0,34.0,e5,PPhMe2,nF,0.0
3107,32.0,35.0,0.0,35.0,e3,PPh3,nD,0.558051966163369
3108,32.0,36.0,0.0,36.0,e10,PPh2Me,nA,0.7312605481380088
3109,32.0,37.0,0.0,37.0,e3,P(fur)3,nC,0.46239361820179303
3110,32.0,38.0,0.0,38.0,e3,Kwong,nB,0.13828352718505904
3111,32.0,39.0,0.0,39.0,e9,CX-PICy,nC,0.3368172083334284
3112,32.0,40.0,0.0,40.0,e9,Et-PhenCar-Phos,nA,0.4931113401041398
3113,32.0,41.0,0.0,41.0,e10,MeO-KITPHOS,nF,0.8931997261223513
3114,32.0,42.0,0.0,42.0,e2,PnBu3 HBF4,nA,0.0
3115,32.0,43.0,0.0,43.0,e4,A-caPhos,nE,0.0
3116,32.0,44.0,0.0,44.0,e3,PCy3 HBF4,nG,0.21655404349373675
3117,32.0,45.0,0.0,45.0,e9,tBPh-CPhos,nC,0.363549380851319
3118,32.0,46.0,0.0,46.0,e3,BrettPhos,nE,0.012327416789753938
3119,32.0,47.0,0.0,47.0,e7,Ph-PhenCar-Phos,nE,0.014969722878949149
3120,32.0,48.0,0.0,48.0,e5,CX-FBu,nC,0.07791633633204394
3121,32.0,49.0,0.0,49.0,e9,PPhtBu2,nD,0.2526686520906297
3122,32.0,50.0,0.0,50.0,e2,Cy-DavePhos,nG,0.27117001204677615
3123,32.0,51.0,0.0,51.0,e10,Cy-vBRIDP,nF,0.8737297326167234
3124,32.0,52.0,0.0,52.0,e1,MeO-KITPHOS,nD,0.03699926034242779
3125,32.0,53.0,0.0,53.0,e10,PPh2Me,nD,1.0
3126,32.0,54.0,0.0,54.0,e1,CgMe-PPh,nB,0.12558127711891434
3127,32.0,55.0,0.0,55.0,e10,Cy-vBRIDP,nI,0.8380507759186263
3128,32.0,56.0,0.0,56.0,e10,Cy-BippyPhos,nG,0.2525135394449507
3129,32.0,57.0,0.0,57.0,e1,P(fur)3,nA,0.13903094918195189
3130,32.0,58.0,0.0,58.0,e3,PPh2Me,nA,0.009003872028159892
3131,32.0,59.0,0.0,59.0,e2,PPh3,nB,0.06113101017244386
3132,32.0,60.0,0.0,60.0,e1,P(o-Anis)3,nB,0.11943131203109891
3133,32.0,61.0,0.0,61.0,e3,"P(3,5-CF3-Ph)3",nG,0.13026635301464337
3134,32.0,62.0,0.0,62.0,e5,CX-PICy,nF,0.5063471923786179
3135,32.0,63.0,0.0,63.0,e10,Cy-vBRIDP,nG,0.3608953345580712
3136,32.0,64.0,0.0,64.0,e10,Et-PhenCar-Phos,nI,0.8978098811886851
3137,32.0,65.0,0.0,65.0,e4,X-Phos,nF,0.075113393769907
3138,32.0,66.0,0.0,66.0,e5,Et-PhenCar-Phos,nE,0.1555337724688785
3139,32.0,67.0,0.0,67.0,e4,tBPh-CPhos,nA,0.0348084285544355
3140,32.0,68.0,0.0,68.0,e2,CX-PICy,nB,0.019159777876378164
3141,32.0,69.0,0.0,69.0,e3,Cy-BippyPhos,nE,0.21120990283036814
3142,32.0,70.0,0.0,70.0,e7,JackiePhos,nI,0.6032624128682527
3143,32.0,71.0,0.0,71.0,e9,Cy-DavePhos,nA,0.4785669589162221
3144,32.0,72.0,0.0,72.0,e5,PPhtBu2,nE,0.26560222932504995
3145,32.0,73.0,0.0,73.0,e10,Kwong,nC,0.6516586410089802
3146,32.0,74.0,0.0,74.0,e3,Cy-vBRIDP,nG,0.6350943239493974
3147,32.0,75.0,0.0,75.0,e9,PCy3 HBF4,nC,0.37815021126374854
3148,32.0,76.0,0.0,76.0,e2,PPhMe2,nE,0.206575885338896
3149,32.0,77.0,0.0,77.0,e7,P(fur)3,nF,0.003960698397596189
3150,32.0,78.0,0.0,78.0,e2,MeO-KITPHOS,nG,0.2917340042609233
3151,32.0,79.0,0.0,79.0,e10,CgMe-PPh,nG,0.4450058594793389
3152,32.0,80.0,0.0,80.0,e5,PPh2Me,nE,0.26506344108851254
3153,32.0,81.0,0.0,81.0,e4,CX-FBu,nD,0.01181462181211995
3154,32.0,82.0,0.0,82.0,e3,PnBu3 HBF4,nG,0.28320116621218205
3155,32.0,83.0,0.0,83.0,e2,Cy-vBRIDP,nD,0.9350385282324228
3156,32.0,84.0,0.0,84.0,e1,Kwong,nA,0.11345641456119931
3157,32.0,85.0,0.0,85.0,e5,JackiePhos,nD,0.7857626907983566
3158,32.0,86.0,0.0,86.0,e9,Cy-vBRIDP,nF,0.6967928130282119
3159,32.0,87.0,0.0,87.0,e9,A-caPhos,nD,0.5903907562753792
3160,32.0,88.0,0.0,88.0,e4,BrettPhos,nE,0.020587634820407864
3161,32.0,89.0,0.0,89.0,e7,Ph-PhenCar-Phos,nC,0.4720527136836855
3162,32.0,90.0,0.0,90.0,e10,P(o-Anis)3,nE,0.04630473114446367
3163,32.0,91.0,0.0,91.0,e2,"P(3,5-CF3-Ph)3",nI,0.7101552221676866
3164,32.0,92.0,0.0,92.0,e10,JackiePhos,nB,0.3412973722922598
3165,32.0,93.0,0.0,93.0,e7,Et-PhenCar-Phos,nG,0.27193527624521374
3166,32.0,94.0,0.0,94.0,e4,PPh3,nB,0.04245983275840727
3167,32.0,95.0,0.0,95.0,e10,Cy-DavePhos,nC,0.6949319682872127
3168,33.0,0.0,0.0,0.0,e1,A-caPhos,nA,0.24027073531882212
3169,33.0,1.0,0.0,1.0,e10,BrettPhos,nE,0.057568734516984195
3170,33.0,2.0,0.0,2.0,e1,CX-FBu,nA,0.06728168343034004
3171,33.0,3.0,0.0,3.0,e2,CX-PICy,nD,0.844934148288056
3172,33.0,4.0,0.0,4.0,e9,Cy-DavePhos,nA,0.4785669589162221
3173,33.0,5.0,0.0,5.0,e3,Cy-vBRIDP,nC,0.48120632702460653
3174,33.0,6.0,0.0,6.0,e4,Kwong,nC,0.13664049521331256
3175,33.0,7.0,0.0,7.0,e10,MeO-KITPHOS,nF,0.8931997261223513
3176,33.0,8.0,0.0,8.0,e3,P(o-Anis)3,nE,0.0347685138498739
3177,33.0,9.0,0.0,9.0,e2,Et-PhenCar-Phos,nD,0.9214853157259724
3178,33.0,10.0,0.0,10.0,e9,JackiePhos,nI,0.7924680013442614
3179,33.0,11.0,0.0,11.0,e7,"P(3,5-CF3-Ph)3",nE,0.01373661617423656
3180,33.0,12.0,0.0,12.0,e5,P(fur)3,nD,0.7206680265827334
3181,33.0,13.0,0.0,13.0,e2,Ph-PhenCar-Phos,nF,0.02360378244278219
3182,33.0,14.0,0.0,14.0,e10,PPh2Me,nD,1.0
3183,33.0,15.0,0.0,15.0,e3,PPhtBu2,nI,0.2459288839092893
3184,33.0,16.0,0.0,16.0,e10,tBPh-CPhos,nB,0.34684817142606866
3185,33.0,17.0,0.0,17.0,e7,PPhMe2,nE,0.04656087399550363
3186,33.0,18.0,0.0,18.0,e2,Cy-BippyPhos,nI,0.67187359635982
3187,33.0,19.0,0.0,19.0,e1,PCy3 HBF4,nF,0.0936542572430908
3188,33.0,20.0,0.0,20.0,e1,CgMe-PPh,nA,0.6945948510850428
3189,33.0,21.0,0.0,21.0,e4,PPh3,nF,0.23217627507948946
3190,33.0,22.0,0.0,22.0,e3,X-Phos,nG,0.7317723957408664
3191,33.0,23.0,0.0,23.0,e10,PnBu3 HBF4,nF,0.9491493979218607
3192,33.0,24.0,0.0,24.0,e1,PPh2Me,nC,0.03975950169843254
3193,33.0,25.0,0.0,25.0,e5,PnBu3 HBF4,nG,0.0346467819695208
3194,33.0,26.0,0.0,26.0,e10,Et-PhenCar-Phos,nD,0.9813444766852435
3195,33.0,27.0,0.0,27.0,e1,MeO-KITPHOS,nD,0.03699926034242779
3196,33.0,28.0,0.0,28.0,e5,CX-PICy,nC,0.7219644854632059
3197,33.0,29.0,0.0,29.0,e4,JackiePhos,nB,0.0
3198,33.0,30.0,0.0,30.0,e1,X-Phos,nB,0.13808085610167717
3199,33.0,31.0,0.0,31.0,e9,P(fur)3,nC,0.31559252353476763
3200,33.0,32.0,0.0,32.0,e9,CgMe-PPh,nB,0.16201116259216772
3201,33.0,33.0,0.0,33.0,e7,Cy-BippyPhos,nG,0.3885701449233445
3202,33.0,34.0,0.0,34.0,e9,Cy-vBRIDP,nC,0.3462977628869725
3203,33.0,35.0,0.0,35.0,e5,Cy-DavePhos,nG,0.4296099762008142
3204,33.0,36.0,0.0,36.0,e9,Et-PhenCar-Phos,nG,0.46505962614221114
3205,33.0,37.0,0.0,37.0,e5,tBPh-CPhos,nA,0.7026512612569452
3206,33.0,38.0,0.0,38.0,e9,PPhtBu2,nA,0.22969981648958007
3207,33.0,39.0,0.0,39.0,e2,A-caPhos,nE,0.03960375441695721
3208,33.0,40.0,0.0,40.0,e5,PPh3,nG,0.0842244348649542
3209,33.0,41.0,0.0,41.0,e2,CX-PICy,nC,0.311164980503549
3210,33.0,42.0,0.0,42.0,e10,Kwong,nF,0.8938930828018169
3211,33.0,43.0,0.0,43.0,e5,PCy3 HBF4,nI,0.34482654450171224
3212,33.0,44.0,0.0,44.0,e4,CX-FBu,nA,0.0
3213,33.0,45.0,0.0,45.0,e5,BrettPhos,nA,0.2635639912874397
3214,33.0,46.0,0.0,46.0,e10,PPhMe2,nE,0.1008193657573415
3215,33.0,47.0,0.0,47.0,e2,P(o-Anis)3,nE,0.11073968831160971
3216,33.0,48.0,0.0,48.0,e1,Ph-PhenCar-Phos,nF,0.03399207920306404
3217,33.0,49.0,0.0,49.0,e1,"P(3,5-CF3-Ph)3",nD,0.1717712180634414
3218,33.0,50.0,0.0,50.0,e3,Cy-BippyPhos,nD,0.7257486948775891
3219,33.0,51.0,0.0,51.0,e2,Et-PhenCar-Phos,nA,0.9619512654546682
3220,33.0,52.0,0.0,52.0,e1,tBPh-CPhos,nF,0.2236049471858116
3221,33.0,53.0,0.0,53.0,e9,PPh2Me,nB,0.025869944469680908
3222,33.0,54.0,0.0,54.0,e7,P(fur)3,nA,0.15917780258602543
3223,33.0,55.0,0.0,55.0,e4,Kwong,nD,0.07279928824098204
3224,33.0,56.0,0.0,56.0,e3,PnBu3 HBF4,nC,0.5104443617808837
3225,33.0,57.0,0.0,57.0,e5,MeO-KITPHOS,nE,0.20090081346750718
3226,33.0,58.0,0.0,58.0,e3,Cy-DavePhos,nD,0.6446826086450984
3227,33.0,59.0,0.0,59.0,e9,X-Phos,nG,0.4940245596014306
3228,33.0,60.0,0.0,60.0,e9,CgMe-PPh,nG,0.5466105607265662
3229,33.0,61.0,0.0,61.0,e9,Et-PhenCar-Phos,nA,0.4931113401041398
3230,33.0,62.0,0.0,62.0,e4,Cy-vBRIDP,nG,0.011887141708792338
3231,33.0,63.0,0.0,63.0,e1,JackiePhos,nC,0.10916790305363006
3232,33.0,64.0,0.0,64.0,e3,CX-PICy,nE,0.1788347445386581
3233,33.0,65.0,0.0,65.0,e9,Cy-BippyPhos,nI,0.7811843865330459
3234,33.0,66.0,0.0,66.0,e7,Cy-DavePhos,nD,0.7185111182227426
3235,33.0,67.0,0.0,67.0,e7,Et-PhenCar-Phos,nB,0.3099147672836797
3236,33.0,68.0,0.0,68.0,e4,PnBu3 HBF4,nA,0.01706005824707267
3237,33.0,69.0,0.0,69.0,e10,PPhtBu2,nA,0.7009303126601298
3238,33.0,70.0,0.0,70.0,e10,Cy-BippyPhos,nI,0.8194571896084138
3239,33.0,71.0,0.0,71.0,e4,PCy3 HBF4,nE,0.014449000330444188
3240,33.0,72.0,0.0,72.0,e10,CgMe-PPh,nI,0.992612378842541
3241,33.0,73.0,0.0,73.0,e5,X-Phos,nG,0.36700316278880124
3242,33.0,74.0,0.0,74.0,e3,CgMe-PPh,nG,0.693870840573733
3243,33.0,75.0,0.0,75.0,e1,tBPh-CPhos,nC,0.20431204836192307
3244,33.0,76.0,0.0,76.0,e2,BrettPhos,nG,0.08281407991024353
3245,33.0,77.0,0.0,77.0,e4,PPh3,nE,0.0
3246,33.0,78.0,0.0,78.0,e4,Cy-BippyPhos,nD,0.0
3247,33.0,79.0,0.0,79.0,e3,Cy-DavePhos,nC,0.37215812981068086
3248,33.0,80.0,0.0,80.0,e3,A-caPhos,nB,0.12487445849811245
3249,33.0,81.0,0.0,81.0,e9,P(fur)3,nI,0.28711297797323754
3250,33.0,82.0,0.0,82.0,e1,PPhtBu2,nF,0.0
3251,33.0,83.0,0.0,83.0,e5,MeO-KITPHOS,nB,0.28637906683057796
3252,33.0,84.0,0.0,84.0,e2,Kwong,nE,0.15385645810893028
3253,33.0,85.0,0.0,85.0,e9,CX-PICy,nA,0.22214179192108488
3254,33.0,86.0,0.0,86.0,e7,CgMe-PPh,nG,0.20467687014770913
3255,33.0,87.0,0.0,87.0,e1,PPh2Me,nI,0.05859619006636522
3256,33.0,88.0,0.0,88.0,e7,"P(3,5-CF3-Ph)3",nG,0.004136174060489153
3257,33.0,89.0,0.0,89.0,e9,Et-PhenCar-Phos,nC,0.3799408105497681
3258,33.0,90.0,0.0,90.0,e9,PPhMe2,nD,0.18559600333835125
3259,33.0,91.0,0.0,91.0,e3,P(o-Anis)3,nI,0.03740072259651408
3260,33.0,92.0,0.0,92.0,e5,JackiePhos,nI,0.6882070592144776
3261,33.0,93.0,0.0,93.0,e4,CX-FBu,nC,0.0047669076631712696
3262,33.0,94.0,0.0,94.0,e5,Ph-PhenCar-Phos,nF,0.09156197264058712
3263,33.0,95.0,0.0,95.0,e3,Cy-vBRIDP,nD,0.6292634271358025
3264,34.0,0.0,0.0,0.0,e1,A-caPhos,nC,0.08326557611388505
3265,34.0,1.0,0.0,1.0,e3,BrettPhos,nE,0.012327416789753938
3266,34.0,2.0,0.0,2.0,e7,CX-FBu,nB,0.0925326789625629
3267,34.0,3.0,0.0,3.0,e1,CX-PICy,nB,0.158428631262488
3268,34.0,4.0,0.0,4.0,e2,Cy-DavePhos,nE,0.13508476980027337
3269,34.0,5.0,0.0,5.0,e7,Cy-vBRIDP,nI,0.27806549204654124
3270,34.0,6.0,0.0,6.0,e4,Kwong,nA,0.0
3271,34.0,7.0,0.0,7.0,e2,MeO-KITPHOS,nA,0.6953968715197815
3272,34.0,8.0,0.0,8.0,e5,P(o-Anis)3,nE,0.08503037414620321
3273,34.0,9.0,0.0,9.0,e2,Et-PhenCar-Phos,nA,0.9619512654546682
3274,34.0,10.0,0.0,10.0,e9,JackiePhos,nC,0.3402888306071797
3275,34.0,11.0,0.0,11.0,e4,"P(3,5-CF3-Ph)3",nD,0.021077110506758236
3276,34.0,12.0,0.0,12.0,e10,P(fur)3,nE,0.041148408288671126
3277,34.0,13.0,0.0,13.0,e10,Ph-PhenCar-Phos,nG,0.0
3278,34.0,14.0,0.0,14.0,e1,PPh2Me,nG,0.046182417331377484
3279,34.0,15.0,0.0,15.0,e2,PPhtBu2,nB,0.2956916574075555
3280,34.0,16.0,0.0,16.0,e1,tBPh-CPhos,nC,0.20431204836192307
3281,34.0,17.0,0.0,17.0,e1,PPhMe2,nD,0.0
3282,34.0,18.0,0.0,18.0,e1,Cy-BippyPhos,nG,0.15976408278590903
3283,34.0,19.0,0.0,19.0,e5,PCy3 HBF4,nF,0.0989693910252459
3284,34.0,20.0,0.0,20.0,e10,CgMe-PPh,nE,0.0683436736393753
3285,34.0,21.0,0.0,21.0,e1,PPh3,nB,0.1440608266906695
3286,34.0,22.0,0.0,22.0,e7,X-Phos,nF,0.15361466712198887
3287,34.0,23.0,0.0,23.0,e3,PnBu3 HBF4,nA,0.08612679775706653
3288,34.0,24.0,0.0,24.0,e10,Et-PhenCar-Phos,nC,0.7283750489168687
3289,34.0,25.0,0.0,25.0,e1,MeO-KITPHOS,nG,0.05772455406029879
3290,34.0,26.0,0.0,26.0,e1,JackiePhos,nG,0.16044985000151907
3291,34.0,27.0,0.0,27.0,e10,PPhtBu2,nA,0.7009303126601298
3292,34.0,28.0,0.0,28.0,e10,Cy-vBRIDP,nC,0.6923970246236064
3293,34.0,29.0,0.0,29.0,e7,Et-PhenCar-Phos,nG,0.27193527624521374
3294,34.0,30.0,0.0,30.0,e4,tBPh-CPhos,nF,0.13333417034980927
3295,34.0,31.0,0.0,31.0,e5,Cy-BippyPhos,nC,0.7310324837389857
3296,34.0,32.0,0.0,32.0,e9,CX-PICy,nG,0.3105609528066332
3297,34.0,33.0,0.0,33.0,e1,X-Phos,nF,0.0977093065996311
3298,34.0,34.0,0.0,34.0,e3,PPh3,nF,0.7331009521150271
3299,34.0,35.0,0.0,35.0,e7,Cy-DavePhos,nF,0.07212456406365218
3300,34.0,36.0,0.0,36.0,e9,PCy3 HBF4,nE,0.09422828034713238
3301,34.0,37.0,0.0,37.0,e10,CX-FBu,nG,0.07949868376012764
3302,34.0,38.0,0.0,38.0,e3,PnBu3 HBF4,nB,0.061021062497356005
3303,34.0,39.0,0.0,39.0,e3,P(o-Anis)3,nI,0.03740072259651408
3304,34.0,40.0,0.0,40.0,e1,A-caPhos,nG,0.017297638901613968
3305,34.0,41.0,0.0,41.0,e7,CgMe-PPh,nC,0.4527219927063775
3306,34.0,42.0,0.0,42.0,e3,PPh2Me,nD,0.22980567343975122
3307,34.0,43.0,0.0,43.0,e7,P(fur)3,nG,0.09582881459800867
3308,34.0,44.0,0.0,44.0,e1,"P(3,5-CF3-Ph)3",nI,0.05907258173862887
3309,34.0,45.0,0.0,45.0,e4,BrettPhos,nB,0.06659152732740367
3310,34.0,46.0,0.0,46.0,e3,Kwong,nF,0.751341990836228
3311,34.0,47.0,0.0,47.0,e4,Ph-PhenCar-Phos,nG,0.032094455374630654
3312,34.0,48.0,0.0,48.0,e9,PPhMe2,nA,0.1450743291828029
3313,34.0,49.0,0.0,49.0,e2,PPhtBu2,nC,0.5884787341556109
3314,34.0,50.0,0.0,50.0,e1,Cy-vBRIDP,nC,0.021046518566206512
3315,34.0,51.0,0.0,51.0,e1,Cy-BippyPhos,nD,0.19322800249768834
3316,34.0,52.0,0.0,52.0,e9,PPh3,nC,0.36576356638393287
3317,34.0,53.0,0.0,53.0,e7,Et-PhenCar-Phos,nD,1.0
3318,34.0,54.0,0.0,54.0,e3,MeO-KITPHOS,nD,0.4375043123935729
3319,34.0,55.0,0.0,55.0,e7,Kwong,nB,0.020383918157043737
3320,34.0,56.0,0.0,56.0,e9,Et-PhenCar-Phos,nG,0.46505962614221114
3321,34.0,57.0,0.0,57.0,e3,PPhtBu2,nC,0.47844610654360165
3322,34.0,58.0,0.0,58.0,e4,CgMe-PPh,nA,0.05836143390317885
3323,34.0,59.0,0.0,59.0,e1,JackiePhos,nF,0.21427092007990234
3324,34.0,60.0,0.0,60.0,e4,CX-PICy,nE,0.044118367259479443
3325,34.0,61.0,0.0,61.0,e9,tBPh-CPhos,nD,0.7798623769507976
3326,34.0,62.0,0.0,62.0,e3,Et-PhenCar-Phos,nF,0.7168147526183698
3327,34.0,63.0,0.0,63.0,e4,PPh3,nD,0.001865175726413785
3328,34.0,64.0,0.0,64.0,e3,PPh2Me,nE,0.10038963691603196
3329,34.0,65.0,0.0,65.0,e2,MeO-KITPHOS,nE,0.14157346928450873
3330,34.0,66.0,0.0,66.0,e10,X-Phos,nD,0.9917865678194812
3331,34.0,67.0,0.0,67.0,e1,X-Phos,nE,0.024633332147110165
3332,34.0,68.0,0.0,68.0,e2,tBPh-CPhos,nC,0.6045475370510676
3333,34.0,69.0,0.0,69.0,e2,Cy-DavePhos,nF,0.8384971848128893
3334,34.0,70.0,0.0,70.0,e10,Cy-BippyPhos,nA,0.7528860791443422
3335,34.0,71.0,0.0,71.0,e4,PPhtBu2,nF,0.0
3336,34.0,72.0,0.0,72.0,e1,PCy3 HBF4,nD,0.10789505494394104
3337,34.0,73.0,0.0,73.0,e9,Et-PhenCar-Phos,nD,0.6763905107050712
3338,34.0,74.0,0.0,74.0,e2,Cy-DavePhos,nD,0.8600984767103315
3339,34.0,75.0,0.0,75.0,e9,CX-FBu,nB,0.028022478485440292
3340,34.0,76.0,0.0,76.0,e3,PnBu3 HBF4,nC,0.5104443617808837
3341,34.0,77.0,0.0,77.0,e1,PPhMe2,nG,0.015753918769731767
3342,34.0,78.0,0.0,78.0,e5,Cy-vBRIDP,nE,0.15014188546666088
3343,34.0,79.0,0.0,79.0,e4,P(fur)3,nD,0.03673341810204701
3344,34.0,80.0,0.0,80.0,e10,Cy-DavePhos,nI,0.7834423636635293
3345,34.0,81.0,0.0,81.0,e2,P(o-Anis)3,nG,0.12131880345908684
3346,34.0,82.0,0.0,82.0,e7,A-caPhos,nC,0.6204517712369704
3347,34.0,83.0,0.0,83.0,e2,Cy-BippyPhos,nD,0.899766462439471
3348,34.0,84.0,0.0,84.0,e2,"P(3,5-CF3-Ph)3",nD,0.8356393853580697
3349,34.0,85.0,0.0,85.0,e9,"P(3,5-CF3-Ph)3",nD,0.44318159981050437
3350,34.0,86.0,0.0,86.0,e4,BrettPhos,nA,0.0
3351,34.0,87.0,0.0,87.0,e10,Et-PhenCar-Phos,nA,0.7401699862842729
3352,34.0,88.0,0.0,88.0,e10,Cy-BippyPhos,nE,0.15176129512938982
3353,34.0,89.0,0.0,89.0,e3,Cy-DavePhos,nI,0.3888644156671869
3354,34.0,90.0,0.0,90.0,e7,tBPh-CPhos,nC,0.6575510344081796
3355,34.0,91.0,0.0,91.0,e4,Ph-PhenCar-Phos,nB,0.004535315989053302
3356,34.0,92.0,0.0,92.0,e2,Kwong,nF,0.7262280592039937
3357,34.0,93.0,0.0,93.0,e4,Et-PhenCar-Phos,nG,0.0029966288441688137
3358,34.0,94.0,0.0,94.0,e1,A-caPhos,nF,0.010702303143673455
3359,34.0,95.0,0.0,95.0,e4,JackiePhos,nD,0.03756510618398426
3360,35.0,0.0,0.0,0.0,e1,A-caPhos,nE,0.03499297317844621
3361,35.0,1.0,0.0,1.0,e3,BrettPhos,nE,0.012327416789753938
3362,35.0,2.0,0.0,2.0,e7,CX-FBu,nF,0.0
3363,35.0,3.0,0.0,3.0,e5,CX-PICy,nD,0.7367636173787823
3364,35.0,4.0,0.0,4.0,e4,Cy-DavePhos,nE,0.0
3365,35.0,5.0,0.0,5.0,e7,Cy-vBRIDP,nE,0.0285055968883504
3366,35.0,6.0,0.0,6.0,e4,Kwong,nI,0.0
3367,35.0,7.0,0.0,7.0,e1,MeO-KITPHOS,nF,0.01625313158601373
3368,35.0,8.0,0.0,8.0,e4,P(o-Anis)3,nF,0.16200930130091348
3369,35.0,9.0,0.0,9.0,e3,Et-PhenCar-Phos,nF,0.7168147526183698
3370,35.0,10.0,0.0,10.0,e1,JackiePhos,nF,0.21427092007990234
3371,35.0,11.0,0.0,11.0,e9,"P(3,5-CF3-Ph)3",nG,0.3475054757161358
3372,35.0,12.0,0.0,12.0,e2,P(fur)3,nE,0.12109249824231177
3373,35.0,13.0,0.0,13.0,e2,Ph-PhenCar-Phos,nB,0.0
3374,35.0,14.0,0.0,14.0,e2,PPh2Me,nF,0.0
3375,35.0,15.0,0.0,15.0,e1,PPhtBu2,nD,0.03363179088885197
3376,35.0,16.0,0.0,16.0,e3,tBPh-CPhos,nI,0.40203943367844525
3377,35.0,17.0,0.0,17.0,e10,PPhMe2,nC,0.711717873982058
3378,35.0,18.0,0.0,18.0,e7,Cy-BippyPhos,nF,0.8908823040179712
3379,35.0,19.0,0.0,19.0,e4,PCy3 HBF4,nB,0.0
3380,35.0,20.0,0.0,20.0,e4,CgMe-PPh,nI,0.07791399926072878
3381,35.0,21.0,0.0,21.0,e2,PPh3,nF,0.46094142786882736
3382,35.0,22.0,0.0,22.0,e7,X-Phos,nC,0.7699443054600407
3383,35.0,23.0,0.0,23.0,e4,PnBu3 HBF4,nB,0.021725924272589937
3384,35.0,24.0,0.0,24.0,e9,Cy-BippyPhos,nC,0.4093298004131833
3385,35.0,25.0,0.0,25.0,e3,X-Phos,nF,0.8295848550156448
3386,35.0,26.0,0.0,26.0,e9,CX-PICy,nI,0.5796467982779039
3387,35.0,27.0,0.0,27.0,e10,Et-PhenCar-Phos,nD,0.9813444766852435
3388,35.0,28.0,0.0,28.0,e1,PPhMe2,nI,0.04119451536413164
3389,35.0,29.0,0.0,29.0,e10,PPh3,nD,0.9785597434506366
3390,35.0,30.0,0.0,30.0,e5,tBPh-CPhos,nC,0.7175681052805551
3391,35.0,31.0,0.0,31.0,e10,"P(3,5-CF3-Ph)3",nC,0.6167370746739574
3392,35.0,32.0,0.0,32.0,e10,Et-PhenCar-Phos,nI,0.8978098811886851
3393,35.0,33.0,0.0,33.0,e5,JackiePhos,nC,0.6733815385706186
3394,35.0,34.0,0.0,34.0,e9,X-Phos,nA,0.4653132921969271
3395,35.0,35.0,0.0,35.0,e4,P(o-Anis)3,nA,0.011826348840518159
3396,35.0,36.0,0.0,36.0,e10,PPh3,nF,0.9681029779274772
3397,35.0,37.0,0.0,37.0,e2,P(fur)3,nI,0.8026402936862348
3398,35.0,38.0,0.0,38.0,e7,CgMe-PPh,nI,0.6142759277683246
3399,35.0,39.0,0.0,39.0,e2,CX-PICy,nE,0.1112468268031635
3400,35.0,40.0,0.0,40.0,e1,Cy-BippyPhos,nB,0.16085798150695332
3401,35.0,41.0,0.0,41.0,e3,A-caPhos,nA,0.31300672103875227
3402,35.0,42.0,0.0,42.0,e10,PPhtBu2,nA,0.7009303126601298
3403,35.0,43.0,0.0,43.0,e9,Cy-vBRIDP,nC,0.3462977628869725
3404,35.0,44.0,0.0,44.0,e5,PnBu3 HBF4,nI,0.39796639204159534
3405,35.0,45.0,0.0,45.0,e10,Et-PhenCar-Phos,nC,0.7283750489168687
3406,35.0,46.0,0.0,46.0,e3,MeO-KITPHOS,nA,0.3689090985734202
3407,35.0,47.0,0.0,47.0,e5,BrettPhos,nF,0.4540939165916511
3408,35.0,48.0,0.0,48.0,e1,CX-FBu,nI,0.04050100920735508
3409,35.0,49.0,0.0,49.0,e1,Cy-DavePhos,nB,0.14325304895448931
3410,35.0,50.0,0.0,50.0,e10,Kwong,nD,0.9695200020757685
3411,35.0,51.0,0.0,51.0,e5,Ph-PhenCar-Phos,nG,0.0
3412,35.0,52.0,0.0,52.0,e5,PPh2Me,nF,0.0
3413,35.0,53.0,0.0,53.0,e5,PCy3 HBF4,nA,0.0615440146382004
3414,35.0,54.0,0.0,54.0,e2,tBPh-CPhos,nF,0.9180522305589233
3415,35.0,55.0,0.0,55.0,e2,PPh3,nB,0.06113101017244386
3416,35.0,56.0,0.0,56.0,e5,Kwong,nE,0.16336084003327056
3417,35.0,57.0,0.0,57.0,e9,"P(3,5-CF3-Ph)3",nF,0.3243416897405247
3418,35.0,58.0,0.0,58.0,e7,P(fur)3,nF,0.003960698397596189
3419,35.0,59.0,0.0,59.0,e7,JackiePhos,nB,0.2780363157049384
3420,35.0,60.0,0.0,60.0,e3,X-Phos,nB,0.2000064287326038
3421,35.0,61.0,0.0,61.0,e5,tBPh-CPhos,nF,0.021215482774025726
3422,35.0,62.0,0.0,62.0,e1,Et-PhenCar-Phos,nE,0.038240826794146296
3423,35.0,63.0,0.0,63.0,e5,PPhMe2,nD,0.7767748774157355
3424,35.0,64.0,0.0,64.0,e9,PPhtBu2,nA,0.22969981648958007
3425,35.0,65.0,0.0,65.0,e1,CgMe-PPh,nE,0.1040741361267055
3426,35.0,66.0,0.0,66.0,e5,PPhMe2,nE,0.2586811210145722
3427,35.0,67.0,0.0,67.0,e1,BrettPhos,nB,0.023933086062199235
3428,35.0,68.0,0.0,68.0,e10,Cy-BippyPhos,nA,0.7528860791443422
3429,35.0,69.0,0.0,69.0,e3,CX-PICy,nB,0.0849376627257103
3430,35.0,70.0,0.0,70.0,e2,PnBu3 HBF4,nG,0.05240835785700971
3431,35.0,71.0,0.0,71.0,e5,PPh3,nC,0.8123421522885619
3432,35.0,72.0,0.0,72.0,e10,MeO-KITPHOS,nA,0.5040049303765105
3433,35.0,73.0,0.0,73.0,e3,Cy-vBRIDP,nE,0.22456888388015206
3434,35.0,74.0,0.0,74.0,e9,A-caPhos,nE,0.1264609747923346
3435,35.0,75.0,0.0,75.0,e4,"P(3,5-CF3-Ph)3",nD,0.021077110506758236
3436,35.0,76.0,0.0,76.0,e2,Et-PhenCar-Phos,nB,0.30781579365006
3437,35.0,77.0,0.0,77.0,e9,X-Phos,nC,0.3631647018503177
3438,35.0,78.0,0.0,78.0,e9,Cy-BippyPhos,nG,0.46478882021105844
3439,35.0,79.0,0.0,79.0,e2,PPh3,nI,0.5983316480220364
3440,35.0,80.0,0.0,80.0,e9,JackiePhos,nA,0.4878435591523317
3441,35.0,81.0,0.0,81.0,e1,Kwong,nA,0.11345641456119931
3442,35.0,82.0,0.0,82.0,e4,tBPh-CPhos,nC,0.29898547506383855
3443,35.0,83.0,0.0,83.0,e5,P(o-Anis)3,nD,0.2673691817698943
3444,35.0,84.0,0.0,84.0,e5,Cy-DavePhos,nF,0.03313108332432727
3445,35.0,85.0,0.0,85.0,e3,PPhtBu2,nD,0.6677531336144049
3446,35.0,86.0,0.0,86.0,e2,P(fur)3,nG,0.26823050789231057
3447,35.0,87.0,0.0,87.0,e4,PPh3,nI,0.04426360801913863
3448,35.0,88.0,0.0,88.0,e2,MeO-KITPHOS,nB,0.2471450614128532
3449,35.0,89.0,0.0,89.0,e2,PPhMe2,nE,0.206575885338896
3450,35.0,90.0,0.0,90.0,e2,PCy3 HBF4,nD,0.7652714503735659
3451,35.0,91.0,0.0,91.0,e5,CX-FBu,nI,0.1321271688112772
3452,35.0,92.0,0.0,92.0,e3,PCy3 HBF4,nD,0.6525316662080763
3453,35.0,93.0,0.0,93.0,e5,Cy-BippyPhos,nD,0.7452121533478554
3454,35.0,94.0,0.0,94.0,e3,Et-PhenCar-Phos,nC,0.528155852189567
3455,35.0,95.0,0.0,95.0,e3,CgMe-PPh,nG,0.693870840573733
3456,36.0,0.0,0.0,0.0,e7,A-caPhos,nI,0.1501933291748367
3457,36.0,1.0,0.0,1.0,e3,BrettPhos,nC,0.13197723746779189
3458,36.0,2.0,0.0,2.0,e7,CX-FBu,nD,0.017505922127010028
3459,36.0,3.0,0.0,3.0,e3,CX-PICy,nI,0.3147352706817098
3460,36.0,4.0,0.0,4.0,e3,Cy-DavePhos,nG,0.582883480820361
3461,36.0,5.0,0.0,5.0,e5,Cy-vBRIDP,nI,0.7979626994163204
3462,36.0,6.0,0.0,6.0,e4,Kwong,nE,0.0
3463,36.0,7.0,0.0,7.0,e7,MeO-KITPHOS,nF,0.14909057955854127
3464,36.0,8.0,0.0,8.0,e5,P(o-Anis)3,nC,0.2597060555559565
3465,36.0,9.0,0.0,9.0,e10,Et-PhenCar-Phos,nF,0.9128845279878604
3466,36.0,10.0,0.0,10.0,e10,JackiePhos,nE,0.13231340139379136
3467,36.0,11.0,0.0,11.0,e5,"P(3,5-CF3-Ph)3",nD,0.7269615014964179
3468,36.0,12.0,0.0,12.0,e3,P(fur)3,nF,0.44484850798719355
3469,36.0,13.0,0.0,13.0,e2,Ph-PhenCar-Phos,nI,0.31637502685680596
3470,36.0,14.0,0.0,14.0,e4,PPh2Me,nD,0.017873792875666726
3471,36.0,15.0,0.0,15.0,e3,PPhtBu2,nC,0.47844610654360165
3472,36.0,16.0,0.0,16.0,e4,tBPh-CPhos,nC,0.29898547506383855
3473,36.0,17.0,0.0,17.0,e10,PPhMe2,nI,0.5272307031167799
3474,36.0,18.0,0.0,18.0,e10,Cy-BippyPhos,nI,0.8194571896084138
3475,36.0,19.0,0.0,19.0,e3,PCy3 HBF4,nC,0.5344164665084931
3476,36.0,20.0,0.0,20.0,e1,CgMe-PPh,nG,0.16657970973424252
3477,36.0,21.0,0.0,21.0,e4,PPh3,nI,0.04426360801913863
3478,36.0,22.0,0.0,22.0,e7,X-Phos,nD,0.3829370574937559
3479,36.0,23.0,0.0,23.0,e2,PnBu3 HBF4,nB,0.04474124971849085
3480,36.0,24.0,0.0,24.0,e5,Et-PhenCar-Phos,nF,0.9721268742833418
3481,36.0,25.0,0.0,25.0,e10,Cy-BippyPhos,nD,1.0
3482,36.0,26.0,0.0,26.0,e10,Cy-vBRIDP,nC,0.6923970246236064
3483,36.0,27.0,0.0,27.0,e10,"P(3,5-CF3-Ph)3",nG,0.420516226306976
3484,36.0,28.0,0.0,28.0,e1,Cy-DavePhos,nI,0.007578802183845745
3485,36.0,29.0,0.0,29.0,e1,PCy3 HBF4,nE,0.06933003441095552
3486,36.0,30.0,0.0,30.0,e5,PPhMe2,nB,0.33576273461927086
3487,36.0,31.0,0.0,31.0,e3,PPhtBu2,nA,0.3650613273843325
3488,36.0,32.0,0.0,32.0,e5,P(fur)3,nD,0.7206680265827334
3489,36.0,33.0,0.0,33.0,e3,X-Phos,nI,0.43402238114543207
3490,36.0,34.0,0.0,34.0,e10,Et-PhenCar-Phos,nG,0.4986371729738086
3491,36.0,35.0,0.0,35.0,e7,Cy-BippyPhos,nB,0.26761082245238416
3492,36.0,36.0,0.0,36.0,e7,Ph-PhenCar-Phos,nC,0.4720527136836855
3493,36.0,37.0,0.0,37.0,e3,CX-PICy,nC,0.42737783545851454
3494,36.0,38.0,0.0,38.0,e10,tBPh-CPhos,nE,0.067635101402571
3495,36.0,39.0,0.0,39.0,e7,P(o-Anis)3,nA,0.2039959559602517
3496,36.0,40.0,0.0,40.0,e7,CgMe-PPh,nA,0.6062121514347315
3497,36.0,41.0,0.0,41.0,e5,Cy-vBRIDP,nG,0.40071151817911255
3498,36.0,42.0,0.0,42.0,e3,A-caPhos,nE,0.07288605180469757
3499,36.0,43.0,0.0,43.0,e5,MeO-KITPHOS,nD,0.7150014599477411
3500,36.0,44.0,0.0,44.0,e9,JackiePhos,nD,0.6112600941230104
3501,36.0,45.0,0.0,45.0,e9,BrettPhos,nA,0.05897317034300215
3502,36.0,46.0,0.0,46.0,e4,PnBu3 HBF4,nB,0.021725924272589937
3503,36.0,47.0,0.0,47.0,e10,PPh3,nB,0.027379747986006113
3504,36.0,48.0,0.0,48.0,e3,PPh2Me,nC,0.4855178301327266
3505,36.0,49.0,0.0,49.0,e3,CX-FBu,nD,0.0
3506,36.0,50.0,0.0,50.0,e7,Kwong,nE,0.004040419088719778
3507,36.0,51.0,0.0,51.0,e3,P(fur)3,nI,0.10333447340607371
3508,36.0,52.0,0.0,52.0,e10,"P(3,5-CF3-Ph)3",nI,0.941711710784077
3509,36.0,53.0,0.0,53.0,e5,Et-PhenCar-Phos,nC,0.7420550241578128
3510,36.0,54.0,0.0,54.0,e4,"P(3,5-CF3-Ph)3",nE,0.022865395605389537
3511,36.0,55.0,0.0,55.0,e9,Cy-BippyPhos,nC,0.4093298004131833
3512,36.0,56.0,0.0,56.0,e2,MeO-KITPHOS,nD,0.8301285778461426
3513,36.0,57.0,0.0,57.0,e3,PPhMe2,nC,0.45752334695304314
3514,36.0,58.0,0.0,58.0,e5,PPhtBu2,nA,0.6662908668048635
3515,36.0,59.0,0.0,59.0,e1,X-Phos,nI,0.05873515318530329
3516,36.0,60.0,0.0,60.0,e4,Ph-PhenCar-Phos,nA,0.0
3517,36.0,61.0,0.0,61.0,e2,CgMe-PPh,nD,0.9061905699119336
3518,36.0,62.0,0.0,62.0,e10,JackiePhos,nA,0.7329517075696806
3519,36.0,63.0,0.0,63.0,e3,CX-PICy,nD,0.6575942693885647
3520,36.0,64.0,0.0,64.0,e4,Cy-vBRIDP,nA,0.021399040085944364
3521,36.0,65.0,0.0,65.0,e7,Et-PhenCar-Phos,nE,0.05718031328307803
3522,36.0,66.0,0.0,66.0,e3,MeO-KITPHOS,nB,0.16832752828316924
3523,36.0,67.0,0.0,67.0,e1,PCy3 HBF4,nF,0.0936542572430908
3524,36.0,68.0,0.0,68.0,e4,CgMe-PPh,nA,0.05836143390317885
3525,36.0,69.0,0.0,69.0,e2,Cy-DavePhos,nF,0.8384971848128893
3526,36.0,70.0,0.0,70.0,e10,PPh2Me,nI,0.054332685778400516
3527,36.0,71.0,0.0,71.0,e4,PPhtBu2,nE,0.0
3528,36.0,72.0,0.0,72.0,e4,JackiePhos,nF,0.14143573352899122
3529,36.0,73.0,0.0,73.0,e10,P(o-Anis)3,nB,0.07857661737600978
3530,36.0,74.0,0.0,74.0,e7,Cy-DavePhos,nI,0.2468203134373269
3531,36.0,75.0,0.0,75.0,e1,Cy-BippyPhos,nF,0.042463401107959806
3532,36.0,76.0,0.0,76.0,e7,CX-PICy,nB,0.23030477566313212
3533,36.0,77.0,0.0,77.0,e1,tBPh-CPhos,nE,0.10531846896621012
3534,36.0,78.0,0.0,78.0,e2,PPhMe2,nI,0.5671887226956333
3535,36.0,79.0,0.0,79.0,e5,P(fur)3,nA,0.7422450479697658
3536,36.0,80.0,0.0,80.0,e5,Et-PhenCar-Phos,nG,0.4088272163752651
3537,36.0,81.0,0.0,81.0,e1,"P(3,5-CF3-Ph)3",nE,0.02574746723401784
3538,36.0,82.0,0.0,82.0,e5,A-caPhos,nE,0.037864613831533826
3539,36.0,83.0,0.0,83.0,e5,BrettPhos,nA,0.2635639912874397
3540,36.0,84.0,0.0,84.0,e1,P(fur)3,nD,0.027849023497232013
3541,36.0,85.0,0.0,85.0,e4,Cy-vBRIDP,nD,0.0814370688803937
3542,36.0,86.0,0.0,86.0,e5,PPhMe2,nE,0.2586811210145722
3543,36.0,87.0,0.0,87.0,e2,MeO-KITPHOS,nA,0.6953968715197815
3544,36.0,88.0,0.0,88.0,e10,PPh3,nE,0.026002383851906816
3545,36.0,89.0,0.0,89.0,e7,PnBu3 HBF4,nE,0.0
3546,36.0,90.0,0.0,90.0,e9,X-Phos,nF,0.7946437444937127
3547,36.0,91.0,0.0,91.0,e4,CgMe-PPh,nI,0.07791399926072878
3548,36.0,92.0,0.0,92.0,e9,CX-FBu,nG,0.0
3549,36.0,93.0,0.0,93.0,e9,Cy-DavePhos,nB,0.10197404268440335
3550,36.0,94.0,0.0,94.0,e5,X-Phos,nE,0.10922716180611192
3551,36.0,95.0,0.0,95.0,e3,Ph-PhenCar-Phos,nD,0.47450746117667053
3552,37.0,0.0,0.0,0.0,e10,A-caPhos,nC,0.810246096009385
3553,37.0,1.0,0.0,1.0,e9,BrettPhos,nG,0.0
3554,37.0,2.0,0.0,2.0,e1,CX-FBu,nA,0.06728168343034004
3555,37.0,3.0,0.0,3.0,e7,CX-PICy,nI,0.5099042814136777
3556,37.0,4.0,0.0,4.0,e2,Cy-DavePhos,nA,0.890605834039087
3557,37.0,5.0,0.0,5.0,e5,Cy-vBRIDP,nG,0.40071151817911255
3558,37.0,6.0,0.0,6.0,e4,Kwong,nC,0.13664049521331256
3559,37.0,7.0,0.0,7.0,e7,MeO-KITPHOS,nC,0.1818058238116577
3560,37.0,8.0,0.0,8.0,e9,P(o-Anis)3,nG,0.16952591679227183
3561,37.0,9.0,0.0,9.0,e10,Et-PhenCar-Phos,nC,0.7283750489168687
3562,37.0,10.0,0.0,10.0,e7,JackiePhos,nB,0.2780363157049384
3563,37.0,11.0,0.0,11.0,e1,"P(3,5-CF3-Ph)3",nD,0.1717712180634414
3564,37.0,12.0,0.0,12.0,e5,P(fur)3,nB,0.1834224346309997
3565,37.0,13.0,0.0,13.0,e3,Ph-PhenCar-Phos,nE,0.000513778510005651
3566,37.0,14.0,0.0,14.0,e3,PPh2Me,nD,0.22980567343975122
3567,37.0,15.0,0.0,15.0,e4,PPhtBu2,nI,0.0
3568,37.0,16.0,0.0,16.0,e2,tBPh-CPhos,nF,0.9180522305589233
3569,37.0,17.0,0.0,17.0,e4,PPhMe2,nC,0.05076454644852316
3570,37.0,18.0,0.0,18.0,e2,Cy-BippyPhos,nB,0.3284195625331717
3571,37.0,19.0,0.0,19.0,e7,PCy3 HBF4,nI,0.1338582855355113
3572,37.0,20.0,0.0,20.0,e3,CgMe-PPh,nG,0.693870840573733
3573,37.0,21.0,0.0,21.0,e4,PPh3,nD,0.001865175726413785
3574,37.0,22.0,0.0,22.0,e1,X-Phos,nE,0.024633332147110165
3575,37.0,23.0,0.0,23.0,e4,PnBu3 HBF4,nF,0.07661274417725286
3576,37.0,24.0,0.0,24.0,e7,tBPh-CPhos,nF,0.04219969859241317
3577,37.0,25.0,0.0,25.0,e9,Cy-DavePhos,nF,0.869939977523386
3578,37.0,26.0,0.0,26.0,e9,A-caPhos,nE,0.1264609747923346
3579,37.0,27.0,0.0,27.0,e1,Et-PhenCar-Phos,nC,0.13162928317129613
3580,37.0,28.0,0.0,28.0,e2,CgMe-PPh,nI,0.7692361366046242
3581,37.0,29.0,0.0,29.0,e4,CX-PICy,nD,0.04718150893102839
3582,37.0,30.0,0.0,30.0,e4,Cy-vBRIDP,nE,0.012274316478209889
3583,37.0,31.0,0.0,31.0,e9,Cy-BippyPhos,nB,0.19614551978344988
3584,37.0,32.0,0.0,32.0,e2,Cy-DavePhos,nB,0.3895783251678055
3585,37.0,33.0,0.0,33.0,e7,JackiePhos,nD,0.9134460718332484
3586,37.0,34.0,0.0,34.0,e3,PPh2Me,nC,0.4855178301327266
3587,37.0,35.0,0.0,35.0,e9,P(fur)3,nG,0.3593925605569053
3588,37.0,36.0,0.0,36.0,e3,MeO-KITPHOS,nA,0.3689090985734202
3589,37.0,37.0,0.0,37.0,e7,"P(3,5-CF3-Ph)3",nB,0.14407814391298038
3590,37.0,38.0,0.0,38.0,e2,P(o-Anis)3,nD,0.4223619633611157
3591,37.0,39.0,0.0,39.0,e1,CgMe-PPh,nG,0.16657970973424252
3592,37.0,40.0,0.0,40.0,e9,Kwong,nC,0.3519968307033692
3593,37.0,41.0,0.0,41.0,e7,PCy3 HBF4,nC,0.4444113627763342
3594,37.0,42.0,0.0,42.0,e7,PnBu3 HBF4,nF,0.03709911701896136
3595,37.0,43.0,0.0,43.0,e9,CX-FBu,nF,0.005339162336147423
3596,37.0,44.0,0.0,44.0,e3,PPhMe2,nA,0.3195986379275633
3597,37.0,45.0,0.0,45.0,e5,X-Phos,nF,0.5612705116717954
3598,37.0,46.0,0.0,46.0,e4,JackiePhos,nA,0.01378290721008047
3599,37.0,47.0,0.0,47.0,e3,PPh3,nG,0.5441952440189306
3600,37.0,48.0,0.0,48.0,e10,Ph-PhenCar-Phos,nC,0.6466673885416775
3601,37.0,49.0,0.0,49.0,e10,BrettPhos,nI,0.1572445220332629
3602,37.0,50.0,0.0,50.0,e5,PPhtBu2,nC,0.7698254349858591
3603,37.0,51.0,0.0,51.0,e3,tBPh-CPhos,nD,0.7179271330497705
3604,37.0,52.0,0.0,52.0,e4,A-caPhos,nA,0.066015799846542
3605,37.0,53.0,0.0,53.0,e5,Cy-DavePhos,nI,0.8413366058756354
3606,37.0,54.0,0.0,54.0,e10,Et-PhenCar-Phos,nG,0.4986371729738086
3607,37.0,55.0,0.0,55.0,e7,PPhtBu2,nA,0.22643925135847556
3608,37.0,56.0,0.0,56.0,e5,PPh2Me,nB,0.24852294716245807
3609,37.0,57.0,0.0,57.0,e9,Cy-DavePhos,nD,0.7064770155795914
3610,37.0,58.0,0.0,58.0,e5,Ph-PhenCar-Phos,nG,0.0
3611,37.0,59.0,0.0,59.0,e7,tBPh-CPhos,nB,0.313551181342256
3612,37.0,60.0,0.0,60.0,e5,P(o-Anis)3,nI,0.25524773080664775
3613,37.0,61.0,0.0,61.0,e5,X-Phos,nD,0.8408611369475726
3614,37.0,62.0,0.0,62.0,e9,PCy3 HBF4,nB,0.0
3615,37.0,63.0,0.0,63.0,e7,CgMe-PPh,nC,0.4527219927063775
3616,37.0,64.0,0.0,64.0,e5,CX-PICy,nC,0.7219644854632059
3617,37.0,65.0,0.0,65.0,e10,MeO-KITPHOS,nD,0.8998197521786309
3618,37.0,66.0,0.0,66.0,e9,PPh3,nA,0.4432722730662406
3619,37.0,67.0,0.0,67.0,e7,P(fur)3,nG,0.09582881459800867
3620,37.0,68.0,0.0,68.0,e1,Cy-BippyPhos,nC,0.12530079881726516
3621,37.0,69.0,0.0,69.0,e3,Kwong,nD,0.6707851203385027
3622,37.0,70.0,0.0,70.0,e1,MeO-KITPHOS,nG,0.05772455406029879
3623,37.0,71.0,0.0,71.0,e4,Cy-DavePhos,nF,0.1085703896725537
3624,37.0,72.0,0.0,72.0,e3,X-Phos,nI,0.43402238114543207
3625,37.0,73.0,0.0,73.0,e9,Cy-vBRIDP,nF,0.6967928130282119
3626,37.0,74.0,0.0,74.0,e5,Et-PhenCar-Phos,nG,0.4088272163752651
3627,37.0,75.0,0.0,75.0,e1,PPhMe2,nB,0.028702661498009253
3628,37.0,76.0,0.0,76.0,e10,CX-PICy,nB,0.2511008312299279
3629,37.0,77.0,0.0,77.0,e10,"P(3,5-CF3-Ph)3",nD,0.9480127354628836
3630,37.0,78.0,0.0,78.0,e7,"P(3,5-CF3-Ph)3",nD,0.7248719169293781
3631,37.0,79.0,0.0,79.0,e10,JackiePhos,nG,0.19943476808224297
3632,37.0,80.0,0.0,80.0,e2,Kwong,nC,0.5542025006813295
3633,37.0,81.0,0.0,81.0,e9,Cy-vBRIDP,nI,0.6700718714523624
3634,37.0,82.0,0.0,82.0,e7,CgMe-PPh,nD,1.0
3635,37.0,83.0,0.0,83.0,e1,CgMe-PPh,nC,0.11816325573626481
3636,37.0,84.0,0.0,84.0,e9,tBPh-CPhos,nF,0.9724754898127265
3637,37.0,85.0,0.0,85.0,e10,"P(3,5-CF3-Ph)3",nE,0.08377153804882367
3638,37.0,86.0,0.0,86.0,e5,BrettPhos,nC,0.08695624388826621
3639,37.0,87.0,0.0,87.0,e3,A-caPhos,nC,0.44127462725198824
3640,37.0,88.0,0.0,88.0,e2,tBPh-CPhos,nC,0.6045475370510676
3641,37.0,89.0,0.0,89.0,e5,PPhtBu2,nB,0.26686542642109434
3642,37.0,90.0,0.0,90.0,e2,PPh3,nI,0.5983316480220364
3643,37.0,91.0,0.0,91.0,e9,PPh2Me,nI,0.5231142463877392
3644,37.0,92.0,0.0,92.0,e5,PnBu3 HBF4,nE,0.14499887969779476
3645,37.0,93.0,0.0,93.0,e10,X-Phos,nF,0.9068098364152221
3646,37.0,94.0,0.0,94.0,e10,Cy-DavePhos,nA,0.6290037488957982
3647,37.0,95.0,0.0,95.0,e4,CX-FBu,nC,0.0047669076631712696
3648,38.0,0.0,0.0,0.0,e1,A-caPhos,nD,0.0
3649,38.0,1.0,0.0,1.0,e3,BrettPhos,nC,0.13197723746779189
3650,38.0,2.0,0.0,2.0,e4,CX-FBu,nB,0.003611186330700581
3651,38.0,3.0,0.0,3.0,e2,CX-PICy,nF,0.35525432440321075
3652,38.0,4.0,0.0,4.0,e1,Cy-DavePhos,nD,0.0801309667245095
3653,38.0,5.0,0.0,5.0,e4,Cy-vBRIDP,nE,0.012274316478209889
3654,38.0,6.0,0.0,6.0,e3,Kwong,nG,0.6379955567259125
3655,38.0,7.0,0.0,7.0,e10,MeO-KITPHOS,nC,0.6485009952102284
3656,38.0,8.0,0.0,8.0,e4,P(o-Anis)3,nB,0.028651564710375093
3657,38.0,9.0,0.0,9.0,e1,Et-PhenCar-Phos,nE,0.038240826794146296
3658,38.0,10.0,0.0,10.0,e9,JackiePhos,nA,0.4878435591523317
3659,38.0,11.0,0.0,11.0,e5,"P(3,5-CF3-Ph)3",nF,0.7449177693369221
3660,38.0,12.0,0.0,12.0,e2,P(fur)3,nD,0.8273907264709449
3661,38.0,13.0,0.0,13.0,e9,Ph-PhenCar-Phos,nD,0.6767072029805355
3662,38.0,14.0,0.0,14.0,e3,PPh2Me,nD,0.22980567343975122
3663,38.0,15.0,0.0,15.0,e3,PPhtBu2,nC,0.47844610654360165
3664,38.0,16.0,0.0,16.0,e4,tBPh-CPhos,nA,0.0348084285544355
3665,38.0,17.0,0.0,17.0,e7,PPhMe2,nF,0.0
3666,38.0,18.0,0.0,18.0,e9,Cy-BippyPhos,nF,0.9242970629259212
3667,38.0,19.0,0.0,19.0,e5,PCy3 HBF4,nC,0.7610838314818648
3668,38.0,20.0,0.0,20.0,e1,CgMe-PPh,nF,0.16030992191406224
3669,38.0,21.0,0.0,21.0,e7,PPh3,nD,0.9958253430037467
3670,38.0,22.0,0.0,22.0,e9,X-Phos,nD,0.745297985783962
3671,38.0,23.0,0.0,23.0,e3,PnBu3 HBF4,nC,0.5104443617808837
3672,38.0,24.0,0.0,24.0,e4,PPh3,nF,0.23217627507948946
3673,38.0,25.0,0.0,25.0,e4,Cy-BippyPhos,nI,0.01506826698150689
3674,38.0,26.0,0.0,26.0,e3,P(fur)3,nI,0.10333447340607371
3675,38.0,27.0,0.0,27.0,e4,PCy3 HBF4,nA,0.03156483605433674
3676,38.0,28.0,0.0,28.0,e10,X-Phos,nC,0.732411484160166
3677,38.0,29.0,0.0,29.0,e7,"P(3,5-CF3-Ph)3",nB,0.14407814391298038
3678,38.0,30.0,0.0,30.0,e3,Ph-PhenCar-Phos,nI,0.1932605709368885
3679,38.0,31.0,0.0,31.0,e4,MeO-KITPHOS,nE,0.0
3680,38.0,32.0,0.0,32.0,e1,Kwong,nG,0.02109424691555194
3681,38.0,33.0,0.0,33.0,e2,PnBu3 HBF4,nG,0.05240835785700971
3682,38.0,34.0,0.0,34.0,e2,JackiePhos,nF,0.547298687249777
3683,38.0,35.0,0.0,35.0,e1,PPhtBu2,nF,0.0
3684,38.0,36.0,0.0,36.0,e10,CX-PICy,nG,0.3377488314799635
3685,38.0,37.0,0.0,37.0,e2,PPh2Me,nE,0.1828915699577187
3686,38.0,38.0,0.0,38.0,e7,CgMe-PPh,nD,1.0
3687,38.0,39.0,0.0,39.0,e7,X-Phos,nG,0.0
3688,38.0,40.0,0.0,40.0,e1,BrettPhos,nD,0.04394938440180767
3689,38.0,41.0,0.0,41.0,e4,Cy-DavePhos,nI,0.09721557254928792
3690,38.0,42.0,0.0,42.0,e10,Et-PhenCar-Phos,nE,0.1423623971693994
3691,38.0,43.0,0.0,43.0,e1,tBPh-CPhos,nD,0.47671112549978
3692,38.0,44.0,0.0,44.0,e10,P(o-Anis)3,nE,0.04630473114446367
3693,38.0,45.0,0.0,45.0,e1,PPh3,nE,0.00995882546000144
3694,38.0,46.0,0.0,46.0,e2,Cy-vBRIDP,nG,0.27869962157058037
3695,38.0,47.0,0.0,47.0,e7,CX-FBu,nI,0.008436723887765887
3696,38.0,48.0,0.0,48.0,e9,A-caPhos,nE,0.1264609747923346
3697,38.0,49.0,0.0,49.0,e10,PPhMe2,nF,0.9662268038122928
3698,38.0,50.0,0.0,50.0,e5,CgMe-PPh,nA,0.19841952843225769
3699,38.0,51.0,0.0,51.0,e10,JackiePhos,nG,0.19943476808224297
3700,38.0,52.0,0.0,52.0,e5,PPhMe2,nG,0.32039585377097946
3701,38.0,53.0,0.0,53.0,e9,Cy-BippyPhos,nE,0.1706050823301135
3702,38.0,54.0,0.0,54.0,e9,P(fur)3,nG,0.3593925605569053
3703,38.0,55.0,0.0,55.0,e9,"P(3,5-CF3-Ph)3",nG,0.3475054757161358
3704,38.0,56.0,0.0,56.0,e5,Ph-PhenCar-Phos,nC,0.6706487930795781
3705,38.0,57.0,0.0,57.0,e1,PCy3 HBF4,nA,0.3323423832967356
3706,38.0,58.0,0.0,58.0,e7,CX-PICy,nD,1.0
3707,38.0,59.0,0.0,59.0,e9,Kwong,nI,0.4493156931018429
3708,38.0,60.0,0.0,60.0,e1,MeO-KITPHOS,nI,0.08070327614437922
3709,38.0,61.0,0.0,61.0,e4,CX-PICy,nC,0.6506137028615483
3710,38.0,62.0,0.0,62.0,e9,PnBu3 HBF4,nE,0.13881752224258265
3711,38.0,63.0,0.0,63.0,e1,tBPh-CPhos,nB,0.13846077071822055
3712,38.0,64.0,0.0,64.0,e9,Ph-PhenCar-Phos,nA,0.2063595645670517
3713,38.0,65.0,0.0,65.0,e7,PPhtBu2,nB,0.048302790354388385
3714,38.0,66.0,0.0,66.0,e10,X-Phos,nF,0.9068098364152221
3715,38.0,67.0,0.0,67.0,e1,PPh2Me,nG,0.046182417331377484
3716,38.0,68.0,0.0,68.0,e3,CgMe-PPh,nF,0.8647744195298661
3717,38.0,69.0,0.0,69.0,e5,X-Phos,nE,0.10922716180611192
3718,38.0,70.0,0.0,70.0,e10,CX-PICy,nF,0.8753267029656862
3719,38.0,71.0,0.0,71.0,e2,P(fur)3,nF,0.4799987068628782
3720,38.0,72.0,0.0,72.0,e10,PPhMe2,nG,0.29388406090139285
3721,38.0,73.0,0.0,73.0,e2,PPh3,nC,0.7202319507090823
3722,38.0,74.0,0.0,74.0,e4,"P(3,5-CF3-Ph)3",nG,0.02206633089938497
3723,38.0,75.0,0.0,75.0,e7,JackiePhos,nI,0.6032624128682527
3724,38.0,76.0,0.0,76.0,e5,Cy-vBRIDP,nD,0.7161030534920702
3725,38.0,77.0,0.0,77.0,e5,CgMe-PPh,nI,0.8762416176625111
3726,38.0,78.0,0.0,78.0,e3,CX-PICy,nD,0.6575942693885647
3727,38.0,79.0,0.0,79.0,e10,PCy3 HBF4,nF,0.5031493938885278
3728,38.0,80.0,0.0,80.0,e2,Cy-BippyPhos,nF,0.5159368139266189
3729,38.0,81.0,0.0,81.0,e10,Kwong,nD,0.9695200020757685
3730,38.0,82.0,0.0,82.0,e4,Kwong,nE,0.0
3731,38.0,83.0,0.0,83.0,e7,CgMe-PPh,nA,0.6062121514347315
3732,38.0,84.0,0.0,84.0,e4,Et-PhenCar-Phos,nC,0.5137778282322677
3733,38.0,85.0,0.0,85.0,e2,Cy-DavePhos,nA,0.890605834039087
3734,38.0,86.0,0.0,86.0,e7,Cy-DavePhos,nD,0.7185111182227426
3735,38.0,87.0,0.0,87.0,e4,BrettPhos,nB,0.06659152732740367
3736,38.0,88.0,0.0,88.0,e4,Cy-vBRIDP,nD,0.0814370688803937
3737,38.0,89.0,0.0,89.0,e9,PPh3,nD,0.6001831529671628
3738,38.0,90.0,0.0,90.0,e4,A-caPhos,nI,0.026305895987815804
3739,38.0,91.0,0.0,91.0,e5,CX-PICy,nB,0.25414471887183276
3740,38.0,92.0,0.0,92.0,e4,JackiePhos,nC,0.28682741874775813
3741,38.0,93.0,0.0,93.0,e1,P(o-Anis)3,nF,0.0052034376124689445
3742,38.0,94.0,0.0,94.0,e3,Cy-DavePhos,nC,0.37215812981068086
3743,38.0,95.0,0.0,95.0,e4,P(fur)3,nB,0.04357911135254303
3744,39.0,0.0,0.0,0.0,e1,A-caPhos,nA,0.24027073531882212
3745,39.0,1.0,0.0,1.0,e5,BrettPhos,nF,0.4540939165916511
3746,39.0,2.0,0.0,2.0,e3,CX-FBu,nE,0.0
3747,39.0,3.0,0.0,3.0,e4,CX-PICy,nG,0.016007987024632152
3748,39.0,4.0,0.0,4.0,e5,Cy-DavePhos,nA,0.7763833572037856
3749,39.0,5.0,0.0,5.0,e1,Cy-vBRIDP,nC,0.021046518566206512
3750,39.0,6.0,0.0,6.0,e3,Kwong,nD,0.6707851203385027
3751,39.0,7.0,0.0,7.0,e4,MeO-KITPHOS,nC,0.5583920453812025
3752,39.0,8.0,0.0,8.0,e3,P(o-Anis)3,nG,0.21909794334000537
3753,39.0,9.0,0.0,9.0,e9,Et-PhenCar-Phos,nB,0.15268768262180096
3754,39.0,10.0,0.0,10.0,e4,JackiePhos,nI,0.0
3755,39.0,11.0,0.0,11.0,e5,"P(3,5-CF3-Ph)3",nF,0.7449177693369221
3756,39.0,12.0,0.0,12.0,e5,P(fur)3,nG,0.4460254587435207
3757,39.0,13.0,0.0,13.0,e7,Ph-PhenCar-Phos,nA,0.20865958976807292
3758,39.0,14.0,0.0,14.0,e1,PPh2Me,nB,0.01727201608687613
3759,39.0,15.0,0.0,15.0,e9,PPhtBu2,nB,0.0744540569819119
3760,39.0,16.0,0.0,16.0,e3,tBPh-CPhos,nA,0.5729071695707448
3761,39.0,17.0,0.0,17.0,e7,PPhMe2,nF,0.0
3762,39.0,18.0,0.0,18.0,e10,Cy-BippyPhos,nA,0.7528860791443422
3763,39.0,19.0,0.0,19.0,e4,PCy3 HBF4,nE,0.014449000330444188
3764,39.0,20.0,0.0,20.0,e7,CgMe-PPh,nI,0.6142759277683246
3765,39.0,21.0,0.0,21.0,e7,PPh3,nF,0.578123168434268
3766,39.0,22.0,0.0,22.0,e9,X-Phos,nA,0.4653132921969271
3767,39.0,23.0,0.0,23.0,e3,PnBu3 HBF4,nG,0.28320116621218205
3768,39.0,24.0,0.0,24.0,e7,Cy-DavePhos,nB,0.2152450446486366
3769,39.0,25.0,0.0,25.0,e5,Cy-BippyPhos,nD,0.7452121533478554
3770,39.0,26.0,0.0,26.0,e2,"P(3,5-CF3-Ph)3",nF,0.5553423767091952
3771,39.0,27.0,0.0,27.0,e3,Kwong,nB,0.13828352718505904
3772,39.0,28.0,0.0,28.0,e3,CgMe-PPh,nA,0.5833854524265055
3773,39.0,29.0,0.0,29.0,e1,PPh3,nG,0.03305769806250671
3774,39.0,30.0,0.0,30.0,e1,tBPh-CPhos,nB,0.13846077071822055
3775,39.0,31.0,0.0,31.0,e4,MeO-KITPHOS,nB,0.018099243207649055
3776,39.0,32.0,0.0,32.0,e4,X-Phos,nA,0.026820456479429548
3777,39.0,33.0,0.0,33.0,e1,BrettPhos,nF,0.02959502704843433
3778,39.0,34.0,0.0,34.0,e9,P(fur)3,nI,0.28711297797323754
3779,39.0,35.0,0.0,35.0,e10,PnBu3 HBF4,nG,0.03445540105517488
3780,39.0,36.0,0.0,36.0,e4,A-caPhos,nB,0.0
3781,39.0,37.0,0.0,37.0,e3,P(o-Anis)3,nF,0.2839833546931981
3782,39.0,38.0,0.0,38.0,e10,Ph-PhenCar-Phos,nD,0.19450431269643761
3783,39.0,39.0,0.0,39.0,e1,Cy-BippyPhos,nC,0.12530079881726516
3784,39.0,40.0,0.0,40.0,e5,Et-PhenCar-Phos,nD,0.7835996088615103
3785,39.0,41.0,0.0,41.0,e7,PPhtBu2,nF,0.006345526298723309
3786,39.0,42.0,0.0,42.0,e5,"P(3,5-CF3-Ph)3",nA,0.6652219449652172
3787,39.0,43.0,0.0,43.0,e2,Cy-vBRIDP,nB,0.3426954282220505
3788,39.0,44.0,0.0,44.0,e5,PPh2Me,nE,0.26506344108851254
3789,39.0,45.0,0.0,45.0,e2,CX-PICy,nC,0.311164980503549
3790,39.0,46.0,0.0,46.0,e4,PCy3 HBF4,nD,0.07881380061232132
3791,39.0,47.0,0.0,47.0,e4,CgMe-PPh,nA,0.05836143390317885
3792,39.0,48.0,0.0,48.0,e10,CX-FBu,nB,0.1174497941912104
3793,39.0,49.0,0.0,49.0,e9,JackiePhos,nD,0.6112600941230104
3794,39.0,50.0,0.0,50.0,e2,PPhMe2,nD,0.9665760108651322
3795,39.0,51.0,0.0,51.0,e4,Cy-DavePhos,nF,0.1085703896725537
3796,39.0,52.0,0.0,52.0,e10,PPhMe2,nF,0.9662268038122928
3797,39.0,53.0,0.0,53.0,e1,Et-PhenCar-Phos,nI,0.05407119647865783
3798,39.0,54.0,0.0,54.0,e2,Kwong,nB,0.28740360301809015
3799,39.0,55.0,0.0,55.0,e9,"P(3,5-CF3-Ph)3",nI,0.5060174107510581
3800,39.0,56.0,0.0,56.0,e3,PPhMe2,nE,0.20156383963737273
3801,39.0,57.0,0.0,57.0,e9,P(fur)3,nD,0.6308820906080369
3802,39.0,58.0,0.0,58.0,e1,tBPh-CPhos,nA,0.9415665821167656
3803,39.0,59.0,0.0,59.0,e10,JackiePhos,nF,0.9125036644148156
3804,39.0,60.0,0.0,60.0,e2,PPh3,nI,0.5983316480220364
3805,39.0,61.0,0.0,61.0,e7,tBPh-CPhos,nG,0.06459244912713331
3806,39.0,62.0,0.0,62.0,e9,MeO-KITPHOS,nG,0.30072675877618354
3807,39.0,63.0,0.0,63.0,e4,Cy-BippyPhos,nC,0.45425693534735095
3808,39.0,64.0,0.0,64.0,e5,P(o-Anis)3,nE,0.08503037414620321
3809,39.0,65.0,0.0,65.0,e1,JackiePhos,nI,0.23164589492729465
3810,39.0,66.0,0.0,66.0,e10,X-Phos,nD,0.9917865678194812
3811,39.0,67.0,0.0,67.0,e7,BrettPhos,nB,0.006706537467230552
3812,39.0,68.0,0.0,68.0,e3,X-Phos,nD,0.6499890415739124
3813,39.0,69.0,0.0,69.0,e1,"P(3,5-CF3-Ph)3",nG,0.0
3814,39.0,70.0,0.0,70.0,e10,Ph-PhenCar-Phos,nC,0.6466673885416775
3815,39.0,71.0,0.0,71.0,e7,P(fur)3,nA,0.15917780258602543
3816,39.0,72.0,0.0,72.0,e9,Cy-vBRIDP,nG,0.47307553236824745
3817,39.0,73.0,0.0,73.0,e1,CX-PICy,nG,0.10103394714922777
3818,39.0,74.0,0.0,74.0,e2,CgMe-PPh,nA,0.6670880102879697
3819,39.0,75.0,0.0,75.0,e5,PnBu3 HBF4,nA,0.048714441027052635
3820,39.0,76.0,0.0,76.0,e9,PPh3,nD,0.6001831529671628
3821,39.0,77.0,0.0,77.0,e10,PPh2Me,nE,0.052986997437251694
3822,39.0,78.0,0.0,78.0,e7,A-caPhos,nG,0.06965150777591327
3823,39.0,79.0,0.0,79.0,e3,PPhMe2,nF,0.8232012369865152
3824,39.0,80.0,0.0,80.0,e1,X-Phos,nI,0.05873515318530329
3825,39.0,81.0,0.0,81.0,e7,Cy-DavePhos,nD,0.7185111182227426
3826,39.0,82.0,0.0,82.0,e1,Kwong,nF,0.04076651100940088
3827,39.0,83.0,0.0,83.0,e3,Cy-BippyPhos,nE,0.21120990283036814
3828,39.0,84.0,0.0,84.0,e4,Ph-PhenCar-Phos,nD,0.0
3829,39.0,85.0,0.0,85.0,e9,PPhMe2,nB,0.05685342476548213
3830,39.0,86.0,0.0,86.0,e4,Et-PhenCar-Phos,nA,0.02363360610342534
3831,39.0,87.0,0.0,87.0,e9,CgMe-PPh,nF,1.0
3832,39.0,88.0,0.0,88.0,e5,CgMe-PPh,nI,0.8762416176625111
3833,39.0,89.0,0.0,89.0,e1,CX-FBu,nC,0.027604957748843088
3834,39.0,90.0,0.0,90.0,e2,PCy3 HBF4,nB,0.029838368623291776
3835,39.0,91.0,0.0,91.0,e5,Cy-DavePhos,nD,0.7566333942731113
3836,39.0,92.0,0.0,92.0,e4,PPhtBu2,nB,0.0
3837,39.0,93.0,0.0,93.0,e5,PPh3,nI,0.7008002329516867
3838,39.0,94.0,0.0,94.0,e4,CgMe-PPh,nI,0.07791399926072878
3839,39.0,95.0,0.0,95.0,e10,MeO-KITPHOS,nB,0.3900451840459689
3840,40.0,0.0,0.0,0.0,e7,A-caPhos,nA,0.22387111117310493
3841,40.0,1.0,0.0,1.0,e7,BrettPhos,nC,0.0
3842,40.0,2.0,0.0,2.0,e9,CX-FBu,nB,0.028022478485440292
3843,40.0,3.0,0.0,3.0,e2,CX-PICy,nI,0.5114221648973126
3844,40.0,4.0,0.0,4.0,e1,Cy-DavePhos,nI,0.007578802183845745
3845,40.0,5.0,0.0,5.0,e10,Cy-vBRIDP,nG,0.3608953345580712
3846,40.0,6.0,0.0,6.0,e5,Kwong,nI,0.605127225193205
3847,40.0,7.0,0.0,7.0,e4,MeO-KITPHOS,nD,0.01764759420350764
3848,40.0,8.0,0.0,8.0,e7,P(o-Anis)3,nD,0.20661863979261372
3849,40.0,9.0,0.0,9.0,e4,Et-PhenCar-Phos,nI,0.02371214570587278
3850,40.0,10.0,0.0,10.0,e1,JackiePhos,nF,0.21427092007990234
3851,40.0,11.0,0.0,11.0,e9,"P(3,5-CF3-Ph)3",nD,0.44318159981050437
3852,40.0,12.0,0.0,12.0,e2,P(fur)3,nG,0.26823050789231057
3853,40.0,13.0,0.0,13.0,e9,Ph-PhenCar-Phos,nI,0.46896060545395385
3854,40.0,14.0,0.0,14.0,e5,PPh2Me,nF,0.0
3855,40.0,15.0,0.0,15.0,e1,PPhtBu2,nC,0.04142482366500885
3856,40.0,16.0,0.0,16.0,e4,tBPh-CPhos,nC,0.29898547506383855
3857,40.0,17.0,0.0,17.0,e7,PPhMe2,nF,0.0
3858,40.0,18.0,0.0,18.0,e2,Cy-BippyPhos,nA,0.947422522089135
3859,40.0,19.0,0.0,19.0,e4,PCy3 HBF4,nB,0.0
3860,40.0,20.0,0.0,20.0,e5,CgMe-PPh,nD,0.8391860239024482
3861,40.0,21.0,0.0,21.0,e3,PPh3,nA,0.08557652021695743
3862,40.0,22.0,0.0,22.0,e7,X-Phos,nG,0.0
3863,40.0,23.0,0.0,23.0,e1,PnBu3 HBF4,nB,0.005892158794976363
3864,40.0,24.0,0.0,24.0,e2,Cy-BippyPhos,nG,0.21398062661899547
3865,40.0,25.0,0.0,25.0,e7,CgMe-PPh,nI,0.6142759277683246
3866,40.0,26.0,0.0,26.0,e1,Kwong,nC,0.006793877228623898
3867,40.0,27.0,0.0,27.0,e10,CX-PICy,nF,0.8753267029656862
3868,40.0,28.0,0.0,28.0,e5,Ph-PhenCar-Phos,nB,0.007649551127788808
3869,40.0,29.0,0.0,29.0,e10,"P(3,5-CF3-Ph)3",nD,0.9480127354628836
3870,40.0,30.0,0.0,30.0,e4,Cy-vBRIDP,nD,0.0814370688803937
3871,40.0,31.0,0.0,31.0,e1,tBPh-CPhos,nG,0.12674104413371357
3872,40.0,32.0,0.0,32.0,e7,P(fur)3,nC,0.4312782068921491
3873,40.0,33.0,0.0,33.0,e1,A-caPhos,nI,0.03722071252473063
3874,40.0,34.0,0.0,34.0,e9,JackiePhos,nD,0.6112600941230104
3875,40.0,35.0,0.0,35.0,e4,P(o-Anis)3,nE,0.0
3876,40.0,36.0,0.0,36.0,e4,CgMe-PPh,nI,0.07791399926072878
3877,40.0,37.0,0.0,37.0,e2,"P(3,5-CF3-Ph)3",nD,0.8356393853580697
3878,40.0,38.0,0.0,38.0,e4,CX-PICy,nF,0.11376981015319125
3879,40.0,39.0,0.0,39.0,e4,PPh3,nE,0.0
3880,40.0,40.0,0.0,40.0,e5,PPhtBu2,nE,0.26560222932504995
3881,40.0,41.0,0.0,41.0,e1,CX-FBu,nA,0.06728168343034004
3882,40.0,42.0,0.0,42.0,e5,Et-PhenCar-Phos,nA,0.7577678491226976
3883,40.0,43.0,0.0,43.0,e1,MeO-KITPHOS,nE,0.04671760971453625
3884,40.0,44.0,0.0,44.0,e4,Cy-DavePhos,nE,0.0
3885,40.0,45.0,0.0,45.0,e7,PnBu3 HBF4,nC,0.08381330857807825
3886,40.0,46.0,0.0,46.0,e2,BrettPhos,nC,0.18745960828809252
3887,40.0,47.0,0.0,47.0,e10,PPh2Me,nB,0.020868406358790646
3888,40.0,48.0,0.0,48.0,e10,PPhMe2,nA,0.6773210798547121
3889,40.0,49.0,0.0,49.0,e10,PCy3 HBF4,nI,0.2597424074177721
3890,40.0,50.0,0.0,50.0,e10,X-Phos,nC,0.732411484160166
3891,40.0,51.0,0.0,51.0,e2,Cy-BippyPhos,nB,0.3284195625331717
3892,40.0,52.0,0.0,52.0,e2,"P(3,5-CF3-Ph)3",nE,0.09746826633878404
3893,40.0,53.0,0.0,53.0,e10,JackiePhos,nA,0.7329517075696806
3894,40.0,54.0,0.0,54.0,e1,Et-PhenCar-Phos,nE,0.038240826794146296
3895,40.0,55.0,0.0,55.0,e10,X-Phos,nF,0.9068098364152221
3896,40.0,56.0,0.0,56.0,e10,P(fur)3,nC,0.7314440607369128
3897,40.0,57.0,0.0,57.0,e4,PPhMe2,nD,0.03789710444075946
3898,40.0,58.0,0.0,58.0,e9,Kwong,nA,0.4209461322156132
3899,40.0,59.0,0.0,59.0,e5,X-Phos,nF,0.5612705116717954
3900,40.0,60.0,0.0,60.0,e1,JackiePhos,nC,0.10916790305363006
3901,40.0,61.0,0.0,61.0,e10,CgMe-PPh,nA,0.1556727410455523
3902,40.0,62.0,0.0,62.0,e3,CX-PICy,nF,0.6497944840300122
3903,40.0,63.0,0.0,63.0,e5,Ph-PhenCar-Phos,nI,0.37255339391005377
3904,40.0,64.0,0.0,64.0,e1,Cy-BippyPhos,nI,0.2211067826223972
3905,40.0,65.0,0.0,65.0,e5,Cy-vBRIDP,nE,0.15014188546666088
3906,40.0,66.0,0.0,66.0,e9,P(fur)3,nG,0.3593925605569053
3907,40.0,67.0,0.0,67.0,e4,tBPh-CPhos,nG,0.04357628217462166
3908,40.0,68.0,0.0,68.0,e7,"P(3,5-CF3-Ph)3",nB,0.14407814391298038
3909,40.0,69.0,0.0,69.0,e7,PPhtBu2,nC,0.30473655831052726
3910,40.0,70.0,0.0,70.0,e9,X-Phos,nI,0.48640092936162965
3911,40.0,71.0,0.0,71.0,e9,A-caPhos,nD,0.5903907562753792
3912,40.0,72.0,0.0,72.0,e4,PCy3 HBF4,nI,0.08784137609541397
3913,40.0,73.0,0.0,73.0,e9,CX-PICy,nE,0.11110502362494325
3914,40.0,74.0,0.0,74.0,e9,P(o-Anis)3,nB,0.014166351731102438
3915,40.0,75.0,0.0,75.0,e2,BrettPhos,nG,0.08281407991024353
3916,40.0,76.0,0.0,76.0,e3,Kwong,nA,0.52844484704448
3917,40.0,77.0,0.0,77.0,e9,CX-FBu,nE,0.04355822240680955
3918,40.0,78.0,0.0,78.0,e9,PnBu3 HBF4,nC,0.29786886006957153
3919,40.0,79.0,0.0,79.0,e7,PPh3,nA,0.39316365606983517
3920,40.0,80.0,0.0,80.0,e3,P(fur)3,nF,0.44484850798719355
3921,40.0,81.0,0.0,81.0,e9,MeO-KITPHOS,nA,0.3102142356694695
3922,40.0,82.0,0.0,82.0,e7,A-caPhos,nG,0.06965150777591327
3923,40.0,83.0,0.0,83.0,e7,Ph-PhenCar-Phos,nE,0.014969722878949149
3924,40.0,84.0,0.0,84.0,e3,X-Phos,nB,0.2000064287326038
3925,40.0,85.0,0.0,85.0,e10,Et-PhenCar-Phos,nG,0.4986371729738086
3926,40.0,86.0,0.0,86.0,e10,Cy-BippyPhos,nG,0.2525135394449507
3927,40.0,87.0,0.0,87.0,e3,PPh2Me,nG,0.0
3928,40.0,88.0,0.0,88.0,e10,CgMe-PPh,nF,0.9345922792122748
3929,40.0,89.0,0.0,89.0,e7,CgMe-PPh,nG,0.20467687014770913
3930,40.0,90.0,0.0,90.0,e5,Cy-DavePhos,nD,0.7566333942731113
3931,40.0,91.0,0.0,91.0,e4,JackiePhos,nB,0.0
3932,40.0,92.0,0.0,92.0,e5,Cy-DavePhos,nB,0.24820523727080449
3933,40.0,93.0,0.0,93.0,e4,PPhMe2,nE,0.0
3934,40.0,94.0,0.0,94.0,e5,Kwong,nG,0.24931580024802266
3935,40.0,95.0,0.0,95.0,e4,"P(3,5-CF3-Ph)3",nC,0.20935389087716724
3936,41.0,0.0,0.0,0.0,e10,A-caPhos,nG,0.030747624704373516
3937,41.0,1.0,0.0,1.0,e4,BrettPhos,nA,0.0
3938,41.0,2.0,0.0,2.0,e4,CX-FBu,nF,0.0037689635802445258
3939,41.0,3.0,0.0,3.0,e5,CX-PICy,nD,0.7367636173787823
3940,41.0,4.0,0.0,4.0,e2,Cy-DavePhos,nI,0.6644450399368388
3941,41.0,5.0,0.0,5.0,e9,Cy-vBRIDP,nA,0.003827159412294159
3942,41.0,6.0,0.0,6.0,e2,Kwong,nC,0.5542025006813295
3943,41.0,7.0,0.0,7.0,e4,MeO-KITPHOS,nB,0.018099243207649055
3944,41.0,8.0,0.0,8.0,e4,P(o-Anis)3,nC,0.108256170748378
3945,41.0,9.0,0.0,9.0,e2,Et-PhenCar-Phos,nC,0.5743678887703998
3946,41.0,10.0,0.0,10.0,e2,JackiePhos,nA,0.9033456818168843
3947,41.0,11.0,0.0,11.0,e3,"P(3,5-CF3-Ph)3",nA,0.08371816344615461
3948,41.0,12.0,0.0,12.0,e10,P(fur)3,nE,0.041148408288671126
3949,41.0,13.0,0.0,13.0,e9,Ph-PhenCar-Phos,nF,0.6256618485697769
3950,41.0,14.0,0.0,14.0,e5,PPh2Me,nE,0.26506344108851254
3951,41.0,15.0,0.0,15.0,e10,PPhtBu2,nC,0.7230058104876745
3952,41.0,16.0,0.0,16.0,e10,tBPh-CPhos,nB,0.34684817142606866
3953,41.0,17.0,0.0,17.0,e2,PPhMe2,nF,0.6752763886691495
3954,41.0,18.0,0.0,18.0,e10,Cy-BippyPhos,nA,0.7528860791443422
3955,41.0,19.0,0.0,19.0,e9,PCy3 HBF4,nE,0.09422828034713238
3956,41.0,20.0,0.0,20.0,e7,CgMe-PPh,nB,0.11466820021189443
3957,41.0,21.0,0.0,21.0,e2,PPh3,nE,0.08087648972572638
3958,41.0,22.0,0.0,22.0,e10,X-Phos,nD,0.9917865678194812
3959,41.0,23.0,0.0,23.0,e5,PnBu3 HBF4,nC,0.7038726736579902
3960,41.0,24.0,0.0,24.0,e4,X-Phos,nF,0.075113393769907
3961,41.0,25.0,0.0,25.0,e5,JackiePhos,nD,0.7857626907983566
3962,41.0,26.0,0.0,26.0,e7,Cy-BippyPhos,nD,1.0
3963,41.0,27.0,0.0,27.0,e7,CX-PICy,nI,0.5099042814136777
3964,41.0,28.0,0.0,28.0,e1,PPhtBu2,nE,0.04945600408311233
3965,41.0,29.0,0.0,29.0,e10,PnBu3 HBF4,nC,0.6529372533584769
3966,41.0,30.0,0.0,30.0,e3,PPhMe2,nI,0.20757845982176984
3967,41.0,31.0,0.0,31.0,e5,Cy-DavePhos,nF,0.03313108332432727
3968,41.0,32.0,0.0,32.0,e10,Ph-PhenCar-Phos,nI,0.19493888256788205
3969,41.0,33.0,0.0,33.0,e3,Et-PhenCar-Phos,nA,0.6402198562439387
3970,41.0,34.0,0.0,34.0,e4,Kwong,nB,0.0
3971,41.0,35.0,0.0,35.0,e10,tBPh-CPhos,nA,0.738775541606104
3972,41.0,36.0,0.0,36.0,e10,Cy-BippyPhos,nI,0.8194571896084138
3973,41.0,37.0,0.0,37.0,e4,PPh2Me,nC,0.0
3974,41.0,38.0,0.0,38.0,e10,JackiePhos,nG,0.19943476808224297
3975,41.0,39.0,0.0,39.0,e3,CgMe-PPh,nC,0.5573433814229866
3976,41.0,40.0,0.0,40.0,e10,P(o-Anis)3,nD,0.21473020833290504
3977,41.0,41.0,0.0,41.0,e4,PCy3 HBF4,nC,0.08261648826420669
3978,41.0,42.0,0.0,42.0,e5,PnBu3 HBF4,nI,0.39796639204159534
3979,41.0,43.0,0.0,43.0,e1,"P(3,5-CF3-Ph)3",nB,0.03740009874424654
3980,41.0,44.0,0.0,44.0,e7,PPh3,nA,0.39316365606983517
3981,41.0,45.0,0.0,45.0,e10,P(fur)3,nD,0.986548910086449
3982,41.0,46.0,0.0,46.0,e7,CX-PICy,nC,0.5896946040296001
3983,41.0,47.0,0.0,47.0,e5,A-caPhos,nA,0.2812843970957228
3984,41.0,48.0,0.0,48.0,e5,Et-PhenCar-Phos,nG,0.4088272163752651
3985,41.0,49.0,0.0,49.0,e10,MeO-KITPHOS,nG,0.4483889452545666
3986,41.0,50.0,0.0,50.0,e2,Cy-BippyPhos,nA,0.947422522089135
3987,41.0,51.0,0.0,51.0,e3,Cy-vBRIDP,nB,0.1817917229188569
3988,41.0,52.0,0.0,52.0,e3,CX-FBu,nI,0.0
3989,41.0,53.0,0.0,53.0,e3,BrettPhos,nI,0.03009704001424225
3990,41.0,54.0,0.0,54.0,e10,tBPh-CPhos,nE,0.067635101402571
3991,41.0,55.0,0.0,55.0,e7,X-Phos,nE,0.009747915997314067
3992,41.0,56.0,0.0,56.0,e9,P(fur)3,nA,0.001325378623256779
3993,41.0,57.0,0.0,57.0,e3,Cy-BippyPhos,nD,0.7257486948775891
3994,41.0,58.0,0.0,58.0,e10,PPhMe2,nC,0.711717873982058
3995,41.0,59.0,0.0,59.0,e1,Ph-PhenCar-Phos,nB,0.12250680218325506
3996,41.0,60.0,0.0,60.0,e1,PPhtBu2,nB,0.03618479220380419
3997,41.0,61.0,0.0,61.0,e9,JackiePhos,nC,0.3402888306071797
3998,41.0,62.0,0.0,62.0,e10,CX-PICy,nA,0.6712211737821199
3999,41.0,63.0,0.0,63.0,e7,Cy-DavePhos,nG,0.22461200392146816
4000,41.0,64.0,0.0,64.0,e3,CgMe-PPh,nB,0.2170305015470435
4001,41.0,65.0,0.0,65.0,e5,Cy-BippyPhos,nF,0.5547253517877193
4002,41.0,66.0,0.0,66.0,e1,PnBu3 HBF4,nI,0.09337979085237404
4003,41.0,67.0,0.0,67.0,e10,Et-PhenCar-Phos,nA,0.7401699862842729
4004,41.0,68.0,0.0,68.0,e5,Kwong,nF,0.007071092684467668
4005,41.0,69.0,0.0,69.0,e1,PPhMe2,nI,0.04119451536413164
4006,41.0,70.0,0.0,70.0,e2,PPh3,nB,0.06113101017244386
4007,41.0,71.0,0.0,71.0,e7,MeO-KITPHOS,nC,0.1818058238116577
4008,41.0,72.0,0.0,72.0,e9,CX-PICy,nB,0.017548782295091724
4009,41.0,73.0,0.0,73.0,e5,Cy-BippyPhos,nD,0.7452121533478554
4010,41.0,74.0,0.0,74.0,e7,Et-PhenCar-Phos,nA,0.46105828561415296
4011,41.0,75.0,0.0,75.0,e7,P(o-Anis)3,nA,0.2039959559602517
4012,41.0,76.0,0.0,76.0,e5,A-caPhos,nG,0.04136408895956248
4013,41.0,77.0,0.0,77.0,e4,JackiePhos,nI,0.0
4014,41.0,78.0,0.0,78.0,e5,Cy-BippyPhos,nG,0.45451502639332875
4015,41.0,79.0,0.0,79.0,e3,PPh2Me,nA,0.009003872028159892
4016,41.0,80.0,0.0,80.0,e10,tBPh-CPhos,nD,1.0
4017,41.0,81.0,0.0,81.0,e1,tBPh-CPhos,nA,0.9415665821167656
4018,41.0,82.0,0.0,82.0,e1,X-Phos,nA,0.8789499411781446
4019,41.0,83.0,0.0,83.0,e2,tBPh-CPhos,nF,0.9180522305589233
4020,41.0,84.0,0.0,84.0,e1,Cy-vBRIDP,nB,0.09907844745687962
4021,41.0,85.0,0.0,85.0,e3,PCy3 HBF4,nE,0.06067622810866836
4022,41.0,86.0,0.0,86.0,e3,P(fur)3,nB,0.048815786923134194
4023,41.0,87.0,0.0,87.0,e2,X-Phos,nE,0.05720851394385538
4024,41.0,88.0,0.0,88.0,e7,tBPh-CPhos,nE,0.0
4025,41.0,89.0,0.0,89.0,e2,"P(3,5-CF3-Ph)3",nF,0.5553423767091952
4026,41.0,90.0,0.0,90.0,e3,Ph-PhenCar-Phos,nC,0.4884283173094792
4027,41.0,91.0,0.0,91.0,e2,Cy-DavePhos,nD,0.8600984767103315
4028,41.0,92.0,0.0,92.0,e2,PnBu3 HBF4,nE,0.09021493672850452
4029,41.0,93.0,0.0,93.0,e9,Et-PhenCar-Phos,nF,0.7233050105292524
4030,41.0,94.0,0.0,94.0,e3,Cy-BippyPhos,nF,0.818115739608698
4031,41.0,95.0,0.0,95.0,e4,CgMe-PPh,nI,0.07791399926072878
4032,42.0,0.0,0.0,0.0,e10,A-caPhos,nE,0.06369465752083445
4033,42.0,1.0,0.0,1.0,e4,BrettPhos,nF,0.08545068709718086
4034,42.0,2.0,0.0,2.0,e10,CX-FBu,nI,0.11326772664660484
4035,42.0,3.0,0.0,3.0,e10,CX-PICy,nA,0.6712211737821199
4036,42.0,4.0,0.0,4.0,e9,Cy-DavePhos,nD,0.7064770155795914
4037,42.0,5.0,0.0,5.0,e7,Cy-vBRIDP,nA,0.4856539808134513
4038,42.0,6.0,0.0,6.0,e7,Kwong,nC,0.618033573890117
4039,42.0,7.0,0.0,7.0,e9,MeO-KITPHOS,nA,0.3102142356694695
4040,42.0,8.0,0.0,8.0,e9,P(o-Anis)3,nI,0.23316176458179774
4041,42.0,9.0,0.0,9.0,e5,Et-PhenCar-Phos,nI,0.8679590234640545
4042,42.0,10.0,0.0,10.0,e5,JackiePhos,nF,0.046842070771333566
4043,42.0,11.0,0.0,11.0,e1,"P(3,5-CF3-Ph)3",nF,0.0
4044,42.0,12.0,0.0,12.0,e10,P(fur)3,nD,0.986548910086449
4045,42.0,13.0,0.0,13.0,e7,Ph-PhenCar-Phos,nD,0.1799508601397997
4046,42.0,14.0,0.0,14.0,e9,PPh2Me,nG,0.32077678172887275
4047,42.0,15.0,0.0,15.0,e5,PPhtBu2,nE,0.26560222932504995
4048,42.0,16.0,0.0,16.0,e3,tBPh-CPhos,nI,0.40203943367844525
4049,42.0,17.0,0.0,17.0,e3,PPhMe2,nF,0.8232012369865152
4050,42.0,18.0,0.0,18.0,e4,Cy-BippyPhos,nE,0.0
4051,42.0,19.0,0.0,19.0,e3,PCy3 HBF4,nD,0.6525316662080763
4052,42.0,20.0,0.0,20.0,e1,CgMe-PPh,nE,0.1040741361267055
4053,42.0,21.0,0.0,21.0,e9,PPh3,nF,0.6925620811975002
4054,42.0,22.0,0.0,22.0,e1,X-Phos,nD,0.11103234490926704
4055,42.0,23.0,0.0,23.0,e7,PnBu3 HBF4,nC,0.08381330857807825
4056,42.0,24.0,0.0,24.0,e9,P(fur)3,nI,0.28711297797323754
4057,42.0,25.0,0.0,25.0,e9,Et-PhenCar-Phos,nB,0.15268768262180096
4058,42.0,26.0,0.0,26.0,e10,PPhMe2,nI,0.5272307031167799
4059,42.0,27.0,0.0,27.0,e1,Cy-DavePhos,nA,0.3421517795536883
4060,42.0,28.0,0.0,28.0,e4,PPh3,nD,0.001865175726413785
4061,42.0,29.0,0.0,29.0,e5,CX-PICy,nB,0.25414471887183276
4062,42.0,30.0,0.0,30.0,e1,PCy3 HBF4,nA,0.3323423832967356
4063,42.0,31.0,0.0,31.0,e1,Kwong,nE,0.07063982159185266
4064,42.0,32.0,0.0,32.0,e2,Cy-vBRIDP,nF,0.6290075171930294
4065,42.0,33.0,0.0,33.0,e7,tBPh-CPhos,nA,0.42655708759840044
4066,42.0,34.0,0.0,34.0,e3,PPh2Me,nE,0.10038963691603196
4067,42.0,35.0,0.0,35.0,e9,MeO-KITPHOS,nD,0.6506971208307475
4068,42.0,36.0,0.0,36.0,e3,PPhtBu2,nA,0.3650613273843325
4069,42.0,37.0,0.0,37.0,e1,P(o-Anis)3,nI,0.05879365689573417
4070,42.0,38.0,0.0,38.0,e5,Ph-PhenCar-Phos,nE,0.0
4071,42.0,39.0,0.0,39.0,e5,CX-FBu,nI,0.1321271688112772
4072,42.0,40.0,0.0,40.0,e2,X-Phos,nE,0.05720851394385538
4073,42.0,41.0,0.0,41.0,e7,CgMe-PPh,nE,0.023295783669163114
4074,42.0,42.0,0.0,42.0,e5,PPhMe2,nE,0.2586811210145722
4075,42.0,43.0,0.0,43.0,e10,BrettPhos,nD,0.9370714187232184
4076,42.0,44.0,0.0,44.0,e7,PnBu3 HBF4,nA,0.19159700729969498
4077,42.0,45.0,0.0,45.0,e10,A-caPhos,nA,0.2597050084922578
4078,42.0,46.0,0.0,46.0,e10,P(fur)3,nC,0.7314440607369128
4079,42.0,47.0,0.0,47.0,e3,JackiePhos,nC,0.5634096118513189
4080,42.0,48.0,0.0,48.0,e1,"P(3,5-CF3-Ph)3",nC,0.0
4081,42.0,49.0,0.0,49.0,e2,Cy-BippyPhos,nD,0.899766462439471
4082,42.0,50.0,0.0,50.0,e5,Cy-vBRIDP,nF,0.0
4083,42.0,51.0,0.0,51.0,e5,Cy-DavePhos,nI,0.8413366058756354
4084,42.0,52.0,0.0,52.0,e1,BrettPhos,nI,0.0
4085,42.0,53.0,0.0,53.0,e9,Et-PhenCar-Phos,nA,0.4931113401041398
4086,42.0,54.0,0.0,54.0,e2,PCy3 HBF4,nD,0.7652714503735659
4087,42.0,55.0,0.0,55.0,e2,MeO-KITPHOS,nD,0.8301285778461426
4088,42.0,56.0,0.0,56.0,e4,CX-PICy,nB,0.013717757670572962
4089,42.0,57.0,0.0,57.0,e10,Cy-BippyPhos,nG,0.2525135394449507
4090,42.0,58.0,0.0,58.0,e2,tBPh-CPhos,nG,0.21498121859438568
4091,42.0,59.0,0.0,59.0,e2,P(fur)3,nC,0.531364471158177
4092,42.0,60.0,0.0,60.0,e2,Cy-DavePhos,nI,0.6644450399368388
4093,42.0,61.0,0.0,61.0,e10,PPh3,nI,0.6602505435133692
4094,42.0,62.0,0.0,62.0,e3,Kwong,nF,0.751341990836228
4095,42.0,63.0,0.0,63.0,e5,MeO-KITPHOS,nC,0.6524320098130438
4096,42.0,64.0,0.0,64.0,e4,PCy3 HBF4,nC,0.08261648826420669
4097,42.0,65.0,0.0,65.0,e7,PPhtBu2,nB,0.048302790354388385
4098,42.0,66.0,0.0,66.0,e10,JackiePhos,nF,0.9125036644148156
4099,42.0,67.0,0.0,67.0,e9,PPhMe2,nF,0.0
4100,42.0,68.0,0.0,68.0,e2,JackiePhos,nE,0.14951065589537862
4101,42.0,69.0,0.0,69.0,e5,Et-PhenCar-Phos,nD,0.7835996088615103
4102,42.0,70.0,0.0,70.0,e3,Cy-DavePhos,nA,0.4587692631158191
4103,42.0,71.0,0.0,71.0,e2,Kwong,nB,0.28740360301809015
4104,42.0,72.0,0.0,72.0,e3,P(fur)3,nB,0.048815786923134194
4105,42.0,73.0,0.0,73.0,e4,PPh2Me,nB,0.0
4106,42.0,74.0,0.0,74.0,e9,MeO-KITPHOS,nG,0.30072675877618354
4107,42.0,75.0,0.0,75.0,e9,PPh3,nD,0.6001831529671628
4108,42.0,76.0,0.0,76.0,e1,A-caPhos,nE,0.03499297317844621
4109,42.0,77.0,0.0,77.0,e2,Et-PhenCar-Phos,nA,0.9619512654546682
4110,42.0,78.0,0.0,78.0,e7,P(o-Anis)3,nD,0.20661863979261372
4111,42.0,79.0,0.0,79.0,e4,PnBu3 HBF4,nC,0.0
4112,42.0,80.0,0.0,80.0,e3,Et-PhenCar-Phos,nB,0.2232542389845771
4113,42.0,81.0,0.0,81.0,e1,Cy-BippyPhos,nG,0.15976408278590903
4114,42.0,82.0,0.0,82.0,e2,CX-FBu,nD,0.6240221969248974
4115,42.0,83.0,0.0,83.0,e9,Cy-vBRIDP,nC,0.3462977628869725
4116,42.0,84.0,0.0,84.0,e9,Ph-PhenCar-Phos,nC,0.36327049578373294
4117,42.0,85.0,0.0,85.0,e2,tBPh-CPhos,nE,0.13432593614456043
4118,42.0,86.0,0.0,86.0,e7,X-Phos,nB,0.24145251337028
4119,42.0,87.0,0.0,87.0,e7,Cy-DavePhos,nG,0.22461200392146816
4120,42.0,88.0,0.0,88.0,e4,BrettPhos,nI,0.0
4121,42.0,89.0,0.0,89.0,e1,PPh3,nF,0.033638963742203404
4122,42.0,90.0,0.0,90.0,e2,CgMe-PPh,nA,0.6670880102879697
4123,42.0,91.0,0.0,91.0,e2,CX-PICy,nB,0.019159777876378164
4124,42.0,92.0,0.0,92.0,e2,PCy3 HBF4,nG,0.00663833998076357
4125,42.0,93.0,0.0,93.0,e5,CX-FBu,nE,0.034021070951704015
4126,42.0,94.0,0.0,94.0,e7,MeO-KITPHOS,nF,0.14909057955854127
4127,42.0,95.0,0.0,95.0,e10,Kwong,nF,0.8938930828018169
4128,43.0,0.0,0.0,0.0,e2,A-caPhos,nF,0.09240764466838348
4129,43.0,1.0,0.0,1.0,e1,BrettPhos,nD,0.04394938440180767
4130,43.0,2.0,0.0,2.0,e5,CX-FBu,nF,0.0
4131,43.0,3.0,0.0,3.0,e3,CX-PICy,nA,0.3216556256640709
4132,43.0,4.0,0.0,4.0,e9,Cy-DavePhos,nD,0.7064770155795914
4133,43.0,5.0,0.0,5.0,e4,Cy-vBRIDP,nB,0.0
4134,43.0,6.0,0.0,6.0,e7,Kwong,nD,0.7352375479541646
4135,43.0,7.0,0.0,7.0,e7,MeO-KITPHOS,nG,0.11322968814633767
4136,43.0,8.0,0.0,8.0,e4,P(o-Anis)3,nG,0.03152157172915698
4137,43.0,9.0,0.0,9.0,e5,Et-PhenCar-Phos,nI,0.8679590234640545
4138,43.0,10.0,0.0,10.0,e7,JackiePhos,nD,0.9134460718332484
4139,43.0,11.0,0.0,11.0,e2,"P(3,5-CF3-Ph)3",nI,0.7101552221676866
4140,43.0,12.0,0.0,12.0,e9,P(fur)3,nF,0.14474013927612028
4141,43.0,13.0,0.0,13.0,e10,Ph-PhenCar-Phos,nF,0.15722965933724983
4142,43.0,14.0,0.0,14.0,e3,PPh2Me,nA,0.009003872028159892
4143,43.0,15.0,0.0,15.0,e2,PPhtBu2,nB,0.2956916574075555
4144,43.0,16.0,0.0,16.0,e4,tBPh-CPhos,nI,0.022633316819564778
4145,43.0,17.0,0.0,17.0,e4,PPhMe2,nE,0.0
4146,43.0,18.0,0.0,18.0,e9,Cy-BippyPhos,nC,0.4093298004131833
4147,43.0,19.0,0.0,19.0,e7,PCy3 HBF4,nI,0.1338582855355113
4148,43.0,20.0,0.0,20.0,e1,CgMe-PPh,nA,0.6945948510850428
4149,43.0,21.0,0.0,21.0,e3,PPh3,nA,0.08557652021695743
4150,43.0,22.0,0.0,22.0,e4,X-Phos,nC,0.34258955436774835
4151,43.0,23.0,0.0,23.0,e9,PnBu3 HBF4,nA,0.20389990407151987
4152,43.0,24.0,0.0,24.0,e2,JackiePhos,nG,0.226362632584802
4153,43.0,25.0,0.0,25.0,e4,Et-PhenCar-Phos,nG,0.0029966288441688137
4154,43.0,26.0,0.0,26.0,e7,Kwong,nC,0.618033573890117
4155,43.0,27.0,0.0,27.0,e1,"P(3,5-CF3-Ph)3",nC,0.0
4156,43.0,28.0,0.0,28.0,e3,Cy-DavePhos,nF,0.8181899294726043
4157,43.0,29.0,0.0,29.0,e2,CgMe-PPh,nC,0.6339599379342666
4158,43.0,30.0,0.0,30.0,e5,Cy-BippyPhos,nI,0.8909978993536253
4159,43.0,31.0,0.0,31.0,e3,X-Phos,nI,0.43402238114543207
4160,43.0,32.0,0.0,32.0,e3,CX-PICy,nC,0.42737783545851454
4161,43.0,33.0,0.0,33.0,e10,PPhtBu2,nB,0.3350890548052822
4162,43.0,34.0,0.0,34.0,e5,PnBu3 HBF4,nE,0.14499887969779476
4163,43.0,35.0,0.0,35.0,e7,Cy-DavePhos,nE,0.07737987898288086
4164,43.0,36.0,0.0,36.0,e3,Ph-PhenCar-Phos,nC,0.4884283173094792
4165,43.0,37.0,0.0,37.0,e9,P(fur)3,nC,0.31559252353476763
4166,43.0,38.0,0.0,38.0,e4,PCy3 HBF4,nC,0.08261648826420669
4167,43.0,39.0,0.0,39.0,e5,MeO-KITPHOS,nE,0.20090081346750718
4168,43.0,40.0,0.0,40.0,e1,A-caPhos,nG,0.017297638901613968
4169,43.0,41.0,0.0,41.0,e3,Kwong,nF,0.751341990836228
4170,43.0,42.0,0.0,42.0,e1,PPh3,nI,0.04621439454240948
4171,43.0,43.0,0.0,43.0,e3,CgMe-PPh,nB,0.2170305015470435
4172,43.0,44.0,0.0,44.0,e3,Cy-BippyPhos,nI,0.4880124029547394
4173,43.0,45.0,0.0,45.0,e4,BrettPhos,nI,0.0
4174,43.0,46.0,0.0,46.0,e5,P(o-Anis)3,nI,0.25524773080664775
4175,43.0,47.0,0.0,47.0,e5,tBPh-CPhos,nG,0.3364545940088557
4176,43.0,48.0,0.0,48.0,e4,PPh2Me,nB,0.0
4177,43.0,49.0,0.0,49.0,e1,CX-FBu,nC,0.027604957748843088
4178,43.0,50.0,0.0,50.0,e7,Cy-vBRIDP,nG,0.2559159577514194
4179,43.0,51.0,0.0,51.0,e3,PPhMe2,nF,0.8232012369865152
4180,43.0,52.0,0.0,52.0,e3,JackiePhos,nE,0.19804717134717115
4181,43.0,53.0,0.0,53.0,e10,Kwong,nC,0.6516586410089802
4182,43.0,54.0,0.0,54.0,e9,Et-PhenCar-Phos,nA,0.4931113401041398
4183,43.0,55.0,0.0,55.0,e4,PPhMe2,nI,0.0
4184,43.0,56.0,0.0,56.0,e10,X-Phos,nC,0.732411484160166
4185,43.0,57.0,0.0,57.0,e10,CX-PICy,nG,0.3377488314799635
4186,43.0,58.0,0.0,58.0,e5,"P(3,5-CF3-Ph)3",nE,0.16245071334673533
4187,43.0,59.0,0.0,59.0,e3,Cy-BippyPhos,nB,0.2278488766711775
4188,43.0,60.0,0.0,60.0,e10,Ph-PhenCar-Phos,nI,0.19493888256788205
4189,43.0,61.0,0.0,61.0,e2,PPhtBu2,nE,0.2141985283033928
4190,43.0,62.0,0.0,62.0,e1,Kwong,nE,0.07063982159185266
4191,43.0,63.0,0.0,63.0,e7,Cy-DavePhos,nF,0.07212456406365218
4192,43.0,64.0,0.0,64.0,e5,CgMe-PPh,nA,0.19841952843225769
4193,43.0,65.0,0.0,65.0,e2,X-Phos,nF,0.2803025402995705
4194,43.0,66.0,0.0,66.0,e5,P(fur)3,nF,0.766688957978976
4195,43.0,67.0,0.0,67.0,e1,Et-PhenCar-Phos,nF,0.09483902946857867
4196,43.0,68.0,0.0,68.0,e1,JackiePhos,nB,0.15130453997269813
4197,43.0,69.0,0.0,69.0,e1,tBPh-CPhos,nI,0.239947127680601
4198,43.0,70.0,0.0,70.0,e3,PnBu3 HBF4,nA,0.08612679775706653
4199,43.0,71.0,0.0,71.0,e1,MeO-KITPHOS,nI,0.08070327614437922
4200,43.0,72.0,0.0,72.0,e3,P(fur)3,nG,0.19737875966328072
4201,43.0,73.0,0.0,73.0,e5,P(o-Anis)3,nE,0.08503037414620321
4202,43.0,74.0,0.0,74.0,e10,Cy-vBRIDP,nG,0.3608953345580712
4203,43.0,75.0,0.0,75.0,e10,PCy3 HBF4,nF,0.5031493938885278
4204,43.0,76.0,0.0,76.0,e3,CX-PICy,nG,0.45815090380182744
4205,43.0,77.0,0.0,77.0,e9,Cy-BippyPhos,nI,0.7811843865330459
4206,43.0,78.0,0.0,78.0,e10,PPh3,nD,0.9785597434506366
4207,43.0,79.0,0.0,79.0,e5,PPh3,nB,0.10428974023151304
4208,43.0,80.0,0.0,80.0,e7,A-caPhos,nI,0.1501933291748367
4209,43.0,81.0,0.0,81.0,e2,Kwong,nD,0.9496089484429554
4210,43.0,82.0,0.0,82.0,e2,Cy-BippyPhos,nC,0.565819186487617
4211,43.0,83.0,0.0,83.0,e5,X-Phos,nF,0.5612705116717954
4212,43.0,84.0,0.0,84.0,e9,Kwong,nB,0.11088834300612632
4213,43.0,85.0,0.0,85.0,e4,"P(3,5-CF3-Ph)3",nF,0.12460832905550522
4214,43.0,86.0,0.0,86.0,e1,PPhtBu2,nF,0.0
4215,43.0,87.0,0.0,87.0,e5,BrettPhos,nG,0.07790157669115998
4216,43.0,88.0,0.0,88.0,e2,CgMe-PPh,nG,0.416125825549032
4217,43.0,89.0,0.0,89.0,e2,Ph-PhenCar-Phos,nC,0.6114139698966943
4218,43.0,90.0,0.0,90.0,e4,PPhMe2,nB,0.0
4219,43.0,91.0,0.0,91.0,e5,CX-FBu,nC,0.07791633633204394
4220,43.0,92.0,0.0,92.0,e3,PPh2Me,nI,0.0
4221,43.0,93.0,0.0,93.0,e5,Cy-DavePhos,nB,0.24820523727080449
4222,43.0,94.0,0.0,94.0,e5,PCy3 HBF4,nA,0.0615440146382004
4223,43.0,95.0,0.0,95.0,e7,CX-PICy,nI,0.5099042814136777
4224,44.0,0.0,0.0,0.0,e2,A-caPhos,nA,0.007619382274939298
4225,44.0,1.0,0.0,1.0,e10,BrettPhos,nG,0.0697610559568269
4226,44.0,2.0,0.0,2.0,e5,CX-FBu,nB,0.060299548757721935
4227,44.0,3.0,0.0,3.0,e2,CX-PICy,nD,0.844934148288056
4228,44.0,4.0,0.0,4.0,e10,Cy-DavePhos,nA,0.6290037488957982
4229,44.0,5.0,0.0,5.0,e5,Cy-vBRIDP,nF,0.0
4230,44.0,6.0,0.0,6.0,e5,Kwong,nB,0.19563904085240036
4231,44.0,7.0,0.0,7.0,e2,MeO-KITPHOS,nG,0.2917340042609233
4232,44.0,8.0,0.0,8.0,e4,P(o-Anis)3,nA,0.011826348840518159
4233,44.0,9.0,0.0,9.0,e9,Et-PhenCar-Phos,nD,0.6763905107050712
4234,44.0,10.0,0.0,10.0,e7,JackiePhos,nC,0.6688604819213119
4235,44.0,11.0,0.0,11.0,e10,"P(3,5-CF3-Ph)3",nF,0.8478546310824894
4236,44.0,12.0,0.0,12.0,e5,P(fur)3,nC,0.706763204366684
4237,44.0,13.0,0.0,13.0,e1,Ph-PhenCar-Phos,nC,0.12082905001684137
4238,44.0,14.0,0.0,14.0,e3,PPh2Me,nD,0.22980567343975122
4239,44.0,15.0,0.0,15.0,e7,PPhtBu2,nG,0.019417998587740952
4240,44.0,16.0,0.0,16.0,e10,tBPh-CPhos,nB,0.34684817142606866
4241,44.0,17.0,0.0,17.0,e3,PPhMe2,nI,0.20757845982176984
4242,44.0,18.0,0.0,18.0,e9,Cy-BippyPhos,nF,0.9242970629259212
4243,44.0,19.0,0.0,19.0,e1,PCy3 HBF4,nB,0.04339996600929039
4244,44.0,20.0,0.0,20.0,e4,CgMe-PPh,nG,0.03040429412851897
4245,44.0,21.0,0.0,21.0,e3,PPh3,nG,0.5441952440189306
4246,44.0,22.0,0.0,22.0,e7,X-Phos,nA,0.3860138905078492
4247,44.0,23.0,0.0,23.0,e9,PnBu3 HBF4,nD,0.3392198605455525
4248,44.0,24.0,0.0,24.0,e10,Cy-BippyPhos,nF,0.9551634913355087
4249,44.0,25.0,0.0,25.0,e7,"P(3,5-CF3-Ph)3",nA,0.10610513723257087
4250,44.0,26.0,0.0,26.0,e1,CX-PICy,nD,0.26178759539722174
4251,44.0,27.0,0.0,27.0,e2,P(fur)3,nD,0.8273907264709449
4252,44.0,28.0,0.0,28.0,e7,Et-PhenCar-Phos,nG,0.27193527624521374
4253,44.0,29.0,0.0,29.0,e10,JackiePhos,nF,0.9125036644148156
4254,44.0,30.0,0.0,30.0,e1,Cy-DavePhos,nC,0.07922994530801464
4255,44.0,31.0,0.0,31.0,e1,PPh3,nF,0.033638963742203404
4256,44.0,32.0,0.0,32.0,e1,X-Phos,nG,0.030496859953677565
4257,44.0,33.0,0.0,33.0,e7,Cy-BippyPhos,nI,0.8044666768394777
4258,44.0,34.0,0.0,34.0,e4,tBPh-CPhos,nI,0.022633316819564778
4259,44.0,35.0,0.0,35.0,e5,PnBu3 HBF4,nF,0.10989187551048998
4260,44.0,36.0,0.0,36.0,e7,MeO-KITPHOS,nB,0.04698078637689876
4261,44.0,37.0,0.0,37.0,e3,PPh2Me,nB,0.018469886419135415
4262,44.0,38.0,0.0,38.0,e2,PPhMe2,nG,0.1743874382182481
4263,44.0,39.0,0.0,39.0,e3,JackiePhos,nA,0.49532594634296395
4264,44.0,40.0,0.0,40.0,e1,Kwong,nB,0.06453691607178057
4265,44.0,41.0,0.0,41.0,e1,P(fur)3,nI,0.0
4266,44.0,42.0,0.0,42.0,e3,Ph-PhenCar-Phos,nF,0.5701705660870041
4267,44.0,43.0,0.0,43.0,e4,BrettPhos,nF,0.08545068709718086
4268,44.0,44.0,0.0,44.0,e7,CX-FBu,nC,0.015254117622773431
4269,44.0,45.0,0.0,45.0,e1,Cy-BippyPhos,nF,0.042463401107959806
4270,44.0,46.0,0.0,46.0,e4,PCy3 HBF4,nI,0.08784137609541397
4271,44.0,47.0,0.0,47.0,e4,CgMe-PPh,nC,0.07729202271014396
4272,44.0,48.0,0.0,48.0,e3,PPhtBu2,nE,0.13875537672279908
4273,44.0,49.0,0.0,49.0,e9,P(o-Anis)3,nD,0.27540950106892115
4274,44.0,50.0,0.0,50.0,e2,A-caPhos,nD,0.8459561333315676
4275,44.0,51.0,0.0,51.0,e1,Cy-vBRIDP,nG,0.040219882770202414
4276,44.0,52.0,0.0,52.0,e3,CX-PICy,nD,0.6575942693885647
4277,44.0,53.0,0.0,53.0,e10,"P(3,5-CF3-Ph)3",nB,0.3248401714816362
4278,44.0,54.0,0.0,54.0,e4,Et-PhenCar-Phos,nA,0.02363360610342534
4279,44.0,55.0,0.0,55.0,e9,JackiePhos,nC,0.3402888306071797
4280,44.0,56.0,0.0,56.0,e7,A-caPhos,nE,0.0
4281,44.0,57.0,0.0,57.0,e4,Cy-DavePhos,nA,0.030639879401734644
4282,44.0,58.0,0.0,58.0,e4,Ph-PhenCar-Phos,nI,0.03672891692050217
4283,44.0,59.0,0.0,59.0,e9,CX-PICy,nB,0.017548782295091724
4284,44.0,60.0,0.0,60.0,e7,PPh3,nE,0.0
4285,44.0,61.0,0.0,61.0,e9,Cy-BippyPhos,nB,0.19614551978344988
4286,44.0,62.0,0.0,62.0,e2,P(fur)3,nF,0.4799987068628782
4287,44.0,63.0,0.0,63.0,e1,PnBu3 HBF4,nC,0.05073636262125162
4288,44.0,64.0,0.0,64.0,e9,X-Phos,nF,0.7946437444937127
4289,44.0,65.0,0.0,65.0,e5,PPhMe2,nC,0.6973280420518365
4290,44.0,66.0,0.0,66.0,e2,JackiePhos,nE,0.14951065589537862
4291,44.0,67.0,0.0,67.0,e7,tBPh-CPhos,nE,0.0
4292,44.0,68.0,0.0,68.0,e3,MeO-KITPHOS,nE,0.10167919655151128
4293,44.0,69.0,0.0,69.0,e3,"P(3,5-CF3-Ph)3",nA,0.08371816344615461
4294,44.0,70.0,0.0,70.0,e10,X-Phos,nE,0.0935959226806929
4295,44.0,71.0,0.0,71.0,e9,P(o-Anis)3,nI,0.23316176458179774
4296,44.0,72.0,0.0,72.0,e9,Kwong,nD,0.7637773250800808
4297,44.0,73.0,0.0,73.0,e9,PPh2Me,nF,0.31363771031122095
4298,44.0,74.0,0.0,74.0,e10,PPhMe2,nF,0.9662268038122928
4299,44.0,75.0,0.0,75.0,e5,PPhMe2,nA,0.6471944961567562
4300,44.0,76.0,0.0,76.0,e5,P(fur)3,nD,0.7206680265827334
4301,44.0,77.0,0.0,77.0,e9,Kwong,nF,0.6183071390945252
4302,44.0,78.0,0.0,78.0,e5,PPhtBu2,nC,0.7698254349858591
4303,44.0,79.0,0.0,79.0,e4,BrettPhos,nB,0.06659152732740367
4304,44.0,80.0,0.0,80.0,e4,PCy3 HBF4,nA,0.03156483605433674
4305,44.0,81.0,0.0,81.0,e5,Cy-BippyPhos,nC,0.7310324837389857
4306,44.0,82.0,0.0,82.0,e9,Et-PhenCar-Phos,nE,0.09970326563233488
4307,44.0,83.0,0.0,83.0,e5,CgMe-PPh,nD,0.8391860239024482
4308,44.0,84.0,0.0,84.0,e3,CgMe-PPh,nG,0.693870840573733
4309,44.0,85.0,0.0,85.0,e4,PPhtBu2,nI,0.0
4310,44.0,86.0,0.0,86.0,e4,CX-FBu,nI,0.026545433452423287
4311,44.0,87.0,0.0,87.0,e2,CX-PICy,nI,0.5114221648973126
4312,44.0,88.0,0.0,88.0,e10,P(fur)3,nG,0.5091625405710212
4313,44.0,89.0,0.0,89.0,e4,A-caPhos,nE,0.0
4314,44.0,90.0,0.0,90.0,e10,Cy-vBRIDP,nF,0.8737297326167234
4315,44.0,91.0,0.0,91.0,e7,Cy-vBRIDP,nF,0.47929870017773896
4316,44.0,92.0,0.0,92.0,e2,PPhMe2,nF,0.6752763886691495
4317,44.0,93.0,0.0,93.0,e5,Cy-BippyPhos,nG,0.45451502639332875
4318,44.0,94.0,0.0,94.0,e2,Kwong,nC,0.5542025006813295
4319,44.0,95.0,0.0,95.0,e3,CgMe-PPh,nA,0.5833854524265055
4320,45.0,0.0,0.0,0.0,e7,A-caPhos,nF,0.1328274541277745
4321,45.0,1.0,0.0,1.0,e9,BrettPhos,nC,0.1761979943768592
4322,45.0,2.0,0.0,2.0,e4,CX-FBu,nI,0.026545433452423287
4323,45.0,3.0,0.0,3.0,e10,CX-PICy,nA,0.6712211737821199
4324,45.0,4.0,0.0,4.0,e9,Cy-DavePhos,nC,0.37373314589550694
4325,45.0,5.0,0.0,5.0,e7,Cy-vBRIDP,nI,0.27806549204654124
4326,45.0,6.0,0.0,6.0,e10,Kwong,nD,0.9695200020757685
4327,45.0,7.0,0.0,7.0,e2,MeO-KITPHOS,nF,0.6735229847545438
4328,45.0,8.0,0.0,8.0,e5,P(o-Anis)3,nF,0.05262122919976672
4329,45.0,9.0,0.0,9.0,e2,Et-PhenCar-Phos,nG,0.21586957617119734
4330,45.0,10.0,0.0,10.0,e2,JackiePhos,nA,0.9033456818168843
4331,45.0,11.0,0.0,11.0,e10,"P(3,5-CF3-Ph)3",nA,0.546272038278152
4332,45.0,12.0,0.0,12.0,e1,P(fur)3,nA,0.13903094918195189
4333,45.0,13.0,0.0,13.0,e1,Ph-PhenCar-Phos,nD,0.0693435439672117
4334,45.0,14.0,0.0,14.0,e9,PPh2Me,nB,0.025869944469680908
4335,45.0,15.0,0.0,15.0,e9,PPhtBu2,nI,0.6362211015918549
4336,45.0,16.0,0.0,16.0,e1,tBPh-CPhos,nB,0.13846077071822055
4337,45.0,17.0,0.0,17.0,e4,PPhMe2,nI,0.0
4338,45.0,18.0,0.0,18.0,e4,Cy-BippyPhos,nC,0.45425693534735095
4339,45.0,19.0,0.0,19.0,e4,PCy3 HBF4,nE,0.014449000330444188
4340,45.0,20.0,0.0,20.0,e3,CgMe-PPh,nE,0.13080909557688172
4341,45.0,21.0,0.0,21.0,e9,PPh3,nA,0.4432722730662406
4342,45.0,22.0,0.0,22.0,e10,X-Phos,nA,0.70292121771995
4343,45.0,23.0,0.0,23.0,e5,PnBu3 HBF4,nI,0.39796639204159534
4344,45.0,24.0,0.0,24.0,e2,Kwong,nC,0.5542025006813295
4345,45.0,25.0,0.0,25.0,e10,JackiePhos,nC,0.7413507792095948
4346,45.0,26.0,0.0,26.0,e3,X-Phos,nG,0.7317723957408664
4347,45.0,27.0,0.0,27.0,e2,MeO-KITPHOS,nD,0.8301285778461426
4348,45.0,28.0,0.0,28.0,e9,CX-PICy,nB,0.017548782295091724
4349,45.0,29.0,0.0,29.0,e2,PPhtBu2,nE,0.2141985283033928
4350,45.0,30.0,0.0,30.0,e9,"P(3,5-CF3-Ph)3",nG,0.3475054757161358
4351,45.0,31.0,0.0,31.0,e9,Cy-BippyPhos,nI,0.7811843865330459
4352,45.0,32.0,0.0,32.0,e10,PPh3,nC,0.8555703332989744
4353,45.0,33.0,0.0,33.0,e4,PnBu3 HBF4,nA,0.01706005824707267
4354,45.0,34.0,0.0,34.0,e7,Cy-DavePhos,nC,0.43870094090204687
4355,45.0,35.0,0.0,35.0,e7,Cy-vBRIDP,nG,0.2559159577514194
4356,45.0,36.0,0.0,36.0,e1,JackiePhos,nA,0.8639833503359745
4357,45.0,37.0,0.0,37.0,e7,Et-PhenCar-Phos,nF,0.8005855615874519
4358,45.0,38.0,0.0,38.0,e10,BrettPhos,nG,0.0697610559568269
4359,45.0,39.0,0.0,39.0,e9,Kwong,nG,0.48310327993375796
4360,45.0,40.0,0.0,40.0,e7,MeO-KITPHOS,nC,0.1818058238116577
4361,45.0,41.0,0.0,41.0,e3,P(fur)3,nG,0.19737875966328072
4362,45.0,42.0,0.0,42.0,e4,tBPh-CPhos,nB,0.008677035710621023
4363,45.0,43.0,0.0,43.0,e9,A-caPhos,nD,0.5903907562753792
4364,45.0,44.0,0.0,44.0,e7,X-Phos,nI,0.10875787618113172
4365,45.0,45.0,0.0,45.0,e3,CgMe-PPh,nB,0.2170305015470435
4366,45.0,46.0,0.0,46.0,e7,Ph-PhenCar-Phos,nI,0.1595207097498683
4367,45.0,47.0,0.0,47.0,e4,PPh3,nF,0.23217627507948946
4368,45.0,48.0,0.0,48.0,e9,P(o-Anis)3,nE,0.015334735124532104
4369,45.0,49.0,0.0,49.0,e9,Cy-BippyPhos,nE,0.1706050823301135
4370,45.0,50.0,0.0,50.0,e3,CX-FBu,nD,0.0
4371,45.0,51.0,0.0,51.0,e7,PPh2Me,nC,0.3285547341820373
4372,45.0,52.0,0.0,52.0,e10,PCy3 HBF4,nC,0.7481239349628751
4373,45.0,53.0,0.0,53.0,e9,PPhMe2,nD,0.18559600333835125
4374,45.0,54.0,0.0,54.0,e3,JackiePhos,nF,0.779856233931088
4375,45.0,55.0,0.0,55.0,e4,Et-PhenCar-Phos,nC,0.5137778282322677
4376,45.0,56.0,0.0,56.0,e10,"P(3,5-CF3-Ph)3",nI,0.941711710784077
4377,45.0,57.0,0.0,57.0,e5,PPhtBu2,nA,0.6662908668048635
4378,45.0,58.0,0.0,58.0,e1,Kwong,nD,0.08645291673067909
4379,45.0,59.0,0.0,59.0,e9,JackiePhos,nC,0.3402888306071797
4380,45.0,60.0,0.0,60.0,e10,Cy-DavePhos,nI,0.7834423636635293
4381,45.0,61.0,0.0,61.0,e9,PCy3 HBF4,nC,0.37815021126374854
4382,45.0,62.0,0.0,62.0,e3,A-caPhos,nG,0.0
4383,45.0,63.0,0.0,63.0,e4,"P(3,5-CF3-Ph)3",nF,0.12460832905550522
4384,45.0,64.0,0.0,64.0,e5,CX-PICy,nG,0.35909736921031543
4385,45.0,65.0,0.0,65.0,e1,MeO-KITPHOS,nI,0.08070327614437922
4386,45.0,66.0,0.0,66.0,e2,Cy-DavePhos,nA,0.890605834039087
4387,45.0,67.0,0.0,67.0,e2,Cy-vBRIDP,nC,0.591401678089823
4388,45.0,68.0,0.0,68.0,e3,X-Phos,nC,0.5782791539418308
4389,45.0,69.0,0.0,69.0,e9,PPh3,nI,0.45913414385457335
4390,45.0,70.0,0.0,70.0,e2,Et-PhenCar-Phos,nC,0.5743678887703998
4391,45.0,71.0,0.0,71.0,e9,PPhtBu2,nC,0.22719482142551736
4392,45.0,72.0,0.0,72.0,e1,Cy-BippyPhos,nD,0.19322800249768834
4393,45.0,73.0,0.0,73.0,e2,PnBu3 HBF4,nB,0.04474124971849085
4394,45.0,74.0,0.0,74.0,e7,Cy-DavePhos,nE,0.07737987898288086
4395,45.0,75.0,0.0,75.0,e10,JackiePhos,nB,0.3412973722922598
4396,45.0,76.0,0.0,76.0,e5,PPh2Me,nA,0.7070873722688659
4397,45.0,77.0,0.0,77.0,e1,CgMe-PPh,nI,0.33119462408139744
4398,45.0,78.0,0.0,78.0,e9,P(fur)3,nD,0.6308820906080369
4399,45.0,79.0,0.0,79.0,e5,BrettPhos,nI,0.25661642729485107
4400,45.0,80.0,0.0,80.0,e7,PCy3 HBF4,nG,0.0
4401,45.0,81.0,0.0,81.0,e9,X-Phos,nA,0.4653132921969271
4402,45.0,82.0,0.0,82.0,e1,Cy-vBRIDP,nC,0.021046518566206512
4403,45.0,83.0,0.0,83.0,e2,Ph-PhenCar-Phos,nC,0.6114139698966943
4404,45.0,84.0,0.0,84.0,e1,Et-PhenCar-Phos,nA,0.5211070217161989
4405,45.0,85.0,0.0,85.0,e3,Kwong,nC,0.49266490533355695
4406,45.0,86.0,0.0,86.0,e2,PPh2Me,nF,0.0
4407,45.0,87.0,0.0,87.0,e1,PPhMe2,nF,0.0
4408,45.0,88.0,0.0,88.0,e7,CX-PICy,nA,0.4849023858174712
4409,45.0,89.0,0.0,89.0,e3,PPh3,nF,0.7331009521150271
4410,45.0,90.0,0.0,90.0,e7,"P(3,5-CF3-Ph)3",nD,0.7248719169293781
4411,45.0,91.0,0.0,91.0,e1,tBPh-CPhos,nG,0.12674104413371357
4412,45.0,92.0,0.0,92.0,e3,JackiePhos,nE,0.19804717134717115
4413,45.0,93.0,0.0,93.0,e7,P(fur)3,nC,0.4312782068921491
4414,45.0,94.0,0.0,94.0,e5,P(o-Anis)3,nA,0.20637391159055976
4415,45.0,95.0,0.0,95.0,e4,MeO-KITPHOS,nI,0.046668452270735516
4416,46.0,0.0,0.0,0.0,e3,A-caPhos,nA,0.31300672103875227
4417,46.0,1.0,0.0,1.0,e10,BrettPhos,nD,0.9370714187232184
4418,46.0,2.0,0.0,2.0,e1,CX-FBu,nD,0.04874487002483518
4419,46.0,3.0,0.0,3.0,e3,CX-PICy,nF,0.6497944840300122
4420,46.0,4.0,0.0,4.0,e2,Cy-DavePhos,nG,0.27117001204677615
4421,46.0,5.0,0.0,5.0,e4,Cy-vBRIDP,nA,0.021399040085944364
4422,46.0,6.0,0.0,6.0,e9,Kwong,nG,0.48310327993375796
4423,46.0,7.0,0.0,7.0,e10,MeO-KITPHOS,nE,0.08167116258886992
4424,46.0,8.0,0.0,8.0,e9,P(o-Anis)3,nI,0.23316176458179774
4425,46.0,9.0,0.0,9.0,e5,Et-PhenCar-Phos,nB,0.3409079497861161
4426,46.0,10.0,0.0,10.0,e2,JackiePhos,nF,0.547298687249777
4427,46.0,11.0,0.0,11.0,e5,"P(3,5-CF3-Ph)3",nE,0.16245071334673533
4428,46.0,12.0,0.0,12.0,e9,P(fur)3,nC,0.31559252353476763
4429,46.0,13.0,0.0,13.0,e10,Ph-PhenCar-Phos,nC,0.6466673885416775
4430,46.0,14.0,0.0,14.0,e7,PPh2Me,nB,0.022176359893621114
4431,46.0,15.0,0.0,15.0,e3,PPhtBu2,nA,0.3650613273843325
4432,46.0,16.0,0.0,16.0,e4,tBPh-CPhos,nB,0.008677035710621023
4433,46.0,17.0,0.0,17.0,e10,PPhMe2,nI,0.5272307031167799
4434,46.0,18.0,0.0,18.0,e3,Cy-BippyPhos,nG,0.6656541362855952
4435,46.0,19.0,0.0,19.0,e10,PCy3 HBF4,nI,0.2597424074177721
4436,46.0,20.0,0.0,20.0,e5,CgMe-PPh,nC,0.7463019251283864
4437,46.0,21.0,0.0,21.0,e10,PPh3,nE,0.026002383851906816
4438,46.0,22.0,0.0,22.0,e5,X-Phos,nB,0.22803797881095858
4439,46.0,23.0,0.0,23.0,e3,PnBu3 HBF4,nI,0.3077263161434331
4440,46.0,24.0,0.0,24.0,e10,BrettPhos,nE,0.057568734516984195
4441,46.0,25.0,0.0,25.0,e10,CgMe-PPh,nB,0.26208153455778976
4442,46.0,26.0,0.0,26.0,e2,Cy-BippyPhos,nI,0.67187359635982
4443,46.0,27.0,0.0,27.0,e4,CX-PICy,nE,0.044118367259479443
4444,46.0,28.0,0.0,28.0,e5,Ph-PhenCar-Phos,nC,0.6706487930795781
4445,46.0,29.0,0.0,29.0,e2,JackiePhos,nB,0.27751512392797617
4446,46.0,30.0,0.0,30.0,e7,PPhMe2,nC,0.45538465088279884
4447,46.0,31.0,0.0,31.0,e9,Kwong,nI,0.4493156931018429
4448,46.0,32.0,0.0,32.0,e1,PPhtBu2,nD,0.03363179088885197
4449,46.0,33.0,0.0,33.0,e7,Et-PhenCar-Phos,nA,0.46105828561415296
4450,46.0,34.0,0.0,34.0,e3,P(fur)3,nC,0.46239361820179303
4451,46.0,35.0,0.0,35.0,e10,A-caPhos,nA,0.2597050084922578
4452,46.0,36.0,0.0,36.0,e7,PnBu3 HBF4,nA,0.19159700729969498
4453,46.0,37.0,0.0,37.0,e7,Cy-DavePhos,nB,0.2152450446486366
4454,46.0,38.0,0.0,38.0,e5,PCy3 HBF4,nA,0.0615440146382004
4455,46.0,39.0,0.0,39.0,e7,P(o-Anis)3,nB,0.09494681712924612
4456,46.0,40.0,0.0,40.0,e10,X-Phos,nG,0.26909978021938563
4457,46.0,41.0,0.0,41.0,e9,"P(3,5-CF3-Ph)3",nF,0.3243416897405247
4458,46.0,42.0,0.0,42.0,e5,Cy-BippyPhos,nD,0.7452121533478554
4459,46.0,43.0,0.0,43.0,e7,MeO-KITPHOS,nG,0.11322968814633767
4460,46.0,44.0,0.0,44.0,e9,Ph-PhenCar-Phos,nE,0.08998609138257692
4461,46.0,45.0,0.0,45.0,e2,CX-FBu,nE,0.044215580612420015
4462,46.0,46.0,0.0,46.0,e3,PPh3,nE,0.056276657784168405
4463,46.0,47.0,0.0,47.0,e4,PPh2Me,nA,0.012250195356626198
4464,46.0,48.0,0.0,48.0,e10,Cy-vBRIDP,nD,0.9843096018311139
4465,46.0,49.0,0.0,49.0,e9,tBPh-CPhos,nF,0.9724754898127265
4466,46.0,50.0,0.0,50.0,e5,CgMe-PPh,nI,0.8762416176625111
4467,46.0,51.0,0.0,51.0,e9,Cy-vBRIDP,nC,0.3462977628869725
4468,46.0,52.0,0.0,52.0,e1,BrettPhos,nB,0.023933086062199235
4469,46.0,53.0,0.0,53.0,e5,PPhMe2,nD,0.7767748774157355
4470,46.0,54.0,0.0,54.0,e10,tBPh-CPhos,nE,0.067635101402571
4471,46.0,55.0,0.0,55.0,e5,Kwong,nI,0.605127225193205
4472,46.0,56.0,0.0,56.0,e1,Cy-BippyPhos,nD,0.19322800249768834
4473,46.0,57.0,0.0,57.0,e2,JackiePhos,nE,0.14951065589537862
4474,46.0,58.0,0.0,58.0,e2,Et-PhenCar-Phos,nA,0.9619512654546682
4475,46.0,59.0,0.0,59.0,e9,P(fur)3,nD,0.6308820906080369
4476,46.0,60.0,0.0,60.0,e9,CgMe-PPh,nG,0.5466105607265662
4477,46.0,61.0,0.0,61.0,e7,CX-PICy,nG,0.27831617102194695
4478,46.0,62.0,0.0,62.0,e4,Et-PhenCar-Phos,nF,0.10620274724550914
4479,46.0,63.0,0.0,63.0,e5,PPhMe2,nE,0.2586811210145722
4480,46.0,64.0,0.0,64.0,e5,A-caPhos,nB,0.05123964518257458
4481,46.0,65.0,0.0,65.0,e4,Kwong,nC,0.13664049521331256
4482,46.0,66.0,0.0,66.0,e9,PnBu3 HBF4,nG,0.39354534074743824
4483,46.0,67.0,0.0,67.0,e10,X-Phos,nC,0.732411484160166
4484,46.0,68.0,0.0,68.0,e9,"P(3,5-CF3-Ph)3",nA,0.28248248720696867
4485,46.0,69.0,0.0,69.0,e5,Cy-DavePhos,nG,0.4296099762008142
4486,46.0,70.0,0.0,70.0,e1,P(fur)3,nG,0.026494931502405453
4487,46.0,71.0,0.0,71.0,e4,Ph-PhenCar-Phos,nB,0.004535315989053302
4488,46.0,72.0,0.0,72.0,e10,PPhtBu2,nG,0.2854037571220982
4489,46.0,73.0,0.0,73.0,e9,CgMe-PPh,nD,0.6700037753165438
4490,46.0,74.0,0.0,74.0,e3,Cy-vBRIDP,nF,0.7389650558356956
4491,46.0,75.0,0.0,75.0,e7,P(o-Anis)3,nG,0.04483783011499854
4492,46.0,76.0,0.0,76.0,e1,PCy3 HBF4,nA,0.3323423832967356
4493,46.0,77.0,0.0,77.0,e9,Cy-BippyPhos,nG,0.46478882021105844
4494,46.0,78.0,0.0,78.0,e9,X-Phos,nG,0.4940245596014306
4495,46.0,79.0,0.0,79.0,e4,Cy-vBRIDP,nD,0.0814370688803937
4496,46.0,80.0,0.0,80.0,e7,CgMe-PPh,nI,0.6142759277683246
4497,46.0,81.0,0.0,81.0,e5,MeO-KITPHOS,nG,0.5037716636607265
4498,46.0,82.0,0.0,82.0,e3,PPhMe2,nI,0.20757845982176984
4499,46.0,83.0,0.0,83.0,e2,tBPh-CPhos,nE,0.13432593614456043
4500,46.0,84.0,0.0,84.0,e5,BrettPhos,nB,0.12946958176386614
4501,46.0,85.0,0.0,85.0,e5,JackiePhos,nG,0.338261501637445
4502,46.0,86.0,0.0,86.0,e5,CX-PICy,nB,0.25414471887183276
4503,46.0,87.0,0.0,87.0,e1,Et-PhenCar-Phos,nB,0.04532172338475905
4504,46.0,88.0,0.0,88.0,e5,CX-FBu,nC,0.07791633633204394
4505,46.0,89.0,0.0,89.0,e1,Cy-DavePhos,nA,0.3421517795536883
4506,46.0,90.0,0.0,90.0,e5,PPh3,nF,0.459106585899356
4507,46.0,91.0,0.0,91.0,e1,PnBu3 HBF4,nC,0.05073636262125162
4508,46.0,92.0,0.0,92.0,e4,Cy-BippyPhos,nG,0.015289072522480941
4509,46.0,93.0,0.0,93.0,e3,CgMe-PPh,nE,0.13080909557688172
4510,46.0,94.0,0.0,94.0,e3,PPh2Me,nD,0.22980567343975122
4511,46.0,95.0,0.0,95.0,e2,X-Phos,nA,0.7289375568068931
4512,47.0,0.0,0.0,0.0,e1,A-caPhos,nD,0.0
4513,47.0,1.0,0.0,1.0,e10,BrettPhos,nI,0.1572445220332629
4514,47.0,2.0,0.0,2.0,e4,CX-FBu,nF,0.0037689635802445258
4515,47.0,3.0,0.0,3.0,e2,CX-PICy,nE,0.1112468268031635
4516,47.0,4.0,0.0,4.0,e4,Cy-DavePhos,nA,0.030639879401734644
4517,47.0,5.0,0.0,5.0,e5,Cy-vBRIDP,nI,0.7979626994163204
4518,47.0,6.0,0.0,6.0,e2,Kwong,nI,0.5869140300450231
4519,47.0,7.0,0.0,7.0,e10,MeO-KITPHOS,nF,0.8931997261223513
4520,47.0,8.0,0.0,8.0,e5,P(o-Anis)3,nC,0.2597060555559565
4521,47.0,9.0,0.0,9.0,e5,Et-PhenCar-Phos,nE,0.1555337724688785
4522,47.0,10.0,0.0,10.0,e4,JackiePhos,nA,0.01378290721008047
4523,47.0,11.0,0.0,11.0,e7,"P(3,5-CF3-Ph)3",nG,0.004136174060489153
4524,47.0,12.0,0.0,12.0,e10,P(fur)3,nI,0.900708416999593
4525,47.0,13.0,0.0,13.0,e3,Ph-PhenCar-Phos,nA,0.09713443673361893
4526,47.0,14.0,0.0,14.0,e10,PPh2Me,nI,0.054332685778400516
4527,47.0,15.0,0.0,15.0,e1,PPhtBu2,nG,0.0
4528,47.0,16.0,0.0,16.0,e5,tBPh-CPhos,nE,0.21985955173112223
4529,47.0,17.0,0.0,17.0,e2,PPhMe2,nE,0.206575885338896
4530,47.0,18.0,0.0,18.0,e3,Cy-BippyPhos,nA,0.7065412188883603
4531,47.0,19.0,0.0,19.0,e7,PCy3 HBF4,nG,0.0
4532,47.0,20.0,0.0,20.0,e3,CgMe-PPh,nB,0.2170305015470435
4533,47.0,21.0,0.0,21.0,e1,PPh3,nA,0.2870639417300373
4534,47.0,22.0,0.0,22.0,e1,X-Phos,nF,0.0977093065996311
4535,47.0,23.0,0.0,23.0,e10,PnBu3 HBF4,nA,0.145126946063475
4536,47.0,24.0,0.0,24.0,e1,P(fur)3,nG,0.026494931502405453
4537,47.0,25.0,0.0,25.0,e5,MeO-KITPHOS,nF,0.6717033584808797
4538,47.0,26.0,0.0,26.0,e1,Cy-vBRIDP,nB,0.09907844745687962
4539,47.0,27.0,0.0,27.0,e3,Cy-BippyPhos,nI,0.4880124029547394
4540,47.0,28.0,0.0,28.0,e10,Kwong,nE,0.10609667459949558
4541,47.0,29.0,0.0,29.0,e1,PPh3,nE,0.00995882546000144
4542,47.0,30.0,0.0,30.0,e9,P(o-Anis)3,nA,0.15362948073366284
4543,47.0,31.0,0.0,31.0,e9,tBPh-CPhos,nG,0.5841317864497397
4544,47.0,32.0,0.0,32.0,e7,CgMe-PPh,nC,0.4527219927063775
4545,47.0,33.0,0.0,33.0,e1,PPhMe2,nG,0.015753918769731767
4546,47.0,34.0,0.0,34.0,e9,MeO-KITPHOS,nF,0.2069173517749973
4547,47.0,35.0,0.0,35.0,e9,BrettPhos,nG,0.0
4548,47.0,36.0,0.0,36.0,e5,Et-PhenCar-Phos,nF,0.9721268742833418
4549,47.0,37.0,0.0,37.0,e2,PnBu3 HBF4,nA,0.0
4550,47.0,38.0,0.0,38.0,e2,CX-PICy,nF,0.35525432440321075
4551,47.0,39.0,0.0,39.0,e9,X-Phos,nF,0.7946437444937127
4552,47.0,40.0,0.0,40.0,e10,Ph-PhenCar-Phos,nB,0.010682786436433955
4553,47.0,41.0,0.0,41.0,e5,PPh2Me,nG,0.02908266774080822
4554,47.0,42.0,0.0,42.0,e9,Cy-DavePhos,nF,0.869939977523386
4555,47.0,43.0,0.0,43.0,e7,JackiePhos,nA,0.507068550436567
4556,47.0,44.0,0.0,44.0,e9,Cy-BippyPhos,nA,0.5551684100530536
4557,47.0,45.0,0.0,45.0,e3,"P(3,5-CF3-Ph)3",nA,0.08371816344615461
4558,47.0,46.0,0.0,46.0,e5,CX-FBu,nG,0.012379252545960754
4559,47.0,47.0,0.0,47.0,e5,A-caPhos,nE,0.037864613831533826
4560,47.0,48.0,0.0,48.0,e9,PPhtBu2,nD,0.2526686520906297
4561,47.0,49.0,0.0,49.0,e9,PCy3 HBF4,nG,0.4351271395358285
4562,47.0,50.0,0.0,50.0,e5,Et-PhenCar-Phos,nD,0.7835996088615103
4563,47.0,51.0,0.0,51.0,e10,P(fur)3,nA,0.6938329241091595
4564,47.0,52.0,0.0,52.0,e4,Cy-DavePhos,nG,0.04776203346339624
4565,47.0,53.0,0.0,53.0,e9,Cy-vBRIDP,nC,0.3462977628869725
4566,47.0,54.0,0.0,54.0,e5,X-Phos,nC,0.7137664796412143
4567,47.0,55.0,0.0,55.0,e7,tBPh-CPhos,nC,0.6575510344081796
4568,47.0,56.0,0.0,56.0,e2,Et-PhenCar-Phos,nI,0.6430834035717605
4569,47.0,57.0,0.0,57.0,e5,Kwong,nC,0.7139078067166453
4570,47.0,58.0,0.0,58.0,e4,CgMe-PPh,nD,0.08321089559018727
4571,47.0,59.0,0.0,59.0,e4,MeO-KITPHOS,nF,0.09857703536485529
4572,47.0,60.0,0.0,60.0,e2,Cy-BippyPhos,nA,0.947422522089135
4573,47.0,61.0,0.0,61.0,e7,P(fur)3,nE,0.0
4574,47.0,62.0,0.0,62.0,e7,X-Phos,nE,0.009747915997314067
4575,47.0,63.0,0.0,63.0,e3,JackiePhos,nA,0.49532594634296395
4576,47.0,64.0,0.0,64.0,e4,Cy-BippyPhos,nI,0.01506826698150689
4577,47.0,65.0,0.0,65.0,e3,CX-PICy,nD,0.6575942693885647
4578,47.0,66.0,0.0,66.0,e4,tBPh-CPhos,nG,0.04357628217462166
4579,47.0,67.0,0.0,67.0,e9,Et-PhenCar-Phos,nE,0.09970326563233488
4580,47.0,68.0,0.0,68.0,e4,PCy3 HBF4,nA,0.03156483605433674
4581,47.0,69.0,0.0,69.0,e7,Kwong,nE,0.004040419088719778
4582,47.0,70.0,0.0,70.0,e7,P(o-Anis)3,nB,0.09494681712924612
4583,47.0,71.0,0.0,71.0,e10,Cy-vBRIDP,nG,0.3608953345580712
4584,47.0,72.0,0.0,72.0,e2,PPh3,nD,0.829809282023606
4585,47.0,73.0,0.0,73.0,e7,PPhtBu2,nC,0.30473655831052726
4586,47.0,74.0,0.0,74.0,e1,PPh3,nD,0.08191408146836389
4587,47.0,75.0,0.0,75.0,e10,CX-PICy,nA,0.6712211737821199
4588,47.0,76.0,0.0,76.0,e4,PPhMe2,nA,0.0
4589,47.0,77.0,0.0,77.0,e7,JackiePhos,nI,0.6032624128682527
4590,47.0,78.0,0.0,78.0,e9,BrettPhos,nA,0.05897317034300215
4591,47.0,79.0,0.0,79.0,e9,PnBu3 HBF4,nF,0.06976139513202796
4592,47.0,80.0,0.0,80.0,e1,Cy-DavePhos,nE,0.04088521449674735
4593,47.0,81.0,0.0,81.0,e2,Ph-PhenCar-Phos,nI,0.31637502685680596
4594,47.0,82.0,0.0,82.0,e1,MeO-KITPHOS,nI,0.08070327614437922
4595,47.0,83.0,0.0,83.0,e1,"P(3,5-CF3-Ph)3",nD,0.1717712180634414
4596,47.0,84.0,0.0,84.0,e1,PPh2Me,nF,0.03516179379382025
4597,47.0,85.0,0.0,85.0,e4,CX-PICy,nC,0.6506137028615483
4598,47.0,86.0,0.0,86.0,e7,Cy-BippyPhos,nB,0.26761082245238416
4599,47.0,87.0,0.0,87.0,e10,A-caPhos,nI,0.4049690202102659
4600,47.0,88.0,0.0,88.0,e10,Et-PhenCar-Phos,nI,0.8978098811886851
4601,47.0,89.0,0.0,89.0,e9,CX-FBu,nF,0.005339162336147423
4602,47.0,90.0,0.0,90.0,e3,Et-PhenCar-Phos,nC,0.528155852189567
4603,47.0,91.0,0.0,91.0,e4,CgMe-PPh,nI,0.07791399926072878
4604,47.0,92.0,0.0,92.0,e10,P(fur)3,nC,0.7314440607369128
4605,47.0,93.0,0.0,93.0,e4,JackiePhos,nB,0.0
4606,47.0,94.0,0.0,94.0,e3,X-Phos,nI,0.43402238114543207
4607,47.0,95.0,0.0,95.0,e2,Cy-vBRIDP,nA,0.9280139562522538
4608,48.0,0.0,0.0,0.0,e5,A-caPhos,nA,0.2812843970957228
4609,48.0,1.0,0.0,1.0,e4,BrettPhos,nB,0.06659152732740367
4610,48.0,2.0,0.0,2.0,e5,CX-FBu,nA,0.036929391233255865
4611,48.0,3.0,0.0,3.0,e10,CX-PICy,nG,0.3377488314799635
4612,48.0,4.0,0.0,4.0,e4,Cy-DavePhos,nG,0.04776203346339624
4613,48.0,5.0,0.0,5.0,e9,Cy-vBRIDP,nG,0.47307553236824745
4614,48.0,6.0,0.0,6.0,e3,Kwong,nF,0.751341990836228
4615,48.0,7.0,0.0,7.0,e1,MeO-KITPHOS,nI,0.08070327614437922
4616,48.0,8.0,0.0,8.0,e5,P(o-Anis)3,nA,0.20637391159055976
4617,48.0,9.0,0.0,9.0,e1,Et-PhenCar-Phos,nI,0.05407119647865783
4618,48.0,10.0,0.0,10.0,e1,JackiePhos,nF,0.21427092007990234
4619,48.0,11.0,0.0,11.0,e5,"P(3,5-CF3-Ph)3",nA,0.6652219449652172
4620,48.0,12.0,0.0,12.0,e9,P(fur)3,nB,0.1017982533025562
4621,48.0,13.0,0.0,13.0,e7,Ph-PhenCar-Phos,nA,0.20865958976807292
4622,48.0,14.0,0.0,14.0,e2,PPh2Me,nE,0.1828915699577187
4623,48.0,15.0,0.0,15.0,e2,PPhtBu2,nD,0.9426908215088567
4624,48.0,16.0,0.0,16.0,e1,tBPh-CPhos,nB,0.13846077071822055
4625,48.0,17.0,0.0,17.0,e4,PPhMe2,nG,0.0
4626,48.0,18.0,0.0,18.0,e5,Cy-BippyPhos,nB,0.35550155976803
4627,48.0,19.0,0.0,19.0,e5,PCy3 HBF4,nC,0.7610838314818648
4628,48.0,20.0,0.0,20.0,e1,CgMe-PPh,nD,0.47486974841558166
4629,48.0,21.0,0.0,21.0,e5,PPh3,nE,0.07040432961461064
4630,48.0,22.0,0.0,22.0,e10,X-Phos,nE,0.0935959226806929
4631,48.0,23.0,0.0,23.0,e10,PnBu3 HBF4,nD,1.0
4632,48.0,24.0,0.0,24.0,e7,PnBu3 HBF4,nA,0.19159700729969498
4633,48.0,25.0,0.0,25.0,e5,PPhtBu2,nC,0.7698254349858591
4634,48.0,26.0,0.0,26.0,e3,PCy3 HBF4,nB,0.006581360557928457
4635,48.0,27.0,0.0,27.0,e4,Kwong,nG,0.0
4636,48.0,28.0,0.0,28.0,e1,"P(3,5-CF3-Ph)3",nA,0.1017122012266687
4637,48.0,29.0,0.0,29.0,e9,CgMe-PPh,nC,0.40356850702768715
4638,48.0,30.0,0.0,30.0,e3,Cy-vBRIDP,nE,0.22456888388015206
4639,48.0,31.0,0.0,31.0,e5,Cy-BippyPhos,nG,0.45451502639332875
4640,48.0,32.0,0.0,32.0,e4,CX-PICy,nC,0.6506137028615483
4641,48.0,33.0,0.0,33.0,e7,A-caPhos,nE,0.0
4642,48.0,34.0,0.0,34.0,e3,PPhtBu2,nA,0.3650613273843325
4643,48.0,35.0,0.0,35.0,e7,JackiePhos,nA,0.507068550436567
4644,48.0,36.0,0.0,36.0,e2,Ph-PhenCar-Phos,nG,0.0
4645,48.0,37.0,0.0,37.0,e1,P(o-Anis)3,nC,0.2646743135782516
4646,48.0,38.0,0.0,38.0,e10,PPh2Me,nD,1.0
4647,48.0,39.0,0.0,39.0,e1,tBPh-CPhos,nI,0.239947127680601
4648,48.0,40.0,0.0,40.0,e10,P(fur)3,nD,0.986548910086449
4649,48.0,41.0,0.0,41.0,e5,X-Phos,nC,0.7137664796412143
4650,48.0,42.0,0.0,42.0,e7,MeO-KITPHOS,nI,0.21783562748931537
4651,48.0,43.0,0.0,43.0,e2,PPh3,nI,0.5983316480220364
4652,48.0,44.0,0.0,44.0,e10,BrettPhos,nE,0.057568734516984195
4653,48.0,45.0,0.0,45.0,e5,Et-PhenCar-Phos,nC,0.7420550241578128
4654,48.0,46.0,0.0,46.0,e3,Cy-DavePhos,nC,0.37215812981068086
4655,48.0,47.0,0.0,47.0,e2,CX-FBu,nG,0.0
4656,48.0,48.0,0.0,48.0,e7,PnBu3 HBF4,nI,0.07769044425257474
4657,48.0,49.0,0.0,49.0,e2,PPh2Me,nG,0.0
4658,48.0,50.0,0.0,50.0,e5,PPhMe2,nG,0.32039585377097946
4659,48.0,51.0,0.0,51.0,e2,P(fur)3,nG,0.26823050789231057
4660,48.0,52.0,0.0,52.0,e3,CX-PICy,nI,0.3147352706817098
4661,48.0,53.0,0.0,53.0,e1,CgMe-PPh,nF,0.16030992191406224
4662,48.0,54.0,0.0,54.0,e2,PPhtBu2,nG,0.1723789943659194
4663,48.0,55.0,0.0,55.0,e4,Cy-BippyPhos,nI,0.01506826698150689
4664,48.0,56.0,0.0,56.0,e2,X-Phos,nC,0.40642389315255095
4665,48.0,57.0,0.0,57.0,e3,Et-PhenCar-Phos,nC,0.528155852189567
4666,48.0,58.0,0.0,58.0,e2,PCy3 HBF4,nE,0.0
4667,48.0,59.0,0.0,59.0,e4,"P(3,5-CF3-Ph)3",nC,0.20935389087716724
4668,48.0,60.0,0.0,60.0,e2,Kwong,nA,0.60729628561042
4669,48.0,61.0,0.0,61.0,e1,JackiePhos,nE,0.07879071157202047
4670,48.0,62.0,0.0,62.0,e2,Cy-vBRIDP,nB,0.3426954282220505
4671,48.0,63.0,0.0,63.0,e5,PPh3,nB,0.10428974023151304
4672,48.0,64.0,0.0,64.0,e3,P(o-Anis)3,nG,0.21909794334000537
4673,48.0,65.0,0.0,65.0,e1,Cy-DavePhos,nB,0.14325304895448931
4674,48.0,66.0,0.0,66.0,e2,Kwong,nE,0.15385645810893028
4675,48.0,67.0,0.0,67.0,e3,P(fur)3,nD,0.517468751935307
4676,48.0,68.0,0.0,68.0,e2,tBPh-CPhos,nF,0.9180522305589233
4677,48.0,69.0,0.0,69.0,e4,Et-PhenCar-Phos,nE,0.006684621137560202
4678,48.0,70.0,0.0,70.0,e1,CX-PICy,nD,0.26178759539722174
4679,48.0,71.0,0.0,71.0,e7,tBPh-CPhos,nA,0.42655708759840044
4680,48.0,72.0,0.0,72.0,e1,PnBu3 HBF4,nB,0.005892158794976363
4681,48.0,73.0,0.0,73.0,e4,PPhMe2,nI,0.0
4682,48.0,74.0,0.0,74.0,e4,MeO-KITPHOS,nI,0.046668452270735516
4683,48.0,75.0,0.0,75.0,e9,PPhtBu2,nE,0.15317274654488514
4684,48.0,76.0,0.0,76.0,e1,X-Phos,nD,0.11103234490926704
4685,48.0,77.0,0.0,77.0,e5,A-caPhos,nE,0.037864613831533826
4686,48.0,78.0,0.0,78.0,e9,PPh2Me,nD,0.09858496056367311
4687,48.0,79.0,0.0,79.0,e7,Ph-PhenCar-Phos,nD,0.1799508601397997
4688,48.0,80.0,0.0,80.0,e5,Cy-vBRIDP,nC,0.6808973298430087
4689,48.0,81.0,0.0,81.0,e10,CgMe-PPh,nE,0.0683436736393753
4690,48.0,82.0,0.0,82.0,e9,"P(3,5-CF3-Ph)3",nG,0.3475054757161358
4691,48.0,83.0,0.0,83.0,e7,BrettPhos,nB,0.006706537467230552
4692,48.0,84.0,0.0,84.0,e4,P(fur)3,nA,0.0
4693,48.0,85.0,0.0,85.0,e7,CX-FBu,nC,0.015254117622773431
4694,48.0,86.0,0.0,86.0,e2,tBPh-CPhos,nD,0.9627817421488892
4695,48.0,87.0,0.0,87.0,e5,tBPh-CPhos,nE,0.21985955173112223
4696,48.0,88.0,0.0,88.0,e9,Cy-vBRIDP,nI,0.6700718714523624
4697,48.0,89.0,0.0,89.0,e3,Cy-BippyPhos,nE,0.21120990283036814
4698,48.0,90.0,0.0,90.0,e10,JackiePhos,nD,0.9619894282107424
4699,48.0,91.0,0.0,91.0,e2,JackiePhos,nC,0.5096826906052602
4700,48.0,92.0,0.0,92.0,e10,PPh3,nE,0.026002383851906816
4701,48.0,93.0,0.0,93.0,e2,PCy3 HBF4,nG,0.00663833998076357
4702,48.0,94.0,0.0,94.0,e2,CX-PICy,nE,0.1112468268031635
4703,48.0,95.0,0.0,95.0,e3,P(o-Anis)3,nC,0.5299247414529387
4704,49.0,0.0,0.0,0.0,e2,A-caPhos,nB,0.050816766328986455
4705,49.0,1.0,0.0,1.0,e3,BrettPhos,nB,0.0
4706,49.0,2.0,0.0,2.0,e2,CX-FBu,nA,0.0
4707,49.0,3.0,0.0,3.0,e4,CX-PICy,nE,0.044118367259479443
4708,49.0,4.0,0.0,4.0,e7,Cy-DavePhos,nA,0.4507264804831017
4709,49.0,5.0,0.0,5.0,e2,Cy-vBRIDP,nA,0.9280139562522538
4710,49.0,6.0,0.0,6.0,e9,Kwong,nB,0.11088834300612632
4711,49.0,7.0,0.0,7.0,e1,MeO-KITPHOS,nE,0.04671760971453625
4712,49.0,8.0,0.0,8.0,e7,P(o-Anis)3,nF,0.166780622805447
4713,49.0,9.0,0.0,9.0,e4,Et-PhenCar-Phos,nI,0.02371214570587278
4714,49.0,10.0,0.0,10.0,e2,JackiePhos,nG,0.226362632584802
4715,49.0,11.0,0.0,11.0,e4,"P(3,5-CF3-Ph)3",nC,0.20935389087716724
4716,49.0,12.0,0.0,12.0,e5,P(fur)3,nC,0.706763204366684
4717,49.0,13.0,0.0,13.0,e7,Ph-PhenCar-Phos,nB,0.09789100504054042
4718,49.0,14.0,0.0,14.0,e10,PPh2Me,nF,0.9442102793927251
4719,49.0,15.0,0.0,15.0,e10,PPhtBu2,nD,0.9552227828319847
4720,49.0,16.0,0.0,16.0,e7,tBPh-CPhos,nE,0.0
4721,49.0,17.0,0.0,17.0,e1,PPhMe2,nG,0.015753918769731767
4722,49.0,18.0,0.0,18.0,e2,Cy-BippyPhos,nI,0.67187359635982
4723,49.0,19.0,0.0,19.0,e5,PCy3 HBF4,nF,0.0989693910252459
4724,49.0,20.0,0.0,20.0,e10,CgMe-PPh,nD,0.9667080207978768
4725,49.0,21.0,0.0,21.0,e3,PPh3,nF,0.7331009521150271
4726,49.0,22.0,0.0,22.0,e10,X-Phos,nC,0.732411484160166
4727,49.0,23.0,0.0,23.0,e4,PnBu3 HBF4,nA,0.01706005824707267
4728,49.0,24.0,0.0,24.0,e10,CgMe-PPh,nI,0.992612378842541
4729,49.0,25.0,0.0,25.0,e1,PPhtBu2,nC,0.04142482366500885
4730,49.0,26.0,0.0,26.0,e3,PPh2Me,nA,0.009003872028159892
4731,49.0,27.0,0.0,27.0,e5,Cy-vBRIDP,nG,0.40071151817911255
4732,49.0,28.0,0.0,28.0,e1,PPh3,nC,0.1159616122174597
4733,49.0,29.0,0.0,29.0,e4,X-Phos,nC,0.34258955436774835
4734,49.0,30.0,0.0,30.0,e3,P(fur)3,nF,0.44484850798719355
4735,49.0,31.0,0.0,31.0,e3,Cy-BippyPhos,nI,0.4880124029547394
4736,49.0,32.0,0.0,32.0,e2,Cy-DavePhos,nI,0.6644450399368388
4737,49.0,33.0,0.0,33.0,e5,CgMe-PPh,nB,0.24129886485371901
4738,49.0,34.0,0.0,34.0,e2,JackiePhos,nC,0.5096826906052602
4739,49.0,35.0,0.0,35.0,e2,"P(3,5-CF3-Ph)3",nA,0.7596387385382168
4740,49.0,36.0,0.0,36.0,e4,P(o-Anis)3,nD,0.02538658500885957
4741,49.0,37.0,0.0,37.0,e10,Kwong,nC,0.6516586410089802
4742,49.0,38.0,0.0,38.0,e2,PCy3 HBF4,nB,0.029838368623291776
4743,49.0,39.0,0.0,39.0,e4,Ph-PhenCar-Phos,nA,0.0
4744,49.0,40.0,0.0,40.0,e4,Cy-vBRIDP,nB,0.0
4745,49.0,41.0,0.0,41.0,e2,A-caPhos,nD,0.8459561333315676
4746,49.0,42.0,0.0,42.0,e9,MeO-KITPHOS,nC,0.35851761793533216
4747,49.0,43.0,0.0,43.0,e5,CX-PICy,nI,0.7387768863355436
4748,49.0,44.0,0.0,44.0,e2,Et-PhenCar-Phos,nA,0.9619512654546682
4749,49.0,45.0,0.0,45.0,e10,PnBu3 HBF4,nC,0.6529372533584769
4750,49.0,46.0,0.0,46.0,e3,PPhMe2,nI,0.20757845982176984
4751,49.0,47.0,0.0,47.0,e5,BrettPhos,nC,0.08695624388826621
4752,49.0,48.0,0.0,48.0,e7,CX-FBu,nF,0.0
4753,49.0,49.0,0.0,49.0,e7,tBPh-CPhos,nI,0.3070094849804215
4754,49.0,50.0,0.0,50.0,e5,Cy-BippyPhos,nF,0.5547253517877193
4755,49.0,51.0,0.0,51.0,e7,P(fur)3,nD,0.371885023964237
4756,49.0,52.0,0.0,52.0,e1,Cy-DavePhos,nA,0.3421517795536883
4757,49.0,53.0,0.0,53.0,e5,X-Phos,nI,0.6595060362188809
4758,49.0,54.0,0.0,54.0,e5,PPhtBu2,nF,0.03204541377761061
4759,49.0,55.0,0.0,55.0,e1,Et-PhenCar-Phos,nA,0.5211070217161989
4760,49.0,56.0,0.0,56.0,e4,"P(3,5-CF3-Ph)3",nA,0.011117148997029924
4761,49.0,57.0,0.0,57.0,e4,PPh2Me,nA,0.012250195356626198
4762,49.0,58.0,0.0,58.0,e5,CgMe-PPh,nF,0.4710660416220753
4763,49.0,59.0,0.0,59.0,e4,A-caPhos,nC,0.22300559618283194
4764,49.0,60.0,0.0,60.0,e4,PPh3,nD,0.001865175726413785
4765,49.0,61.0,0.0,61.0,e7,CX-PICy,nB,0.23030477566313212
4766,49.0,62.0,0.0,62.0,e4,Kwong,nD,0.07279928824098204
4767,49.0,63.0,0.0,63.0,e1,JackiePhos,nE,0.07879071157202047
4768,49.0,64.0,0.0,64.0,e9,PnBu3 HBF4,nI,0.364306479041637
4769,49.0,65.0,0.0,65.0,e1,X-Phos,nC,0.27431091804894675
4770,49.0,66.0,0.0,66.0,e1,Cy-BippyPhos,nI,0.2211067826223972
4771,49.0,67.0,0.0,67.0,e3,CgMe-PPh,nC,0.5573433814229866
4772,49.0,68.0,0.0,68.0,e4,P(fur)3,nG,0.003303003899865808
4773,49.0,69.0,0.0,69.0,e7,Et-PhenCar-Phos,nE,0.05718031328307803
4774,49.0,70.0,0.0,70.0,e4,Cy-DavePhos,nC,0.365792749214354
4775,49.0,71.0,0.0,71.0,e2,MeO-KITPHOS,nG,0.2917340042609233
4776,49.0,72.0,0.0,72.0,e9,Cy-vBRIDP,nA,0.003827159412294159
4777,49.0,73.0,0.0,73.0,e9,tBPh-CPhos,nE,0.2128966624664455
4778,49.0,74.0,0.0,74.0,e3,CgMe-PPh,nA,0.5833854524265055
4779,49.0,75.0,0.0,75.0,e9,A-caPhos,nE,0.1264609747923346
4780,49.0,76.0,0.0,76.0,e7,PPhMe2,nA,0.24213550852685992
4781,49.0,77.0,0.0,77.0,e5,P(o-Anis)3,nE,0.08503037414620321
4782,49.0,78.0,0.0,78.0,e2,X-Phos,nA,0.7289375568068931
4783,49.0,79.0,0.0,79.0,e10,PnBu3 HBF4,nB,0.005351613760340478
4784,49.0,80.0,0.0,80.0,e5,PPhtBu2,nC,0.7698254349858591
4785,49.0,81.0,0.0,81.0,e1,CX-PICy,nB,0.158428631262488
4786,49.0,82.0,0.0,82.0,e4,Cy-BippyPhos,nI,0.01506826698150689
4787,49.0,83.0,0.0,83.0,e9,"P(3,5-CF3-Ph)3",nA,0.28248248720696867
4788,49.0,84.0,0.0,84.0,e10,PCy3 HBF4,nC,0.7481239349628751
4789,49.0,85.0,0.0,85.0,e4,PPh2Me,nC,0.0
4790,49.0,86.0,0.0,86.0,e2,Ph-PhenCar-Phos,nD,0.16891370076688705
4791,49.0,87.0,0.0,87.0,e4,BrettPhos,nE,0.020587634820407864
4792,49.0,88.0,0.0,88.0,e3,Cy-DavePhos,nE,0.1655425072853271
4793,49.0,89.0,0.0,89.0,e9,CgMe-PPh,nB,0.16201116259216772
4794,49.0,90.0,0.0,90.0,e4,PPhtBu2,nE,0.0
4795,49.0,91.0,0.0,91.0,e7,PCy3 HBF4,nB,0.0
4796,49.0,92.0,0.0,92.0,e2,X-Phos,nE,0.05720851394385538
4797,49.0,93.0,0.0,93.0,e4,PPh3,nC,0.31241818275827216
4798,49.0,94.0,0.0,94.0,e7,Kwong,nC,0.618033573890117
4799,49.0,95.0,0.0,95.0,e7,JackiePhos,nA,0.507068550436567
4800,50.0,0.0,0.0,0.0,e7,A-caPhos,nC,0.6204517712369704
4801,50.0,1.0,0.0,1.0,e7,BrettPhos,nA,0.0124654631537221
4802,50.0,2.0,0.0,2.0,e4,CX-FBu,nI,0.026545433452423287
4803,50.0,3.0,0.0,3.0,e7,CX-PICy,nF,0.22737199353381096
4804,50.0,4.0,0.0,4.0,e9,Cy-DavePhos,nF,0.869939977523386
4805,50.0,5.0,0.0,5.0,e7,Cy-vBRIDP,nB,0.18834091750393028
4806,50.0,6.0,0.0,6.0,e5,Kwong,nE,0.16336084003327056
4807,50.0,7.0,0.0,7.0,e10,MeO-KITPHOS,nD,0.8998197521786309
4808,50.0,8.0,0.0,8.0,e9,P(o-Anis)3,nB,0.014166351731102438
4809,50.0,9.0,0.0,9.0,e7,Et-PhenCar-Phos,nD,1.0
4810,50.0,10.0,0.0,10.0,e2,JackiePhos,nE,0.14951065589537862
4811,50.0,11.0,0.0,11.0,e2,"P(3,5-CF3-Ph)3",nC,0.5485762544154528
4812,50.0,12.0,0.0,12.0,e4,P(fur)3,nI,0.04402143693540769
4813,50.0,13.0,0.0,13.0,e5,Ph-PhenCar-Phos,nG,0.0
4814,50.0,14.0,0.0,14.0,e9,PPh2Me,nC,0.2914145670907849
4815,50.0,15.0,0.0,15.0,e7,PPhtBu2,nE,0.004287376405646932
4816,50.0,16.0,0.0,16.0,e3,tBPh-CPhos,nF,0.8810310712945111
4817,50.0,17.0,0.0,17.0,e10,PPhMe2,nI,0.5272307031167799
4818,50.0,18.0,0.0,18.0,e10,Cy-BippyPhos,nB,0.44442545396979233
4819,50.0,19.0,0.0,19.0,e2,PCy3 HBF4,nA,0.001570789934535926
4820,50.0,20.0,0.0,20.0,e5,CgMe-PPh,nI,0.8762416176625111
4821,50.0,21.0,0.0,21.0,e2,PPh3,nI,0.5983316480220364
4822,50.0,22.0,0.0,22.0,e2,X-Phos,nI,0.5461500672967297
4823,50.0,23.0,0.0,23.0,e1,PnBu3 HBF4,nA,0.033538713814707063
4824,50.0,24.0,0.0,24.0,e2,Et-PhenCar-Phos,nB,0.30781579365006
4825,50.0,25.0,0.0,25.0,e5,MeO-KITPHOS,nA,0.677313943864531
4826,50.0,26.0,0.0,26.0,e1,tBPh-CPhos,nF,0.2236049471858116
4827,50.0,27.0,0.0,27.0,e7,CgMe-PPh,nA,0.6062121514347315
4828,50.0,28.0,0.0,28.0,e2,Cy-DavePhos,nA,0.890605834039087
4829,50.0,29.0,0.0,29.0,e1,A-caPhos,nI,0.03722071252473063
4830,50.0,30.0,0.0,30.0,e7,PPh3,nD,0.9958253430037467
4831,50.0,31.0,0.0,31.0,e2,"P(3,5-CF3-Ph)3",nD,0.8356393853580697
4832,50.0,32.0,0.0,32.0,e7,X-Phos,nC,0.7699443054600407
4833,50.0,33.0,0.0,33.0,e7,PPhMe2,nG,0.0
4834,50.0,34.0,0.0,34.0,e1,Cy-BippyPhos,nC,0.12530079881726516
4835,50.0,35.0,0.0,35.0,e5,Cy-DavePhos,nC,0.6945846341087276
4836,50.0,36.0,0.0,36.0,e1,PPh2Me,nE,0.04666252615313038
4837,50.0,37.0,0.0,37.0,e3,CX-PICy,nD,0.6575942693885647
4838,50.0,38.0,0.0,38.0,e3,PPh3,nE,0.056276657784168405
4839,50.0,39.0,0.0,39.0,e2,MeO-KITPHOS,nD,0.8301285778461426
4840,50.0,40.0,0.0,40.0,e1,Cy-vBRIDP,nE,0.10273481023694789
4841,50.0,41.0,0.0,41.0,e2,Kwong,nA,0.60729628561042
4842,50.0,42.0,0.0,42.0,e7,CgMe-PPh,nF,0.8590504388988899
4843,50.0,43.0,0.0,43.0,e1,JackiePhos,nI,0.23164589492729465
4844,50.0,44.0,0.0,44.0,e9,"P(3,5-CF3-Ph)3",nB,0.06814180345199915
4845,50.0,45.0,0.0,45.0,e4,X-Phos,nB,0.0
4846,50.0,46.0,0.0,46.0,e3,Et-PhenCar-Phos,nI,0.2910836416236313
4847,50.0,47.0,0.0,47.0,e1,P(fur)3,nI,0.0
4848,50.0,48.0,0.0,48.0,e9,PnBu3 HBF4,nC,0.29786886006957153
4849,50.0,49.0,0.0,49.0,e5,CX-FBu,nA,0.036929391233255865
4850,50.0,50.0,0.0,50.0,e5,P(o-Anis)3,nA,0.20637391159055976
4851,50.0,51.0,0.0,51.0,e1,BrettPhos,nC,0.004772581327773339
4852,50.0,52.0,0.0,52.0,e5,PPhtBu2,nA,0.6662908668048635
4853,50.0,53.0,0.0,53.0,e7,PCy3 HBF4,nB,0.0
4854,50.0,54.0,0.0,54.0,e4,Ph-PhenCar-Phos,nI,0.03672891692050217
4855,50.0,55.0,0.0,55.0,e5,Cy-DavePhos,nG,0.4296099762008142
4856,50.0,56.0,0.0,56.0,e1,tBPh-CPhos,nA,0.9415665821167656
4857,50.0,57.0,0.0,57.0,e5,MeO-KITPHOS,nD,0.7150014599477411
4858,50.0,58.0,0.0,58.0,e2,CgMe-PPh,nB,0.2326183566176621
4859,50.0,59.0,0.0,59.0,e4,CX-PICy,nD,0.04718150893102839
4860,50.0,60.0,0.0,60.0,e4,tBPh-CPhos,nI,0.022633316819564778
4861,50.0,61.0,0.0,61.0,e2,Kwong,nG,0.197472465219982
4862,50.0,62.0,0.0,62.0,e4,MeO-KITPHOS,nD,0.01764759420350764
4863,50.0,63.0,0.0,63.0,e5,PPhtBu2,nI,0.6943756174940648
4864,50.0,64.0,0.0,64.0,e3,A-caPhos,nB,0.12487445849811245
4865,50.0,65.0,0.0,65.0,e7,Cy-DavePhos,nE,0.07737987898288086
4866,50.0,66.0,0.0,66.0,e9,PPh3,nD,0.6001831529671628
4867,50.0,67.0,0.0,67.0,e3,Cy-BippyPhos,nD,0.7257486948775891
4868,50.0,68.0,0.0,68.0,e4,Et-PhenCar-Phos,nD,0.045517695769122665
4869,50.0,69.0,0.0,69.0,e9,PPhMe2,nI,0.047646357359235086
4870,50.0,70.0,0.0,70.0,e2,CgMe-PPh,nC,0.6339599379342666
4871,50.0,71.0,0.0,71.0,e4,"P(3,5-CF3-Ph)3",nB,0.027212247580631236
4872,50.0,72.0,0.0,72.0,e7,PPhtBu2,nF,0.006345526298723309
4873,50.0,73.0,0.0,73.0,e1,JackiePhos,nE,0.07879071157202047
4874,50.0,74.0,0.0,74.0,e10,X-Phos,nF,0.9068098364152221
4875,50.0,75.0,0.0,75.0,e3,Cy-BippyPhos,nB,0.2278488766711775
4876,50.0,76.0,0.0,76.0,e2,PPh2Me,nI,0.2867303573574186
4877,50.0,77.0,0.0,77.0,e9,PnBu3 HBF4,nD,0.3392198605455525
4878,50.0,78.0,0.0,78.0,e5,PPh3,nE,0.07040432961461064
4879,50.0,79.0,0.0,79.0,e4,Cy-vBRIDP,nG,0.011887141708792338
4880,50.0,80.0,0.0,80.0,e3,X-Phos,nD,0.6499890415739124
4881,50.0,81.0,0.0,81.0,e7,CgMe-PPh,nG,0.20467687014770913
4882,50.0,82.0,0.0,82.0,e5,P(o-Anis)3,nD,0.2673691817698943
4883,50.0,83.0,0.0,83.0,e5,MeO-KITPHOS,nG,0.5037716636607265
4884,50.0,84.0,0.0,84.0,e5,tBPh-CPhos,nE,0.21985955173112223
4885,50.0,85.0,0.0,85.0,e5,Cy-DavePhos,nI,0.8413366058756354
4886,50.0,86.0,0.0,86.0,e10,Kwong,nF,0.8938930828018169
4887,50.0,87.0,0.0,87.0,e10,X-Phos,nG,0.26909978021938563
4888,50.0,88.0,0.0,88.0,e3,Kwong,nI,0.27368874204771254
4889,50.0,89.0,0.0,89.0,e10,CX-PICy,nC,0.7614827627405488
4890,50.0,90.0,0.0,90.0,e1,Cy-DavePhos,nG,0.10033053889692384
4891,50.0,91.0,0.0,91.0,e7,CX-FBu,nD,0.017505922127010028
4892,50.0,92.0,0.0,92.0,e1,P(fur)3,nA,0.13903094918195189
4893,50.0,93.0,0.0,93.0,e1,Ph-PhenCar-Phos,nI,0.08752687001474006
4894,50.0,94.0,0.0,94.0,e9,MeO-KITPHOS,nF,0.2069173517749973
4895,50.0,95.0,0.0,95.0,e3,CX-PICy,nF,0.6497944840300122
4896,51.0,0.0,0.0,0.0,e1,A-caPhos,nB,0.04609606229142198
4897,51.0,1.0,0.0,1.0,e10,BrettPhos,nF,0.391560381174903
4898,51.0,2.0,0.0,2.0,e1,CX-FBu,nE,0.0
4899,51.0,3.0,0.0,3.0,e2,CX-PICy,nG,0.12786508394705637
4900,51.0,4.0,0.0,4.0,e4,Cy-DavePhos,nG,0.04776203346339624
4901,51.0,5.0,0.0,5.0,e2,Cy-vBRIDP,nF,0.6290075171930294
4902,51.0,6.0,0.0,6.0,e9,Kwong,nB,0.11088834300612632
4903,51.0,7.0,0.0,7.0,e4,MeO-KITPHOS,nD,0.01764759420350764
4904,51.0,8.0,0.0,8.0,e10,P(o-Anis)3,nB,0.07857661737600978
4905,51.0,9.0,0.0,9.0,e5,Et-PhenCar-Phos,nC,0.7420550241578128
4906,51.0,10.0,0.0,10.0,e5,JackiePhos,nI,0.6882070592144776
4907,51.0,11.0,0.0,11.0,e3,"P(3,5-CF3-Ph)3",nB,0.04364158279813684
4908,51.0,12.0,0.0,12.0,e4,P(fur)3,nB,0.04357911135254303
4909,51.0,13.0,0.0,13.0,e3,Ph-PhenCar-Phos,nA,0.09713443673361893
4910,51.0,14.0,0.0,14.0,e9,PPh2Me,nC,0.2914145670907849
4911,51.0,15.0,0.0,15.0,e5,PPhtBu2,nD,0.7431815841843207
4912,51.0,16.0,0.0,16.0,e1,tBPh-CPhos,nA,0.9415665821167656
4913,51.0,17.0,0.0,17.0,e5,PPhMe2,nG,0.32039585377097946
4914,51.0,18.0,0.0,18.0,e1,Cy-BippyPhos,nC,0.12530079881726516
4915,51.0,19.0,0.0,19.0,e9,PCy3 HBF4,nB,0.0
4916,51.0,20.0,0.0,20.0,e4,CgMe-PPh,nA,0.05836143390317885
4917,51.0,21.0,0.0,21.0,e2,PPh3,nC,0.7202319507090823
4918,51.0,22.0,0.0,22.0,e10,X-Phos,nI,0.7187458586231107
4919,51.0,23.0,0.0,23.0,e3,PnBu3 HBF4,nE,0.07267279002281227
4920,51.0,24.0,0.0,24.0,e1,tBPh-CPhos,nE,0.10531846896621012
4921,51.0,25.0,0.0,25.0,e5,PPhtBu2,nI,0.6943756174940648
4922,51.0,26.0,0.0,26.0,e5,Et-PhenCar-Phos,nG,0.4088272163752651
4923,51.0,27.0,0.0,27.0,e7,PPh3,nD,0.9958253430037467
4924,51.0,28.0,0.0,28.0,e10,X-Phos,nD,0.9917865678194812
4925,51.0,29.0,0.0,29.0,e1,JackiePhos,nF,0.21427092007990234
4926,51.0,30.0,0.0,30.0,e5,Cy-vBRIDP,nB,0.24691256669659825
4927,51.0,31.0,0.0,31.0,e7,BrettPhos,nG,0.0
4928,51.0,32.0,0.0,32.0,e5,PPhMe2,nB,0.33576273461927086
4929,51.0,33.0,0.0,33.0,e1,PPh2Me,nA,0.02658164171473438
4930,51.0,34.0,0.0,34.0,e7,PPh3,nG,0.09330503580192609
4931,51.0,35.0,0.0,35.0,e9,X-Phos,nE,0.11576466040964467
4932,51.0,36.0,0.0,36.0,e7,PPhtBu2,nD,0.17084686391608417
4933,51.0,37.0,0.0,37.0,e5,CX-PICy,nC,0.7219644854632059
4934,51.0,38.0,0.0,38.0,e2,Cy-BippyPhos,nA,0.947422522089135
4935,51.0,39.0,0.0,39.0,e3,Kwong,nB,0.13828352718505904
4936,51.0,40.0,0.0,40.0,e2,Ph-PhenCar-Phos,nG,0.0
4937,51.0,41.0,0.0,41.0,e7,P(o-Anis)3,nA,0.2039959559602517
4938,51.0,42.0,0.0,42.0,e3,PnBu3 HBF4,nA,0.08612679775706653
4939,51.0,43.0,0.0,43.0,e7,CgMe-PPh,nG,0.20467687014770913
4940,51.0,44.0,0.0,44.0,e3,Cy-DavePhos,nG,0.582883480820361
4941,51.0,45.0,0.0,45.0,e3,A-caPhos,nB,0.12487445849811245
4942,51.0,46.0,0.0,46.0,e10,"P(3,5-CF3-Ph)3",nA,0.546272038278152
4943,51.0,47.0,0.0,47.0,e2,P(fur)3,nE,0.12109249824231177
4944,51.0,48.0,0.0,48.0,e9,MeO-KITPHOS,nG,0.30072675877618354
4945,51.0,49.0,0.0,49.0,e3,CX-FBu,nG,0.05424980853629999
4946,51.0,50.0,0.0,50.0,e4,PCy3 HBF4,nA,0.03156483605433674
4947,51.0,51.0,0.0,51.0,e3,Et-PhenCar-Phos,nD,0.6274812834141975
4948,51.0,52.0,0.0,52.0,e2,Cy-BippyPhos,nC,0.565819186487617
4949,51.0,53.0,0.0,53.0,e9,tBPh-CPhos,nA,0.5070576131604569
4950,51.0,54.0,0.0,54.0,e3,JackiePhos,nF,0.779856233931088
4951,51.0,55.0,0.0,55.0,e1,Cy-vBRIDP,nE,0.10273481023694789
4952,51.0,56.0,0.0,56.0,e7,CX-PICy,nA,0.4849023858174712
4953,51.0,57.0,0.0,57.0,e9,X-Phos,nI,0.48640092936162965
4954,51.0,58.0,0.0,58.0,e5,PPh3,nD,0.7503383283607225
4955,51.0,59.0,0.0,59.0,e7,Et-PhenCar-Phos,nB,0.3099147672836797
4956,51.0,60.0,0.0,60.0,e5,PPhMe2,nD,0.7767748774157355
4957,51.0,61.0,0.0,61.0,e7,Cy-DavePhos,nA,0.4507264804831017
4958,51.0,62.0,0.0,62.0,e7,JackiePhos,nB,0.2780363157049384
4959,51.0,63.0,0.0,63.0,e1,"P(3,5-CF3-Ph)3",nD,0.1717712180634414
4960,51.0,64.0,0.0,64.0,e4,Cy-BippyPhos,nE,0.0
4961,51.0,65.0,0.0,65.0,e2,PPhtBu2,nD,0.9426908215088567
4962,51.0,66.0,0.0,66.0,e9,tBPh-CPhos,nG,0.5841317864497397
4963,51.0,67.0,0.0,67.0,e9,PPh3,nB,0.08611579146274333
4964,51.0,68.0,0.0,68.0,e9,PPhtBu2,nB,0.0744540569819119
4965,51.0,69.0,0.0,69.0,e2,PPhMe2,nE,0.206575885338896
4966,51.0,70.0,0.0,70.0,e3,BrettPhos,nF,0.00688372893582114
4967,51.0,71.0,0.0,71.0,e4,CX-PICy,nB,0.013717757670572962
4968,51.0,72.0,0.0,72.0,e5,X-Phos,nF,0.5612705116717954
4969,51.0,73.0,0.0,73.0,e2,MeO-KITPHOS,nE,0.14157346928450873
4970,51.0,74.0,0.0,74.0,e10,PPh2Me,nA,0.7312605481380088
4971,51.0,75.0,0.0,75.0,e3,P(o-Anis)3,nE,0.0347685138498739
4972,51.0,76.0,0.0,76.0,e4,CgMe-PPh,nG,0.03040429412851897
4973,51.0,77.0,0.0,77.0,e10,Kwong,nB,0.3444954378360332
4974,51.0,78.0,0.0,78.0,e3,tBPh-CPhos,nF,0.8810310712945111
4975,51.0,79.0,0.0,79.0,e9,Et-PhenCar-Phos,nE,0.09970326563233488
4976,51.0,80.0,0.0,80.0,e5,Cy-DavePhos,nA,0.7763833572037856
4977,51.0,81.0,0.0,81.0,e2,PPh2Me,nF,0.0
4978,51.0,82.0,0.0,82.0,e2,A-caPhos,nC,0.6792763491019146
4979,51.0,83.0,0.0,83.0,e4,tBPh-CPhos,nF,0.13333417034980927
4980,51.0,84.0,0.0,84.0,e3,P(fur)3,nD,0.517468751935307
4981,51.0,85.0,0.0,85.0,e9,PnBu3 HBF4,nE,0.13881752224258265
4982,51.0,86.0,0.0,86.0,e7,JackiePhos,nA,0.507068550436567
4983,51.0,87.0,0.0,87.0,e2,Cy-vBRIDP,nE,0.13496463293382222
4984,51.0,88.0,0.0,88.0,e2,X-Phos,nF,0.2803025402995705
4985,51.0,89.0,0.0,89.0,e5,Cy-DavePhos,nE,0.20379204247564497
4986,51.0,90.0,0.0,90.0,e10,Ph-PhenCar-Phos,nE,0.002202515466205794
4987,51.0,91.0,0.0,91.0,e4,CX-FBu,nF,0.0037689635802445258
4988,51.0,92.0,0.0,92.0,e5,A-caPhos,nG,0.04136408895956248
4989,51.0,93.0,0.0,93.0,e1,PCy3 HBF4,nD,0.10789505494394104
4990,51.0,94.0,0.0,94.0,e7,PPh3,nB,0.20864817755410225
4991,51.0,95.0,0.0,95.0,e10,PPhtBu2,nE,0.07462037360807186
4992,52.0,0.0,0.0,0.0,e9,A-caPhos,nA,0.04128507835913788
4993,52.0,1.0,0.0,1.0,e10,BrettPhos,nD,0.9370714187232184
4994,52.0,2.0,0.0,2.0,e10,CX-FBu,nI,0.11326772664660484
4995,52.0,3.0,0.0,3.0,e2,CX-PICy,nG,0.12786508394705637
4996,52.0,4.0,0.0,4.0,e7,Cy-DavePhos,nB,0.2152450446486366
4997,52.0,5.0,0.0,5.0,e3,Cy-vBRIDP,nD,0.6292634271358025
4998,52.0,6.0,0.0,6.0,e2,Kwong,nB,0.28740360301809015
4999,52.0,7.0,0.0,7.0,e2,MeO-KITPHOS,nF,0.6735229847545438
5000,52.0,8.0,0.0,8.0,e10,P(o-Anis)3,nB,0.07857661737600978
5001,52.0,9.0,0.0,9.0,e2,Et-PhenCar-Phos,nC,0.5743678887703998
5002,52.0,10.0,0.0,10.0,e1,JackiePhos,nD,0.5137263354833275
5003,52.0,11.0,0.0,11.0,e1,"P(3,5-CF3-Ph)3",nG,0.0
5004,52.0,12.0,0.0,12.0,e4,P(fur)3,nI,0.04402143693540769
5005,52.0,13.0,0.0,13.0,e3,Ph-PhenCar-Phos,nA,0.09713443673361893
5006,52.0,14.0,0.0,14.0,e2,PPh2Me,nE,0.1828915699577187
5007,52.0,15.0,0.0,15.0,e2,PPhtBu2,nC,0.5884787341556109
5008,52.0,16.0,0.0,16.0,e4,tBPh-CPhos,nA,0.0348084285544355
5009,52.0,17.0,0.0,17.0,e5,PPhMe2,nB,0.33576273461927086
5010,52.0,18.0,0.0,18.0,e4,Cy-BippyPhos,nC,0.45425693534735095
5011,52.0,19.0,0.0,19.0,e9,PCy3 HBF4,nD,0.675233270214635
5012,52.0,20.0,0.0,20.0,e4,CgMe-PPh,nD,0.08321089559018727
5013,52.0,21.0,0.0,21.0,e4,PPh3,nC,0.31241818275827216
5014,52.0,22.0,0.0,22.0,e9,X-Phos,nG,0.4940245596014306
5015,52.0,23.0,0.0,23.0,e3,PnBu3 HBF4,nA,0.08612679775706653
5016,52.0,24.0,0.0,24.0,e4,BrettPhos,nD,0.0055714565905122075
5017,52.0,25.0,0.0,25.0,e1,PCy3 HBF4,nE,0.06933003441095552
5018,52.0,26.0,0.0,26.0,e7,MeO-KITPHOS,nG,0.11322968814633767
5019,52.0,27.0,0.0,27.0,e3,Cy-vBRIDP,nF,0.7389650558356956
5020,52.0,28.0,0.0,28.0,e4,PPhtBu2,nI,0.0
5021,52.0,29.0,0.0,29.0,e4,Et-PhenCar-Phos,nA,0.02363360610342534
5022,52.0,30.0,0.0,30.0,e1,JackiePhos,nF,0.21427092007990234
5023,52.0,31.0,0.0,31.0,e10,X-Phos,nC,0.732411484160166
5024,52.0,32.0,0.0,32.0,e7,Cy-BippyPhos,nF,0.8908823040179712
5025,52.0,33.0,0.0,33.0,e4,PPhMe2,nE,0.0
5026,52.0,34.0,0.0,34.0,e3,PPh3,nC,0.5766867841866626
5027,52.0,35.0,0.0,35.0,e7,Kwong,nG,0.1256424423170876
5028,52.0,36.0,0.0,36.0,e2,Cy-DavePhos,nE,0.13508476980027337
5029,52.0,37.0,0.0,37.0,e2,PPh2Me,nD,0.945027927055052
5030,52.0,38.0,0.0,38.0,e4,CX-PICy,nD,0.04718150893102839
5031,52.0,39.0,0.0,39.0,e2,CX-FBu,nB,0.0
5032,52.0,40.0,0.0,40.0,e4,Cy-vBRIDP,nE,0.012274316478209889
5033,52.0,41.0,0.0,41.0,e10,Ph-PhenCar-Phos,nB,0.010682786436433955
5034,52.0,42.0,0.0,42.0,e4,Cy-BippyPhos,nD,0.0
5035,52.0,43.0,0.0,43.0,e7,PnBu3 HBF4,nB,0.027547310407485818
5036,52.0,44.0,0.0,44.0,e10,CgMe-PPh,nG,0.4450058594793389
5037,52.0,45.0,0.0,45.0,e7,P(o-Anis)3,nI,0.13909608509581536
5038,52.0,46.0,0.0,46.0,e10,P(fur)3,nF,0.9483400902675492
5039,52.0,47.0,0.0,47.0,e10,A-caPhos,nF,0.7955510503185635
5040,52.0,48.0,0.0,48.0,e2,tBPh-CPhos,nE,0.13432593614456043
5041,52.0,49.0,0.0,49.0,e9,X-Phos,nC,0.3631647018503177
5042,52.0,50.0,0.0,50.0,e9,"P(3,5-CF3-Ph)3",nE,0.0796317150343979
5043,52.0,51.0,0.0,51.0,e9,PPh2Me,nB,0.025869944469680908
5044,52.0,52.0,0.0,52.0,e7,P(fur)3,nF,0.003960698397596189
5045,52.0,53.0,0.0,53.0,e9,BrettPhos,nF,0.16808056792906734
5046,52.0,54.0,0.0,54.0,e2,PPh3,nF,0.46094142786882736
5047,52.0,55.0,0.0,55.0,e9,A-caPhos,nE,0.1264609747923346
5048,52.0,56.0,0.0,56.0,e7,MeO-KITPHOS,nB,0.04698078637689876
5049,52.0,57.0,0.0,57.0,e5,PCy3 HBF4,nC,0.7610838314818648
5050,52.0,58.0,0.0,58.0,e1,JackiePhos,nB,0.15130453997269813
5051,52.0,59.0,0.0,59.0,e4,Et-PhenCar-Phos,nI,0.02371214570587278
5052,52.0,60.0,0.0,60.0,e4,PPhtBu2,nG,0.010529758099421742
5053,52.0,61.0,0.0,61.0,e10,X-Phos,nI,0.7187458586231107
5054,52.0,62.0,0.0,62.0,e4,CgMe-PPh,nC,0.07729202271014396
5055,52.0,63.0,0.0,63.0,e7,PCy3 HBF4,nA,0.25607908411044755
5056,52.0,64.0,0.0,64.0,e3,Kwong,nD,0.6707851203385027
5057,52.0,65.0,0.0,65.0,e10,Cy-vBRIDP,nF,0.8737297326167234
5058,52.0,66.0,0.0,66.0,e4,PPh3,nF,0.23217627507948946
5059,52.0,67.0,0.0,67.0,e9,Cy-BippyPhos,nG,0.46478882021105844
5060,52.0,68.0,0.0,68.0,e2,Cy-DavePhos,nC,0.5482191793404829
5061,52.0,69.0,0.0,69.0,e10,PPhMe2,nC,0.711717873982058
5062,52.0,70.0,0.0,70.0,e10,X-Phos,nD,0.9917865678194812
5063,52.0,71.0,0.0,71.0,e1,Cy-vBRIDP,nE,0.10273481023694789
5064,52.0,72.0,0.0,72.0,e5,X-Phos,nB,0.22803797881095858
5065,52.0,73.0,0.0,73.0,e3,PPh2Me,nC,0.4855178301327266
5066,52.0,74.0,0.0,74.0,e2,BrettPhos,nG,0.08281407991024353
5067,52.0,75.0,0.0,75.0,e3,P(o-Anis)3,nG,0.21909794334000537
5068,52.0,76.0,0.0,76.0,e1,Kwong,nA,0.11345641456119931
5069,52.0,77.0,0.0,77.0,e10,PPhMe2,nB,0.36471787230730734
5070,52.0,78.0,0.0,78.0,e1,CX-PICy,nC,0.17448452116943244
5071,52.0,79.0,0.0,79.0,e7,tBPh-CPhos,nF,0.04219969859241317
5072,52.0,80.0,0.0,80.0,e9,P(fur)3,nG,0.3593925605569053
5073,52.0,81.0,0.0,81.0,e3,A-caPhos,nC,0.44127462725198824
5074,52.0,82.0,0.0,82.0,e2,PnBu3 HBF4,nB,0.04474124971849085
5075,52.0,83.0,0.0,83.0,e4,CX-FBu,nI,0.026545433452423287
5076,52.0,84.0,0.0,84.0,e5,Ph-PhenCar-Phos,nB,0.007649551127788808
5077,52.0,85.0,0.0,85.0,e2,Cy-DavePhos,nA,0.890605834039087
5078,52.0,86.0,0.0,86.0,e10,"P(3,5-CF3-Ph)3",nF,0.8478546310824894
5079,52.0,87.0,0.0,87.0,e5,"P(3,5-CF3-Ph)3",nD,0.7269615014964179
5080,52.0,88.0,0.0,88.0,e7,Cy-BippyPhos,nG,0.3885701449233445
5081,52.0,89.0,0.0,89.0,e3,JackiePhos,nA,0.49532594634296395
5082,52.0,90.0,0.0,90.0,e3,Cy-DavePhos,nE,0.1655425072853271
5083,52.0,91.0,0.0,91.0,e3,PCy3 HBF4,nE,0.06067622810866836
5084,52.0,92.0,0.0,92.0,e10,MeO-KITPHOS,nB,0.3900451840459689
5085,52.0,93.0,0.0,93.0,e10,"P(3,5-CF3-Ph)3",nC,0.6167370746739574
5086,52.0,94.0,0.0,94.0,e10,PPh2Me,nE,0.052986997437251694
5087,52.0,95.0,0.0,95.0,e9,X-Phos,nI,0.48640092936162965
5088,53.0,0.0,0.0,0.0,e9,A-caPhos,nD,0.5903907562753792
5089,53.0,1.0,0.0,1.0,e9,BrettPhos,nG,0.0
5090,53.0,2.0,0.0,2.0,e2,CX-FBu,nE,0.044215580612420015
5091,53.0,3.0,0.0,3.0,e2,CX-PICy,nE,0.1112468268031635
5092,53.0,4.0,0.0,4.0,e10,Cy-DavePhos,nE,0.14634029717947056
5093,53.0,5.0,0.0,5.0,e1,Cy-vBRIDP,nF,0.05518931662697358
5094,53.0,6.0,0.0,6.0,e4,Kwong,nD,0.07279928824098204
5095,53.0,7.0,0.0,7.0,e4,MeO-KITPHOS,nD,0.01764759420350764
5096,53.0,8.0,0.0,8.0,e2,P(o-Anis)3,nF,0.0020685938468024733
5097,53.0,9.0,0.0,9.0,e7,Et-PhenCar-Phos,nG,0.27193527624521374
5098,53.0,10.0,0.0,10.0,e1,JackiePhos,nB,0.15130453997269813
5099,53.0,11.0,0.0,11.0,e2,"P(3,5-CF3-Ph)3",nA,0.7596387385382168
5100,53.0,12.0,0.0,12.0,e4,P(fur)3,nA,0.0
5101,53.0,13.0,0.0,13.0,e1,Ph-PhenCar-Phos,nF,0.03399207920306404
5102,53.0,14.0,0.0,14.0,e10,PPh2Me,nD,1.0
5103,53.0,15.0,0.0,15.0,e2,PPhtBu2,nC,0.5884787341556109
5104,53.0,16.0,0.0,16.0,e5,tBPh-CPhos,nD,0.8244748174600138
5105,53.0,17.0,0.0,17.0,e7,PPhMe2,nB,0.0
5106,53.0,18.0,0.0,18.0,e1,Cy-BippyPhos,nD,0.19322800249768834
5107,53.0,19.0,0.0,19.0,e3,PCy3 HBF4,nG,0.21655404349373675
5108,53.0,20.0,0.0,20.0,e2,CgMe-PPh,nD,0.9061905699119336
5109,53.0,21.0,0.0,21.0,e7,PPh3,nA,0.39316365606983517
5110,53.0,22.0,0.0,22.0,e2,X-Phos,nC,0.40642389315255095
5111,53.0,23.0,0.0,23.0,e2,PnBu3 HBF4,nG,0.05240835785700971
5112,53.0,24.0,0.0,24.0,e5,PPh2Me,nD,0.8364467095225078
5113,53.0,25.0,0.0,25.0,e7,CgMe-PPh,nE,0.023295783669163114
5114,53.0,26.0,0.0,26.0,e1,tBPh-CPhos,nF,0.2236049471858116
5115,53.0,27.0,0.0,27.0,e1,"P(3,5-CF3-Ph)3",nE,0.02574746723401784
5116,53.0,28.0,0.0,28.0,e4,A-caPhos,nI,0.026305895987815804
5117,53.0,29.0,0.0,29.0,e1,PPhtBu2,nF,0.0
5118,53.0,30.0,0.0,30.0,e2,X-Phos,nD,0.810292693921554
5119,53.0,31.0,0.0,31.0,e1,PPh3,nB,0.1440608266906695
5120,53.0,32.0,0.0,32.0,e1,PPh2Me,nC,0.03975950169843254
5121,53.0,33.0,0.0,33.0,e4,Et-PhenCar-Phos,nB,0.016893387098010963
5122,53.0,34.0,0.0,34.0,e2,PCy3 HBF4,nC,0.7514550742860919
5123,53.0,35.0,0.0,35.0,e2,Cy-BippyPhos,nD,0.899766462439471
5124,53.0,36.0,0.0,36.0,e1,JackiePhos,nI,0.23164589492729465
5125,53.0,37.0,0.0,37.0,e2,Cy-DavePhos,nG,0.27117001204677615
5126,53.0,38.0,0.0,38.0,e5,CX-PICy,nF,0.5063471923786179
5127,53.0,39.0,0.0,39.0,e9,Kwong,nA,0.4209461322156132
5128,53.0,40.0,0.0,40.0,e4,Cy-vBRIDP,nA,0.021399040085944364
5129,53.0,41.0,0.0,41.0,e1,PnBu3 HBF4,nI,0.09337979085237404
5130,53.0,42.0,0.0,42.0,e1,CX-FBu,nD,0.04874487002483518
5131,53.0,43.0,0.0,43.0,e10,Ph-PhenCar-Phos,nI,0.19493888256788205
5132,53.0,44.0,0.0,44.0,e5,X-Phos,nC,0.7137664796412143
5133,53.0,45.0,0.0,45.0,e9,MeO-KITPHOS,nF,0.2069173517749973
5134,53.0,46.0,0.0,46.0,e9,P(o-Anis)3,nF,0.19110058556975276
5135,53.0,47.0,0.0,47.0,e7,BrettPhos,nA,0.0124654631537221
5136,53.0,48.0,0.0,48.0,e5,P(fur)3,nG,0.4460254587435207
5137,53.0,49.0,0.0,49.0,e10,PPhMe2,nF,0.9662268038122928
5138,53.0,50.0,0.0,50.0,e4,Cy-BippyPhos,nD,0.0
5139,53.0,51.0,0.0,51.0,e3,tBPh-CPhos,nF,0.8810310712945111
5140,53.0,52.0,0.0,52.0,e2,PCy3 HBF4,nI,0.23165741554044078
5141,53.0,53.0,0.0,53.0,e10,PPhMe2,nB,0.36471787230730734
5142,53.0,54.0,0.0,54.0,e9,CgMe-PPh,nB,0.16201116259216772
5143,53.0,55.0,0.0,55.0,e9,"P(3,5-CF3-Ph)3",nA,0.28248248720696867
5144,53.0,56.0,0.0,56.0,e10,X-Phos,nI,0.7187458586231107
5145,53.0,57.0,0.0,57.0,e10,tBPh-CPhos,nF,0.955503603321246
5146,53.0,58.0,0.0,58.0,e2,PPh2Me,nB,0.354546359191998
5147,53.0,59.0,0.0,59.0,e9,CX-PICy,nD,0.7313083836786916
5148,53.0,60.0,0.0,60.0,e1,A-caPhos,nF,0.010702303143673455
5149,53.0,61.0,0.0,61.0,e9,tBPh-CPhos,nB,0.15300473080796315
5150,53.0,62.0,0.0,62.0,e3,PPhtBu2,nD,0.6677531336144049
5151,53.0,63.0,0.0,63.0,e10,PPh3,nC,0.8555703332989744
5152,53.0,64.0,0.0,64.0,e7,X-Phos,nG,0.0
5153,53.0,65.0,0.0,65.0,e9,Kwong,nE,0.16023618350267255
5154,53.0,66.0,0.0,66.0,e1,P(fur)3,nC,0.13064801328706593
5155,53.0,67.0,0.0,67.0,e5,Cy-DavePhos,nG,0.4296099762008142
5156,53.0,68.0,0.0,68.0,e9,PPh3,nB,0.08611579146274333
5157,53.0,69.0,0.0,69.0,e2,JackiePhos,nB,0.27751512392797617
5158,53.0,70.0,0.0,70.0,e9,CX-PICy,nC,0.3368172083334284
5159,53.0,71.0,0.0,71.0,e10,PPhMe2,nG,0.29388406090139285
5160,53.0,72.0,0.0,72.0,e9,PPhtBu2,nI,0.6362211015918549
5161,53.0,73.0,0.0,73.0,e5,Et-PhenCar-Phos,nC,0.7420550241578128
5162,53.0,74.0,0.0,74.0,e7,PPh2Me,nG,0.01761201016057301
5163,53.0,75.0,0.0,75.0,e7,PCy3 HBF4,nE,0.012884298674100353
5164,53.0,76.0,0.0,76.0,e3,Ph-PhenCar-Phos,nB,0.02500979360624822
5165,53.0,77.0,0.0,77.0,e4,MeO-KITPHOS,nF,0.09857703536485529
5166,53.0,78.0,0.0,78.0,e4,Cy-BippyPhos,nA,0.014200695922544622
5167,53.0,79.0,0.0,79.0,e10,CgMe-PPh,nD,0.9667080207978768
5168,53.0,80.0,0.0,80.0,e10,CgMe-PPh,nA,0.1556727410455523
5169,53.0,81.0,0.0,81.0,e4,P(o-Anis)3,nB,0.028651564710375093
5170,53.0,82.0,0.0,82.0,e2,"P(3,5-CF3-Ph)3",nE,0.09746826633878404
5171,53.0,83.0,0.0,83.0,e4,tBPh-CPhos,nC,0.29898547506383855
5172,53.0,84.0,0.0,84.0,e4,Et-PhenCar-Phos,nF,0.10620274724550914
5173,53.0,85.0,0.0,85.0,e9,PnBu3 HBF4,nF,0.06976139513202796
5174,53.0,86.0,0.0,86.0,e2,PPhtBu2,nA,0.8784588854057418
5175,53.0,87.0,0.0,87.0,e10,CX-FBu,nA,0.11933660384887412
5176,53.0,88.0,0.0,88.0,e9,Cy-vBRIDP,nG,0.47307553236824745
5177,53.0,89.0,0.0,89.0,e1,PPhtBu2,nE,0.04945600408311233
5178,53.0,90.0,0.0,90.0,e5,Cy-DavePhos,nF,0.03313108332432727
5179,53.0,91.0,0.0,91.0,e3,X-Phos,nB,0.2000064287326038
5180,53.0,92.0,0.0,92.0,e1,CX-PICy,nE,0.08929455529222792
5181,53.0,93.0,0.0,93.0,e4,BrettPhos,nC,0.2081868974382628
5182,53.0,94.0,0.0,94.0,e10,PPhMe2,nC,0.711717873982058
5183,53.0,95.0,0.0,95.0,e2,JackiePhos,nI,0.6460679308159928
5184,54.0,0.0,0.0,0.0,e1,A-caPhos,nI,0.03722071252473063
5185,54.0,1.0,0.0,1.0,e2,BrettPhos,nB,0.018712271806066737
5186,54.0,2.0,0.0,2.0,e2,CX-FBu,nE,0.044215580612420015
5187,54.0,3.0,0.0,3.0,e10,CX-PICy,nD,0.8614801884008014
5188,54.0,4.0,0.0,4.0,e4,Cy-DavePhos,nB,0.0
5189,54.0,5.0,0.0,5.0,e9,Cy-vBRIDP,nI,0.6700718714523624
5190,54.0,6.0,0.0,6.0,e5,Kwong,nG,0.24931580024802266
5191,54.0,7.0,0.0,7.0,e3,MeO-KITPHOS,nD,0.4375043123935729
5192,54.0,8.0,0.0,8.0,e9,P(o-Anis)3,nC,0.3510501736587359
5193,54.0,9.0,0.0,9.0,e2,Et-PhenCar-Phos,nC,0.5743678887703998
5194,54.0,10.0,0.0,10.0,e3,JackiePhos,nG,0.6578858211575712
5195,54.0,11.0,0.0,11.0,e5,"P(3,5-CF3-Ph)3",nE,0.16245071334673533
5196,54.0,12.0,0.0,12.0,e10,P(fur)3,nC,0.7314440607369128
5197,54.0,13.0,0.0,13.0,e3,Ph-PhenCar-Phos,nG,0.05055398317567727
5198,54.0,14.0,0.0,14.0,e3,PPh2Me,nF,0.4801900206505367
5199,54.0,15.0,0.0,15.0,e2,PPhtBu2,nD,0.9426908215088567
5200,54.0,16.0,0.0,16.0,e1,tBPh-CPhos,nA,0.9415665821167656
5201,54.0,17.0,0.0,17.0,e4,PPhMe2,nA,0.0
5202,54.0,18.0,0.0,18.0,e7,Cy-BippyPhos,nD,1.0
5203,54.0,19.0,0.0,19.0,e5,PCy3 HBF4,nB,0.02481060011325073
5204,54.0,20.0,0.0,20.0,e7,CgMe-PPh,nI,0.6142759277683246
5205,54.0,21.0,0.0,21.0,e5,PPh3,nE,0.07040432961461064
5206,54.0,22.0,0.0,22.0,e1,X-Phos,nD,0.11103234490926704
5207,54.0,23.0,0.0,23.0,e1,PnBu3 HBF4,nI,0.09337979085237404
5208,54.0,24.0,0.0,24.0,e5,Cy-BippyPhos,nA,0.7454640568896914
5209,54.0,25.0,0.0,25.0,e5,PPhtBu2,nI,0.6943756174940648
5210,54.0,26.0,0.0,26.0,e7,tBPh-CPhos,nC,0.6575510344081796
5211,54.0,27.0,0.0,27.0,e1,CX-PICy,nG,0.10103394714922777
5212,54.0,28.0,0.0,28.0,e7,P(fur)3,nD,0.371885023964237
5213,54.0,29.0,0.0,29.0,e2,Cy-vBRIDP,nG,0.27869962157058037
5214,54.0,30.0,0.0,30.0,e3,JackiePhos,nC,0.5634096118513189
5215,54.0,31.0,0.0,31.0,e7,CgMe-PPh,nD,1.0
5216,54.0,32.0,0.0,32.0,e5,Et-PhenCar-Phos,nE,0.1555337724688785
5217,54.0,33.0,0.0,33.0,e9,PPh2Me,nD,0.09858496056367311
5218,54.0,34.0,0.0,34.0,e3,MeO-KITPHOS,nF,0.6190014842829609
5219,54.0,35.0,0.0,35.0,e10,P(o-Anis)3,nF,0.06384265359275798
5220,54.0,36.0,0.0,36.0,e3,Cy-BippyPhos,nE,0.21120990283036814
5221,54.0,37.0,0.0,37.0,e5,Kwong,nA,0.5502353247445788
5222,54.0,38.0,0.0,38.0,e4,PPhtBu2,nB,0.0
5223,54.0,39.0,0.0,39.0,e1,CgMe-PPh,nD,0.47486974841558166
5224,54.0,40.0,0.0,40.0,e5,tBPh-CPhos,nE,0.21985955173112223
5225,54.0,41.0,0.0,41.0,e2,"P(3,5-CF3-Ph)3",nC,0.5485762544154528
5226,54.0,42.0,0.0,42.0,e1,X-Phos,nE,0.024633332147110165
5227,54.0,43.0,0.0,43.0,e7,PnBu3 HBF4,nF,0.03709911701896136
5228,54.0,44.0,0.0,44.0,e9,PPh3,nA,0.4432722730662406
5229,54.0,45.0,0.0,45.0,e9,Ph-PhenCar-Phos,nF,0.6256618485697769
5230,54.0,46.0,0.0,46.0,e1,CX-FBu,nE,0.0
5231,54.0,47.0,0.0,47.0,e5,A-caPhos,nI,0.4554510371693582
5232,54.0,48.0,0.0,48.0,e2,JackiePhos,nG,0.226362632584802
5233,54.0,49.0,0.0,49.0,e2,PCy3 HBF4,nD,0.7652714503735659
5234,54.0,50.0,0.0,50.0,e2,BrettPhos,nA,0.4002350326194897
5235,54.0,51.0,0.0,51.0,e10,Cy-DavePhos,nI,0.7834423636635293
5236,54.0,52.0,0.0,52.0,e10,PPhMe2,nF,0.9662268038122928
5237,54.0,53.0,0.0,53.0,e5,P(fur)3,nI,0.9167660385918296
5238,54.0,54.0,0.0,54.0,e2,MeO-KITPHOS,nD,0.8301285778461426
5239,54.0,55.0,0.0,55.0,e4,PPhMe2,nF,0.05675807339476563
5240,54.0,56.0,0.0,56.0,e10,CX-PICy,nB,0.2511008312299279
5241,54.0,57.0,0.0,57.0,e9,Cy-vBRIDP,nB,0.1653784441959319
5242,54.0,58.0,0.0,58.0,e9,CgMe-PPh,nE,0.1783004774895902
5243,54.0,59.0,0.0,59.0,e10,P(fur)3,nA,0.6938329241091595
5244,54.0,60.0,0.0,60.0,e3,Kwong,nD,0.6707851203385027
5245,54.0,61.0,0.0,61.0,e10,PCy3 HBF4,nF,0.5031493938885278
5246,54.0,62.0,0.0,62.0,e5,Cy-BippyPhos,nG,0.45451502639332875
5247,54.0,63.0,0.0,63.0,e7,Cy-DavePhos,nI,0.2468203134373269
5248,54.0,64.0,0.0,64.0,e4,MeO-KITPHOS,nA,0.009388644305479189
5249,54.0,65.0,0.0,65.0,e9,Et-PhenCar-Phos,nG,0.46505962614221114
5250,54.0,66.0,0.0,66.0,e1,"P(3,5-CF3-Ph)3",nG,0.0
5251,54.0,67.0,0.0,67.0,e9,tBPh-CPhos,nI,0.8988852901963119
5252,54.0,68.0,0.0,68.0,e4,Ph-PhenCar-Phos,nE,0.0
5253,54.0,69.0,0.0,69.0,e4,PPh2Me,nE,0.0
5254,54.0,70.0,0.0,70.0,e10,PPhtBu2,nG,0.2854037571220982
5255,54.0,71.0,0.0,71.0,e10,tBPh-CPhos,nF,0.955503603321246
5256,54.0,72.0,0.0,72.0,e3,P(fur)3,nE,0.09598414323281666
5257,54.0,73.0,0.0,73.0,e2,PPh3,nC,0.7202319507090823
5258,54.0,74.0,0.0,74.0,e10,A-caPhos,nG,0.030747624704373516
5259,54.0,75.0,0.0,75.0,e4,Kwong,nF,0.026007469320120987
5260,54.0,76.0,0.0,76.0,e5,JackiePhos,nG,0.338261501637445
5261,54.0,77.0,0.0,77.0,e4,tBPh-CPhos,nD,0.08322824487277797
5262,54.0,78.0,0.0,78.0,e7,BrettPhos,nE,0.0
5263,54.0,79.0,0.0,79.0,e1,P(o-Anis)3,nC,0.2646743135782516
5264,54.0,80.0,0.0,80.0,e7,Cy-BippyPhos,nC,0.8232211000009824
5265,54.0,81.0,0.0,81.0,e10,PCy3 HBF4,nD,0.5416797206056861
5266,54.0,82.0,0.0,82.0,e3,CgMe-PPh,nC,0.5573433814229866
5267,54.0,83.0,0.0,83.0,e5,PPh3,nD,0.7503383283607225
5268,54.0,84.0,0.0,84.0,e7,CX-PICy,nG,0.27831617102194695
5269,54.0,85.0,0.0,85.0,e3,Et-PhenCar-Phos,nC,0.528155852189567
5270,54.0,86.0,0.0,86.0,e4,Cy-BippyPhos,nB,0.001309200773603058
5271,54.0,87.0,0.0,87.0,e9,Cy-vBRIDP,nF,0.6967928130282119
5272,54.0,88.0,0.0,88.0,e7,Cy-DavePhos,nF,0.07212456406365218
5273,54.0,89.0,0.0,89.0,e9,PPh3,nG,0.4180674835896047
5274,54.0,90.0,0.0,90.0,e9,PPhMe2,nD,0.18559600333835125
5275,54.0,91.0,0.0,91.0,e1,X-Phos,nC,0.27431091804894675
5276,54.0,92.0,0.0,92.0,e1,PPhtBu2,nC,0.04142482366500885
5277,54.0,93.0,0.0,93.0,e5,PnBu3 HBF4,nB,0.017097729724094155
5278,54.0,94.0,0.0,94.0,e9,MeO-KITPHOS,nI,0.37369206432045404
5279,54.0,95.0,0.0,95.0,e9,CgMe-PPh,nB,0.16201116259216772
5280,55.0,0.0,0.0,0.0,e7,A-caPhos,nI,0.1501933291748367
5281,55.0,1.0,0.0,1.0,e9,BrettPhos,nB,0.015005675905422431
5282,55.0,2.0,0.0,2.0,e2,CX-FBu,nG,0.0
5283,55.0,3.0,0.0,3.0,e9,CX-PICy,nI,0.5796467982779039
5284,55.0,4.0,0.0,4.0,e3,Cy-DavePhos,nB,0.16485335147347094
5285,55.0,5.0,0.0,5.0,e2,Cy-vBRIDP,nE,0.13496463293382222
5286,55.0,6.0,0.0,6.0,e5,Kwong,nG,0.24931580024802266
5287,55.0,7.0,0.0,7.0,e10,MeO-KITPHOS,nI,0.8474236030258523
5288,55.0,8.0,0.0,8.0,e1,P(o-Anis)3,nF,0.0052034376124689445
5289,55.0,9.0,0.0,9.0,e4,Et-PhenCar-Phos,nG,0.0029966288441688137
5290,55.0,10.0,0.0,10.0,e5,JackiePhos,nD,0.7857626907983566
5291,55.0,11.0,0.0,11.0,e2,"P(3,5-CF3-Ph)3",nD,0.8356393853580697
5292,55.0,12.0,0.0,12.0,e3,P(fur)3,nI,0.10333447340607371
5293,55.0,13.0,0.0,13.0,e10,Ph-PhenCar-Phos,nC,0.6466673885416775
5294,55.0,14.0,0.0,14.0,e2,PPh2Me,nE,0.1828915699577187
5295,55.0,15.0,0.0,15.0,e5,PPhtBu2,nI,0.6943756174940648
5296,55.0,16.0,0.0,16.0,e7,tBPh-CPhos,nA,0.42655708759840044
5297,55.0,17.0,0.0,17.0,e10,PPhMe2,nI,0.5272307031167799
5298,55.0,18.0,0.0,18.0,e2,Cy-BippyPhos,nF,0.5159368139266189
5299,55.0,19.0,0.0,19.0,e3,PCy3 HBF4,nD,0.6525316662080763
5300,55.0,20.0,0.0,20.0,e1,CgMe-PPh,nD,0.47486974841558166
5301,55.0,21.0,0.0,21.0,e3,PPh3,nF,0.7331009521150271
5302,55.0,22.0,0.0,22.0,e9,X-Phos,nC,0.3631647018503177
5303,55.0,23.0,0.0,23.0,e7,PnBu3 HBF4,nB,0.027547310407485818
5304,55.0,24.0,0.0,24.0,e4,MeO-KITPHOS,nB,0.018099243207649055
5305,55.0,25.0,0.0,25.0,e10,"P(3,5-CF3-Ph)3",nC,0.6167370746739574
5306,55.0,26.0,0.0,26.0,e10,JackiePhos,nB,0.3412973722922598
5307,55.0,27.0,0.0,27.0,e1,PPh3,nA,0.2870639417300373
5308,55.0,28.0,0.0,28.0,e4,PPhtBu2,nE,0.0
5309,55.0,29.0,0.0,29.0,e2,PCy3 HBF4,nC,0.7514550742860919
5310,55.0,30.0,0.0,30.0,e10,Ph-PhenCar-Phos,nA,0.4084319710624149
5311,55.0,31.0,0.0,31.0,e5,CX-PICy,nC,0.7219644854632059
5312,55.0,32.0,0.0,32.0,e9,PPhMe2,nC,0.30440801781180693
5313,55.0,33.0,0.0,33.0,e1,Cy-BippyPhos,nD,0.19322800249768834
5314,55.0,34.0,0.0,34.0,e9,CgMe-PPh,nG,0.5466105607265662
5315,55.0,35.0,0.0,35.0,e4,tBPh-CPhos,nE,0.08334191795338486
5316,55.0,36.0,0.0,36.0,e5,X-Phos,nD,0.8408611369475726
5317,55.0,37.0,0.0,37.0,e4,Kwong,nC,0.13664049521331256
5318,55.0,38.0,0.0,38.0,e2,PPh2Me,nF,0.0
5319,55.0,39.0,0.0,39.0,e1,Cy-DavePhos,nC,0.07922994530801464
5320,55.0,40.0,0.0,40.0,e1,A-caPhos,nD,0.0
5321,55.0,41.0,0.0,41.0,e1,"P(3,5-CF3-Ph)3",nD,0.1717712180634414
5322,55.0,42.0,0.0,42.0,e2,Cy-vBRIDP,nI,0.6880605476764962
5323,55.0,43.0,0.0,43.0,e4,PCy3 HBF4,nB,0.0
5324,55.0,44.0,0.0,44.0,e3,P(fur)3,nE,0.09598414323281666
5325,55.0,45.0,0.0,45.0,e4,CX-PICy,nD,0.04718150893102839
5326,55.0,46.0,0.0,46.0,e1,PnBu3 HBF4,nF,0.01643119627071477
5327,55.0,47.0,0.0,47.0,e9,X-Phos,nG,0.4940245596014306
5328,55.0,48.0,0.0,48.0,e7,BrettPhos,nC,0.0
5329,55.0,49.0,0.0,49.0,e9,P(o-Anis)3,nD,0.27540950106892115
5330,55.0,50.0,0.0,50.0,e9,Et-PhenCar-Phos,nG,0.46505962614221114
5331,55.0,51.0,0.0,51.0,e1,CX-FBu,nI,0.04050100920735508
5332,55.0,52.0,0.0,52.0,e4,JackiePhos,nC,0.28682741874775813
5333,55.0,53.0,0.0,53.0,e7,Ph-PhenCar-Phos,nF,0.17977391419077005
5334,55.0,54.0,0.0,54.0,e3,CgMe-PPh,nE,0.13080909557688172
5335,55.0,55.0,0.0,55.0,e3,PPh3,nD,0.558051966163369
5336,55.0,56.0,0.0,56.0,e7,MeO-KITPHOS,nB,0.04698078637689876
5337,55.0,57.0,0.0,57.0,e2,PPhMe2,nG,0.1743874382182481
5338,55.0,58.0,0.0,58.0,e1,Cy-vBRIDP,nC,0.021046518566206512
5339,55.0,59.0,0.0,59.0,e10,Cy-BippyPhos,nA,0.7528860791443422
5340,55.0,60.0,0.0,60.0,e1,PPhtBu2,nA,0.4568186881135986
5341,55.0,61.0,0.0,61.0,e1,X-Phos,nA,0.8789499411781446
5342,55.0,62.0,0.0,62.0,e1,"P(3,5-CF3-Ph)3",nF,0.0
5343,55.0,63.0,0.0,63.0,e5,PPh3,nC,0.8123421522885619
5344,55.0,64.0,0.0,64.0,e3,tBPh-CPhos,nB,0.2201396278511609
5345,55.0,65.0,0.0,65.0,e4,Et-PhenCar-Phos,nD,0.045517695769122665
5346,55.0,66.0,0.0,66.0,e4,X-Phos,nC,0.34258955436774835
5347,55.0,67.0,0.0,67.0,e4,Cy-BippyPhos,nE,0.0
5348,55.0,68.0,0.0,68.0,e2,JackiePhos,nC,0.5096826906052602
5349,55.0,69.0,0.0,69.0,e9,PCy3 HBF4,nF,0.8209377552949729
5350,55.0,70.0,0.0,70.0,e9,Kwong,nE,0.16023618350267255
5351,55.0,71.0,0.0,71.0,e1,CX-PICy,nI,0.16332586594833928
5352,55.0,72.0,0.0,72.0,e1,PPh3,nC,0.1159616122174597
5353,55.0,73.0,0.0,73.0,e10,Ph-PhenCar-Phos,nE,0.002202515466205794
5354,55.0,74.0,0.0,74.0,e10,PCy3 HBF4,nI,0.2597424074177721
5355,55.0,75.0,0.0,75.0,e5,P(o-Anis)3,nF,0.05262122919976672
5356,55.0,76.0,0.0,76.0,e7,CgMe-PPh,nE,0.023295783669163114
5357,55.0,77.0,0.0,77.0,e9,PPhtBu2,nG,0.2561213944420894
5358,55.0,78.0,0.0,78.0,e3,Cy-DavePhos,nA,0.4587692631158191
5359,55.0,79.0,0.0,79.0,e1,P(fur)3,nI,0.0
5360,55.0,80.0,0.0,80.0,e10,PPh2Me,nA,0.7312605481380088
5361,55.0,81.0,0.0,81.0,e10,PPhMe2,nE,0.1008193657573415
5362,55.0,82.0,0.0,82.0,e3,A-caPhos,nB,0.12487445849811245
5363,55.0,83.0,0.0,83.0,e5,JackiePhos,nC,0.6733815385706186
5364,55.0,84.0,0.0,84.0,e7,X-Phos,nF,0.15361466712198887
5365,55.0,85.0,0.0,85.0,e9,PPh2Me,nC,0.2914145670907849
5366,55.0,86.0,0.0,86.0,e10,MeO-KITPHOS,nD,0.8998197521786309
5367,55.0,87.0,0.0,87.0,e4,MeO-KITPHOS,nA,0.009388644305479189
5368,55.0,88.0,0.0,88.0,e5,PnBu3 HBF4,nG,0.0346467819695208
5369,55.0,89.0,0.0,89.0,e7,Cy-vBRIDP,nC,0.6820459911323365
5370,55.0,90.0,0.0,90.0,e3,CX-FBu,nE,0.0
5371,55.0,91.0,0.0,91.0,e4,BrettPhos,nE,0.020587634820407864
5372,55.0,92.0,0.0,92.0,e10,JackiePhos,nG,0.19943476808224297
5373,55.0,93.0,0.0,93.0,e2,"P(3,5-CF3-Ph)3",nI,0.7101552221676866
5374,55.0,94.0,0.0,94.0,e7,tBPh-CPhos,nG,0.06459244912713331
5375,55.0,95.0,0.0,95.0,e5,PPh3,nE,0.07040432961461064
5376,56.0,0.0,0.0,0.0,e1,A-caPhos,nI,0.03722071252473063
5377,56.0,1.0,0.0,1.0,e4,BrettPhos,nD,0.0055714565905122075
5378,56.0,2.0,0.0,2.0,e9,CX-FBu,nC,0.07578393225824319
5379,56.0,3.0,0.0,3.0,e1,CX-PICy,nB,0.158428631262488
5380,56.0,4.0,0.0,4.0,e10,Cy-DavePhos,nE,0.14634029717947056
5381,56.0,5.0,0.0,5.0,e9,Cy-vBRIDP,nD,0.702991104041341
5382,56.0,6.0,0.0,6.0,e3,Kwong,nI,0.27368874204771254
5383,56.0,7.0,0.0,7.0,e2,MeO-KITPHOS,nE,0.14157346928450873
5384,56.0,8.0,0.0,8.0,e1,P(o-Anis)3,nB,0.11943131203109891
5385,56.0,9.0,0.0,9.0,e1,Et-PhenCar-Phos,nG,0.07748698744311458
5386,56.0,10.0,0.0,10.0,e7,JackiePhos,nC,0.6688604819213119
5387,56.0,11.0,0.0,11.0,e4,"P(3,5-CF3-Ph)3",nI,0.07226229178364636
5388,56.0,12.0,0.0,12.0,e10,P(fur)3,nG,0.5091625405710212
5389,56.0,13.0,0.0,13.0,e9,Ph-PhenCar-Phos,nD,0.6767072029805355
5390,56.0,14.0,0.0,14.0,e7,PPh2Me,nF,0.03319774188221985
5391,56.0,15.0,0.0,15.0,e4,PPhtBu2,nB,0.0
5392,56.0,16.0,0.0,16.0,e5,tBPh-CPhos,nB,0.28432749904894056
5393,56.0,17.0,0.0,17.0,e9,PPhMe2,nG,0.16312105796441556
5394,56.0,18.0,0.0,18.0,e5,Cy-BippyPhos,nA,0.7454640568896914
5395,56.0,19.0,0.0,19.0,e4,PCy3 HBF4,nI,0.08784137609541397
5396,56.0,20.0,0.0,20.0,e9,CgMe-PPh,nE,0.1783004774895902
5397,56.0,21.0,0.0,21.0,e9,PPh3,nD,0.6001831529671628
5398,56.0,22.0,0.0,22.0,e3,X-Phos,nF,0.8295848550156448
5399,56.0,23.0,0.0,23.0,e10,PnBu3 HBF4,nD,1.0
5400,56.0,24.0,0.0,24.0,e3,PnBu3 HBF4,nD,0.43543108377583073
5401,56.0,25.0,0.0,25.0,e7,X-Phos,nG,0.0
5402,56.0,26.0,0.0,26.0,e10,Cy-BippyPhos,nB,0.44442545396979233
5403,56.0,27.0,0.0,27.0,e10,Cy-vBRIDP,nD,0.9843096018311139
5404,56.0,28.0,0.0,28.0,e4,Ph-PhenCar-Phos,nG,0.032094455374630654
5405,56.0,29.0,0.0,29.0,e4,JackiePhos,nE,0.0
5406,56.0,30.0,0.0,30.0,e9,PPh3,nI,0.45913414385457335
5407,56.0,31.0,0.0,31.0,e10,P(fur)3,nB,0.29107612738736705
5408,56.0,32.0,0.0,32.0,e10,tBPh-CPhos,nA,0.738775541606104
5409,56.0,33.0,0.0,33.0,e10,Kwong,nB,0.3444954378360332
5410,56.0,34.0,0.0,34.0,e3,Cy-vBRIDP,nB,0.1817917229188569
5411,56.0,35.0,0.0,35.0,e10,CgMe-PPh,nD,0.9667080207978768
5412,56.0,36.0,0.0,36.0,e5,PPhMe2,nF,0.0
5413,56.0,37.0,0.0,37.0,e7,CX-PICy,nG,0.27831617102194695
5414,56.0,38.0,0.0,38.0,e1,Cy-DavePhos,nB,0.14325304895448931
5415,56.0,39.0,0.0,39.0,e9,MeO-KITPHOS,nD,0.6506971208307475
5416,56.0,40.0,0.0,40.0,e4,PnBu3 HBF4,nB,0.021725924272589937
5417,56.0,41.0,0.0,41.0,e5,P(o-Anis)3,nI,0.25524773080664775
5418,56.0,42.0,0.0,42.0,e4,PCy3 HBF4,nB,0.0
5419,56.0,43.0,0.0,43.0,e2,Et-PhenCar-Phos,nF,0.516942514891109
5420,56.0,44.0,0.0,44.0,e3,CX-FBu,nF,0.4573086162402998
5421,56.0,45.0,0.0,45.0,e5,"P(3,5-CF3-Ph)3",nD,0.7269615014964179
5422,56.0,46.0,0.0,46.0,e4,A-caPhos,nE,0.0
5423,56.0,47.0,0.0,47.0,e7,PPh2Me,nI,0.05866681747449082
5424,56.0,48.0,0.0,48.0,e5,Cy-BippyPhos,nC,0.7310324837389857
5425,56.0,49.0,0.0,49.0,e7,BrettPhos,nF,0.05748979531195996
5426,56.0,50.0,0.0,50.0,e2,PPhtBu2,nA,0.8784588854057418
5427,56.0,51.0,0.0,51.0,e4,CgMe-PPh,nF,0.15676724879802045
5428,56.0,52.0,0.0,52.0,e4,PPh3,nG,0.07172298480230663
5429,56.0,53.0,0.0,53.0,e4,tBPh-CPhos,nB,0.008677035710621023
5430,56.0,54.0,0.0,54.0,e2,PPhtBu2,nD,0.9426908215088567
5431,56.0,55.0,0.0,55.0,e2,X-Phos,nD,0.810292693921554
5432,56.0,56.0,0.0,56.0,e5,P(fur)3,nC,0.706763204366684
5433,56.0,57.0,0.0,57.0,e10,"P(3,5-CF3-Ph)3",nC,0.6167370746739574
5434,56.0,58.0,0.0,58.0,e9,MeO-KITPHOS,nE,0.1247527709304835
5435,56.0,59.0,0.0,59.0,e2,Cy-BippyPhos,nI,0.67187359635982
5436,56.0,60.0,0.0,60.0,e7,Cy-vBRIDP,nC,0.6820459911323365
5437,56.0,61.0,0.0,61.0,e2,Ph-PhenCar-Phos,nD,0.16891370076688705
5438,56.0,62.0,0.0,62.0,e7,PPhtBu2,nD,0.17084686391608417
5439,56.0,63.0,0.0,63.0,e3,JackiePhos,nF,0.779856233931088
5440,56.0,64.0,0.0,64.0,e3,Kwong,nA,0.52844484704448
5441,56.0,65.0,0.0,65.0,e7,Et-PhenCar-Phos,nD,1.0
5442,56.0,66.0,0.0,66.0,e2,X-Phos,nE,0.05720851394385538
5443,56.0,67.0,0.0,67.0,e3,Et-PhenCar-Phos,nF,0.7168147526183698
5444,56.0,68.0,0.0,68.0,e3,CX-FBu,nA,0.034590175407777715
5445,56.0,69.0,0.0,69.0,e2,P(fur)3,nF,0.4799987068628782
5446,56.0,70.0,0.0,70.0,e3,Cy-BippyPhos,nB,0.2278488766711775
5447,56.0,71.0,0.0,71.0,e7,PnBu3 HBF4,nA,0.19159700729969498
5448,56.0,72.0,0.0,72.0,e3,Cy-vBRIDP,nA,0.6444005049983973
5449,56.0,73.0,0.0,73.0,e7,JackiePhos,nE,0.0
5450,56.0,74.0,0.0,74.0,e9,CX-PICy,nG,0.3105609528066332
5451,56.0,75.0,0.0,75.0,e1,"P(3,5-CF3-Ph)3",nC,0.0
5452,56.0,76.0,0.0,76.0,e9,P(o-Anis)3,nF,0.19110058556975276
5453,56.0,77.0,0.0,77.0,e1,CgMe-PPh,nA,0.6945948510850428
5454,56.0,78.0,0.0,78.0,e7,Et-PhenCar-Phos,nA,0.46105828561415296
5455,56.0,79.0,0.0,79.0,e10,Cy-DavePhos,nG,0.3684434306199855
5456,56.0,80.0,0.0,80.0,e1,Kwong,nI,0.017331328917836657
5457,56.0,81.0,0.0,81.0,e1,Cy-vBRIDP,nF,0.05518931662697358
5458,56.0,82.0,0.0,82.0,e1,PPh3,nB,0.1440608266906695
5459,56.0,83.0,0.0,83.0,e4,CgMe-PPh,nB,0.010586928381835779
5460,56.0,84.0,0.0,84.0,e9,tBPh-CPhos,nA,0.5070576131604569
5461,56.0,85.0,0.0,85.0,e7,PPhtBu2,nE,0.004287376405646932
5462,56.0,86.0,0.0,86.0,e10,P(fur)3,nI,0.900708416999593
5463,56.0,87.0,0.0,87.0,e10,PPhMe2,nE,0.1008193657573415
5464,56.0,88.0,0.0,88.0,e3,P(fur)3,nB,0.048815786923134194
5465,56.0,89.0,0.0,89.0,e2,MeO-KITPHOS,nD,0.8301285778461426
5466,56.0,90.0,0.0,90.0,e1,PPh2Me,nD,0.033096066833962406
5467,56.0,91.0,0.0,91.0,e1,Cy-BippyPhos,nE,0.08360289329221145
5468,56.0,92.0,0.0,92.0,e2,PCy3 HBF4,nD,0.7652714503735659
5469,56.0,93.0,0.0,93.0,e9,Et-PhenCar-Phos,nF,0.7233050105292524
5470,56.0,94.0,0.0,94.0,e7,Ph-PhenCar-Phos,nE,0.014969722878949149
5471,56.0,95.0,0.0,95.0,e7,BrettPhos,nC,0.0
5472,57.0,0.0,0.0,0.0,e4,A-caPhos,nE,0.0
5473,57.0,1.0,0.0,1.0,e3,BrettPhos,nG,0.032071845059383125
5474,57.0,2.0,0.0,2.0,e2,CX-FBu,nD,0.6240221969248974
5475,57.0,3.0,0.0,3.0,e2,CX-PICy,nI,0.5114221648973126
5476,57.0,4.0,0.0,4.0,e10,Cy-DavePhos,nD,0.9577552674723959
5477,57.0,5.0,0.0,5.0,e9,Cy-vBRIDP,nI,0.6700718714523624
5478,57.0,6.0,0.0,6.0,e5,Kwong,nD,0.6710162824432446
5479,57.0,7.0,0.0,7.0,e4,MeO-KITPHOS,nD,0.01764759420350764
5480,57.0,8.0,0.0,8.0,e7,P(o-Anis)3,nC,0.3570385417934203
5481,57.0,9.0,0.0,9.0,e2,Et-PhenCar-Phos,nI,0.6430834035717605
5482,57.0,10.0,0.0,10.0,e9,JackiePhos,nA,0.4878435591523317
5483,57.0,11.0,0.0,11.0,e5,"P(3,5-CF3-Ph)3",nE,0.16245071334673533
5484,57.0,12.0,0.0,12.0,e7,P(fur)3,nA,0.15917780258602543
5485,57.0,13.0,0.0,13.0,e4,Ph-PhenCar-Phos,nI,0.03672891692050217
5486,57.0,14.0,0.0,14.0,e9,PPh2Me,nD,0.09858496056367311
5487,57.0,15.0,0.0,15.0,e2,PPhtBu2,nC,0.5884787341556109
5488,57.0,16.0,0.0,16.0,e1,tBPh-CPhos,nI,0.239947127680601
5489,57.0,17.0,0.0,17.0,e1,PPhMe2,nD,0.0
5490,57.0,18.0,0.0,18.0,e3,Cy-BippyPhos,nB,0.2278488766711775
5491,57.0,19.0,0.0,19.0,e2,PCy3 HBF4,nF,0.06006001678298359
5492,57.0,20.0,0.0,20.0,e5,CgMe-PPh,nE,0.0
5493,57.0,21.0,0.0,21.0,e9,PPh3,nI,0.45913414385457335
5494,57.0,22.0,0.0,22.0,e5,X-Phos,nD,0.8408611369475726
5495,57.0,23.0,0.0,23.0,e10,PnBu3 HBF4,nD,1.0
5496,57.0,24.0,0.0,24.0,e5,PnBu3 HBF4,nE,0.14499887969779476
5497,57.0,25.0,0.0,25.0,e4,Cy-DavePhos,nE,0.0
5498,57.0,26.0,0.0,26.0,e1,X-Phos,nB,0.13808085610167717
5499,57.0,27.0,0.0,27.0,e3,Kwong,nD,0.6707851203385027
5500,57.0,28.0,0.0,28.0,e4,Cy-vBRIDP,nD,0.0814370688803937
5501,57.0,29.0,0.0,29.0,e4,Et-PhenCar-Phos,nG,0.0029966288441688137
5502,57.0,30.0,0.0,30.0,e3,CX-FBu,nI,0.0
5503,57.0,31.0,0.0,31.0,e9,PPhtBu2,nF,0.04207540286700265
5504,57.0,32.0,0.0,32.0,e7,CX-PICy,nI,0.5099042814136777
5505,57.0,33.0,0.0,33.0,e10,JackiePhos,nC,0.7413507792095948
5506,57.0,34.0,0.0,34.0,e3,PPh3,nE,0.056276657784168405
5507,57.0,35.0,0.0,35.0,e5,P(o-Anis)3,nD,0.2673691817698943
5508,57.0,36.0,0.0,36.0,e1,tBPh-CPhos,nD,0.47671112549978
5509,57.0,37.0,0.0,37.0,e4,Cy-BippyPhos,nB,0.001309200773603058
5510,57.0,38.0,0.0,38.0,e7,"P(3,5-CF3-Ph)3",nB,0.14407814391298038
5511,57.0,39.0,0.0,39.0,e2,P(fur)3,nB,0.3160767978375305
5512,57.0,40.0,0.0,40.0,e4,PPh2Me,nA,0.012250195356626198
5513,57.0,41.0,0.0,41.0,e4,Kwong,nA,0.0
5514,57.0,42.0,0.0,42.0,e10,PCy3 HBF4,nA,0.06858302437999264
5515,57.0,43.0,0.0,43.0,e10,Ph-PhenCar-Phos,nB,0.010682786436433955
5516,57.0,44.0,0.0,44.0,e1,BrettPhos,nA,0.0
5517,57.0,45.0,0.0,45.0,e5,JackiePhos,nC,0.6733815385706186
5518,57.0,46.0,0.0,46.0,e1,MeO-KITPHOS,nI,0.08070327614437922
5519,57.0,47.0,0.0,47.0,e9,A-caPhos,nA,0.04128507835913788
5520,57.0,48.0,0.0,48.0,e3,PPhMe2,nF,0.8232012369865152
5521,57.0,49.0,0.0,49.0,e4,CgMe-PPh,nB,0.010586928381835779
5522,57.0,50.0,0.0,50.0,e3,PnBu3 HBF4,nI,0.3077263161434331
5523,57.0,51.0,0.0,51.0,e4,CX-PICy,nE,0.044118367259479443
5524,57.0,52.0,0.0,52.0,e4,X-Phos,nE,0.0
5525,57.0,53.0,0.0,53.0,e7,Cy-DavePhos,nE,0.07737987898288086
5526,57.0,54.0,0.0,54.0,e4,PPhMe2,nF,0.05675807339476563
5527,57.0,55.0,0.0,55.0,e3,Cy-vBRIDP,nF,0.7389650558356956
5528,57.0,56.0,0.0,56.0,e3,JackiePhos,nB,0.1608694107669877
5529,57.0,57.0,0.0,57.0,e2,tBPh-CPhos,nC,0.6045475370510676
5530,57.0,58.0,0.0,58.0,e9,Et-PhenCar-Phos,nI,0.47387538169056964
5531,57.0,59.0,0.0,59.0,e7,PPhtBu2,nE,0.004287376405646932
5532,57.0,60.0,0.0,60.0,e2,P(o-Anis)3,nG,0.12131880345908684
5533,57.0,61.0,0.0,61.0,e1,CX-FBu,nE,0.0
5534,57.0,62.0,0.0,62.0,e9,PPh3,nA,0.4432722730662406
5535,57.0,63.0,0.0,63.0,e2,P(fur)3,nA,0.7855864152365213
5536,57.0,64.0,0.0,64.0,e2,Cy-vBRIDP,nI,0.6880605476764962
5537,57.0,65.0,0.0,65.0,e5,PnBu3 HBF4,nA,0.048714441027052635
5538,57.0,66.0,0.0,66.0,e10,Kwong,nE,0.10609667459949558
5539,57.0,67.0,0.0,67.0,e9,tBPh-CPhos,nE,0.2128966624664455
5540,57.0,68.0,0.0,68.0,e10,P(fur)3,nE,0.041148408288671126
5541,57.0,69.0,0.0,69.0,e9,"P(3,5-CF3-Ph)3",nA,0.28248248720696867
5542,57.0,70.0,0.0,70.0,e4,Cy-vBRIDP,nC,0.20302461670836117
5543,57.0,71.0,0.0,71.0,e3,Cy-BippyPhos,nE,0.21120990283036814
5544,57.0,72.0,0.0,72.0,e3,Et-PhenCar-Phos,nE,0.16222416431861286
5545,57.0,73.0,0.0,73.0,e7,JackiePhos,nF,0.01228824735837601
5546,57.0,74.0,0.0,74.0,e5,CX-PICy,nG,0.35909736921031543
5547,57.0,75.0,0.0,75.0,e9,Cy-DavePhos,nC,0.37373314589550694
5548,57.0,76.0,0.0,76.0,e2,X-Phos,nF,0.2803025402995705
5549,57.0,77.0,0.0,77.0,e9,PCy3 HBF4,nG,0.4351271395358285
5550,57.0,78.0,0.0,78.0,e2,PPh3,nF,0.46094142786882736
5551,57.0,79.0,0.0,79.0,e10,PPh2Me,nI,0.054332685778400516
5552,57.0,80.0,0.0,80.0,e4,MeO-KITPHOS,nA,0.009388644305479189
5553,57.0,81.0,0.0,81.0,e5,PPhMe2,nE,0.2586811210145722
5554,57.0,82.0,0.0,82.0,e3,Ph-PhenCar-Phos,nF,0.5701705660870041
5555,57.0,83.0,0.0,83.0,e5,A-caPhos,nE,0.037864613831533826
5556,57.0,84.0,0.0,84.0,e3,BrettPhos,nA,0.051040990235073004
5557,57.0,85.0,0.0,85.0,e7,CgMe-PPh,nB,0.11466820021189443
5558,57.0,86.0,0.0,86.0,e1,P(o-Anis)3,nA,0.30722554215143316
5559,57.0,87.0,0.0,87.0,e4,tBPh-CPhos,nI,0.022633316819564778
5560,57.0,88.0,0.0,88.0,e3,PnBu3 HBF4,nB,0.061021062497356005
5561,57.0,89.0,0.0,89.0,e9,Cy-vBRIDP,nF,0.6967928130282119
5562,57.0,90.0,0.0,90.0,e5,PPhtBu2,nE,0.26560222932504995
5563,57.0,91.0,0.0,91.0,e2,CX-FBu,nI,0.26811246651325454
5564,57.0,92.0,0.0,92.0,e10,Kwong,nI,0.44837347162573915
5565,57.0,93.0,0.0,93.0,e4,Ph-PhenCar-Phos,nF,0.06641743274856524
5566,57.0,94.0,0.0,94.0,e7,CX-PICy,nD,1.0
5567,57.0,95.0,0.0,95.0,e10,CX-PICy,nG,0.3377488314799635
5568,58.0,0.0,0.0,0.0,e7,A-caPhos,nF,0.1328274541277745
5569,58.0,1.0,0.0,1.0,e5,BrettPhos,nE,0.03441463508665893
5570,58.0,2.0,0.0,2.0,e5,CX-FBu,nB,0.060299548757721935
5571,58.0,3.0,0.0,3.0,e3,CX-PICy,nB,0.0849376627257103
5572,58.0,4.0,0.0,4.0,e4,Cy-DavePhos,nD,0.03141453777755875
5573,58.0,5.0,0.0,5.0,e9,Cy-vBRIDP,nC,0.3462977628869725
5574,58.0,6.0,0.0,6.0,e9,Kwong,nI,0.4493156931018429
5575,58.0,7.0,0.0,7.0,e3,MeO-KITPHOS,nA,0.3689090985734202
5576,58.0,8.0,0.0,8.0,e10,P(o-Anis)3,nE,0.04630473114446367
5577,58.0,9.0,0.0,9.0,e2,Et-PhenCar-Phos,nB,0.30781579365006
5578,58.0,10.0,0.0,10.0,e2,JackiePhos,nC,0.5096826906052602
5579,58.0,11.0,0.0,11.0,e10,"P(3,5-CF3-Ph)3",nI,0.941711710784077
5580,58.0,12.0,0.0,12.0,e10,P(fur)3,nG,0.5091625405710212
5581,58.0,13.0,0.0,13.0,e3,Ph-PhenCar-Phos,nF,0.5701705660870041
5582,58.0,14.0,0.0,14.0,e3,PPh2Me,nE,0.10038963691603196
5583,58.0,15.0,0.0,15.0,e1,PPhtBu2,nC,0.04142482366500885
5584,58.0,16.0,0.0,16.0,e9,tBPh-CPhos,nA,0.5070576131604569
5585,58.0,17.0,0.0,17.0,e7,PPhMe2,nB,0.0
5586,58.0,18.0,0.0,18.0,e1,Cy-BippyPhos,nG,0.15976408278590903
5587,58.0,19.0,0.0,19.0,e9,PCy3 HBF4,nF,0.8209377552949729
5588,58.0,20.0,0.0,20.0,e9,CgMe-PPh,nB,0.16201116259216772
5589,58.0,21.0,0.0,21.0,e3,PPh3,nC,0.5766867841866626
5590,58.0,22.0,0.0,22.0,e7,X-Phos,nF,0.15361466712198887
5591,58.0,23.0,0.0,23.0,e9,PnBu3 HBF4,nF,0.06976139513202796
5592,58.0,24.0,0.0,24.0,e10,"P(3,5-CF3-Ph)3",nF,0.8478546310824894
5593,58.0,25.0,0.0,25.0,e10,PCy3 HBF4,nB,0.0
5594,58.0,26.0,0.0,26.0,e3,PPh3,nD,0.558051966163369
5595,58.0,27.0,0.0,27.0,e2,Ph-PhenCar-Phos,nD,0.16891370076688705
5596,58.0,28.0,0.0,28.0,e1,JackiePhos,nE,0.07879071157202047
5597,58.0,29.0,0.0,29.0,e2,P(fur)3,nI,0.8026402936862348
5598,58.0,30.0,0.0,30.0,e3,tBPh-CPhos,nA,0.5729071695707448
5599,58.0,31.0,0.0,31.0,e4,Kwong,nE,0.0
5600,58.0,32.0,0.0,32.0,e9,MeO-KITPHOS,nA,0.3102142356694695
5601,58.0,33.0,0.0,33.0,e4,Cy-vBRIDP,nB,0.0
5602,58.0,34.0,0.0,34.0,e9,"P(3,5-CF3-Ph)3",nC,0.26228444595483447
5603,58.0,35.0,0.0,35.0,e1,Et-PhenCar-Phos,nD,0.07952442668374339
5604,58.0,36.0,0.0,36.0,e10,CgMe-PPh,nC,0.7862446552445246
5605,58.0,37.0,0.0,37.0,e5,Cy-BippyPhos,nI,0.8909978993536253
5606,58.0,38.0,0.0,38.0,e9,X-Phos,nF,0.7946437444937127
5607,58.0,39.0,0.0,39.0,e5,A-caPhos,nA,0.2812843970957228
5608,58.0,40.0,0.0,40.0,e5,PPh2Me,nC,0.7002906735204408
5609,58.0,41.0,0.0,41.0,e4,CX-PICy,nF,0.11376981015319125
5610,58.0,42.0,0.0,42.0,e9,P(fur)3,nG,0.3593925605569053
5611,58.0,43.0,0.0,43.0,e10,PnBu3 HBF4,nA,0.145126946063475
5612,58.0,44.0,0.0,44.0,e3,CX-FBu,nB,0.0717486552554436
5613,58.0,45.0,0.0,45.0,e1,P(o-Anis)3,nD,0.06718965695755724
5614,58.0,46.0,0.0,46.0,e7,PPhtBu2,nI,0.035471536543272855
5615,58.0,47.0,0.0,47.0,e3,BrettPhos,nE,0.012327416789753938
5616,58.0,48.0,0.0,48.0,e2,Cy-DavePhos,nE,0.13508476980027337
5617,58.0,49.0,0.0,49.0,e2,PPhMe2,nI,0.5671887226956333
5618,58.0,50.0,0.0,50.0,e3,PPh3,nI,0.029763654521305326
5619,58.0,51.0,0.0,51.0,e2,tBPh-CPhos,nB,0.3113430630612205
5620,58.0,52.0,0.0,52.0,e5,Cy-BippyPhos,nC,0.7310324837389857
5621,58.0,53.0,0.0,53.0,e1,X-Phos,nC,0.27431091804894675
5622,58.0,54.0,0.0,54.0,e7,CgMe-PPh,nF,0.8590504388988899
5623,58.0,55.0,0.0,55.0,e2,"P(3,5-CF3-Ph)3",nC,0.5485762544154528
5624,58.0,56.0,0.0,56.0,e7,PCy3 HBF4,nE,0.012884298674100353
5625,58.0,57.0,0.0,57.0,e7,PPh2Me,nD,0.1229873725585538
5626,58.0,58.0,0.0,58.0,e9,Ph-PhenCar-Phos,nA,0.2063595645670517
5627,58.0,59.0,0.0,59.0,e3,CgMe-PPh,nG,0.693870840573733
5628,58.0,60.0,0.0,60.0,e9,MeO-KITPHOS,nI,0.37369206432045404
5629,58.0,61.0,0.0,61.0,e3,Cy-BippyPhos,nC,0.4701158020102052
5630,58.0,62.0,0.0,62.0,e2,P(fur)3,nE,0.12109249824231177
5631,58.0,63.0,0.0,63.0,e9,JackiePhos,nE,0.1414633901753113
5632,58.0,64.0,0.0,64.0,e9,PPhMe2,nG,0.16312105796441556
5633,58.0,65.0,0.0,65.0,e2,"P(3,5-CF3-Ph)3",nI,0.7101552221676866
5634,58.0,66.0,0.0,66.0,e3,Kwong,nG,0.6379955567259125
5635,58.0,67.0,0.0,67.0,e1,CgMe-PPh,nG,0.16657970973424252
5636,58.0,68.0,0.0,68.0,e7,A-caPhos,nD,0.45969276976080437
5637,58.0,69.0,0.0,69.0,e7,tBPh-CPhos,nA,0.42655708759840044
5638,58.0,70.0,0.0,70.0,e10,Et-PhenCar-Phos,nD,0.9813444766852435
5639,58.0,71.0,0.0,71.0,e3,Et-PhenCar-Phos,nE,0.16222416431861286
5640,58.0,72.0,0.0,72.0,e7,Cy-vBRIDP,nD,0.5488733534623731
5641,58.0,73.0,0.0,73.0,e9,Cy-BippyPhos,nI,0.7811843865330459
5642,58.0,74.0,0.0,74.0,e1,X-Phos,nI,0.05873515318530329
5643,58.0,75.0,0.0,75.0,e9,"P(3,5-CF3-Ph)3",nA,0.28248248720696867
5644,58.0,76.0,0.0,76.0,e7,PPh3,nE,0.0
5645,58.0,77.0,0.0,77.0,e9,PnBu3 HBF4,nI,0.364306479041637
5646,58.0,78.0,0.0,78.0,e9,Kwong,nG,0.48310327993375796
5647,58.0,79.0,0.0,79.0,e1,CX-PICy,nC,0.17448452116943244
5648,58.0,80.0,0.0,80.0,e7,MeO-KITPHOS,nA,0.11368563470080227
5649,58.0,81.0,0.0,81.0,e3,Cy-BippyPhos,nA,0.7065412188883603
5650,58.0,82.0,0.0,82.0,e3,Cy-DavePhos,nA,0.4587692631158191
5651,58.0,83.0,0.0,83.0,e7,CX-FBu,nB,0.0925326789625629
5652,58.0,84.0,0.0,84.0,e5,P(o-Anis)3,nD,0.2673691817698943
5653,58.0,85.0,0.0,85.0,e3,Ph-PhenCar-Phos,nI,0.1932605709368885
5654,58.0,86.0,0.0,86.0,e7,PPh2Me,nA,0.2157458754143766
5655,58.0,87.0,0.0,87.0,e5,tBPh-CPhos,nC,0.7175681052805551
5656,58.0,88.0,0.0,88.0,e9,Cy-vBRIDP,nE,0.2118361653644355
5657,58.0,89.0,0.0,89.0,e7,PPhtBu2,nC,0.30473655831052726
5658,58.0,90.0,0.0,90.0,e5,P(fur)3,nB,0.1834224346309997
5659,58.0,91.0,0.0,91.0,e7,A-caPhos,nB,0.19570168231689697
5660,58.0,92.0,0.0,92.0,e2,Cy-BippyPhos,nB,0.3284195625331717
5661,58.0,93.0,0.0,93.0,e7,BrettPhos,nA,0.0124654631537221
5662,58.0,94.0,0.0,94.0,e4,PCy3 HBF4,nC,0.08261648826420669
5663,58.0,95.0,0.0,95.0,e10,CgMe-PPh,nI,0.992612378842541
5664,59.0,0.0,0.0,0.0,e9,A-caPhos,nE,0.1264609747923346
5665,59.0,1.0,0.0,1.0,e10,BrettPhos,nA,0.3672528507287323
5666,59.0,2.0,0.0,2.0,e2,CX-FBu,nG,0.0
5667,59.0,3.0,0.0,3.0,e7,CX-PICy,nD,1.0
5668,59.0,4.0,0.0,4.0,e9,Cy-DavePhos,nE,0.11425610500152658
5669,59.0,5.0,0.0,5.0,e2,Cy-vBRIDP,nE,0.13496463293382222
5670,59.0,6.0,0.0,6.0,e5,Kwong,nG,0.24931580024802266
5671,59.0,7.0,0.0,7.0,e10,MeO-KITPHOS,nE,0.08167116258886992
5672,59.0,8.0,0.0,8.0,e7,P(o-Anis)3,nD,0.20661863979261372
5673,59.0,9.0,0.0,9.0,e10,Et-PhenCar-Phos,nF,0.9128845279878604
5674,59.0,10.0,0.0,10.0,e9,JackiePhos,nD,0.6112600941230104
5675,59.0,11.0,0.0,11.0,e1,"P(3,5-CF3-Ph)3",nC,0.0
5676,59.0,12.0,0.0,12.0,e3,P(fur)3,nF,0.44484850798719355
5677,59.0,13.0,0.0,13.0,e9,Ph-PhenCar-Phos,nB,0.058803717942506314
5678,59.0,14.0,0.0,14.0,e7,PPh2Me,nI,0.05866681747449082
5679,59.0,15.0,0.0,15.0,e2,PPhtBu2,nA,0.8784588854057418
5680,59.0,16.0,0.0,16.0,e4,tBPh-CPhos,nF,0.13333417034980927
5681,59.0,17.0,0.0,17.0,e10,PPhMe2,nF,0.9662268038122928
5682,59.0,18.0,0.0,18.0,e1,Cy-BippyPhos,nC,0.12530079881726516
5683,59.0,19.0,0.0,19.0,e2,PCy3 HBF4,nE,0.0
5684,59.0,20.0,0.0,20.0,e3,CgMe-PPh,nA,0.5833854524265055
5685,59.0,21.0,0.0,21.0,e4,PPh3,nG,0.07172298480230663
5686,59.0,22.0,0.0,22.0,e10,X-Phos,nG,0.26909978021938563
5687,59.0,23.0,0.0,23.0,e1,PnBu3 HBF4,nF,0.01643119627071477
5688,59.0,24.0,0.0,24.0,e7,CX-PICy,nA,0.4849023858174712
5689,59.0,25.0,0.0,25.0,e4,PPhMe2,nI,0.0
5690,59.0,26.0,0.0,26.0,e3,Et-PhenCar-Phos,nB,0.2232542389845771
5691,59.0,27.0,0.0,27.0,e7,PPhtBu2,nD,0.17084686391608417
5692,59.0,28.0,0.0,28.0,e7,JackiePhos,nE,0.0
5693,59.0,29.0,0.0,29.0,e3,CgMe-PPh,nI,0.37696044105126186
5694,59.0,30.0,0.0,30.0,e5,P(fur)3,nE,0.1658371632512746
5695,59.0,31.0,0.0,31.0,e9,BrettPhos,nD,0.116949762005874
5696,59.0,32.0,0.0,32.0,e9,X-Phos,nI,0.48640092936162965
5697,59.0,33.0,0.0,33.0,e2,Kwong,nE,0.15385645810893028
5698,59.0,34.0,0.0,34.0,e9,P(o-Anis)3,nC,0.3510501736587359
5699,59.0,35.0,0.0,35.0,e2,CX-PICy,nB,0.019159777876378164
5700,59.0,36.0,0.0,36.0,e3,Cy-vBRIDP,nE,0.22456888388015206
5701,59.0,37.0,0.0,37.0,e10,tBPh-CPhos,nG,0.1872202584239755
5702,59.0,38.0,0.0,38.0,e7,A-caPhos,nB,0.19570168231689697
5703,59.0,39.0,0.0,39.0,e3,Cy-BippyPhos,nG,0.6656541362855952
5704,59.0,40.0,0.0,40.0,e5,Cy-DavePhos,nE,0.20379204247564497
5705,59.0,41.0,0.0,41.0,e2,MeO-KITPHOS,nA,0.6953968715197815
5706,59.0,42.0,0.0,42.0,e1,PPh3,nB,0.1440608266906695
5707,59.0,43.0,0.0,43.0,e3,Ph-PhenCar-Phos,nB,0.02500979360624822
5708,59.0,44.0,0.0,44.0,e5,PPh2Me,nB,0.24852294716245807
5709,59.0,45.0,0.0,45.0,e4,PnBu3 HBF4,nF,0.07661274417725286
5710,59.0,46.0,0.0,46.0,e7,CX-FBu,nA,0.026781225321877523
5711,59.0,47.0,0.0,47.0,e5,"P(3,5-CF3-Ph)3",nF,0.7449177693369221
5712,59.0,48.0,0.0,48.0,e7,PCy3 HBF4,nG,0.0
5713,59.0,49.0,0.0,49.0,e4,Et-PhenCar-Phos,nB,0.016893387098010963
5714,59.0,50.0,0.0,50.0,e4,PPhtBu2,nD,0.015477322861925848
5715,59.0,51.0,0.0,51.0,e2,PPhMe2,nF,0.6752763886691495
5716,59.0,52.0,0.0,52.0,e4,CgMe-PPh,nE,0.0309977877786149
5717,59.0,53.0,0.0,53.0,e9,Cy-BippyPhos,nA,0.5551684100530536
5718,59.0,54.0,0.0,54.0,e2,MeO-KITPHOS,nE,0.14157346928450873
5719,59.0,55.0,0.0,55.0,e5,X-Phos,nI,0.6595060362188809
5720,59.0,56.0,0.0,56.0,e7,"P(3,5-CF3-Ph)3",nF,0.4547323879793554
5721,59.0,57.0,0.0,57.0,e10,JackiePhos,nA,0.7329517075696806
5722,59.0,58.0,0.0,58.0,e3,P(fur)3,nC,0.46239361820179303
5723,59.0,59.0,0.0,59.0,e3,PPhMe2,nB,0.03243076392530086
5724,59.0,60.0,0.0,60.0,e3,P(o-Anis)3,nE,0.0347685138498739
5725,59.0,61.0,0.0,61.0,e9,BrettPhos,nC,0.1761979943768592
5726,59.0,62.0,0.0,62.0,e9,CX-PICy,nE,0.11110502362494325
5727,59.0,63.0,0.0,63.0,e2,X-Phos,nC,0.40642389315255095
5728,59.0,64.0,0.0,64.0,e2,Kwong,nD,0.9496089484429554
5729,59.0,65.0,0.0,65.0,e2,Kwong,nB,0.28740360301809015
5730,59.0,66.0,0.0,66.0,e3,Cy-BippyPhos,nE,0.21120990283036814
5731,59.0,67.0,0.0,67.0,e3,JackiePhos,nD,0.6652224475203186
5732,59.0,68.0,0.0,68.0,e5,Cy-vBRIDP,nA,0.7556883724207524
5733,59.0,69.0,0.0,69.0,e9,A-caPhos,nD,0.5903907562753792
5734,59.0,70.0,0.0,70.0,e10,tBPh-CPhos,nA,0.738775541606104
5735,59.0,71.0,0.0,71.0,e3,Cy-DavePhos,nE,0.1655425072853271
5736,59.0,72.0,0.0,72.0,e4,PPh2Me,nG,0.04035626265938144
5737,59.0,73.0,0.0,73.0,e9,"P(3,5-CF3-Ph)3",nC,0.26228444595483447
5738,59.0,74.0,0.0,74.0,e10,Et-PhenCar-Phos,nI,0.8978098811886851
5739,59.0,75.0,0.0,75.0,e5,Cy-vBRIDP,nF,0.0
5740,59.0,76.0,0.0,76.0,e9,PPh3,nF,0.6925620811975002
5741,59.0,77.0,0.0,77.0,e2,Et-PhenCar-Phos,nB,0.30781579365006
5742,59.0,78.0,0.0,78.0,e7,P(fur)3,nA,0.15917780258602543
5743,59.0,79.0,0.0,79.0,e10,PPhtBu2,nC,0.7230058104876745
5744,59.0,80.0,0.0,80.0,e1,tBPh-CPhos,nC,0.20431204836192307
5745,59.0,81.0,0.0,81.0,e10,JackiePhos,nF,0.9125036644148156
5746,59.0,82.0,0.0,82.0,e4,CgMe-PPh,nF,0.15676724879802045
5747,59.0,83.0,0.0,83.0,e7,JackiePhos,nI,0.6032624128682527
5748,59.0,84.0,0.0,84.0,e3,MeO-KITPHOS,nC,0.5217416704421943
5749,59.0,85.0,0.0,85.0,e3,PnBu3 HBF4,nA,0.08612679775706653
5750,59.0,86.0,0.0,86.0,e1,A-caPhos,nE,0.03499297317844621
5751,59.0,87.0,0.0,87.0,e2,PPh3,nC,0.7202319507090823
5752,59.0,88.0,0.0,88.0,e3,Ph-PhenCar-Phos,nI,0.1932605709368885
5753,59.0,89.0,0.0,89.0,e3,X-Phos,nD,0.6499890415739124
5754,59.0,90.0,0.0,90.0,e10,PPhtBu2,nI,0.8224211337896827
5755,59.0,91.0,0.0,91.0,e1,CX-FBu,nE,0.0
5756,59.0,92.0,0.0,92.0,e9,PPhMe2,nE,0.20376038691379747
5757,59.0,93.0,0.0,93.0,e1,PPhtBu2,nE,0.04945600408311233
5758,59.0,94.0,0.0,94.0,e10,PCy3 HBF4,nC,0.7481239349628751
5759,59.0,95.0,0.0,95.0,e7,Kwong,nD,0.7352375479541646
5760,60.0,0.0,0.0,0.0,e10,A-caPhos,nG,0.030747624704373516
5761,60.0,1.0,0.0,1.0,e7,BrettPhos,nB,0.006706537467230552
5762,60.0,2.0,0.0,2.0,e9,CX-FBu,nG,0.0
5763,60.0,3.0,0.0,3.0,e4,CX-PICy,nA,0.04719868390618946
5764,60.0,4.0,0.0,4.0,e5,Cy-DavePhos,nA,0.7763833572037856
5765,60.0,5.0,0.0,5.0,e2,Cy-vBRIDP,nE,0.13496463293382222
5766,60.0,6.0,0.0,6.0,e4,Kwong,nB,0.0
5767,60.0,7.0,0.0,7.0,e3,MeO-KITPHOS,nF,0.6190014842829609
5768,60.0,8.0,0.0,8.0,e2,P(o-Anis)3,nC,0.2694306601099812
5769,60.0,9.0,0.0,9.0,e10,Et-PhenCar-Phos,nE,0.1423623971693994
5770,60.0,10.0,0.0,10.0,e10,JackiePhos,nD,0.9619894282107424
5771,60.0,11.0,0.0,11.0,e4,"P(3,5-CF3-Ph)3",nI,0.07226229178364636
5772,60.0,12.0,0.0,12.0,e4,P(fur)3,nF,0.07182384377127193
5773,60.0,13.0,0.0,13.0,e10,Ph-PhenCar-Phos,nA,0.4084319710624149
5774,60.0,14.0,0.0,14.0,e4,PPh2Me,nE,0.0
5775,60.0,15.0,0.0,15.0,e9,PPhtBu2,nA,0.22969981648958007
5776,60.0,16.0,0.0,16.0,e10,tBPh-CPhos,nB,0.34684817142606866
5777,60.0,17.0,0.0,17.0,e7,PPhMe2,nI,0.12447799772050785
5778,60.0,18.0,0.0,18.0,e9,Cy-BippyPhos,nI,0.7811843865330459
5779,60.0,19.0,0.0,19.0,e4,PCy3 HBF4,nE,0.014449000330444188
5780,60.0,20.0,0.0,20.0,e9,CgMe-PPh,nB,0.16201116259216772
5781,60.0,21.0,0.0,21.0,e2,PPh3,nB,0.06113101017244386
5782,60.0,22.0,0.0,22.0,e2,X-Phos,nB,0.20337122330638152
5783,60.0,23.0,0.0,23.0,e5,PnBu3 HBF4,nI,0.39796639204159534
5784,60.0,24.0,0.0,24.0,e1,JackiePhos,nF,0.21427092007990234
5785,60.0,25.0,0.0,25.0,e3,Cy-BippyPhos,nD,0.7257486948775891
5786,60.0,26.0,0.0,26.0,e3,Cy-DavePhos,nD,0.6446826086450984
5787,60.0,27.0,0.0,27.0,e9,MeO-KITPHOS,nD,0.6506971208307475
5788,60.0,28.0,0.0,28.0,e5,Ph-PhenCar-Phos,nF,0.09156197264058712
5789,60.0,29.0,0.0,29.0,e3,PnBu3 HBF4,nG,0.28320116621218205
5790,60.0,30.0,0.0,30.0,e9,tBPh-CPhos,nA,0.5070576131604569
5791,60.0,31.0,0.0,31.0,e10,P(o-Anis)3,nG,0.07389015169587047
5792,60.0,32.0,0.0,32.0,e1,PPhtBu2,nE,0.04945600408311233
5793,60.0,33.0,0.0,33.0,e4,X-Phos,nA,0.026820456479429548
5794,60.0,34.0,0.0,34.0,e4,Cy-BippyPhos,nF,0.16766741748867858
5795,60.0,35.0,0.0,35.0,e1,CgMe-PPh,nB,0.12558127711891434
5796,60.0,36.0,0.0,36.0,e5,Et-PhenCar-Phos,nA,0.7577678491226976
5797,60.0,37.0,0.0,37.0,e2,Cy-vBRIDP,nG,0.27869962157058037
5798,60.0,38.0,0.0,38.0,e10,Cy-DavePhos,nD,0.9577552674723959
5799,60.0,39.0,0.0,39.0,e4,PPhMe2,nF,0.05675807339476563
5800,60.0,40.0,0.0,40.0,e4,"P(3,5-CF3-Ph)3",nC,0.20935389087716724
5801,60.0,41.0,0.0,41.0,e5,P(fur)3,nC,0.706763204366684
5802,60.0,42.0,0.0,42.0,e7,PPh3,nB,0.20864817755410225
5803,60.0,43.0,0.0,43.0,e9,MeO-KITPHOS,nB,0.10548391557053341
5804,60.0,44.0,0.0,44.0,e10,CX-PICy,nI,0.8294011628993512
5805,60.0,45.0,0.0,45.0,e10,A-caPhos,nF,0.7955510503185635
5806,60.0,46.0,0.0,46.0,e2,PCy3 HBF4,nA,0.001570789934535926
5807,60.0,47.0,0.0,47.0,e5,BrettPhos,nI,0.25661642729485107
5808,60.0,48.0,0.0,48.0,e1,JackiePhos,nD,0.5137263354833275
5809,60.0,49.0,0.0,49.0,e2,CX-FBu,nA,0.0
5810,60.0,50.0,0.0,50.0,e3,Kwong,nG,0.6379955567259125
5811,60.0,51.0,0.0,51.0,e7,PPh2Me,nI,0.05866681747449082
5812,60.0,52.0,0.0,52.0,e4,Cy-DavePhos,nI,0.09721557254928792
5813,60.0,53.0,0.0,53.0,e5,Et-PhenCar-Phos,nE,0.1555337724688785
5814,60.0,54.0,0.0,54.0,e10,CX-PICy,nD,0.8614801884008014
5815,60.0,55.0,0.0,55.0,e10,tBPh-CPhos,nC,0.7154205799800839
5816,60.0,56.0,0.0,56.0,e3,A-caPhos,nG,0.0
5817,60.0,57.0,0.0,57.0,e10,P(fur)3,nA,0.6938329241091595
5818,60.0,58.0,0.0,58.0,e4,PnBu3 HBF4,nB,0.021725924272589937
5819,60.0,59.0,0.0,59.0,e9,CX-PICy,nE,0.11110502362494325
5820,60.0,60.0,0.0,60.0,e10,Kwong,nE,0.10609667459949558
5821,60.0,61.0,0.0,61.0,e5,JackiePhos,nI,0.6882070592144776
5822,60.0,62.0,0.0,62.0,e7,Cy-BippyPhos,nC,0.8232211000009824
5823,60.0,63.0,0.0,63.0,e4,tBPh-CPhos,nA,0.0348084285544355
5824,60.0,64.0,0.0,64.0,e2,Ph-PhenCar-Phos,nB,0.0
5825,60.0,65.0,0.0,65.0,e9,P(fur)3,nI,0.28711297797323754
5826,60.0,66.0,0.0,66.0,e4,Cy-BippyPhos,nI,0.01506826698150689
5827,60.0,67.0,0.0,67.0,e9,Cy-vBRIDP,nI,0.6700718714523624
5828,60.0,68.0,0.0,68.0,e3,Cy-DavePhos,nE,0.1655425072853271
5829,60.0,69.0,0.0,69.0,e7,MeO-KITPHOS,nF,0.14909057955854127
5830,60.0,70.0,0.0,70.0,e1,JackiePhos,nG,0.16044985000151907
5831,60.0,71.0,0.0,71.0,e10,P(o-Anis)3,nD,0.21473020833290504
5832,60.0,72.0,0.0,72.0,e1,CgMe-PPh,nF,0.16030992191406224
5833,60.0,73.0,0.0,73.0,e9,"P(3,5-CF3-Ph)3",nD,0.44318159981050437
5834,60.0,74.0,0.0,74.0,e2,PPhtBu2,nC,0.5884787341556109
5835,60.0,75.0,0.0,75.0,e5,PPh3,nD,0.7503383283607225
5836,60.0,76.0,0.0,76.0,e3,BrettPhos,nB,0.0
5837,60.0,77.0,0.0,77.0,e5,X-Phos,nA,0.7308372177455247
5838,60.0,78.0,0.0,78.0,e2,Cy-vBRIDP,nC,0.591401678089823
5839,60.0,79.0,0.0,79.0,e2,Et-PhenCar-Phos,nD,0.9214853157259724
5840,60.0,80.0,0.0,80.0,e3,PPhMe2,nA,0.3195986379275633
5841,60.0,81.0,0.0,81.0,e5,PPh3,nC,0.8123421522885619
5842,60.0,82.0,0.0,82.0,e9,Et-PhenCar-Phos,nB,0.15268768262180096
5843,60.0,83.0,0.0,83.0,e9,X-Phos,nF,0.7946437444937127
5844,60.0,84.0,0.0,84.0,e10,CX-PICy,nG,0.3377488314799635
5845,60.0,85.0,0.0,85.0,e3,PPh3,nE,0.056276657784168405
5846,60.0,86.0,0.0,86.0,e5,PPhtBu2,nA,0.6662908668048635
5847,60.0,87.0,0.0,87.0,e7,PPh2Me,nD,0.1229873725585538
5848,60.0,88.0,0.0,88.0,e1,P(fur)3,nF,0.0
5849,60.0,89.0,0.0,89.0,e10,X-Phos,nC,0.732411484160166
5850,60.0,90.0,0.0,90.0,e10,A-caPhos,nD,1.0
5851,60.0,91.0,0.0,91.0,e10,A-caPhos,nA,0.2597050084922578
5852,60.0,92.0,0.0,92.0,e2,Cy-DavePhos,nA,0.890605834039087
5853,60.0,93.0,0.0,93.0,e5,PCy3 HBF4,nD,0.4635875867274559
5854,60.0,94.0,0.0,94.0,e1,Cy-vBRIDP,nG,0.040219882770202414
5855,60.0,95.0,0.0,95.0,e1,CX-FBu,nA,0.06728168343034004
5856,61.0,0.0,0.0,0.0,e5,A-caPhos,nG,0.04136408895956248
5857,61.0,1.0,0.0,1.0,e5,BrettPhos,nI,0.25661642729485107
5858,61.0,2.0,0.0,2.0,e3,CX-FBu,nA,0.034590175407777715
5859,61.0,3.0,0.0,3.0,e7,CX-PICy,nD,1.0
5860,61.0,4.0,0.0,4.0,e5,Cy-DavePhos,nI,0.8413366058756354
5861,61.0,5.0,0.0,5.0,e7,Cy-vBRIDP,nE,0.0285055968883504
5862,61.0,6.0,0.0,6.0,e1,Kwong,nD,0.08645291673067909
5863,61.0,7.0,0.0,7.0,e5,MeO-KITPHOS,nI,0.7966198404456795
5864,61.0,8.0,0.0,8.0,e3,P(o-Anis)3,nD,0.017049023134240643
5865,61.0,9.0,0.0,9.0,e9,Et-PhenCar-Phos,nC,0.3799408105497681
5866,61.0,10.0,0.0,10.0,e2,JackiePhos,nD,0.8885726039005069
5867,61.0,11.0,0.0,11.0,e2,"P(3,5-CF3-Ph)3",nB,0.3077541564280736
5868,61.0,12.0,0.0,12.0,e9,P(fur)3,nF,0.14474013927612028
5869,61.0,13.0,0.0,13.0,e10,Ph-PhenCar-Phos,nD,0.19450431269643761
5870,61.0,14.0,0.0,14.0,e2,PPh2Me,nB,0.354546359191998
5871,61.0,15.0,0.0,15.0,e10,PPhtBu2,nA,0.7009303126601298
5872,61.0,16.0,0.0,16.0,e9,tBPh-CPhos,nE,0.2128966624664455
5873,61.0,17.0,0.0,17.0,e4,PPhMe2,nE,0.0
5874,61.0,18.0,0.0,18.0,e3,Cy-BippyPhos,nI,0.4880124029547394
5875,61.0,19.0,0.0,19.0,e9,PCy3 HBF4,nB,0.0
5876,61.0,20.0,0.0,20.0,e9,CgMe-PPh,nI,0.9133569283838853
5877,61.0,21.0,0.0,21.0,e9,PPh3,nF,0.6925620811975002
5878,61.0,22.0,0.0,22.0,e10,X-Phos,nI,0.7187458586231107
5879,61.0,23.0,0.0,23.0,e2,PnBu3 HBF4,nD,0.8741353520353085
5880,61.0,24.0,0.0,24.0,e5,CX-PICy,nD,0.7367636173787823
5881,61.0,25.0,0.0,25.0,e9,CgMe-PPh,nB,0.16201116259216772
5882,61.0,26.0,0.0,26.0,e9,JackiePhos,nG,0.542757589383612
5883,61.0,27.0,0.0,27.0,e3,PnBu3 HBF4,nF,0.742670929975428
5884,61.0,28.0,0.0,28.0,e3,Cy-DavePhos,nF,0.8181899294726043
5885,61.0,29.0,0.0,29.0,e1,MeO-KITPHOS,nG,0.05772455406029879
5886,61.0,30.0,0.0,30.0,e7,X-Phos,nG,0.0
5887,61.0,31.0,0.0,31.0,e9,PPhtBu2,nI,0.6362211015918549
5888,61.0,32.0,0.0,32.0,e2,PPh3,nB,0.06113101017244386
5889,61.0,33.0,0.0,33.0,e3,Cy-BippyPhos,nG,0.6656541362855952
5890,61.0,34.0,0.0,34.0,e2,Et-PhenCar-Phos,nI,0.6430834035717605
5891,61.0,35.0,0.0,35.0,e10,PPh2Me,nF,0.9442102793927251
5892,61.0,36.0,0.0,36.0,e1,"P(3,5-CF3-Ph)3",nC,0.0
5893,61.0,37.0,0.0,37.0,e7,CX-PICy,nF,0.22737199353381096
5894,61.0,38.0,0.0,38.0,e4,BrettPhos,nD,0.0055714565905122075
5895,61.0,39.0,0.0,39.0,e7,Cy-DavePhos,nE,0.07737987898288086
5896,61.0,40.0,0.0,40.0,e10,PnBu3 HBF4,nC,0.6529372533584769
5897,61.0,41.0,0.0,41.0,e9,tBPh-CPhos,nD,0.7798623769507976
5898,61.0,42.0,0.0,42.0,e1,Ph-PhenCar-Phos,nF,0.03399207920306404
5899,61.0,43.0,0.0,43.0,e5,P(fur)3,nG,0.4460254587435207
5900,61.0,44.0,0.0,44.0,e2,JackiePhos,nC,0.5096826906052602
5901,61.0,45.0,0.0,45.0,e3,Kwong,nA,0.52844484704448
5902,61.0,46.0,0.0,46.0,e9,PPhtBu2,nB,0.0744540569819119
5903,61.0,47.0,0.0,47.0,e9,PPh2Me,nC,0.2914145670907849
5904,61.0,48.0,0.0,48.0,e2,A-caPhos,nG,0.08718212432149915
5905,61.0,49.0,0.0,49.0,e4,CX-FBu,nA,0.0
5906,61.0,50.0,0.0,50.0,e1,Cy-vBRIDP,nG,0.040219882770202414
5907,61.0,51.0,0.0,51.0,e1,P(o-Anis)3,nA,0.30722554215143316
5908,61.0,52.0,0.0,52.0,e2,PPhMe2,nB,0.34830416803640063
5909,61.0,53.0,0.0,53.0,e3,PCy3 HBF4,nC,0.5344164665084931
5910,61.0,54.0,0.0,54.0,e7,Cy-BippyPhos,nE,0.06477068053323384
5911,61.0,55.0,0.0,55.0,e5,CgMe-PPh,nB,0.24129886485371901
5912,61.0,56.0,0.0,56.0,e3,Et-PhenCar-Phos,nF,0.7168147526183698
5913,61.0,57.0,0.0,57.0,e10,PnBu3 HBF4,nE,0.04185113905030638
5914,61.0,58.0,0.0,58.0,e2,tBPh-CPhos,nA,0.8502272930334943
5915,61.0,59.0,0.0,59.0,e10,MeO-KITPHOS,nG,0.4483889452545666
5916,61.0,60.0,0.0,60.0,e2,CX-PICy,nB,0.019159777876378164
5917,61.0,61.0,0.0,61.0,e5,JackiePhos,nI,0.6882070592144776
5918,61.0,62.0,0.0,62.0,e1,PPh3,nE,0.00995882546000144
5919,61.0,63.0,0.0,63.0,e5,X-Phos,nD,0.8408611369475726
5920,61.0,64.0,0.0,64.0,e7,tBPh-CPhos,nG,0.06459244912713331
5921,61.0,65.0,0.0,65.0,e9,Et-PhenCar-Phos,nE,0.09970326563233488
5922,61.0,66.0,0.0,66.0,e7,Cy-DavePhos,nC,0.43870094090204687
5923,61.0,67.0,0.0,67.0,e9,Kwong,nB,0.11088834300612632
5924,61.0,68.0,0.0,68.0,e4,P(fur)3,nI,0.04402143693540769
5925,61.0,69.0,0.0,69.0,e10,PPh2Me,nC,0.7635702486574847
5926,61.0,70.0,0.0,70.0,e3,PCy3 HBF4,nF,0.7927520064501151
5927,61.0,71.0,0.0,71.0,e4,X-Phos,nG,0.014305219597103146
5928,61.0,72.0,0.0,72.0,e10,JackiePhos,nI,0.6404668815291216
5929,61.0,73.0,0.0,73.0,e1,PPhtBu2,nD,0.03363179088885197
5930,61.0,74.0,0.0,74.0,e10,PCy3 HBF4,nA,0.06858302437999264
5931,61.0,75.0,0.0,75.0,e1,CgMe-PPh,nC,0.11816325573626481
5932,61.0,76.0,0.0,76.0,e2,MeO-KITPHOS,nF,0.6735229847545438
5933,61.0,77.0,0.0,77.0,e4,PPh2Me,nI,0.011948259243086866
5934,61.0,78.0,0.0,78.0,e10,PPhMe2,nB,0.36471787230730734
5935,61.0,79.0,0.0,79.0,e3,PnBu3 HBF4,nC,0.5104443617808837
5936,61.0,80.0,0.0,80.0,e7,P(o-Anis)3,nB,0.09494681712924612
5937,61.0,81.0,0.0,81.0,e2,"P(3,5-CF3-Ph)3",nC,0.5485762544154528
5938,61.0,82.0,0.0,82.0,e3,Cy-BippyPhos,nC,0.4701158020102052
5939,61.0,83.0,0.0,83.0,e7,JackiePhos,nD,0.9134460718332484
5940,61.0,84.0,0.0,84.0,e3,BrettPhos,nC,0.13197723746779189
5941,61.0,85.0,0.0,85.0,e1,Cy-DavePhos,nB,0.14325304895448931
5942,61.0,86.0,0.0,86.0,e5,Ph-PhenCar-Phos,nB,0.007649551127788808
5943,61.0,87.0,0.0,87.0,e3,JackiePhos,nI,0.44377710899114275
5944,61.0,88.0,0.0,88.0,e9,CX-PICy,nI,0.5796467982779039
5945,61.0,89.0,0.0,89.0,e7,MeO-KITPHOS,nB,0.04698078637689876
5946,61.0,90.0,0.0,90.0,e5,A-caPhos,nE,0.037864613831533826
5947,61.0,91.0,0.0,91.0,e2,tBPh-CPhos,nE,0.13432593614456043
5948,61.0,92.0,0.0,92.0,e2,Et-PhenCar-Phos,nA,0.9619512654546682
5949,61.0,93.0,0.0,93.0,e2,PnBu3 HBF4,nC,0.6344642168342858
5950,61.0,94.0,0.0,94.0,e1,Et-PhenCar-Phos,nG,0.07748698744311458
5951,61.0,95.0,0.0,95.0,e10,Cy-vBRIDP,nF,0.8737297326167234
5952,62.0,0.0,0.0,0.0,e1,A-caPhos,nE,0.03499297317844621
5953,62.0,1.0,0.0,1.0,e5,BrettPhos,nF,0.4540939165916511
5954,62.0,2.0,0.0,2.0,e7,CX-FBu,nC,0.015254117622773431
5955,62.0,3.0,0.0,3.0,e5,CX-PICy,nG,0.35909736921031543
5956,62.0,4.0,0.0,4.0,e1,Cy-DavePhos,nC,0.07922994530801464
5957,62.0,5.0,0.0,5.0,e10,Cy-vBRIDP,nA,0.6642431458921436
5958,62.0,6.0,0.0,6.0,e3,Kwong,nC,0.49266490533355695
5959,62.0,7.0,0.0,7.0,e5,MeO-KITPHOS,nG,0.5037716636607265
5960,62.0,8.0,0.0,8.0,e10,P(o-Anis)3,nE,0.04630473114446367
5961,62.0,9.0,0.0,9.0,e7,Et-PhenCar-Phos,nF,0.8005855615874519
5962,62.0,10.0,0.0,10.0,e10,JackiePhos,nG,0.19943476808224297
5963,62.0,11.0,0.0,11.0,e9,"P(3,5-CF3-Ph)3",nC,0.26228444595483447
5964,62.0,12.0,0.0,12.0,e3,P(fur)3,nA,0.16816044846520725
5965,62.0,13.0,0.0,13.0,e10,Ph-PhenCar-Phos,nF,0.15722965933724983
5966,62.0,14.0,0.0,14.0,e10,PPh2Me,nA,0.7312605481380088
5967,62.0,15.0,0.0,15.0,e4,PPhtBu2,nG,0.010529758099421742
5968,62.0,16.0,0.0,16.0,e5,tBPh-CPhos,nF,0.021215482774025726
5969,62.0,17.0,0.0,17.0,e4,PPhMe2,nE,0.0
5970,62.0,18.0,0.0,18.0,e3,Cy-BippyPhos,nA,0.7065412188883603
5971,62.0,19.0,0.0,19.0,e3,PCy3 HBF4,nF,0.7927520064501151
5972,62.0,20.0,0.0,20.0,e10,CgMe-PPh,nD,0.9667080207978768
5973,62.0,21.0,0.0,21.0,e9,PPh3,nG,0.4180674835896047
5974,62.0,22.0,0.0,22.0,e3,X-Phos,nB,0.2000064287326038
5975,62.0,23.0,0.0,23.0,e1,PnBu3 HBF4,nI,0.09337979085237404
5976,62.0,24.0,0.0,24.0,e1,CgMe-PPh,nA,0.6945948510850428
5977,62.0,25.0,0.0,25.0,e4,Et-PhenCar-Phos,nI,0.02371214570587278
5978,62.0,26.0,0.0,26.0,e5,PCy3 HBF4,nG,0.056653910463520696
5979,62.0,27.0,0.0,27.0,e7,PPh2Me,nA,0.2157458754143766
5980,62.0,28.0,0.0,28.0,e3,Cy-BippyPhos,nC,0.4701158020102052
5981,62.0,29.0,0.0,29.0,e4,Cy-vBRIDP,nI,0.08512605466614513
5982,62.0,30.0,0.0,30.0,e1,MeO-KITPHOS,nF,0.01625313158601373
5983,62.0,31.0,0.0,31.0,e10,Kwong,nG,0.24923381383602894
5984,62.0,32.0,0.0,32.0,e10,BrettPhos,nA,0.3672528507287323
5985,62.0,33.0,0.0,33.0,e2,PPh3,nI,0.5983316480220364
5986,62.0,34.0,0.0,34.0,e5,CX-PICy,nI,0.7387768863355436
5987,62.0,35.0,0.0,35.0,e10,"P(3,5-CF3-Ph)3",nE,0.08377153804882367
5988,62.0,36.0,0.0,36.0,e2,CgMe-PPh,nG,0.416125825549032
5989,62.0,37.0,0.0,37.0,e5,X-Phos,nE,0.10922716180611192
5990,62.0,38.0,0.0,38.0,e3,JackiePhos,nE,0.19804717134717115
5991,62.0,39.0,0.0,39.0,e7,P(fur)3,nG,0.09582881459800867
5992,62.0,40.0,0.0,40.0,e10,Ph-PhenCar-Phos,nA,0.4084319710624149
5993,62.0,41.0,0.0,41.0,e7,PnBu3 HBF4,nC,0.08381330857807825
5994,62.0,42.0,0.0,42.0,e2,Cy-DavePhos,nE,0.13508476980027337
5995,62.0,43.0,0.0,43.0,e4,P(o-Anis)3,nC,0.108256170748378
5996,62.0,44.0,0.0,44.0,e10,A-caPhos,nE,0.06369465752083445
5997,62.0,45.0,0.0,45.0,e2,tBPh-CPhos,nD,0.9627817421488892
5998,62.0,46.0,0.0,46.0,e9,CX-FBu,nA,0.026568437497950775
5999,62.0,47.0,0.0,47.0,e9,PPhtBu2,nF,0.04207540286700265
6000,62.0,48.0,0.0,48.0,e3,Cy-BippyPhos,nE,0.21120990283036814
6001,62.0,49.0,0.0,49.0,e3,PPhMe2,nA,0.3195986379275633
6002,62.0,50.0,0.0,50.0,e1,CX-PICy,nA,0.5817574646717254
6003,62.0,51.0,0.0,51.0,e7,PPh3,nF,0.578123168434268
6004,62.0,52.0,0.0,52.0,e9,tBPh-CPhos,nI,0.8988852901963119
6005,62.0,53.0,0.0,53.0,e2,PPh2Me,nD,0.945027927055052
6006,62.0,54.0,0.0,54.0,e3,CgMe-PPh,nC,0.5573433814229866
6007,62.0,55.0,0.0,55.0,e7,PCy3 HBF4,nA,0.25607908411044755
6008,62.0,56.0,0.0,56.0,e5,Et-PhenCar-Phos,nI,0.8679590234640545
6009,62.0,57.0,0.0,57.0,e9,BrettPhos,nF,0.16808056792906734
6010,62.0,58.0,0.0,58.0,e5,Cy-vBRIDP,nC,0.6808973298430087
6011,62.0,59.0,0.0,59.0,e9,PPh2Me,nA,0.1862919698404241
6012,62.0,60.0,0.0,60.0,e3,Kwong,nA,0.52844484704448
6013,62.0,61.0,0.0,61.0,e9,tBPh-CPhos,nA,0.5070576131604569
6014,62.0,62.0,0.0,62.0,e3,Et-PhenCar-Phos,nC,0.528155852189567
6015,62.0,63.0,0.0,63.0,e1,CX-PICy,nE,0.08929455529222792
6016,62.0,64.0,0.0,64.0,e1,Ph-PhenCar-Phos,nI,0.08752687001474006
6017,62.0,65.0,0.0,65.0,e2,PPh3,nF,0.46094142786882736
6018,62.0,66.0,0.0,66.0,e10,MeO-KITPHOS,nG,0.4483889452545666
6019,62.0,67.0,0.0,67.0,e1,CgMe-PPh,nB,0.12558127711891434
6020,62.0,68.0,0.0,68.0,e1,Cy-vBRIDP,nB,0.09907844745687962
6021,62.0,69.0,0.0,69.0,e9,Cy-BippyPhos,nA,0.5551684100530536
6022,62.0,70.0,0.0,70.0,e7,JackiePhos,nD,0.9134460718332484
6023,62.0,71.0,0.0,71.0,e2,tBPh-CPhos,nA,0.8502272930334943
6024,62.0,72.0,0.0,72.0,e7,JackiePhos,nI,0.6032624128682527
6025,62.0,73.0,0.0,73.0,e5,"P(3,5-CF3-Ph)3",nI,0.9667861636236104
6026,62.0,74.0,0.0,74.0,e2,"P(3,5-CF3-Ph)3",nB,0.3077541564280736
6027,62.0,75.0,0.0,75.0,e9,Kwong,nB,0.11088834300612632
6028,62.0,76.0,0.0,76.0,e5,PPhMe2,nC,0.6973280420518365
6029,62.0,77.0,0.0,77.0,e9,X-Phos,nB,0.1353117060763067
6030,62.0,78.0,0.0,78.0,e5,Et-PhenCar-Phos,nC,0.7420550241578128
6031,62.0,79.0,0.0,79.0,e1,P(fur)3,nC,0.13064801328706593
6032,62.0,80.0,0.0,80.0,e5,tBPh-CPhos,nG,0.3364545940088557
6033,62.0,81.0,0.0,81.0,e3,PCy3 HBF4,nC,0.5344164665084931
6034,62.0,82.0,0.0,82.0,e9,Cy-DavePhos,nA,0.4785669589162221
6035,62.0,83.0,0.0,83.0,e3,PPh2Me,nB,0.018469886419135415
6036,62.0,84.0,0.0,84.0,e2,PPh3,nE,0.08087648972572638
6037,62.0,85.0,0.0,85.0,e4,PnBu3 HBF4,nA,0.01706005824707267
6038,62.0,86.0,0.0,86.0,e7,PPhMe2,nF,0.0
6039,62.0,87.0,0.0,87.0,e5,P(o-Anis)3,nC,0.2597060555559565
6040,62.0,88.0,0.0,88.0,e9,Et-PhenCar-Phos,nF,0.7233050105292524
6041,62.0,89.0,0.0,89.0,e2,Cy-BippyPhos,nF,0.5159368139266189
6042,62.0,90.0,0.0,90.0,e2,BrettPhos,nF,0.3409853317756659
6043,62.0,91.0,0.0,91.0,e2,JackiePhos,nG,0.226362632584802
6044,62.0,92.0,0.0,92.0,e5,MeO-KITPHOS,nC,0.6524320098130438
6045,62.0,93.0,0.0,93.0,e10,A-caPhos,nD,1.0
6046,62.0,94.0,0.0,94.0,e1,A-caPhos,nB,0.04609606229142198
6047,62.0,95.0,0.0,95.0,e9,CgMe-PPh,nD,0.6700037753165438
6048,63.0,0.0,0.0,0.0,e7,A-caPhos,nE,0.0
6049,63.0,1.0,0.0,1.0,e2,BrettPhos,nE,0.06752498396007568
6050,63.0,2.0,0.0,2.0,e7,CX-FBu,nG,0.0
6051,63.0,3.0,0.0,3.0,e10,CX-PICy,nE,0.06128630570259782
6052,63.0,4.0,0.0,4.0,e7,Cy-DavePhos,nG,0.22461200392146816
6053,63.0,5.0,0.0,5.0,e4,Cy-vBRIDP,nI,0.08512605466614513
6054,63.0,6.0,0.0,6.0,e9,Kwong,nI,0.4493156931018429
6055,63.0,7.0,0.0,7.0,e10,MeO-KITPHOS,nB,0.3900451840459689
6056,63.0,8.0,0.0,8.0,e3,P(o-Anis)3,nA,0.1800745926353478
6057,63.0,9.0,0.0,9.0,e3,Et-PhenCar-Phos,nB,0.2232542389845771
6058,63.0,10.0,0.0,10.0,e5,JackiePhos,nG,0.338261501637445
6059,63.0,11.0,0.0,11.0,e5,"P(3,5-CF3-Ph)3",nD,0.7269615014964179
6060,63.0,12.0,0.0,12.0,e9,P(fur)3,nG,0.3593925605569053
6061,63.0,13.0,0.0,13.0,e4,Ph-PhenCar-Phos,nF,0.06641743274856524
6062,63.0,14.0,0.0,14.0,e10,PPh2Me,nA,0.7312605481380088
6063,63.0,15.0,0.0,15.0,e4,PPhtBu2,nI,0.0
6064,63.0,16.0,0.0,16.0,e3,tBPh-CPhos,nG,0.6694190600721208
6065,63.0,17.0,0.0,17.0,e10,PPhMe2,nD,0.9998377684127633
6066,63.0,18.0,0.0,18.0,e4,Cy-BippyPhos,nD,0.0
6067,63.0,19.0,0.0,19.0,e10,PCy3 HBF4,nG,0.03784536673058321
6068,63.0,20.0,0.0,20.0,e4,CgMe-PPh,nD,0.08321089559018727
6069,63.0,21.0,0.0,21.0,e5,PPh3,nE,0.07040432961461064
6070,63.0,22.0,0.0,22.0,e1,X-Phos,nB,0.13808085610167717
6071,63.0,23.0,0.0,23.0,e2,PnBu3 HBF4,nG,0.05240835785700971
6072,63.0,24.0,0.0,24.0,e7,PPhMe2,nG,0.0
6073,63.0,25.0,0.0,25.0,e7,PPh2Me,nB,0.022176359893621114
6074,63.0,26.0,0.0,26.0,e4,"P(3,5-CF3-Ph)3",nD,0.021077110506758236
6075,63.0,27.0,0.0,27.0,e9,tBPh-CPhos,nB,0.15300473080796315
6076,63.0,28.0,0.0,28.0,e2,Kwong,nA,0.60729628561042
6077,63.0,29.0,0.0,29.0,e5,MeO-KITPHOS,nF,0.6717033584808797
6078,63.0,30.0,0.0,30.0,e5,P(fur)3,nF,0.766688957978976
6079,63.0,31.0,0.0,31.0,e5,JackiePhos,nI,0.6882070592144776
6080,63.0,32.0,0.0,32.0,e3,Cy-DavePhos,nB,0.16485335147347094
6081,63.0,33.0,0.0,33.0,e3,Et-PhenCar-Phos,nG,0.7493850028763238
6082,63.0,34.0,0.0,34.0,e3,P(o-Anis)3,nB,0.08812842587343037
6083,63.0,35.0,0.0,35.0,e7,X-Phos,nB,0.24145251337028
6084,63.0,36.0,0.0,36.0,e5,Cy-vBRIDP,nA,0.7556883724207524
6085,63.0,37.0,0.0,37.0,e1,CgMe-PPh,nB,0.12558127711891434
6086,63.0,38.0,0.0,38.0,e9,PPh3,nC,0.36576356638393287
6087,63.0,39.0,0.0,39.0,e4,BrettPhos,nG,0.0
6088,63.0,40.0,0.0,40.0,e7,Ph-PhenCar-Phos,nA,0.20865958976807292
6089,63.0,41.0,0.0,41.0,e2,CX-PICy,nB,0.019159777876378164
6090,63.0,42.0,0.0,42.0,e7,PnBu3 HBF4,nB,0.027547310407485818
6091,63.0,43.0,0.0,43.0,e5,PCy3 HBF4,nC,0.7610838314818648
6092,63.0,44.0,0.0,44.0,e10,A-caPhos,nC,0.810246096009385
6093,63.0,45.0,0.0,45.0,e5,CX-FBu,nA,0.036929391233255865
6094,63.0,46.0,0.0,46.0,e2,PPhtBu2,nC,0.5884787341556109
6095,63.0,47.0,0.0,47.0,e7,Cy-BippyPhos,nD,1.0
6096,63.0,48.0,0.0,48.0,e2,P(fur)3,nD,0.8273907264709449
6097,63.0,49.0,0.0,49.0,e9,MeO-KITPHOS,nC,0.35851761793533216
6098,63.0,50.0,0.0,50.0,e7,Kwong,nD,0.7352375479541646
6099,63.0,51.0,0.0,51.0,e2,JackiePhos,nC,0.5096826906052602
6100,63.0,52.0,0.0,52.0,e5,Cy-BippyPhos,nI,0.8909978993536253
6101,63.0,53.0,0.0,53.0,e9,PPhMe2,nB,0.05685342476548213
6102,63.0,54.0,0.0,54.0,e2,Et-PhenCar-Phos,nF,0.516942514891109
6103,63.0,55.0,0.0,55.0,e1,Cy-vBRIDP,nD,0.12134762347017049
6104,63.0,56.0,0.0,56.0,e5,tBPh-CPhos,nA,0.7026512612569452
6105,63.0,57.0,0.0,57.0,e1,A-caPhos,nE,0.03499297317844621
6106,63.0,58.0,0.0,58.0,e2,PCy3 HBF4,nG,0.00663833998076357
6107,63.0,59.0,0.0,59.0,e3,P(fur)3,nE,0.09598414323281666
6108,63.0,60.0,0.0,60.0,e5,PPh2Me,nB,0.24852294716245807
6109,63.0,61.0,0.0,61.0,e1,"P(3,5-CF3-Ph)3",nA,0.1017122012266687
6110,63.0,62.0,0.0,62.0,e9,Cy-BippyPhos,nF,0.9242970629259212
6111,63.0,63.0,0.0,63.0,e3,Kwong,nE,0.12194116840481971
6112,63.0,64.0,0.0,64.0,e1,PPhtBu2,nI,0.0
6113,63.0,65.0,0.0,65.0,e5,Cy-BippyPhos,nC,0.7310324837389857
6114,63.0,66.0,0.0,66.0,e5,JackiePhos,nC,0.6733815385706186
6115,63.0,67.0,0.0,67.0,e7,tBPh-CPhos,nF,0.04219969859241317
6116,63.0,68.0,0.0,68.0,e4,Et-PhenCar-Phos,nC,0.5137778282322677
6117,63.0,69.0,0.0,69.0,e1,PPh3,nI,0.04621439454240948
6118,63.0,70.0,0.0,70.0,e3,MeO-KITPHOS,nD,0.4375043123935729
6119,63.0,71.0,0.0,71.0,e2,Cy-DavePhos,nC,0.5482191793404829
6120,63.0,72.0,0.0,72.0,e5,X-Phos,nC,0.7137664796412143
6121,63.0,73.0,0.0,73.0,e9,Cy-BippyPhos,nD,0.7312870661515999
6122,63.0,74.0,0.0,74.0,e5,JackiePhos,nD,0.7857626907983566
6123,63.0,75.0,0.0,75.0,e4,Ph-PhenCar-Phos,nA,0.0
6124,63.0,76.0,0.0,76.0,e3,P(o-Anis)3,nE,0.0347685138498739
6125,63.0,77.0,0.0,77.0,e3,Cy-BippyPhos,nA,0.7065412188883603
6126,63.0,78.0,0.0,78.0,e2,X-Phos,nC,0.40642389315255095
6127,63.0,79.0,0.0,79.0,e5,CgMe-PPh,nB,0.24129886485371901
6128,63.0,80.0,0.0,80.0,e4,P(fur)3,nI,0.04402143693540769
6129,63.0,81.0,0.0,81.0,e2,PPhMe2,nB,0.34830416803640063
6130,63.0,82.0,0.0,82.0,e7,Et-PhenCar-Phos,nC,0.7443135007935773
6131,63.0,83.0,0.0,83.0,e9,JackiePhos,nI,0.7924680013442614
6132,63.0,84.0,0.0,84.0,e7,PPh2Me,nF,0.03319774188221985
6133,63.0,85.0,0.0,85.0,e4,Kwong,nA,0.0
6134,63.0,86.0,0.0,86.0,e1,Cy-vBRIDP,nG,0.040219882770202414
6135,63.0,87.0,0.0,87.0,e10,Cy-BippyPhos,nF,0.9551634913355087
6136,63.0,88.0,0.0,88.0,e3,Cy-DavePhos,nC,0.37215812981068086
6137,63.0,89.0,0.0,89.0,e4,MeO-KITPHOS,nA,0.009388644305479189
6138,63.0,90.0,0.0,90.0,e1,CX-PICy,nF,0.035498905100854815
6139,63.0,91.0,0.0,91.0,e10,PnBu3 HBF4,nE,0.04185113905030638
6140,63.0,92.0,0.0,92.0,e9,Cy-BippyPhos,nG,0.46478882021105844
6141,63.0,93.0,0.0,93.0,e1,BrettPhos,nB,0.023933086062199235
6142,63.0,94.0,0.0,94.0,e9,JackiePhos,nB,0.12673454703525938
6143,63.0,95.0,0.0,95.0,e10,Et-PhenCar-Phos,nE,0.1423623971693994
6144,64.0,0.0,0.0,0.0,e1,A-caPhos,nC,0.08326557611388505
6145,64.0,1.0,0.0,1.0,e10,BrettPhos,nG,0.0697610559568269
6146,64.0,2.0,0.0,2.0,e10,CX-FBu,nE,0.0
6147,64.0,3.0,0.0,3.0,e1,CX-PICy,nE,0.08929455529222792
6148,64.0,4.0,0.0,4.0,e7,Cy-DavePhos,nG,0.22461200392146816
6149,64.0,5.0,0.0,5.0,e5,Cy-vBRIDP,nC,0.6808973298430087
6150,64.0,6.0,0.0,6.0,e2,Kwong,nD,0.9496089484429554
6151,64.0,7.0,0.0,7.0,e4,MeO-KITPHOS,nD,0.01764759420350764
6152,64.0,8.0,0.0,8.0,e7,P(o-Anis)3,nA,0.2039959559602517
6153,64.0,9.0,0.0,9.0,e9,Et-PhenCar-Phos,nI,0.47387538169056964
6154,64.0,10.0,0.0,10.0,e7,JackiePhos,nI,0.6032624128682527
6155,64.0,11.0,0.0,11.0,e3,"P(3,5-CF3-Ph)3",nG,0.13026635301464337
6156,64.0,12.0,0.0,12.0,e10,P(fur)3,nA,0.6938329241091595
6157,64.0,13.0,0.0,13.0,e10,Ph-PhenCar-Phos,nG,0.0
6158,64.0,14.0,0.0,14.0,e5,PPh2Me,nG,0.02908266774080822
6159,64.0,15.0,0.0,15.0,e9,PPhtBu2,nF,0.04207540286700265
6160,64.0,16.0,0.0,16.0,e9,tBPh-CPhos,nG,0.5841317864497397
6161,64.0,17.0,0.0,17.0,e3,PPhMe2,nG,0.3443466389164857
6162,64.0,18.0,0.0,18.0,e5,Cy-BippyPhos,nA,0.7454640568896914
6163,64.0,19.0,0.0,19.0,e2,PCy3 HBF4,nA,0.001570789934535926
6164,64.0,20.0,0.0,20.0,e9,CgMe-PPh,nD,0.6700037753165438
6165,64.0,21.0,0.0,21.0,e3,PPh3,nC,0.5766867841866626
6166,64.0,22.0,0.0,22.0,e1,X-Phos,nD,0.11103234490926704
6167,64.0,23.0,0.0,23.0,e3,PnBu3 HBF4,nC,0.5104443617808837
6168,64.0,24.0,0.0,24.0,e3,Kwong,nG,0.6379955567259125
6169,64.0,25.0,0.0,25.0,e9,Cy-BippyPhos,nF,0.9242970629259212
6170,64.0,26.0,0.0,26.0,e7,P(fur)3,nI,0.30508908766736764
6171,64.0,27.0,0.0,27.0,e1,Cy-vBRIDP,nI,0.10345030861489754
6172,64.0,28.0,0.0,28.0,e3,CgMe-PPh,nE,0.13080909557688172
6173,64.0,29.0,0.0,29.0,e4,JackiePhos,nC,0.28682741874775813
6174,64.0,30.0,0.0,30.0,e1,tBPh-CPhos,nG,0.12674104413371357
6175,64.0,31.0,0.0,31.0,e7,PPh3,nF,0.578123168434268
6176,64.0,32.0,0.0,32.0,e2,PnBu3 HBF4,nE,0.09021493672850452
6177,64.0,33.0,0.0,33.0,e2,Et-PhenCar-Phos,nD,0.9214853157259724
6178,64.0,34.0,0.0,34.0,e7,PPhMe2,nC,0.45538465088279884
6179,64.0,35.0,0.0,35.0,e5,Cy-BippyPhos,nD,0.7452121533478554
6180,64.0,36.0,0.0,36.0,e2,Cy-DavePhos,nC,0.5482191793404829
6181,64.0,37.0,0.0,37.0,e2,Kwong,nA,0.60729628561042
6182,64.0,38.0,0.0,38.0,e5,P(o-Anis)3,nC,0.2597060555559565
6183,64.0,39.0,0.0,39.0,e9,"P(3,5-CF3-Ph)3",nB,0.06814180345199915
6184,64.0,40.0,0.0,40.0,e9,Et-PhenCar-Phos,nD,0.6763905107050712
6185,64.0,41.0,0.0,41.0,e5,X-Phos,nE,0.10922716180611192
6186,64.0,42.0,0.0,42.0,e3,CX-PICy,nF,0.6497944840300122
6187,64.0,43.0,0.0,43.0,e9,A-caPhos,nD,0.5903907562753792
6188,64.0,44.0,0.0,44.0,e3,BrettPhos,nE,0.012327416789753938
6189,64.0,45.0,0.0,45.0,e2,PPhtBu2,nC,0.5884787341556109
6190,64.0,46.0,0.0,46.0,e3,PPh2Me,nB,0.018469886419135415
6191,64.0,47.0,0.0,47.0,e7,MeO-KITPHOS,nG,0.11322968814633767
6192,64.0,48.0,0.0,48.0,e10,PCy3 HBF4,nG,0.03784536673058321
6193,64.0,49.0,0.0,49.0,e4,CX-FBu,nB,0.003611186330700581
6194,64.0,50.0,0.0,50.0,e5,Ph-PhenCar-Phos,nA,0.0
6195,64.0,51.0,0.0,51.0,e1,PPh3,nF,0.033638963742203404
6196,64.0,52.0,0.0,52.0,e5,Cy-BippyPhos,nC,0.7310324837389857
6197,64.0,53.0,0.0,53.0,e2,P(fur)3,nB,0.3160767978375305
6198,64.0,54.0,0.0,54.0,e9,Kwong,nD,0.7637773250800808
6199,64.0,55.0,0.0,55.0,e2,JackiePhos,nC,0.5096826906052602
6200,64.0,56.0,0.0,56.0,e5,Et-PhenCar-Phos,nA,0.7577678491226976
6201,64.0,57.0,0.0,57.0,e7,CgMe-PPh,nA,0.6062121514347315
6202,64.0,58.0,0.0,58.0,e5,PPhMe2,nB,0.33576273461927086
6203,64.0,59.0,0.0,59.0,e7,Cy-vBRIDP,nA,0.4856539808134513
6204,64.0,60.0,0.0,60.0,e1,Cy-DavePhos,nB,0.14325304895448931
6205,64.0,61.0,0.0,61.0,e9,Cy-BippyPhos,nE,0.1706050823301135
6206,64.0,62.0,0.0,62.0,e10,CX-PICy,nI,0.8294011628993512
6207,64.0,63.0,0.0,63.0,e3,tBPh-CPhos,nC,0.4601786928065039
6208,64.0,64.0,0.0,64.0,e5,A-caPhos,nD,0.7956086691618747
6209,64.0,65.0,0.0,65.0,e4,Kwong,nG,0.0
6210,64.0,66.0,0.0,66.0,e7,PPhtBu2,nI,0.035471536543272855
6211,64.0,67.0,0.0,67.0,e3,PnBu3 HBF4,nG,0.28320116621218205
6212,64.0,68.0,0.0,68.0,e1,Et-PhenCar-Phos,nE,0.038240826794146296
6213,64.0,69.0,0.0,69.0,e1,CX-PICy,nG,0.10103394714922777
6214,64.0,70.0,0.0,70.0,e4,P(o-Anis)3,nG,0.03152157172915698
6215,64.0,71.0,0.0,71.0,e7,A-caPhos,nA,0.22387111117310493
6216,64.0,72.0,0.0,72.0,e5,CgMe-PPh,nE,0.0
6217,64.0,73.0,0.0,73.0,e2,JackiePhos,nA,0.9033456818168843
6218,64.0,74.0,0.0,74.0,e3,P(fur)3,nB,0.048815786923134194
6219,64.0,75.0,0.0,75.0,e3,Cy-vBRIDP,nD,0.6292634271358025
6220,64.0,76.0,0.0,76.0,e2,JackiePhos,nG,0.226362632584802
6221,64.0,77.0,0.0,77.0,e2,Cy-BippyPhos,nF,0.5159368139266189
6222,64.0,78.0,0.0,78.0,e9,PPh3,nG,0.4180674835896047
6223,64.0,79.0,0.0,79.0,e2,tBPh-CPhos,nG,0.21498121859438568
6224,64.0,80.0,0.0,80.0,e1,PPhMe2,nA,0.08091432237840718
6225,64.0,81.0,0.0,81.0,e7,X-Phos,nG,0.0
6226,64.0,82.0,0.0,82.0,e9,"P(3,5-CF3-Ph)3",nI,0.5060174107510581
6227,64.0,83.0,0.0,83.0,e1,Kwong,nF,0.04076651100940088
6228,64.0,84.0,0.0,84.0,e10,MeO-KITPHOS,nE,0.08167116258886992
6229,64.0,85.0,0.0,85.0,e3,Cy-vBRIDP,nI,0.34345800467563153
6230,64.0,86.0,0.0,86.0,e2,Et-PhenCar-Phos,nB,0.30781579365006
6231,64.0,87.0,0.0,87.0,e9,Cy-DavePhos,nC,0.37373314589550694
6232,64.0,88.0,0.0,88.0,e5,BrettPhos,nF,0.4540939165916511
6233,64.0,89.0,0.0,89.0,e4,Cy-BippyPhos,nG,0.015289072522480941
6234,64.0,90.0,0.0,90.0,e7,PnBu3 HBF4,nE,0.0
6235,64.0,91.0,0.0,91.0,e3,PPh2Me,nI,0.0
6236,64.0,92.0,0.0,92.0,e5,PCy3 HBF4,nI,0.34482654450171224
6237,64.0,93.0,0.0,93.0,e7,A-caPhos,nB,0.19570168231689697
6238,64.0,94.0,0.0,94.0,e3,CX-PICy,nD,0.6575942693885647
6239,64.0,95.0,0.0,95.0,e2,CX-FBu,nA,0.0
6240,65.0,0.0,0.0,0.0,e4,A-caPhos,nB,0.0
6241,65.0,1.0,0.0,1.0,e2,BrettPhos,nD,0.8847296047814194
6242,65.0,2.0,0.0,2.0,e2,CX-FBu,nD,0.6240221969248974
6243,65.0,3.0,0.0,3.0,e10,CX-PICy,nI,0.8294011628993512
6244,65.0,4.0,0.0,4.0,e4,Cy-DavePhos,nF,0.1085703896725537
6245,65.0,5.0,0.0,5.0,e7,Cy-vBRIDP,nA,0.4856539808134513
6246,65.0,6.0,0.0,6.0,e4,Kwong,nI,0.0
6247,65.0,7.0,0.0,7.0,e2,MeO-KITPHOS,nD,0.8301285778461426
6248,65.0,8.0,0.0,8.0,e3,P(o-Anis)3,nG,0.21909794334000537
6249,65.0,9.0,0.0,9.0,e9,Et-PhenCar-Phos,nG,0.46505962614221114
6250,65.0,10.0,0.0,10.0,e10,JackiePhos,nI,0.6404668815291216
6251,65.0,11.0,0.0,11.0,e1,"P(3,5-CF3-Ph)3",nD,0.1717712180634414
6252,65.0,12.0,0.0,12.0,e7,P(fur)3,nD,0.371885023964237
6253,65.0,13.0,0.0,13.0,e7,Ph-PhenCar-Phos,nF,0.17977391419077005
6254,65.0,14.0,0.0,14.0,e10,PPh2Me,nF,0.9442102793927251
6255,65.0,15.0,0.0,15.0,e10,PPhtBu2,nF,0.9293464786587261
6256,65.0,16.0,0.0,16.0,e9,tBPh-CPhos,nG,0.5841317864497397
6257,65.0,17.0,0.0,17.0,e7,PPhMe2,nG,0.0
6258,65.0,18.0,0.0,18.0,e7,Cy-BippyPhos,nE,0.06477068053323384
6259,65.0,19.0,0.0,19.0,e10,PCy3 HBF4,nF,0.5031493938885278
6260,65.0,20.0,0.0,20.0,e1,CgMe-PPh,nF,0.16030992191406224
6261,65.0,21.0,0.0,21.0,e2,PPh3,nI,0.5983316480220364
6262,65.0,22.0,0.0,22.0,e4,X-Phos,nA,0.026820456479429548
6263,65.0,23.0,0.0,23.0,e2,PnBu3 HBF4,nC,0.6344642168342858
6264,65.0,24.0,0.0,24.0,e9,PPh2Me,nF,0.31363771031122095
6265,65.0,25.0,0.0,25.0,e7,PPhtBu2,nC,0.30473655831052726
6266,65.0,26.0,0.0,26.0,e3,BrettPhos,nF,0.00688372893582114
6267,65.0,27.0,0.0,27.0,e3,MeO-KITPHOS,nB,0.16832752828316924
6268,65.0,28.0,0.0,28.0,e4,CX-PICy,nC,0.6506137028615483
6269,65.0,29.0,0.0,29.0,e1,JackiePhos,nI,0.23164589492729465
6270,65.0,30.0,0.0,30.0,e4,PnBu3 HBF4,nE,0.0
6271,65.0,31.0,0.0,31.0,e9,CX-FBu,nA,0.026568437497950775
6272,65.0,32.0,0.0,32.0,e10,PPh3,nD,0.9785597434506366
6273,65.0,33.0,0.0,33.0,e5,tBPh-CPhos,nG,0.3364545940088557
6274,65.0,34.0,0.0,34.0,e1,PCy3 HBF4,nI,0.04512889597205454
6275,65.0,35.0,0.0,35.0,e7,Cy-vBRIDP,nF,0.47929870017773896
6276,65.0,36.0,0.0,36.0,e7,Et-PhenCar-Phos,nD,1.0
6277,65.0,37.0,0.0,37.0,e3,P(fur)3,nA,0.16816044846520725
6278,65.0,38.0,0.0,38.0,e3,P(o-Anis)3,nB,0.08812842587343037
6279,65.0,39.0,0.0,39.0,e3,PPh3,nA,0.08557652021695743
6280,65.0,40.0,0.0,40.0,e2,Ph-PhenCar-Phos,nD,0.16891370076688705
6281,65.0,41.0,0.0,41.0,e1,"P(3,5-CF3-Ph)3",nF,0.0
6282,65.0,42.0,0.0,42.0,e3,CgMe-PPh,nE,0.13080909557688172
6283,65.0,43.0,0.0,43.0,e2,CX-PICy,nB,0.019159777876378164
6284,65.0,44.0,0.0,44.0,e10,Et-PhenCar-Phos,nD,0.9813444766852435
6285,65.0,45.0,0.0,45.0,e10,Cy-DavePhos,nA,0.6290037488957982
6286,65.0,46.0,0.0,46.0,e2,Cy-BippyPhos,nC,0.565819186487617
6287,65.0,47.0,0.0,47.0,e7,PPh2Me,nB,0.022176359893621114
6288,65.0,48.0,0.0,48.0,e5,PPhtBu2,nE,0.26560222932504995
6289,65.0,49.0,0.0,49.0,e4,X-Phos,nB,0.0
6290,65.0,50.0,0.0,50.0,e5,A-caPhos,nB,0.05123964518257458
6291,65.0,51.0,0.0,51.0,e2,Kwong,nE,0.15385645810893028
6292,65.0,52.0,0.0,52.0,e4,PPhMe2,nG,0.0
6293,65.0,53.0,0.0,53.0,e9,Et-PhenCar-Phos,nD,0.6763905107050712
6294,65.0,54.0,0.0,54.0,e1,MeO-KITPHOS,nE,0.04671760971453625
6295,65.0,55.0,0.0,55.0,e7,Cy-vBRIDP,nD,0.5488733534623731
6296,65.0,56.0,0.0,56.0,e1,tBPh-CPhos,nD,0.47671112549978
6297,65.0,57.0,0.0,57.0,e7,BrettPhos,nB,0.006706537467230552
6298,65.0,58.0,0.0,58.0,e5,JackiePhos,nB,0.3749398944667019
6299,65.0,59.0,0.0,59.0,e5,Cy-DavePhos,nD,0.7566333942731113
6300,65.0,60.0,0.0,60.0,e7,Et-PhenCar-Phos,nE,0.05718031328307803
6301,65.0,61.0,0.0,61.0,e1,CX-FBu,nG,0.0
6302,65.0,62.0,0.0,62.0,e1,PnBu3 HBF4,nE,0.0
6303,65.0,63.0,0.0,63.0,e2,Cy-BippyPhos,nG,0.21398062661899547
6304,65.0,64.0,0.0,64.0,e1,PPh3,nI,0.04621439454240948
6305,65.0,65.0,0.0,65.0,e3,PCy3 HBF4,nC,0.5344164665084931
6306,65.0,66.0,0.0,66.0,e10,P(fur)3,nC,0.7314440607369128
6307,65.0,67.0,0.0,67.0,e3,Cy-vBRIDP,nF,0.7389650558356956
6308,65.0,68.0,0.0,68.0,e9,PPhtBu2,nD,0.2526686520906297
6309,65.0,69.0,0.0,69.0,e3,CX-PICy,nF,0.6497944840300122
6310,65.0,70.0,0.0,70.0,e2,Cy-DavePhos,nD,0.8600984767103315
6311,65.0,71.0,0.0,71.0,e1,tBPh-CPhos,nB,0.13846077071822055
6312,65.0,72.0,0.0,72.0,e4,Cy-DavePhos,nI,0.09721557254928792
6313,65.0,73.0,0.0,73.0,e7,Ph-PhenCar-Phos,nI,0.1595207097498683
6314,65.0,74.0,0.0,74.0,e3,PPh2Me,nB,0.018469886419135415
6315,65.0,75.0,0.0,75.0,e2,P(fur)3,nC,0.531364471158177
6316,65.0,76.0,0.0,76.0,e9,JackiePhos,nD,0.6112600941230104
6317,65.0,77.0,0.0,77.0,e1,P(o-Anis)3,nG,0.06451864020112658
6318,65.0,78.0,0.0,78.0,e2,Cy-vBRIDP,nB,0.3426954282220505
6319,65.0,79.0,0.0,79.0,e5,CgMe-PPh,nA,0.19841952843225769
6320,65.0,80.0,0.0,80.0,e10,CX-PICy,nF,0.8753267029656862
6321,65.0,81.0,0.0,81.0,e2,Et-PhenCar-Phos,nD,0.9214853157259724
6322,65.0,82.0,0.0,82.0,e9,PCy3 HBF4,nI,0.5233205929895026
6323,65.0,83.0,0.0,83.0,e7,MeO-KITPHOS,nI,0.21783562748931537
6324,65.0,84.0,0.0,84.0,e9,"P(3,5-CF3-Ph)3",nE,0.0796317150343979
6325,65.0,85.0,0.0,85.0,e3,Et-PhenCar-Phos,nI,0.2910836416236313
6326,65.0,86.0,0.0,86.0,e5,CX-PICy,nG,0.35909736921031543
6327,65.0,87.0,0.0,87.0,e9,Kwong,nD,0.7637773250800808
6328,65.0,88.0,0.0,88.0,e10,JackiePhos,nG,0.19943476808224297
6329,65.0,89.0,0.0,89.0,e3,Kwong,nG,0.6379955567259125
6330,65.0,90.0,0.0,90.0,e5,BrettPhos,nD,0.6392781029757402
6331,65.0,91.0,0.0,91.0,e5,P(fur)3,nA,0.7422450479697658
6332,65.0,92.0,0.0,92.0,e1,A-caPhos,nE,0.03499297317844621
6333,65.0,93.0,0.0,93.0,e1,PPhtBu2,nD,0.03363179088885197
6334,65.0,94.0,0.0,94.0,e5,Cy-BippyPhos,nA,0.7454640568896914
6335,65.0,95.0,0.0,95.0,e2,X-Phos,nA,0.7289375568068931
6336,66.0,0.0,0.0,0.0,e3,A-caPhos,nI,0.251402716237195
6337,66.0,1.0,0.0,1.0,e5,BrettPhos,nF,0.4540939165916511
6338,66.0,2.0,0.0,2.0,e2,CX-FBu,nC,0.0
6339,66.0,3.0,0.0,3.0,e1,CX-PICy,nA,0.5817574646717254
6340,66.0,4.0,0.0,4.0,e10,Cy-DavePhos,nA,0.6290037488957982
6341,66.0,5.0,0.0,5.0,e2,Cy-vBRIDP,nC,0.591401678089823
6342,66.0,6.0,0.0,6.0,e5,Kwong,nE,0.16336084003327056
6343,66.0,7.0,0.0,7.0,e2,MeO-KITPHOS,nF,0.6735229847545438
6344,66.0,8.0,0.0,8.0,e3,P(o-Anis)3,nD,0.017049023134240643
6345,66.0,9.0,0.0,9.0,e4,Et-PhenCar-Phos,nA,0.02363360610342534
6346,66.0,10.0,0.0,10.0,e9,JackiePhos,nB,0.12673454703525938
6347,66.0,11.0,0.0,11.0,e4,"P(3,5-CF3-Ph)3",nI,0.07226229178364636
6348,66.0,12.0,0.0,12.0,e4,P(fur)3,nG,0.003303003899865808
6349,66.0,13.0,0.0,13.0,e3,Ph-PhenCar-Phos,nC,0.4884283173094792
6350,66.0,14.0,0.0,14.0,e4,PPh2Me,nB,0.0
6351,66.0,15.0,0.0,15.0,e2,PPhtBu2,nE,0.2141985283033928
6352,66.0,16.0,0.0,16.0,e9,tBPh-CPhos,nB,0.15300473080796315
6353,66.0,17.0,0.0,17.0,e2,PPhMe2,nB,0.34830416803640063
6354,66.0,18.0,0.0,18.0,e10,Cy-BippyPhos,nB,0.44442545396979233
6355,66.0,19.0,0.0,19.0,e4,PCy3 HBF4,nF,0.1806752523043707
6356,66.0,20.0,0.0,20.0,e2,CgMe-PPh,nE,0.14444129012752938
6357,66.0,21.0,0.0,21.0,e2,PPh3,nG,0.1371811438806168
6358,66.0,22.0,0.0,22.0,e2,X-Phos,nD,0.810292693921554
6359,66.0,23.0,0.0,23.0,e2,PnBu3 HBF4,nC,0.6344642168342858
6360,66.0,24.0,0.0,24.0,e9,X-Phos,nG,0.4940245596014306
6361,66.0,25.0,0.0,25.0,e9,MeO-KITPHOS,nA,0.3102142356694695
6362,66.0,26.0,0.0,26.0,e10,PnBu3 HBF4,nE,0.04185113905030638
6363,66.0,27.0,0.0,27.0,e1,Cy-DavePhos,nE,0.04088521449674735
6364,66.0,28.0,0.0,28.0,e5,Cy-vBRIDP,nC,0.6808973298430087
6365,66.0,29.0,0.0,29.0,e5,CX-PICy,nC,0.7219644854632059
6366,66.0,30.0,0.0,30.0,e4,Ph-PhenCar-Phos,nB,0.004535315989053302
6367,66.0,31.0,0.0,31.0,e3,BrettPhos,nC,0.13197723746779189
6368,66.0,32.0,0.0,32.0,e9,Cy-BippyPhos,nF,0.9242970629259212
6369,66.0,33.0,0.0,33.0,e4,PPhMe2,nE,0.0
6370,66.0,34.0,0.0,34.0,e10,A-caPhos,nD,1.0
6371,66.0,35.0,0.0,35.0,e5,PPhtBu2,nB,0.26686542642109434
6372,66.0,36.0,0.0,36.0,e2,PCy3 HBF4,nI,0.23165741554044078
6373,66.0,37.0,0.0,37.0,e7,Kwong,nF,0.19003296934826672
6374,66.0,38.0,0.0,38.0,e5,tBPh-CPhos,nI,0.8432755599410124
6375,66.0,39.0,0.0,39.0,e2,CgMe-PPh,nA,0.6670880102879697
6376,66.0,40.0,0.0,40.0,e10,PPh3,nI,0.6602505435133692
6377,66.0,41.0,0.0,41.0,e1,JackiePhos,nI,0.23164589492729465
6378,66.0,42.0,0.0,42.0,e9,Cy-BippyPhos,nC,0.4093298004131833
6379,66.0,43.0,0.0,43.0,e4,"P(3,5-CF3-Ph)3",nG,0.02206633089938497
6380,66.0,44.0,0.0,44.0,e2,X-Phos,nA,0.7289375568068931
6381,66.0,45.0,0.0,45.0,e10,CX-PICy,nF,0.8753267029656862
6382,66.0,46.0,0.0,46.0,e5,Cy-vBRIDP,nD,0.7161030534920702
6383,66.0,47.0,0.0,47.0,e7,A-caPhos,nC,0.6204517712369704
6384,66.0,48.0,0.0,48.0,e9,Et-PhenCar-Phos,nA,0.4931113401041398
6385,66.0,49.0,0.0,49.0,e2,P(o-Anis)3,nA,0.25800548866225337
6386,66.0,50.0,0.0,50.0,e5,P(fur)3,nC,0.706763204366684
6387,66.0,51.0,0.0,51.0,e5,CX-FBu,nC,0.07791633633204394
6388,66.0,52.0,0.0,52.0,e9,PPh2Me,nF,0.31363771031122095
6389,66.0,53.0,0.0,53.0,e2,tBPh-CPhos,nA,0.8502272930334943
6390,66.0,54.0,0.0,54.0,e1,MeO-KITPHOS,nI,0.08070327614437922
6391,66.0,55.0,0.0,55.0,e5,CX-PICy,nI,0.7387768863355436
6392,66.0,56.0,0.0,56.0,e4,X-Phos,nG,0.014305219597103146
6393,66.0,57.0,0.0,57.0,e2,CgMe-PPh,nF,0.42403845111744487
6394,66.0,58.0,0.0,58.0,e4,Cy-vBRIDP,nB,0.0
6395,66.0,59.0,0.0,59.0,e3,PPh3,nF,0.7331009521150271
6396,66.0,60.0,0.0,60.0,e10,A-caPhos,nB,0.05297439210885078
6397,66.0,61.0,0.0,61.0,e4,tBPh-CPhos,nB,0.008677035710621023
6398,66.0,62.0,0.0,62.0,e10,P(fur)3,nB,0.29107612738736705
6399,66.0,63.0,0.0,63.0,e4,PnBu3 HBF4,nD,0.037089716289498115
6400,66.0,64.0,0.0,64.0,e7,Cy-DavePhos,nG,0.22461200392146816
6401,66.0,65.0,0.0,65.0,e10,Cy-BippyPhos,nC,0.6737699231822453
6402,66.0,66.0,0.0,66.0,e5,CX-PICy,nB,0.25414471887183276
6403,66.0,67.0,0.0,67.0,e10,BrettPhos,nF,0.391560381174903
6404,66.0,68.0,0.0,68.0,e5,Et-PhenCar-Phos,nC,0.7420550241578128
6405,66.0,69.0,0.0,69.0,e5,PPh3,nF,0.459106585899356
6406,66.0,70.0,0.0,70.0,e2,Ph-PhenCar-Phos,nE,0.002935248313701339
6407,66.0,71.0,0.0,71.0,e9,PPhtBu2,nC,0.22719482142551736
6408,66.0,72.0,0.0,72.0,e5,PCy3 HBF4,nE,0.04434804632877687
6409,66.0,73.0,0.0,73.0,e1,Cy-BippyPhos,nF,0.042463401107959806
6410,66.0,74.0,0.0,74.0,e10,JackiePhos,nG,0.19943476808224297
6411,66.0,75.0,0.0,75.0,e10,Kwong,nB,0.3444954378360332
6412,66.0,76.0,0.0,76.0,e3,PPhMe2,nC,0.45752334695304314
6413,66.0,77.0,0.0,77.0,e4,Et-PhenCar-Phos,nI,0.02371214570587278
6414,66.0,78.0,0.0,78.0,e4,PPh2Me,nD,0.017873792875666726
6415,66.0,79.0,0.0,79.0,e4,CgMe-PPh,nA,0.05836143390317885
6416,66.0,80.0,0.0,80.0,e1,P(o-Anis)3,nC,0.2646743135782516
6417,66.0,81.0,0.0,81.0,e1,CX-PICy,nB,0.158428631262488
6418,66.0,82.0,0.0,82.0,e7,X-Phos,nB,0.24145251337028
6419,66.0,83.0,0.0,83.0,e2,MeO-KITPHOS,nD,0.8301285778461426
6420,66.0,84.0,0.0,84.0,e3,PPh3,nD,0.558051966163369
6421,66.0,85.0,0.0,85.0,e7,Cy-vBRIDP,nB,0.18834091750393028
6422,66.0,86.0,0.0,86.0,e4,P(fur)3,nC,0.5121985356201784
6423,66.0,87.0,0.0,87.0,e5,A-caPhos,nC,0.7479428186239185
6424,66.0,88.0,0.0,88.0,e4,BrettPhos,nG,0.0
6425,66.0,89.0,0.0,89.0,e9,MeO-KITPHOS,nE,0.1247527709304835
6426,66.0,90.0,0.0,90.0,e9,tBPh-CPhos,nC,0.363549380851319
6427,66.0,91.0,0.0,91.0,e9,"P(3,5-CF3-Ph)3",nF,0.3243416897405247
6428,66.0,92.0,0.0,92.0,e3,CX-FBu,nE,0.0
6429,66.0,93.0,0.0,93.0,e9,Cy-DavePhos,nE,0.11425610500152658
6430,66.0,94.0,0.0,94.0,e3,A-caPhos,nF,0.7082011417231325
6431,66.0,95.0,0.0,95.0,e7,PPhMe2,nI,0.12447799772050785
6432,67.0,0.0,0.0,0.0,e10,A-caPhos,nI,0.4049690202102659
6433,67.0,1.0,0.0,1.0,e2,BrettPhos,nF,0.3409853317756659
6434,67.0,2.0,0.0,2.0,e5,CX-FBu,nA,0.036929391233255865
6435,67.0,3.0,0.0,3.0,e9,CX-PICy,nB,0.017548782295091724
6436,67.0,4.0,0.0,4.0,e2,Cy-DavePhos,nI,0.6644450399368388
6437,67.0,5.0,0.0,5.0,e5,Cy-vBRIDP,nF,0.0
6438,67.0,6.0,0.0,6.0,e4,Kwong,nD,0.07279928824098204
6439,67.0,7.0,0.0,7.0,e1,MeO-KITPHOS,nG,0.05772455406029879
6440,67.0,8.0,0.0,8.0,e5,P(o-Anis)3,nC,0.2597060555559565
6441,67.0,9.0,0.0,9.0,e5,Et-PhenCar-Phos,nF,0.9721268742833418
6442,67.0,10.0,0.0,10.0,e4,JackiePhos,nI,0.0
6443,67.0,11.0,0.0,11.0,e2,"P(3,5-CF3-Ph)3",nA,0.7596387385382168
6444,67.0,12.0,0.0,12.0,e7,P(fur)3,nF,0.003960698397596189
6445,67.0,13.0,0.0,13.0,e5,Ph-PhenCar-Phos,nB,0.007649551127788808
6446,67.0,14.0,0.0,14.0,e3,PPh2Me,nI,0.0
6447,67.0,15.0,0.0,15.0,e9,PPhtBu2,nI,0.6362211015918549
6448,67.0,16.0,0.0,16.0,e7,tBPh-CPhos,nF,0.04219969859241317
6449,67.0,17.0,0.0,17.0,e5,PPhMe2,nF,0.0
6450,67.0,18.0,0.0,18.0,e10,Cy-BippyPhos,nB,0.44442545396979233
6451,67.0,19.0,0.0,19.0,e3,PCy3 HBF4,nB,0.006581360557928457
6452,67.0,20.0,0.0,20.0,e5,CgMe-PPh,nD,0.8391860239024482
6453,67.0,21.0,0.0,21.0,e4,PPh3,nA,0.08894444044781374
6454,67.0,22.0,0.0,22.0,e1,X-Phos,nD,0.11103234490926704
6455,67.0,23.0,0.0,23.0,e5,PnBu3 HBF4,nF,0.10989187551048998
6456,67.0,24.0,0.0,24.0,e4,Et-PhenCar-Phos,nG,0.0029966288441688137
6457,67.0,25.0,0.0,25.0,e10,CgMe-PPh,nA,0.1556727410455523
6458,67.0,26.0,0.0,26.0,e10,"P(3,5-CF3-Ph)3",nI,0.941711710784077
6459,67.0,27.0,0.0,27.0,e10,Cy-DavePhos,nD,0.9577552674723959
6460,67.0,28.0,0.0,28.0,e4,PPhtBu2,nC,0.0
6461,67.0,29.0,0.0,29.0,e10,Cy-BippyPhos,nD,1.0
6462,67.0,30.0,0.0,30.0,e10,A-caPhos,nA,0.2597050084922578
6463,67.0,31.0,0.0,31.0,e4,BrettPhos,nG,0.0
6464,67.0,32.0,0.0,32.0,e2,"P(3,5-CF3-Ph)3",nG,0.292311804161314
6465,67.0,33.0,0.0,33.0,e5,P(o-Anis)3,nB,0.08805288524342034
6466,67.0,34.0,0.0,34.0,e3,Cy-DavePhos,nD,0.6446826086450984
6467,67.0,35.0,0.0,35.0,e2,Cy-BippyPhos,nD,0.899766462439471
6468,67.0,36.0,0.0,36.0,e5,X-Phos,nE,0.10922716180611192
6469,67.0,37.0,0.0,37.0,e2,PnBu3 HBF4,nB,0.04474124971849085
6470,67.0,38.0,0.0,38.0,e2,PPh3,nA,0.008904947561475468
6471,67.0,39.0,0.0,39.0,e3,Kwong,nI,0.27368874204771254
6472,67.0,40.0,0.0,40.0,e5,MeO-KITPHOS,nG,0.5037716636607265
6473,67.0,41.0,0.0,41.0,e7,tBPh-CPhos,nC,0.6575510344081796
6474,67.0,42.0,0.0,42.0,e2,CX-FBu,nI,0.26811246651325454
6475,67.0,43.0,0.0,43.0,e7,CX-PICy,nB,0.23030477566313212
6476,67.0,44.0,0.0,44.0,e7,Ph-PhenCar-Phos,nF,0.17977391419077005
6477,67.0,45.0,0.0,45.0,e10,PCy3 HBF4,nA,0.06858302437999264
6478,67.0,46.0,0.0,46.0,e7,P(fur)3,nA,0.15917780258602543
6479,67.0,47.0,0.0,47.0,e10,Cy-vBRIDP,nG,0.3608953345580712
6480,67.0,48.0,0.0,48.0,e1,JackiePhos,nI,0.23164589492729465
6481,67.0,49.0,0.0,49.0,e2,PPh2Me,nA,0.027726601641446406
6482,67.0,50.0,0.0,50.0,e7,PPhMe2,nG,0.0
6483,67.0,51.0,0.0,51.0,e10,Cy-BippyPhos,nI,0.8194571896084138
6484,67.0,52.0,0.0,52.0,e9,CgMe-PPh,nF,1.0
6485,67.0,53.0,0.0,53.0,e9,Cy-DavePhos,nF,0.869939977523386
6486,67.0,54.0,0.0,54.0,e3,Et-PhenCar-Phos,nF,0.7168147526183698
6487,67.0,55.0,0.0,55.0,e1,CgMe-PPh,nD,0.47486974841558166
6488,67.0,56.0,0.0,56.0,e3,"P(3,5-CF3-Ph)3",nG,0.13026635301464337
6489,67.0,57.0,0.0,57.0,e4,Cy-BippyPhos,nC,0.45425693534735095
6490,67.0,58.0,0.0,58.0,e10,Cy-DavePhos,nG,0.3684434306199855
6491,67.0,59.0,0.0,59.0,e10,tBPh-CPhos,nD,1.0
6492,67.0,60.0,0.0,60.0,e2,A-caPhos,nG,0.08718212432149915
6493,67.0,61.0,0.0,61.0,e2,PPhtBu2,nI,0.6066938793729448
6494,67.0,62.0,0.0,62.0,e2,tBPh-CPhos,nB,0.3113430630612205
6495,67.0,63.0,0.0,63.0,e1,Et-PhenCar-Phos,nE,0.038240826794146296
6496,67.0,64.0,0.0,64.0,e3,MeO-KITPHOS,nE,0.10167919655151128
6497,67.0,65.0,0.0,65.0,e10,Cy-BippyPhos,nG,0.2525135394449507
6498,67.0,66.0,0.0,66.0,e1,CgMe-PPh,nG,0.16657970973424252
6499,67.0,67.0,0.0,67.0,e1,Cy-DavePhos,nI,0.007578802183845745
6500,67.0,68.0,0.0,68.0,e7,Cy-vBRIDP,nI,0.27806549204654124
6501,67.0,69.0,0.0,69.0,e7,P(o-Anis)3,nB,0.09494681712924612
6502,67.0,70.0,0.0,70.0,e7,Kwong,nG,0.1256424423170876
6503,67.0,71.0,0.0,71.0,e3,BrettPhos,nB,0.0
6504,67.0,72.0,0.0,72.0,e10,PPhtBu2,nG,0.2854037571220982
6505,67.0,73.0,0.0,73.0,e9,CX-FBu,nC,0.07578393225824319
6506,67.0,74.0,0.0,74.0,e10,CX-PICy,nI,0.8294011628993512
6507,67.0,75.0,0.0,75.0,e1,"P(3,5-CF3-Ph)3",nI,0.05907258173862887
6508,67.0,76.0,0.0,76.0,e2,JackiePhos,nF,0.547298687249777
6509,67.0,77.0,0.0,77.0,e3,X-Phos,nG,0.7317723957408664
6510,67.0,78.0,0.0,78.0,e4,CX-PICy,nI,0.049131110362350565
6511,67.0,79.0,0.0,79.0,e10,Ph-PhenCar-Phos,nD,0.19450431269643761
6512,67.0,80.0,0.0,80.0,e1,tBPh-CPhos,nG,0.12674104413371357
6513,67.0,81.0,0.0,81.0,e5,P(fur)3,nA,0.7422450479697658
6514,67.0,82.0,0.0,82.0,e1,PnBu3 HBF4,nE,0.0
6515,67.0,83.0,0.0,83.0,e9,X-Phos,nD,0.745297985783962
6516,67.0,84.0,0.0,84.0,e5,PPh3,nF,0.459106585899356
6517,67.0,85.0,0.0,85.0,e3,Cy-BippyPhos,nD,0.7257486948775891
6518,67.0,86.0,0.0,86.0,e4,P(fur)3,nF,0.07182384377127193
6519,67.0,87.0,0.0,87.0,e10,PCy3 HBF4,nD,0.5416797206056861
6520,67.0,88.0,0.0,88.0,e9,Et-PhenCar-Phos,nF,0.7233050105292524
6521,67.0,89.0,0.0,89.0,e3,PPh2Me,nB,0.018469886419135415
6522,67.0,90.0,0.0,90.0,e10,X-Phos,nB,0.3561245065772018
6523,67.0,91.0,0.0,91.0,e1,CgMe-PPh,nA,0.6945948510850428
6524,67.0,92.0,0.0,92.0,e9,JackiePhos,nI,0.7924680013442614
6525,67.0,93.0,0.0,93.0,e2,PPhMe2,nE,0.206575885338896
6526,67.0,94.0,0.0,94.0,e7,Cy-BippyPhos,nA,0.5454537179950174
6527,67.0,95.0,0.0,95.0,e2,A-caPhos,nA,0.007619382274939298
6528,68.0,0.0,0.0,0.0,e3,A-caPhos,nI,0.251402716237195
6529,68.0,1.0,0.0,1.0,e10,BrettPhos,nI,0.1572445220332629
6530,68.0,2.0,0.0,2.0,e7,CX-FBu,nE,0.001217827266805761
6531,68.0,3.0,0.0,3.0,e5,CX-PICy,nD,0.7367636173787823
6532,68.0,4.0,0.0,4.0,e1,Cy-DavePhos,nI,0.007578802183845745
6533,68.0,5.0,0.0,5.0,e10,Cy-vBRIDP,nA,0.6642431458921436
6534,68.0,6.0,0.0,6.0,e10,Kwong,nB,0.3444954378360332
6535,68.0,7.0,0.0,7.0,e2,MeO-KITPHOS,nG,0.2917340042609233
6536,68.0,8.0,0.0,8.0,e2,P(o-Anis)3,nD,0.4223619633611157
6537,68.0,9.0,0.0,9.0,e5,Et-PhenCar-Phos,nC,0.7420550241578128
6538,68.0,10.0,0.0,10.0,e1,JackiePhos,nC,0.10916790305363006
6539,68.0,11.0,0.0,11.0,e5,"P(3,5-CF3-Ph)3",nE,0.16245071334673533
6540,68.0,12.0,0.0,12.0,e1,P(fur)3,nF,0.0
6541,68.0,13.0,0.0,13.0,e5,Ph-PhenCar-Phos,nF,0.09156197264058712
6542,68.0,14.0,0.0,14.0,e7,PPh2Me,nF,0.03319774188221985
6543,68.0,15.0,0.0,15.0,e5,PPhtBu2,nC,0.7698254349858591
6544,68.0,16.0,0.0,16.0,e9,tBPh-CPhos,nA,0.5070576131604569
6545,68.0,17.0,0.0,17.0,e2,PPhMe2,nI,0.5671887226956333
6546,68.0,18.0,0.0,18.0,e9,Cy-BippyPhos,nF,0.9242970629259212
6547,68.0,19.0,0.0,19.0,e1,PCy3 HBF4,nB,0.04339996600929039
6548,68.0,20.0,0.0,20.0,e9,CgMe-PPh,nB,0.16201116259216772
6549,68.0,21.0,0.0,21.0,e9,PPh3,nF,0.6925620811975002
6550,68.0,22.0,0.0,22.0,e10,X-Phos,nB,0.3561245065772018
6551,68.0,23.0,0.0,23.0,e10,PnBu3 HBF4,nD,1.0
6552,68.0,24.0,0.0,24.0,e5,PnBu3 HBF4,nF,0.10989187551048998
6553,68.0,25.0,0.0,25.0,e1,Cy-BippyPhos,nC,0.12530079881726516
6554,68.0,26.0,0.0,26.0,e7,PPhtBu2,nI,0.035471536543272855
6555,68.0,27.0,0.0,27.0,e3,Et-PhenCar-Phos,nE,0.16222416431861286
6556,68.0,28.0,0.0,28.0,e2,CX-PICy,nA,0.6627082272144782
6557,68.0,29.0,0.0,29.0,e5,PPh3,nD,0.7503383283607225
6558,68.0,30.0,0.0,30.0,e2,Cy-vBRIDP,nF,0.6290075171930294
6559,68.0,31.0,0.0,31.0,e7,PPhMe2,nI,0.12447799772050785
6560,68.0,32.0,0.0,32.0,e9,tBPh-CPhos,nE,0.2128966624664455
6561,68.0,33.0,0.0,33.0,e9,P(o-Anis)3,nG,0.16952591679227183
6562,68.0,34.0,0.0,34.0,e3,X-Phos,nD,0.6499890415739124
6563,68.0,35.0,0.0,35.0,e4,Kwong,nD,0.07279928824098204
6564,68.0,36.0,0.0,36.0,e2,MeO-KITPHOS,nI,0.6167813320248422
6565,68.0,37.0,0.0,37.0,e5,A-caPhos,nF,0.19177908780741595
6566,68.0,38.0,0.0,38.0,e2,"P(3,5-CF3-Ph)3",nC,0.5485762544154528
6567,68.0,39.0,0.0,39.0,e5,CgMe-PPh,nC,0.7463019251283864
6568,68.0,40.0,0.0,40.0,e5,BrettPhos,nC,0.08695624388826621
6569,68.0,41.0,0.0,41.0,e4,PPh3,nE,0.0
6570,68.0,42.0,0.0,42.0,e2,CX-PICy,nG,0.12786508394705637
6571,68.0,43.0,0.0,43.0,e5,JackiePhos,nD,0.7857626907983566
6572,68.0,44.0,0.0,44.0,e9,Ph-PhenCar-Phos,nI,0.46896060545395385
6573,68.0,45.0,0.0,45.0,e2,Cy-vBRIDP,nI,0.6880605476764962
6574,68.0,46.0,0.0,46.0,e1,PCy3 HBF4,nC,0.12548596697694442
6575,68.0,47.0,0.0,47.0,e10,PPh2Me,nB,0.020868406358790646
6576,68.0,48.0,0.0,48.0,e10,Cy-DavePhos,nE,0.14634029717947056
6577,68.0,49.0,0.0,49.0,e9,CX-FBu,nI,0.03414362913763253
6578,68.0,50.0,0.0,50.0,e5,P(fur)3,nB,0.1834224346309997
6579,68.0,51.0,0.0,51.0,e10,PnBu3 HBF4,nA,0.145126946063475
6580,68.0,52.0,0.0,52.0,e10,Cy-BippyPhos,nA,0.7528860791443422
6581,68.0,53.0,0.0,53.0,e1,X-Phos,nA,0.8789499411781446
6582,68.0,54.0,0.0,54.0,e7,MeO-KITPHOS,nE,0.012124358784725389
6583,68.0,55.0,0.0,55.0,e1,CgMe-PPh,nB,0.12558127711891434
6584,68.0,56.0,0.0,56.0,e10,Et-PhenCar-Phos,nB,0.46335999806419
6585,68.0,57.0,0.0,57.0,e9,JackiePhos,nF,0.9465936072978836
6586,68.0,58.0,0.0,58.0,e5,PPhtBu2,nE,0.26560222932504995
6587,68.0,59.0,0.0,59.0,e3,Cy-vBRIDP,nB,0.1817917229188569
6588,68.0,60.0,0.0,60.0,e3,X-Phos,nG,0.7317723957408664
6589,68.0,61.0,0.0,61.0,e10,tBPh-CPhos,nD,1.0
6590,68.0,62.0,0.0,62.0,e10,"P(3,5-CF3-Ph)3",nI,0.941711710784077
6591,68.0,63.0,0.0,63.0,e9,JackiePhos,nE,0.1414633901753113
6592,68.0,64.0,0.0,64.0,e5,PPhMe2,nE,0.2586811210145722
6593,68.0,65.0,0.0,65.0,e9,Cy-BippyPhos,nE,0.1706050823301135
6594,68.0,66.0,0.0,66.0,e3,tBPh-CPhos,nB,0.2201396278511609
6595,68.0,67.0,0.0,67.0,e3,P(o-Anis)3,nG,0.21909794334000537
6596,68.0,68.0,0.0,68.0,e1,"P(3,5-CF3-Ph)3",nC,0.0
6597,68.0,69.0,0.0,69.0,e1,Ph-PhenCar-Phos,nI,0.08752687001474006
6598,68.0,70.0,0.0,70.0,e3,CX-PICy,nD,0.6575942693885647
6599,68.0,71.0,0.0,71.0,e4,X-Phos,nG,0.014305219597103146
6600,68.0,72.0,0.0,72.0,e5,A-caPhos,nA,0.2812843970957228
6601,68.0,73.0,0.0,73.0,e3,PPh3,nC,0.5766867841866626
6602,68.0,74.0,0.0,74.0,e9,Kwong,nG,0.48310327993375796
6603,68.0,75.0,0.0,75.0,e2,Et-PhenCar-Phos,nF,0.516942514891109
6604,68.0,76.0,0.0,76.0,e2,PnBu3 HBF4,nI,0.3422463973419018
6605,68.0,77.0,0.0,77.0,e1,CX-PICy,nD,0.26178759539722174
6606,68.0,78.0,0.0,78.0,e1,Cy-vBRIDP,nI,0.10345030861489754
6607,68.0,79.0,0.0,79.0,e9,BrettPhos,nB,0.015005675905422431
6608,68.0,80.0,0.0,80.0,e7,PPhtBu2,nA,0.22643925135847556
6609,68.0,81.0,0.0,81.0,e4,P(fur)3,nG,0.003303003899865808
6610,68.0,82.0,0.0,82.0,e1,PPh3,nC,0.1159616122174597
6611,68.0,83.0,0.0,83.0,e7,CgMe-PPh,nB,0.11466820021189443
6612,68.0,84.0,0.0,84.0,e7,PCy3 HBF4,nD,0.14803355669666612
6613,68.0,85.0,0.0,85.0,e5,JackiePhos,nC,0.6733815385706186
6614,68.0,86.0,0.0,86.0,e9,Cy-BippyPhos,nA,0.5551684100530536
6615,68.0,87.0,0.0,87.0,e1,Cy-DavePhos,nG,0.10033053889692384
6616,68.0,88.0,0.0,88.0,e7,tBPh-CPhos,nA,0.42655708759840044
6617,68.0,89.0,0.0,89.0,e3,PPhMe2,nF,0.8232012369865152
6618,68.0,90.0,0.0,90.0,e1,Et-PhenCar-Phos,nA,0.5211070217161989
6619,68.0,91.0,0.0,91.0,e1,MeO-KITPHOS,nA,0.198940849951651
6620,68.0,92.0,0.0,92.0,e10,Kwong,nI,0.44837347162573915
6621,68.0,93.0,0.0,93.0,e1,PPhMe2,nG,0.015753918769731767
6622,68.0,94.0,0.0,94.0,e7,PPh2Me,nA,0.2157458754143766
6623,68.0,95.0,0.0,95.0,e7,CX-FBu,nA,0.026781225321877523
6624,69.0,0.0,0.0,0.0,e3,A-caPhos,nF,0.7082011417231325
6625,69.0,1.0,0.0,1.0,e4,BrettPhos,nE,0.020587634820407864
6626,69.0,2.0,0.0,2.0,e10,CX-FBu,nG,0.07949868376012764
6627,69.0,3.0,0.0,3.0,e2,CX-PICy,nD,0.844934148288056
6628,69.0,4.0,0.0,4.0,e5,Cy-DavePhos,nB,0.24820523727080449
6629,69.0,5.0,0.0,5.0,e7,Cy-vBRIDP,nG,0.2559159577514194
6630,69.0,6.0,0.0,6.0,e5,Kwong,nI,0.605127225193205
6631,69.0,7.0,0.0,7.0,e3,MeO-KITPHOS,nF,0.6190014842829609
6632,69.0,8.0,0.0,8.0,e10,P(o-Anis)3,nG,0.07389015169587047
6633,69.0,9.0,0.0,9.0,e1,Et-PhenCar-Phos,nA,0.5211070217161989
6634,69.0,10.0,0.0,10.0,e10,JackiePhos,nC,0.7413507792095948
6635,69.0,11.0,0.0,11.0,e1,"P(3,5-CF3-Ph)3",nE,0.02574746723401784
6636,69.0,12.0,0.0,12.0,e10,P(fur)3,nB,0.29107612738736705
6637,69.0,13.0,0.0,13.0,e10,Ph-PhenCar-Phos,nA,0.4084319710624149
6638,69.0,14.0,0.0,14.0,e7,PPh2Me,nI,0.05866681747449082
6639,69.0,15.0,0.0,15.0,e7,PPhtBu2,nB,0.048302790354388385
6640,69.0,16.0,0.0,16.0,e4,tBPh-CPhos,nC,0.29898547506383855
6641,69.0,17.0,0.0,17.0,e7,PPhMe2,nG,0.0
6642,69.0,18.0,0.0,18.0,e2,Cy-BippyPhos,nE,0.15754944548975836
6643,69.0,19.0,0.0,19.0,e2,PCy3 HBF4,nA,0.001570789934535926
6644,69.0,20.0,0.0,20.0,e5,CgMe-PPh,nI,0.8762416176625111
6645,69.0,21.0,0.0,21.0,e10,PPh3,nA,0.17893078161194448
6646,69.0,22.0,0.0,22.0,e10,X-Phos,nB,0.3561245065772018
6647,69.0,23.0,0.0,23.0,e9,PnBu3 HBF4,nI,0.364306479041637
6648,69.0,24.0,0.0,24.0,e3,CgMe-PPh,nE,0.13080909557688172
6649,69.0,25.0,0.0,25.0,e3,CX-PICy,nA,0.3216556256640709
6650,69.0,26.0,0.0,26.0,e7,JackiePhos,nA,0.507068550436567
6651,69.0,27.0,0.0,27.0,e3,A-caPhos,nE,0.07288605180469757
6652,69.0,28.0,0.0,28.0,e5,MeO-KITPHOS,nI,0.7966198404456795
6653,69.0,29.0,0.0,29.0,e4,Kwong,nE,0.0
6654,69.0,30.0,0.0,30.0,e10,Et-PhenCar-Phos,nB,0.46335999806419
6655,69.0,31.0,0.0,31.0,e5,Ph-PhenCar-Phos,nD,0.05973892971813824
6656,69.0,32.0,0.0,32.0,e5,PnBu3 HBF4,nI,0.39796639204159534
6657,69.0,33.0,0.0,33.0,e3,X-Phos,nF,0.8295848550156448
6658,69.0,34.0,0.0,34.0,e4,tBPh-CPhos,nE,0.08334191795338486
6659,69.0,35.0,0.0,35.0,e1,P(fur)3,nI,0.0
6660,69.0,36.0,0.0,36.0,e4,Cy-vBRIDP,nC,0.20302461670836117
6661,69.0,37.0,0.0,37.0,e2,Cy-DavePhos,nG,0.27117001204677615
6662,69.0,38.0,0.0,38.0,e4,PPh3,nA,0.08894444044781374
6663,69.0,39.0,0.0,39.0,e2,Cy-BippyPhos,nB,0.3284195625331717
6664,69.0,40.0,0.0,40.0,e3,MeO-KITPHOS,nI,0.3078359504421801
6665,69.0,41.0,0.0,41.0,e1,CX-FBu,nD,0.04874487002483518
6666,69.0,42.0,0.0,42.0,e5,P(o-Anis)3,nA,0.20637391159055976
6667,69.0,43.0,0.0,43.0,e9,PPh2Me,nD,0.09858496056367311
6668,69.0,44.0,0.0,44.0,e2,PPhtBu2,nB,0.2956916574075555
6669,69.0,45.0,0.0,45.0,e7,JackiePhos,nF,0.01228824735837601
6670,69.0,46.0,0.0,46.0,e9,"P(3,5-CF3-Ph)3",nF,0.3243416897405247
6671,69.0,47.0,0.0,47.0,e9,BrettPhos,nD,0.116949762005874
6672,69.0,48.0,0.0,48.0,e7,X-Phos,nC,0.7699443054600407
6673,69.0,49.0,0.0,49.0,e2,PCy3 HBF4,nG,0.00663833998076357
6674,69.0,50.0,0.0,50.0,e1,PPhMe2,nE,0.005912635036959193
6675,69.0,51.0,0.0,51.0,e9,CX-PICy,nG,0.3105609528066332
6676,69.0,52.0,0.0,52.0,e1,CgMe-PPh,nE,0.1040741361267055
6677,69.0,53.0,0.0,53.0,e10,Et-PhenCar-Phos,nE,0.1423623971693994
6678,69.0,54.0,0.0,54.0,e9,X-Phos,nF,0.7946437444937127
6679,69.0,55.0,0.0,55.0,e10,A-caPhos,nG,0.030747624704373516
6680,69.0,56.0,0.0,56.0,e5,PnBu3 HBF4,nA,0.048714441027052635
6681,69.0,57.0,0.0,57.0,e2,MeO-KITPHOS,nG,0.2917340042609233
6682,69.0,58.0,0.0,58.0,e4,Kwong,nD,0.07279928824098204
6683,69.0,59.0,0.0,59.0,e2,X-Phos,nF,0.2803025402995705
6684,69.0,60.0,0.0,60.0,e4,Cy-DavePhos,nA,0.030639879401734644
6685,69.0,61.0,0.0,61.0,e3,Cy-BippyPhos,nI,0.4880124029547394
6686,69.0,62.0,0.0,62.0,e7,Ph-PhenCar-Phos,nD,0.1799508601397997
6687,69.0,63.0,0.0,63.0,e2,CX-PICy,nE,0.1112468268031635
6688,69.0,64.0,0.0,64.0,e2,Cy-vBRIDP,nG,0.27869962157058037
6689,69.0,65.0,0.0,65.0,e4,tBPh-CPhos,nD,0.08322824487277797
6690,69.0,66.0,0.0,66.0,e1,"P(3,5-CF3-Ph)3",nI,0.05907258173862887
6691,69.0,67.0,0.0,67.0,e7,PPhtBu2,nD,0.17084686391608417
6692,69.0,68.0,0.0,68.0,e4,JackiePhos,nB,0.0
6693,69.0,69.0,0.0,69.0,e7,P(fur)3,nC,0.4312782068921491
6694,69.0,70.0,0.0,70.0,e2,P(o-Anis)3,nD,0.4223619633611157
6695,69.0,71.0,0.0,71.0,e1,PPh3,nC,0.1159616122174597
6696,69.0,72.0,0.0,72.0,e5,Et-PhenCar-Phos,nG,0.4088272163752651
6697,69.0,73.0,0.0,73.0,e1,CgMe-PPh,nF,0.16030992191406224
6698,69.0,74.0,0.0,74.0,e7,MeO-KITPHOS,nG,0.11322968814633767
6699,69.0,75.0,0.0,75.0,e5,X-Phos,nB,0.22803797881095858
6700,69.0,76.0,0.0,76.0,e10,PPh2Me,nC,0.7635702486574847
6701,69.0,77.0,0.0,77.0,e1,BrettPhos,nD,0.04394938440180767
6702,69.0,78.0,0.0,78.0,e10,Cy-BippyPhos,nE,0.15176129512938982
6703,69.0,79.0,0.0,79.0,e4,CX-FBu,nE,0.0
6704,69.0,80.0,0.0,80.0,e3,PPh2Me,nC,0.4855178301327266
6705,69.0,81.0,0.0,81.0,e5,A-caPhos,nD,0.7956086691618747
6706,69.0,82.0,0.0,82.0,e3,PnBu3 HBF4,nD,0.43543108377583073
6707,69.0,83.0,0.0,83.0,e5,PCy3 HBF4,nE,0.04434804632877687
6708,69.0,84.0,0.0,84.0,e2,PPhMe2,nC,0.5688989155636163
6709,69.0,85.0,0.0,85.0,e5,A-caPhos,nB,0.05123964518257458
6710,69.0,86.0,0.0,86.0,e5,Cy-vBRIDP,nA,0.7556883724207524
6711,69.0,87.0,0.0,87.0,e1,CX-PICy,nG,0.10103394714922777
6712,69.0,88.0,0.0,88.0,e9,P(fur)3,nB,0.1017982533025562
6713,69.0,89.0,0.0,89.0,e4,P(o-Anis)3,nB,0.028651564710375093
6714,69.0,90.0,0.0,90.0,e7,Et-PhenCar-Phos,nD,1.0
6715,69.0,91.0,0.0,91.0,e1,Et-PhenCar-Phos,nF,0.09483902946857867
6716,69.0,92.0,0.0,92.0,e10,Kwong,nD,0.9695200020757685
6717,69.0,93.0,0.0,93.0,e7,Kwong,nF,0.19003296934826672
6718,69.0,94.0,0.0,94.0,e4,Cy-vBRIDP,nG,0.011887141708792338
6719,69.0,95.0,0.0,95.0,e3,Ph-PhenCar-Phos,nA,0.09713443673361893
6720,70.0,0.0,0.0,0.0,e1,A-caPhos,nD,0.0
6721,70.0,1.0,0.0,1.0,e9,BrettPhos,nG,0.0
6722,70.0,2.0,0.0,2.0,e9,CX-FBu,nB,0.028022478485440292
6723,70.0,3.0,0.0,3.0,e2,CX-PICy,nA,0.6627082272144782
6724,70.0,4.0,0.0,4.0,e7,Cy-DavePhos,nG,0.22461200392146816
6725,70.0,5.0,0.0,5.0,e1,Cy-vBRIDP,nI,0.10345030861489754
6726,70.0,6.0,0.0,6.0,e10,Kwong,nG,0.24923381383602894
6727,70.0,7.0,0.0,7.0,e1,MeO-KITPHOS,nF,0.01625313158601373
6728,70.0,8.0,0.0,8.0,e10,P(o-Anis)3,nG,0.07389015169587047
6729,70.0,9.0,0.0,9.0,e4,Et-PhenCar-Phos,nE,0.006684621137560202
6730,70.0,10.0,0.0,10.0,e5,JackiePhos,nC,0.6733815385706186
6731,70.0,11.0,0.0,11.0,e9,"P(3,5-CF3-Ph)3",nF,0.3243416897405247
6732,70.0,12.0,0.0,12.0,e7,P(fur)3,nD,0.371885023964237
6733,70.0,13.0,0.0,13.0,e10,Ph-PhenCar-Phos,nI,0.19493888256788205
6734,70.0,14.0,0.0,14.0,e3,PPh2Me,nE,0.10038963691603196
6735,70.0,15.0,0.0,15.0,e4,PPhtBu2,nF,0.0
6736,70.0,16.0,0.0,16.0,e7,tBPh-CPhos,nB,0.313551181342256
6737,70.0,17.0,0.0,17.0,e1,PPhMe2,nD,0.0
6738,70.0,18.0,0.0,18.0,e4,Cy-BippyPhos,nE,0.0
6739,70.0,19.0,0.0,19.0,e1,PCy3 HBF4,nI,0.04512889597205454
6740,70.0,20.0,0.0,20.0,e3,CgMe-PPh,nA,0.5833854524265055
6741,70.0,21.0,0.0,21.0,e2,PPh3,nA,0.008904947561475468
6742,70.0,22.0,0.0,22.0,e7,X-Phos,nI,0.10875787618113172
6743,70.0,23.0,0.0,23.0,e10,PnBu3 HBF4,nF,0.9491493979218607
6744,70.0,24.0,0.0,24.0,e9,PnBu3 HBF4,nC,0.29786886006957153
6745,70.0,25.0,0.0,25.0,e4,JackiePhos,nE,0.0
6746,70.0,26.0,0.0,26.0,e1,CX-PICy,nF,0.035498905100854815
6747,70.0,27.0,0.0,27.0,e4,CgMe-PPh,nI,0.07791399926072878
6748,70.0,28.0,0.0,28.0,e2,P(fur)3,nB,0.3160767978375305
6749,70.0,29.0,0.0,29.0,e1,"P(3,5-CF3-Ph)3",nE,0.02574746723401784
6750,70.0,30.0,0.0,30.0,e1,tBPh-CPhos,nB,0.13846077071822055
6751,70.0,31.0,0.0,31.0,e4,Kwong,nD,0.07279928824098204
6752,70.0,32.0,0.0,32.0,e7,Cy-DavePhos,nE,0.07737987898288086
6753,70.0,33.0,0.0,33.0,e7,Ph-PhenCar-Phos,nC,0.4720527136836855
6754,70.0,34.0,0.0,34.0,e5,X-Phos,nF,0.5612705116717954
6755,70.0,35.0,0.0,35.0,e1,Cy-vBRIDP,nA,0.2888460681891715
6756,70.0,36.0,0.0,36.0,e7,PPh2Me,nD,0.1229873725585538
6757,70.0,37.0,0.0,37.0,e5,P(o-Anis)3,nC,0.2597060555559565
6758,70.0,38.0,0.0,38.0,e1,PCy3 HBF4,nF,0.0936542572430908
6759,70.0,39.0,0.0,39.0,e5,PnBu3 HBF4,nB,0.017097729724094155
6760,70.0,40.0,0.0,40.0,e4,CX-FBu,nF,0.0037689635802445258
6761,70.0,41.0,0.0,41.0,e9,MeO-KITPHOS,nF,0.2069173517749973
6762,70.0,42.0,0.0,42.0,e2,PPh3,nG,0.1371811438806168
6763,70.0,43.0,0.0,43.0,e10,Et-PhenCar-Phos,nD,0.9813444766852435
6764,70.0,44.0,0.0,44.0,e9,A-caPhos,nA,0.04128507835913788
6765,70.0,45.0,0.0,45.0,e5,BrettPhos,nB,0.12946958176386614
6766,70.0,46.0,0.0,46.0,e1,PPhtBu2,nA,0.4568186881135986
6767,70.0,47.0,0.0,47.0,e4,PPhMe2,nC,0.05076454644852316
6768,70.0,48.0,0.0,48.0,e1,Cy-BippyPhos,nD,0.19322800249768834
6769,70.0,49.0,0.0,49.0,e9,Et-PhenCar-Phos,nF,0.7233050105292524
6770,70.0,50.0,0.0,50.0,e7,CX-PICy,nA,0.4849023858174712
6771,70.0,51.0,0.0,51.0,e3,P(fur)3,nD,0.517468751935307
6772,70.0,52.0,0.0,52.0,e3,JackiePhos,nI,0.44377710899114275
6773,70.0,53.0,0.0,53.0,e9,X-Phos,nC,0.3631647018503177
6774,70.0,54.0,0.0,54.0,e9,Ph-PhenCar-Phos,nB,0.058803717942506314
6775,70.0,55.0,0.0,55.0,e7,CgMe-PPh,nA,0.6062121514347315
6776,70.0,56.0,0.0,56.0,e10,Et-PhenCar-Phos,nB,0.46335999806419
6777,70.0,57.0,0.0,57.0,e2,PPhtBu2,nI,0.6066938793729448
6778,70.0,58.0,0.0,58.0,e9,tBPh-CPhos,nA,0.5070576131604569
6779,70.0,59.0,0.0,59.0,e5,Cy-vBRIDP,nC,0.6808973298430087
6780,70.0,60.0,0.0,60.0,e2,"P(3,5-CF3-Ph)3",nG,0.292311804161314
6781,70.0,61.0,0.0,61.0,e9,P(o-Anis)3,nF,0.19110058556975276
6782,70.0,62.0,0.0,62.0,e5,CgMe-PPh,nA,0.19841952843225769
6783,70.0,63.0,0.0,63.0,e7,PnBu3 HBF4,nF,0.03709911701896136
6784,70.0,64.0,0.0,64.0,e9,Kwong,nF,0.6183071390945252
6785,70.0,65.0,0.0,65.0,e4,Cy-DavePhos,nF,0.1085703896725537
6786,70.0,66.0,0.0,66.0,e4,P(fur)3,nE,0.000437879828488327
6787,70.0,67.0,0.0,67.0,e1,CX-PICy,nB,0.158428631262488
6788,70.0,68.0,0.0,68.0,e7,Et-PhenCar-Phos,nA,0.46105828561415296
6789,70.0,69.0,0.0,69.0,e1,JackiePhos,nC,0.10916790305363006
6790,70.0,70.0,0.0,70.0,e2,PPh2Me,nE,0.1828915699577187
6791,70.0,71.0,0.0,71.0,e1,MeO-KITPHOS,nC,0.08497736742087081
6792,70.0,72.0,0.0,72.0,e9,Cy-vBRIDP,nI,0.6700718714523624
6793,70.0,73.0,0.0,73.0,e4,Cy-BippyPhos,nC,0.45425693534735095
6794,70.0,74.0,0.0,74.0,e9,PPhtBu2,nB,0.0744540569819119
6795,70.0,75.0,0.0,75.0,e10,X-Phos,nA,0.70292121771995
6796,70.0,76.0,0.0,76.0,e1,PPh3,nA,0.2870639417300373
6797,70.0,77.0,0.0,77.0,e5,PCy3 HBF4,nD,0.4635875867274559
6798,70.0,78.0,0.0,78.0,e1,BrettPhos,nG,0.0081874030607583
6799,70.0,79.0,0.0,79.0,e10,tBPh-CPhos,nG,0.1872202584239755
6800,70.0,80.0,0.0,80.0,e3,Kwong,nB,0.13828352718505904
6801,70.0,81.0,0.0,81.0,e7,PPhMe2,nD,0.17967402718109338
6802,70.0,82.0,0.0,82.0,e5,Cy-vBRIDP,nI,0.7979626994163204
6803,70.0,83.0,0.0,83.0,e4,A-caPhos,nE,0.0
6804,70.0,84.0,0.0,84.0,e3,X-Phos,nC,0.5782791539418308
6805,70.0,85.0,0.0,85.0,e4,CX-FBu,nA,0.0
6806,70.0,86.0,0.0,86.0,e4,Et-PhenCar-Phos,nF,0.10620274724550914
6807,70.0,87.0,0.0,87.0,e3,Cy-vBRIDP,nA,0.6444005049983973
6808,70.0,88.0,0.0,88.0,e4,Ph-PhenCar-Phos,nF,0.06641743274856524
6809,70.0,89.0,0.0,89.0,e3,Cy-BippyPhos,nI,0.4880124029547394
6810,70.0,90.0,0.0,90.0,e9,"P(3,5-CF3-Ph)3",nC,0.26228444595483447
6811,70.0,91.0,0.0,91.0,e3,CgMe-PPh,nC,0.5573433814229866
6812,70.0,92.0,0.0,92.0,e2,X-Phos,nF,0.2803025402995705
6813,70.0,93.0,0.0,93.0,e4,PCy3 HBF4,nF,0.1806752523043707
6814,70.0,94.0,0.0,94.0,e2,Cy-vBRIDP,nA,0.9280139562522538
6815,70.0,95.0,0.0,95.0,e7,Cy-vBRIDP,nG,0.2559159577514194
6816,71.0,0.0,0.0,0.0,e7,A-caPhos,nF,0.1328274541277745
6817,71.0,1.0,0.0,1.0,e3,BrettPhos,nB,0.0
6818,71.0,2.0,0.0,2.0,e10,CX-FBu,nF,0.19352259897861
6819,71.0,3.0,0.0,3.0,e10,CX-PICy,nF,0.8753267029656862
6820,71.0,4.0,0.0,4.0,e2,Cy-DavePhos,nD,0.8600984767103315
6821,71.0,5.0,0.0,5.0,e2,Cy-vBRIDP,nE,0.13496463293382222
6822,71.0,6.0,0.0,6.0,e2,Kwong,nA,0.60729628561042
6823,71.0,7.0,0.0,7.0,e4,MeO-KITPHOS,nA,0.009388644305479189
6824,71.0,8.0,0.0,8.0,e10,P(o-Anis)3,nI,0.12648823608270143
6825,71.0,9.0,0.0,9.0,e1,Et-PhenCar-Phos,nF,0.09483902946857867
6826,71.0,10.0,0.0,10.0,e9,JackiePhos,nA,0.4878435591523317
6827,71.0,11.0,0.0,11.0,e5,"P(3,5-CF3-Ph)3",nC,0.6576198548980737
6828,71.0,12.0,0.0,12.0,e4,P(fur)3,nF,0.07182384377127193
6829,71.0,13.0,0.0,13.0,e7,Ph-PhenCar-Phos,nG,0.014831130594019472
6830,71.0,14.0,0.0,14.0,e4,PPh2Me,nB,0.0
6831,71.0,15.0,0.0,15.0,e9,PPhtBu2,nB,0.0744540569819119
6832,71.0,16.0,0.0,16.0,e10,tBPh-CPhos,nF,0.955503603321246
6833,71.0,17.0,0.0,17.0,e2,PPhMe2,nE,0.206575885338896
6834,71.0,18.0,0.0,18.0,e2,Cy-BippyPhos,nF,0.5159368139266189
6835,71.0,19.0,0.0,19.0,e4,PCy3 HBF4,nG,0.0
6836,71.0,20.0,0.0,20.0,e10,CgMe-PPh,nD,0.9667080207978768
6837,71.0,21.0,0.0,21.0,e7,PPh3,nE,0.0
6838,71.0,22.0,0.0,22.0,e4,X-Phos,nD,0.016269680027475288
6839,71.0,23.0,0.0,23.0,e1,PnBu3 HBF4,nA,0.033538713814707063
6840,71.0,24.0,0.0,24.0,e10,CgMe-PPh,nG,0.4450058594793389
6841,71.0,25.0,0.0,25.0,e3,tBPh-CPhos,nA,0.5729071695707448
6842,71.0,26.0,0.0,26.0,e1,CX-PICy,nC,0.17448452116943244
6843,71.0,27.0,0.0,27.0,e1,Cy-DavePhos,nE,0.04088521449674735
6844,71.0,28.0,0.0,28.0,e1,"P(3,5-CF3-Ph)3",nD,0.1717712180634414
6845,71.0,29.0,0.0,29.0,e7,Kwong,nD,0.7352375479541646
6846,71.0,30.0,0.0,30.0,e7,Cy-BippyPhos,nG,0.3885701449233445
6847,71.0,31.0,0.0,31.0,e5,JackiePhos,nE,0.24549969999845586
6848,71.0,32.0,0.0,32.0,e2,PPhMe2,nA,0.9184295688785155
6849,71.0,33.0,0.0,33.0,e9,CX-FBu,nA,0.026568437497950775
6850,71.0,34.0,0.0,34.0,e3,tBPh-CPhos,nB,0.2201396278511609
6851,71.0,35.0,0.0,35.0,e9,Cy-vBRIDP,nG,0.47307553236824745
6852,71.0,36.0,0.0,36.0,e7,A-caPhos,nB,0.19570168231689697
6853,71.0,37.0,0.0,37.0,e5,P(o-Anis)3,nD,0.2673691817698943
6854,71.0,38.0,0.0,38.0,e10,CgMe-PPh,nI,0.992612378842541
6855,71.0,39.0,0.0,39.0,e2,Et-PhenCar-Phos,nF,0.516942514891109
6856,71.0,40.0,0.0,40.0,e7,Kwong,nC,0.618033573890117
6857,71.0,41.0,0.0,41.0,e1,PPhtBu2,nI,0.0
6858,71.0,42.0,0.0,42.0,e3,P(fur)3,nG,0.19737875966328072
6859,71.0,43.0,0.0,43.0,e10,PnBu3 HBF4,nC,0.6529372533584769
6860,71.0,44.0,0.0,44.0,e5,X-Phos,nC,0.7137664796412143
6861,71.0,45.0,0.0,45.0,e10,Ph-PhenCar-Phos,nD,0.19450431269643761
6862,71.0,46.0,0.0,46.0,e5,MeO-KITPHOS,nI,0.7966198404456795
6863,71.0,47.0,0.0,47.0,e4,BrettPhos,nD,0.0055714565905122075
6864,71.0,48.0,0.0,48.0,e1,PPh2Me,nG,0.046182417331377484
6865,71.0,49.0,0.0,49.0,e7,PCy3 HBF4,nB,0.0
6866,71.0,50.0,0.0,50.0,e1,PPh3,nG,0.03305769806250671
6867,71.0,51.0,0.0,51.0,e4,PPhMe2,nE,0.0
6868,71.0,52.0,0.0,52.0,e4,CgMe-PPh,nB,0.010586928381835779
6869,71.0,53.0,0.0,53.0,e7,CX-PICy,nC,0.5896946040296001
6870,71.0,54.0,0.0,54.0,e7,Cy-BippyPhos,nA,0.5454537179950174
6871,71.0,55.0,0.0,55.0,e5,Cy-DavePhos,nC,0.6945846341087276
6872,71.0,56.0,0.0,56.0,e4,"P(3,5-CF3-Ph)3",nD,0.021077110506758236
6873,71.0,57.0,0.0,57.0,e10,MeO-KITPHOS,nE,0.08167116258886992
6874,71.0,58.0,0.0,58.0,e7,Kwong,nG,0.1256424423170876
6875,71.0,59.0,0.0,59.0,e1,JackiePhos,nI,0.23164589492729465
6876,71.0,60.0,0.0,60.0,e2,X-Phos,nF,0.2803025402995705
6877,71.0,61.0,0.0,61.0,e5,PnBu3 HBF4,nA,0.048714441027052635
6878,71.0,62.0,0.0,62.0,e5,tBPh-CPhos,nI,0.8432755599410124
6879,71.0,63.0,0.0,63.0,e3,Et-PhenCar-Phos,nE,0.16222416431861286
6880,71.0,64.0,0.0,64.0,e9,Cy-vBRIDP,nF,0.6967928130282119
6881,71.0,65.0,0.0,65.0,e7,CX-PICy,nE,0.02553348260378032
6882,71.0,66.0,0.0,66.0,e3,Cy-DavePhos,nD,0.6446826086450984
6883,71.0,67.0,0.0,67.0,e4,tBPh-CPhos,nE,0.08334191795338486
6884,71.0,68.0,0.0,68.0,e2,Cy-BippyPhos,nA,0.947422522089135
6885,71.0,69.0,0.0,69.0,e3,P(o-Anis)3,nB,0.08812842587343037
6886,71.0,70.0,0.0,70.0,e9,CgMe-PPh,nD,0.6700037753165438
6887,71.0,71.0,0.0,71.0,e4,Cy-BippyPhos,nD,0.0
6888,71.0,72.0,0.0,72.0,e9,Cy-vBRIDP,nI,0.6700718714523624
6889,71.0,73.0,0.0,73.0,e4,A-caPhos,nA,0.066015799846542
6890,71.0,74.0,0.0,74.0,e7,Cy-DavePhos,nI,0.2468203134373269
6891,71.0,75.0,0.0,75.0,e2,P(fur)3,nG,0.26823050789231057
6892,71.0,76.0,0.0,76.0,e7,PPhMe2,nG,0.0
6893,71.0,77.0,0.0,77.0,e4,CX-FBu,nI,0.026545433452423287
6894,71.0,78.0,0.0,78.0,e2,Kwong,nF,0.7262280592039937
6895,71.0,79.0,0.0,79.0,e3,Ph-PhenCar-Phos,nE,0.000513778510005651
6896,71.0,80.0,0.0,80.0,e3,CgMe-PPh,nI,0.37696044105126186
6897,71.0,81.0,0.0,81.0,e5,Cy-vBRIDP,nG,0.40071151817911255
6898,71.0,82.0,0.0,82.0,e7,X-Phos,nD,0.3829370574937559
6899,71.0,83.0,0.0,83.0,e7,JackiePhos,nA,0.507068550436567
6900,71.0,84.0,0.0,84.0,e5,Kwong,nC,0.7139078067166453
6901,71.0,85.0,0.0,85.0,e4,PPhtBu2,nF,0.0
6902,71.0,86.0,0.0,86.0,e10,MeO-KITPHOS,nC,0.6485009952102284
6903,71.0,87.0,0.0,87.0,e10,"P(3,5-CF3-Ph)3",nI,0.941711710784077
6904,71.0,88.0,0.0,88.0,e7,"P(3,5-CF3-Ph)3",nG,0.004136174060489153
6905,71.0,89.0,0.0,89.0,e3,PPh2Me,nF,0.4801900206505367
6906,71.0,90.0,0.0,90.0,e9,PPh3,nB,0.08611579146274333
6907,71.0,91.0,0.0,91.0,e4,tBPh-CPhos,nD,0.08322824487277797
6908,71.0,92.0,0.0,92.0,e5,BrettPhos,nI,0.25661642729485107
6909,71.0,93.0,0.0,93.0,e5,CX-PICy,nD,0.7367636173787823
6910,71.0,94.0,0.0,94.0,e9,PCy3 HBF4,nI,0.5233205929895026
6911,71.0,95.0,0.0,95.0,e10,Et-PhenCar-Phos,nI,0.8978098811886851
6912,72.0,0.0,0.0,0.0,e7,A-caPhos,nG,0.06965150777591327
6913,72.0,1.0,0.0,1.0,e4,BrettPhos,nF,0.08545068709718086
6914,72.0,2.0,0.0,2.0,e1,CX-FBu,nG,0.0
6915,72.0,3.0,0.0,3.0,e4,CX-PICy,nI,0.049131110362350565
6916,72.0,4.0,0.0,4.0,e10,Cy-DavePhos,nB,0.3746301004551704
6917,72.0,5.0,0.0,5.0,e4,Cy-vBRIDP,nG,0.011887141708792338
6918,72.0,6.0,0.0,6.0,e2,Kwong,nE,0.15385645810893028
6919,72.0,7.0,0.0,7.0,e3,MeO-KITPHOS,nD,0.4375043123935729
6920,72.0,8.0,0.0,8.0,e10,P(o-Anis)3,nD,0.21473020833290504
6921,72.0,9.0,0.0,9.0,e1,Et-PhenCar-Phos,nA,0.5211070217161989
6922,72.0,10.0,0.0,10.0,e10,JackiePhos,nD,0.9619894282107424
6923,72.0,11.0,0.0,11.0,e2,"P(3,5-CF3-Ph)3",nA,0.7596387385382168
6924,72.0,12.0,0.0,12.0,e1,P(fur)3,nE,0.030488115443860403
6925,72.0,13.0,0.0,13.0,e5,Ph-PhenCar-Phos,nC,0.6706487930795781
6926,72.0,14.0,0.0,14.0,e5,PPh2Me,nG,0.02908266774080822
6927,72.0,15.0,0.0,15.0,e4,PPhtBu2,nF,0.0
6928,72.0,16.0,0.0,16.0,e10,tBPh-CPhos,nA,0.738775541606104
6929,72.0,17.0,0.0,17.0,e10,PPhMe2,nF,0.9662268038122928
6930,72.0,18.0,0.0,18.0,e2,Cy-BippyPhos,nG,0.21398062661899547
6931,72.0,19.0,0.0,19.0,e1,PCy3 HBF4,nA,0.3323423832967356
6932,72.0,20.0,0.0,20.0,e7,CgMe-PPh,nI,0.6142759277683246
6933,72.0,21.0,0.0,21.0,e1,PPh3,nE,0.00995882546000144
6934,72.0,22.0,0.0,22.0,e9,X-Phos,nC,0.3631647018503177
6935,72.0,23.0,0.0,23.0,e9,PnBu3 HBF4,nD,0.3392198605455525
6936,72.0,24.0,0.0,24.0,e7,PPhMe2,nD,0.17967402718109338
6937,72.0,25.0,0.0,25.0,e5,JackiePhos,nE,0.24549969999845586
6938,72.0,26.0,0.0,26.0,e9,"P(3,5-CF3-Ph)3",nI,0.5060174107510581
6939,72.0,27.0,0.0,27.0,e4,tBPh-CPhos,nD,0.08322824487277797
6940,72.0,28.0,0.0,28.0,e7,Ph-PhenCar-Phos,nE,0.014969722878949149
6941,72.0,29.0,0.0,29.0,e7,CgMe-PPh,nC,0.4527219927063775
6942,72.0,30.0,0.0,30.0,e2,Et-PhenCar-Phos,nG,0.21586957617119734
6943,72.0,31.0,0.0,31.0,e1,MeO-KITPHOS,nI,0.08070327614437922
6944,72.0,32.0,0.0,32.0,e5,Cy-DavePhos,nG,0.4296099762008142
6945,72.0,33.0,0.0,33.0,e3,X-Phos,nI,0.43402238114543207
6946,72.0,34.0,0.0,34.0,e3,PnBu3 HBF4,nI,0.3077263161434331
6947,72.0,35.0,0.0,35.0,e7,PCy3 HBF4,nF,0.11910164690015072
6948,72.0,36.0,0.0,36.0,e9,P(o-Anis)3,nB,0.014166351731102438
6949,72.0,37.0,0.0,37.0,e1,Cy-BippyPhos,nA,0.6371489847313551
6950,72.0,38.0,0.0,38.0,e3,Kwong,nD,0.6707851203385027
6951,72.0,39.0,0.0,39.0,e3,BrettPhos,nI,0.03009704001424225
6952,72.0,40.0,0.0,40.0,e5,A-caPhos,nA,0.2812843970957228
6953,72.0,41.0,0.0,41.0,e5,CX-PICy,nD,0.7367636173787823
6954,72.0,42.0,0.0,42.0,e5,"P(3,5-CF3-Ph)3",nE,0.16245071334673533
6955,72.0,43.0,0.0,43.0,e1,P(fur)3,nB,0.0419340920396758
6956,72.0,44.0,0.0,44.0,e3,PPh2Me,nG,0.0
6957,72.0,45.0,0.0,45.0,e5,JackiePhos,nF,0.046842070771333566
6958,72.0,46.0,0.0,46.0,e7,Cy-vBRIDP,nF,0.47929870017773896
6959,72.0,47.0,0.0,47.0,e3,PPh3,nG,0.5441952440189306
6960,72.0,48.0,0.0,48.0,e1,CX-FBu,nF,0.05899310894002479
6961,72.0,49.0,0.0,49.0,e7,PPhtBu2,nA,0.22643925135847556
6962,72.0,50.0,0.0,50.0,e1,PPhMe2,nG,0.015753918769731767
6963,72.0,51.0,0.0,51.0,e2,CgMe-PPh,nG,0.416125825549032
6964,72.0,52.0,0.0,52.0,e4,Cy-BippyPhos,nD,0.0
6965,72.0,53.0,0.0,53.0,e5,Kwong,nC,0.7139078067166453
6966,72.0,54.0,0.0,54.0,e1,tBPh-CPhos,nB,0.13846077071822055
6967,72.0,55.0,0.0,55.0,e10,Cy-DavePhos,nA,0.6290037488957982
6968,72.0,56.0,0.0,56.0,e5,X-Phos,nG,0.36700316278880124
6969,72.0,57.0,0.0,57.0,e3,CX-PICy,nD,0.6575942693885647
6970,72.0,58.0,0.0,58.0,e9,Et-PhenCar-Phos,nI,0.47387538169056964
6971,72.0,59.0,0.0,59.0,e10,Ph-PhenCar-Phos,nF,0.15722965933724983
6972,72.0,60.0,0.0,60.0,e10,PnBu3 HBF4,nD,1.0
6973,72.0,61.0,0.0,61.0,e7,PnBu3 HBF4,nD,0.08555081309162699
6974,72.0,62.0,0.0,62.0,e1,PPh3,nD,0.08191408146836389
6975,72.0,63.0,0.0,63.0,e10,MeO-KITPHOS,nG,0.4483889452545666
6976,72.0,64.0,0.0,64.0,e3,Kwong,nG,0.6379955567259125
6977,72.0,65.0,0.0,65.0,e5,Cy-vBRIDP,nB,0.24691256669659825
6978,72.0,66.0,0.0,66.0,e2,CgMe-PPh,nI,0.7692361366046242
6979,72.0,67.0,0.0,67.0,e3,PCy3 HBF4,nF,0.7927520064501151
6980,72.0,68.0,0.0,68.0,e2,CX-PICy,nG,0.12786508394705637
6981,72.0,69.0,0.0,69.0,e3,Cy-DavePhos,nC,0.37215812981068086
6982,72.0,70.0,0.0,70.0,e1,"P(3,5-CF3-Ph)3",nD,0.1717712180634414
6983,72.0,71.0,0.0,71.0,e4,A-caPhos,nE,0.0
6984,72.0,72.0,0.0,72.0,e1,JackiePhos,nA,0.8639833503359745
6985,72.0,73.0,0.0,73.0,e7,PCy3 HBF4,nG,0.0
6986,72.0,74.0,0.0,74.0,e4,CgMe-PPh,nB,0.010586928381835779
6987,72.0,75.0,0.0,75.0,e5,Et-PhenCar-Phos,nC,0.7420550241578128
6988,72.0,76.0,0.0,76.0,e5,Kwong,nB,0.19563904085240036
6989,72.0,77.0,0.0,77.0,e10,X-Phos,nB,0.3561245065772018
6990,72.0,78.0,0.0,78.0,e3,PPhMe2,nD,0.17694079610526336
6991,72.0,79.0,0.0,79.0,e1,JackiePhos,nD,0.5137263354833275
6992,72.0,80.0,0.0,80.0,e2,P(o-Anis)3,nC,0.2694306601099812
6993,72.0,81.0,0.0,81.0,e2,PPhtBu2,nB,0.2956916574075555
6994,72.0,82.0,0.0,82.0,e7,Et-PhenCar-Phos,nB,0.3099147672836797
6995,72.0,83.0,0.0,83.0,e4,MeO-KITPHOS,nD,0.01764759420350764
6996,72.0,84.0,0.0,84.0,e3,tBPh-CPhos,nC,0.4601786928065039
6997,72.0,85.0,0.0,85.0,e9,BrettPhos,nD,0.116949762005874
6998,72.0,86.0,0.0,86.0,e3,Cy-DavePhos,nF,0.8181899294726043
6999,72.0,87.0,0.0,87.0,e5,P(fur)3,nA,0.7422450479697658
7000,72.0,88.0,0.0,88.0,e3,CX-FBu,nF,0.4573086162402998
7001,72.0,89.0,0.0,89.0,e10,Cy-BippyPhos,nB,0.44442545396979233
7002,72.0,90.0,0.0,90.0,e5,Ph-PhenCar-Phos,nG,0.0
7003,72.0,91.0,0.0,91.0,e5,PnBu3 HBF4,nE,0.14499887969779476
7004,72.0,92.0,0.0,92.0,e4,PPh2Me,nA,0.012250195356626198
7005,72.0,93.0,0.0,93.0,e4,P(fur)3,nF,0.07182384377127193
7006,72.0,94.0,0.0,94.0,e10,JackiePhos,nC,0.7413507792095948
7007,72.0,95.0,0.0,95.0,e5,Cy-DavePhos,nB,0.24820523727080449
7008,73.0,0.0,0.0,0.0,e10,A-caPhos,nE,0.06369465752083445
7009,73.0,1.0,0.0,1.0,e4,BrettPhos,nD,0.0055714565905122075
7010,73.0,2.0,0.0,2.0,e10,CX-FBu,nG,0.07949868376012764
7011,73.0,3.0,0.0,3.0,e1,CX-PICy,nE,0.08929455529222792
7012,73.0,4.0,0.0,4.0,e4,Cy-DavePhos,nG,0.04776203346339624
7013,73.0,5.0,0.0,5.0,e1,Cy-vBRIDP,nC,0.021046518566206512
7014,73.0,6.0,0.0,6.0,e9,Kwong,nD,0.7637773250800808
7015,73.0,7.0,0.0,7.0,e4,MeO-KITPHOS,nC,0.5583920453812025
7016,73.0,8.0,0.0,8.0,e5,P(o-Anis)3,nE,0.08503037414620321
7017,73.0,9.0,0.0,9.0,e10,Et-PhenCar-Phos,nA,0.7401699862842729
7018,73.0,10.0,0.0,10.0,e4,JackiePhos,nC,0.28682741874775813
7019,73.0,11.0,0.0,11.0,e4,"P(3,5-CF3-Ph)3",nA,0.011117148997029924
7020,73.0,12.0,0.0,12.0,e9,P(fur)3,nI,0.28711297797323754
7021,73.0,13.0,0.0,13.0,e4,Ph-PhenCar-Phos,nD,0.0
7022,73.0,14.0,0.0,14.0,e9,PPh2Me,nE,0.1405880999819467
7023,73.0,15.0,0.0,15.0,e4,PPhtBu2,nI,0.0
7024,73.0,16.0,0.0,16.0,e1,tBPh-CPhos,nB,0.13846077071822055
7025,73.0,17.0,0.0,17.0,e7,PPhMe2,nC,0.45538465088279884
7026,73.0,18.0,0.0,18.0,e1,Cy-BippyPhos,nE,0.08360289329221145
7027,73.0,19.0,0.0,19.0,e10,PCy3 HBF4,nF,0.5031493938885278
7028,73.0,20.0,0.0,20.0,e3,CgMe-PPh,nG,0.693870840573733
7029,73.0,21.0,0.0,21.0,e10,PPh3,nC,0.8555703332989744
7030,73.0,22.0,0.0,22.0,e2,X-Phos,nI,0.5461500672967297
7031,73.0,23.0,0.0,23.0,e7,PnBu3 HBF4,nC,0.08381330857807825
7032,73.0,24.0,0.0,24.0,e7,PPh3,nI,0.24779538065626336
7033,73.0,25.0,0.0,25.0,e9,Kwong,nC,0.3519968307033692
7034,73.0,26.0,0.0,26.0,e3,Et-PhenCar-Phos,nE,0.16222416431861286
7035,73.0,27.0,0.0,27.0,e5,CgMe-PPh,nB,0.24129886485371901
7036,73.0,28.0,0.0,28.0,e10,MeO-KITPHOS,nD,0.8998197521786309
7037,73.0,29.0,0.0,29.0,e2,X-Phos,nE,0.05720851394385538
7038,73.0,30.0,0.0,30.0,e9,PCy3 HBF4,nB,0.0
7039,73.0,31.0,0.0,31.0,e10,PPhMe2,nI,0.5272307031167799
7040,73.0,32.0,0.0,32.0,e9,P(fur)3,nB,0.1017982533025562
7041,73.0,33.0,0.0,33.0,e9,JackiePhos,nE,0.1414633901753113
7042,73.0,34.0,0.0,34.0,e3,MeO-KITPHOS,nA,0.3689090985734202
7043,73.0,35.0,0.0,35.0,e10,PPh2Me,nE,0.052986997437251694
7044,73.0,36.0,0.0,36.0,e1,tBPh-CPhos,nI,0.239947127680601
7045,73.0,37.0,0.0,37.0,e10,CX-PICy,nE,0.06128630570259782
7046,73.0,38.0,0.0,38.0,e3,P(o-Anis)3,nD,0.017049023134240643
7047,73.0,39.0,0.0,39.0,e7,PnBu3 HBF4,nG,0.005323230430891596
7048,73.0,40.0,0.0,40.0,e9,Cy-BippyPhos,nB,0.19614551978344988
7049,73.0,41.0,0.0,41.0,e10,CX-FBu,nA,0.11933660384887412
7050,73.0,42.0,0.0,42.0,e7,A-caPhos,nE,0.0
7051,73.0,43.0,0.0,43.0,e9,Cy-DavePhos,nG,0.4021743761051082
7052,73.0,44.0,0.0,44.0,e2,Cy-vBRIDP,nB,0.3426954282220505
7053,73.0,45.0,0.0,45.0,e2,"P(3,5-CF3-Ph)3",nB,0.3077541564280736
7054,73.0,46.0,0.0,46.0,e2,BrettPhos,nC,0.18745960828809252
7055,73.0,47.0,0.0,47.0,e2,Ph-PhenCar-Phos,nA,0.0
7056,73.0,48.0,0.0,48.0,e10,PPhtBu2,nE,0.07462037360807186
7057,73.0,49.0,0.0,49.0,e5,Kwong,nG,0.24931580024802266
7058,73.0,50.0,0.0,50.0,e3,PPh3,nD,0.558051966163369
7059,73.0,51.0,0.0,51.0,e1,PPhMe2,nB,0.028702661498009253
7060,73.0,52.0,0.0,52.0,e1,CgMe-PPh,nB,0.12558127711891434
7061,73.0,53.0,0.0,53.0,e5,Et-PhenCar-Phos,nB,0.3409079497861161
7062,73.0,54.0,0.0,54.0,e7,MeO-KITPHOS,nF,0.14909057955854127
7063,73.0,55.0,0.0,55.0,e3,X-Phos,nD,0.6499890415739124
7064,73.0,56.0,0.0,56.0,e1,PPh3,nI,0.04621439454240948
7065,73.0,57.0,0.0,57.0,e2,PCy3 HBF4,nF,0.06006001678298359
7066,73.0,58.0,0.0,58.0,e2,Cy-DavePhos,nE,0.13508476980027337
7067,73.0,59.0,0.0,59.0,e1,JackiePhos,nA,0.8639833503359745
7068,73.0,60.0,0.0,60.0,e9,Kwong,nG,0.48310327993375796
7069,73.0,61.0,0.0,61.0,e10,P(fur)3,nC,0.7314440607369128
7070,73.0,62.0,0.0,62.0,e7,tBPh-CPhos,nC,0.6575510344081796
7071,73.0,63.0,0.0,63.0,e10,Cy-vBRIDP,nC,0.6923970246236064
7072,73.0,64.0,0.0,64.0,e4,JackiePhos,nD,0.03756510618398426
7073,73.0,65.0,0.0,65.0,e1,"P(3,5-CF3-Ph)3",nD,0.1717712180634414
7074,73.0,66.0,0.0,66.0,e1,X-Phos,nD,0.11103234490926704
7075,73.0,67.0,0.0,67.0,e1,Et-PhenCar-Phos,nE,0.038240826794146296
7076,73.0,68.0,0.0,68.0,e2,Cy-BippyPhos,nD,0.899766462439471
7077,73.0,69.0,0.0,69.0,e4,Cy-BippyPhos,nE,0.0
7078,73.0,70.0,0.0,70.0,e9,P(fur)3,nA,0.001325378623256779
7079,73.0,71.0,0.0,71.0,e3,CX-FBu,nC,0.10650096099207426
7080,73.0,72.0,0.0,72.0,e5,PPh2Me,nG,0.02908266774080822
7081,73.0,73.0,0.0,73.0,e5,BrettPhos,nG,0.07790157669115998
7082,73.0,74.0,0.0,74.0,e3,CgMe-PPh,nD,0.6746435408754137
7083,73.0,75.0,0.0,75.0,e4,Cy-vBRIDP,nG,0.011887141708792338
7084,73.0,76.0,0.0,76.0,e5,tBPh-CPhos,nF,0.021215482774025726
7085,73.0,77.0,0.0,77.0,e9,MeO-KITPHOS,nA,0.3102142356694695
7086,73.0,78.0,0.0,78.0,e2,PPhMe2,nB,0.34830416803640063
7087,73.0,79.0,0.0,79.0,e7,CX-PICy,nC,0.5896946040296001
7088,73.0,80.0,0.0,80.0,e5,P(o-Anis)3,nC,0.2597060555559565
7089,73.0,81.0,0.0,81.0,e10,Kwong,nG,0.24923381383602894
7090,73.0,82.0,0.0,82.0,e3,PnBu3 HBF4,nG,0.28320116621218205
7091,73.0,83.0,0.0,83.0,e4,PPhtBu2,nD,0.015477322861925848
7092,73.0,84.0,0.0,84.0,e3,A-caPhos,nG,0.0
7093,73.0,85.0,0.0,85.0,e5,CgMe-PPh,nI,0.8762416176625111
7094,73.0,86.0,0.0,86.0,e5,PPh3,nE,0.07040432961461064
7095,73.0,87.0,0.0,87.0,e9,CgMe-PPh,nC,0.40356850702768715
7096,73.0,88.0,0.0,88.0,e10,Ph-PhenCar-Phos,nF,0.15722965933724983
7097,73.0,89.0,0.0,89.0,e9,CX-PICy,nA,0.22214179192108488
7098,73.0,90.0,0.0,90.0,e1,MeO-KITPHOS,nB,0.015845697854694092
7099,73.0,91.0,0.0,91.0,e1,Cy-DavePhos,nA,0.3421517795536883
7100,73.0,92.0,0.0,92.0,e3,PCy3 HBF4,nE,0.06067622810866836
7101,73.0,93.0,0.0,93.0,e4,X-Phos,nE,0.0
7102,73.0,94.0,0.0,94.0,e3,PPhMe2,nD,0.17694079610526336
7103,73.0,95.0,0.0,95.0,e3,JackiePhos,nE,0.19804717134717115
7104,74.0,0.0,0.0,0.0,e3,A-caPhos,nI,0.251402716237195
7105,74.0,1.0,0.0,1.0,e2,BrettPhos,nD,0.8847296047814194
7106,74.0,2.0,0.0,2.0,e3,CX-FBu,nB,0.0717486552554436
7107,74.0,3.0,0.0,3.0,e10,CX-PICy,nD,0.8614801884008014
7108,74.0,4.0,0.0,4.0,e1,Cy-DavePhos,nB,0.14325304895448931
7109,74.0,5.0,0.0,5.0,e1,Cy-vBRIDP,nD,0.12134762347017049
7110,74.0,6.0,0.0,6.0,e2,Kwong,nD,0.9496089484429554
7111,74.0,7.0,0.0,7.0,e9,MeO-KITPHOS,nI,0.37369206432045404
7112,74.0,8.0,0.0,8.0,e9,P(o-Anis)3,nE,0.015334735124532104
7113,74.0,9.0,0.0,9.0,e9,Et-PhenCar-Phos,nG,0.46505962614221114
7114,74.0,10.0,0.0,10.0,e10,JackiePhos,nB,0.3412973722922598
7115,74.0,11.0,0.0,11.0,e7,"P(3,5-CF3-Ph)3",nE,0.01373661617423656
7116,74.0,12.0,0.0,12.0,e10,P(fur)3,nG,0.5091625405710212
7117,74.0,13.0,0.0,13.0,e4,Ph-PhenCar-Phos,nG,0.032094455374630654
7118,74.0,14.0,0.0,14.0,e2,PPh2Me,nD,0.945027927055052
7119,74.0,15.0,0.0,15.0,e3,PPhtBu2,nA,0.3650613273843325
7120,74.0,16.0,0.0,16.0,e4,tBPh-CPhos,nE,0.08334191795338486
7121,74.0,17.0,0.0,17.0,e1,PPhMe2,nG,0.015753918769731767
7122,74.0,18.0,0.0,18.0,e5,Cy-BippyPhos,nF,0.5547253517877193
7123,74.0,19.0,0.0,19.0,e3,PCy3 HBF4,nG,0.21655404349373675
7124,74.0,20.0,0.0,20.0,e4,CgMe-PPh,nE,0.0309977877786149
7125,74.0,21.0,0.0,21.0,e7,PPh3,nC,0.8376892636395048
7126,74.0,22.0,0.0,22.0,e10,X-Phos,nD,0.9917865678194812
7127,74.0,23.0,0.0,23.0,e2,PnBu3 HBF4,nC,0.6344642168342858
7128,74.0,24.0,0.0,24.0,e4,X-Phos,nA,0.026820456479429548
7129,74.0,25.0,0.0,25.0,e4,Kwong,nF,0.026007469320120987
7130,74.0,26.0,0.0,26.0,e10,PPh2Me,nA,0.7312605481380088
7131,74.0,27.0,0.0,27.0,e2,BrettPhos,nI,0.27240859666650985
7132,74.0,28.0,0.0,28.0,e7,CX-PICy,nB,0.23030477566313212
7133,74.0,29.0,0.0,29.0,e4,PPh3,nD,0.001865175726413785
7134,74.0,30.0,0.0,30.0,e9,PnBu3 HBF4,nA,0.20389990407151987
7135,74.0,31.0,0.0,31.0,e4,Cy-BippyPhos,nI,0.01506826698150689
7136,74.0,32.0,0.0,32.0,e9,P(fur)3,nB,0.1017982533025562
7137,74.0,33.0,0.0,33.0,e1,Et-PhenCar-Phos,nD,0.07952442668374339
7138,74.0,34.0,0.0,34.0,e7,MeO-KITPHOS,nB,0.04698078637689876
7139,74.0,35.0,0.0,35.0,e5,PPhtBu2,nG,0.3392981528661412
7140,74.0,36.0,0.0,36.0,e2,JackiePhos,nE,0.14951065589537862
7141,74.0,37.0,0.0,37.0,e3,PPh2Me,nI,0.0
7142,74.0,38.0,0.0,38.0,e2,A-caPhos,nG,0.08718212432149915
7143,74.0,39.0,0.0,39.0,e7,PCy3 HBF4,nB,0.0
7144,74.0,40.0,0.0,40.0,e1,Cy-DavePhos,nI,0.007578802183845745
7145,74.0,41.0,0.0,41.0,e9,Cy-vBRIDP,nG,0.47307553236824745
7146,74.0,42.0,0.0,42.0,e2,tBPh-CPhos,nE,0.13432593614456043
7147,74.0,43.0,0.0,43.0,e7,CX-FBu,nB,0.0925326789625629
7148,74.0,44.0,0.0,44.0,e7,Ph-PhenCar-Phos,nB,0.09789100504054042
7149,74.0,45.0,0.0,45.0,e7,CgMe-PPh,nA,0.6062121514347315
7150,74.0,46.0,0.0,46.0,e9,PPhMe2,nE,0.20376038691379747
7151,74.0,47.0,0.0,47.0,e7,P(o-Anis)3,nE,0.02835275518299585
7152,74.0,48.0,0.0,48.0,e9,"P(3,5-CF3-Ph)3",nF,0.3243416897405247
7153,74.0,49.0,0.0,49.0,e4,BrettPhos,nA,0.0
7154,74.0,50.0,0.0,50.0,e10,CX-PICy,nA,0.6712211737821199
7155,74.0,51.0,0.0,51.0,e5,X-Phos,nB,0.22803797881095858
7156,74.0,52.0,0.0,52.0,e10,Kwong,nG,0.24923381383602894
7157,74.0,53.0,0.0,53.0,e5,PPh3,nG,0.0842244348649542
7158,74.0,54.0,0.0,54.0,e7,PnBu3 HBF4,nE,0.0
7159,74.0,55.0,0.0,55.0,e2,PPhtBu2,nG,0.1723789943659194
7160,74.0,56.0,0.0,56.0,e5,CX-PICy,nB,0.25414471887183276
7161,74.0,57.0,0.0,57.0,e5,CgMe-PPh,nI,0.8762416176625111
7162,74.0,58.0,0.0,58.0,e4,P(fur)3,nC,0.5121985356201784
7163,74.0,59.0,0.0,59.0,e5,PPh2Me,nE,0.26506344108851254
7164,74.0,60.0,0.0,60.0,e4,Cy-vBRIDP,nB,0.0
7165,74.0,61.0,0.0,61.0,e3,Cy-BippyPhos,nG,0.6656541362855952
7166,74.0,62.0,0.0,62.0,e7,Et-PhenCar-Phos,nD,1.0
7167,74.0,63.0,0.0,63.0,e4,Et-PhenCar-Phos,nB,0.016893387098010963
7168,74.0,64.0,0.0,64.0,e3,JackiePhos,nI,0.44377710899114275
7169,74.0,65.0,0.0,65.0,e4,CgMe-PPh,nG,0.03040429412851897
7170,74.0,66.0,0.0,66.0,e5,MeO-KITPHOS,nA,0.677313943864531
7171,74.0,67.0,0.0,67.0,e1,A-caPhos,nG,0.017297638901613968
7172,74.0,68.0,0.0,68.0,e4,"P(3,5-CF3-Ph)3",nA,0.011117148997029924
7173,74.0,69.0,0.0,69.0,e1,X-Phos,nI,0.05873515318530329
7174,74.0,70.0,0.0,70.0,e7,Cy-BippyPhos,nI,0.8044666768394777
7175,74.0,71.0,0.0,71.0,e7,Kwong,nG,0.1256424423170876
7176,74.0,72.0,0.0,72.0,e3,BrettPhos,nE,0.012327416789753938
7177,74.0,73.0,0.0,73.0,e9,P(fur)3,nA,0.001325378623256779
7178,74.0,74.0,0.0,74.0,e2,PPhMe2,nC,0.5688989155636163
7179,74.0,75.0,0.0,75.0,e9,tBPh-CPhos,nF,0.9724754898127265
7180,74.0,76.0,0.0,76.0,e1,tBPh-CPhos,nD,0.47671112549978
7181,74.0,77.0,0.0,77.0,e5,PCy3 HBF4,nF,0.0989693910252459
7182,74.0,78.0,0.0,78.0,e5,MeO-KITPHOS,nE,0.20090081346750718
7183,74.0,79.0,0.0,79.0,e5,Cy-BippyPhos,nI,0.8909978993536253
7184,74.0,80.0,0.0,80.0,e4,CX-PICy,nG,0.016007987024632152
7185,74.0,81.0,0.0,81.0,e10,CX-FBu,nD,0.021025961968080993
7186,74.0,82.0,0.0,82.0,e5,Cy-DavePhos,nF,0.03313108332432727
7187,74.0,83.0,0.0,83.0,e5,PPh2Me,nI,0.18805503621177608
7188,74.0,84.0,0.0,84.0,e3,Cy-BippyPhos,nC,0.4701158020102052
7189,74.0,85.0,0.0,85.0,e7,Ph-PhenCar-Phos,nE,0.014969722878949149
7190,74.0,86.0,0.0,86.0,e1,JackiePhos,nI,0.23164589492729465
7191,74.0,87.0,0.0,87.0,e5,PPh3,nF,0.459106585899356
7192,74.0,88.0,0.0,88.0,e2,PPhtBu2,nA,0.8784588854057418
7193,74.0,89.0,0.0,89.0,e5,PPhtBu2,nI,0.6943756174940648
7194,74.0,90.0,0.0,90.0,e1,P(o-Anis)3,nE,0.0726200206341357
7195,74.0,91.0,0.0,91.0,e7,PnBu3 HBF4,nC,0.08381330857807825
7196,74.0,92.0,0.0,92.0,e3,PPhMe2,nA,0.3195986379275633
7197,74.0,93.0,0.0,93.0,e1,tBPh-CPhos,nF,0.2236049471858116
7198,74.0,94.0,0.0,94.0,e10,Et-PhenCar-Phos,nB,0.46335999806419
7199,74.0,95.0,0.0,95.0,e2,CgMe-PPh,nI,0.7692361366046242
7200,75.0,0.0,0.0,0.0,e1,A-caPhos,nC,0.08326557611388505
7201,75.0,1.0,0.0,1.0,e4,BrettPhos,nI,0.0
7202,75.0,2.0,0.0,2.0,e5,CX-FBu,nD,0.14004055706710997
7203,75.0,3.0,0.0,3.0,e9,CX-PICy,nA,0.22214179192108488
7204,75.0,4.0,0.0,4.0,e10,Cy-DavePhos,nB,0.3746301004551704
7205,75.0,5.0,0.0,5.0,e7,Cy-vBRIDP,nF,0.47929870017773896
7206,75.0,6.0,0.0,6.0,e5,Kwong,nD,0.6710162824432446
7207,75.0,7.0,0.0,7.0,e1,MeO-KITPHOS,nD,0.03699926034242779
7208,75.0,8.0,0.0,8.0,e3,P(o-Anis)3,nB,0.08812842587343037
7209,75.0,9.0,0.0,9.0,e1,Et-PhenCar-Phos,nA,0.5211070217161989
7210,75.0,10.0,0.0,10.0,e2,JackiePhos,nB,0.27751512392797617
7211,75.0,11.0,0.0,11.0,e4,"P(3,5-CF3-Ph)3",nB,0.027212247580631236
7212,75.0,12.0,0.0,12.0,e9,P(fur)3,nA,0.001325378623256779
7213,75.0,13.0,0.0,13.0,e1,Ph-PhenCar-Phos,nG,0.02135338003989251
7214,75.0,14.0,0.0,14.0,e2,PPh2Me,nC,0.6126561714426878
7215,75.0,15.0,0.0,15.0,e3,PPhtBu2,nE,0.13875537672279908
7216,75.0,16.0,0.0,16.0,e4,tBPh-CPhos,nI,0.022633316819564778
7217,75.0,17.0,0.0,17.0,e2,PPhMe2,nA,0.9184295688785155
7218,75.0,18.0,0.0,18.0,e4,Cy-BippyPhos,nB,0.001309200773603058
7219,75.0,19.0,0.0,19.0,e7,PCy3 HBF4,nG,0.0
7220,75.0,20.0,0.0,20.0,e4,CgMe-PPh,nE,0.0309977877786149
7221,75.0,21.0,0.0,21.0,e2,PPh3,nB,0.06113101017244386
7222,75.0,22.0,0.0,22.0,e2,X-Phos,nE,0.05720851394385538
7223,75.0,23.0,0.0,23.0,e3,PnBu3 HBF4,nC,0.5104443617808837
7224,75.0,24.0,0.0,24.0,e9,PPhMe2,nD,0.18559600333835125
7225,75.0,25.0,0.0,25.0,e3,Kwong,nA,0.52844484704448
7226,75.0,26.0,0.0,26.0,e1,PPh2Me,nD,0.033096066833962406
7227,75.0,27.0,0.0,27.0,e4,Et-PhenCar-Phos,nC,0.5137778282322677
7228,75.0,28.0,0.0,28.0,e3,PnBu3 HBF4,nA,0.08612679775706653
7229,75.0,29.0,0.0,29.0,e10,Cy-vBRIDP,nC,0.6923970246236064
7230,75.0,30.0,0.0,30.0,e2,Cy-DavePhos,nB,0.3895783251678055
7231,75.0,31.0,0.0,31.0,e5,JackiePhos,nC,0.6733815385706186
7232,75.0,32.0,0.0,32.0,e2,CX-PICy,nG,0.12786508394705637
7233,75.0,33.0,0.0,33.0,e10,CX-FBu,nG,0.07949868376012764
7234,75.0,34.0,0.0,34.0,e9,PPhtBu2,nF,0.04207540286700265
7235,75.0,35.0,0.0,35.0,e3,P(o-Anis)3,nC,0.5299247414529387
7236,75.0,36.0,0.0,36.0,e2,A-caPhos,nB,0.050816766328986455
7237,75.0,37.0,0.0,37.0,e1,PPh3,nI,0.04621439454240948
7238,75.0,38.0,0.0,38.0,e5,X-Phos,nF,0.5612705116717954
7239,75.0,39.0,0.0,39.0,e3,MeO-KITPHOS,nB,0.16832752828316924
7240,75.0,40.0,0.0,40.0,e2,CgMe-PPh,nB,0.2326183566176621
7241,75.0,41.0,0.0,41.0,e9,"P(3,5-CF3-Ph)3",nB,0.06814180345199915
7242,75.0,42.0,0.0,42.0,e2,tBPh-CPhos,nF,0.9180522305589233
7243,75.0,43.0,0.0,43.0,e3,Ph-PhenCar-Phos,nG,0.05055398317567727
7244,75.0,44.0,0.0,44.0,e4,Kwong,nI,0.0
7245,75.0,45.0,0.0,45.0,e7,P(fur)3,nD,0.371885023964237
7246,75.0,46.0,0.0,46.0,e2,Cy-BippyPhos,nF,0.5159368139266189
7247,75.0,47.0,0.0,47.0,e3,Cy-vBRIDP,nE,0.22456888388015206
7248,75.0,48.0,0.0,48.0,e3,BrettPhos,nF,0.00688372893582114
7249,75.0,49.0,0.0,49.0,e9,PCy3 HBF4,nF,0.8209377552949729
7250,75.0,50.0,0.0,50.0,e1,PPhMe2,nE,0.005912635036959193
7251,75.0,51.0,0.0,51.0,e1,Et-PhenCar-Phos,nD,0.07952442668374339
7252,75.0,52.0,0.0,52.0,e2,JackiePhos,nE,0.14951065589537862
7253,75.0,53.0,0.0,53.0,e1,tBPh-CPhos,nI,0.239947127680601
7254,75.0,54.0,0.0,54.0,e1,PCy3 HBF4,nG,0.011446303846680505
7255,75.0,55.0,0.0,55.0,e10,Cy-DavePhos,nF,0.8813598639667193
7256,75.0,56.0,0.0,56.0,e9,PPh2Me,nD,0.09858496056367311
7257,75.0,57.0,0.0,57.0,e7,X-Phos,nI,0.10875787618113172
7258,75.0,58.0,0.0,58.0,e1,P(o-Anis)3,nG,0.06451864020112658
7259,75.0,59.0,0.0,59.0,e7,PnBu3 HBF4,nG,0.005323230430891596
7260,75.0,60.0,0.0,60.0,e4,Cy-DavePhos,nF,0.1085703896725537
7261,75.0,61.0,0.0,61.0,e4,Cy-BippyPhos,nD,0.0
7262,75.0,62.0,0.0,62.0,e5,Cy-vBRIDP,nE,0.15014188546666088
7263,75.0,63.0,0.0,63.0,e4,P(fur)3,nG,0.003303003899865808
7264,75.0,64.0,0.0,64.0,e1,CX-PICy,nG,0.10103394714922777
7265,75.0,65.0,0.0,65.0,e5,Kwong,nG,0.24931580024802266
7266,75.0,66.0,0.0,66.0,e3,tBPh-CPhos,nE,0.18973560206253479
7267,75.0,67.0,0.0,67.0,e10,CgMe-PPh,nG,0.4450058594793389
7268,75.0,68.0,0.0,68.0,e5,Et-PhenCar-Phos,nC,0.7420550241578128
7269,75.0,69.0,0.0,69.0,e9,PPhMe2,nF,0.0
7270,75.0,70.0,0.0,70.0,e9,CX-FBu,nG,0.0
7271,75.0,71.0,0.0,71.0,e2,JackiePhos,nD,0.8885726039005069
7272,75.0,72.0,0.0,72.0,e5,MeO-KITPHOS,nD,0.7150014599477411
7273,75.0,73.0,0.0,73.0,e3,PPhtBu2,nF,0.8177480761316681
7274,75.0,74.0,0.0,74.0,e9,JackiePhos,nI,0.7924680013442614
7275,75.0,75.0,0.0,75.0,e1,PPhtBu2,nE,0.04945600408311233
7276,75.0,76.0,0.0,76.0,e4,A-caPhos,nA,0.066015799846542
7277,75.0,77.0,0.0,77.0,e1,PPh3,nG,0.03305769806250671
7278,75.0,78.0,0.0,78.0,e9,Et-PhenCar-Phos,nE,0.09970326563233488
7279,75.0,79.0,0.0,79.0,e7,"P(3,5-CF3-Ph)3",nE,0.01373661617423656
7280,75.0,80.0,0.0,80.0,e7,MeO-KITPHOS,nC,0.1818058238116577
7281,75.0,81.0,0.0,81.0,e9,JackiePhos,nD,0.6112600941230104
7282,75.0,82.0,0.0,82.0,e1,Ph-PhenCar-Phos,nA,0.18568024853139675
7283,75.0,83.0,0.0,83.0,e3,Cy-DavePhos,nD,0.6446826086450984
7284,75.0,84.0,0.0,84.0,e4,PCy3 HBF4,nB,0.0
7285,75.0,85.0,0.0,85.0,e5,BrettPhos,nA,0.2635639912874397
7286,75.0,86.0,0.0,86.0,e7,PPh2Me,nB,0.022176359893621114
7287,75.0,87.0,0.0,87.0,e9,X-Phos,nI,0.48640092936162965
7288,75.0,88.0,0.0,88.0,e4,CgMe-PPh,nD,0.08321089559018727
7289,75.0,89.0,0.0,89.0,e4,Cy-vBRIDP,nC,0.20302461670836117
7290,75.0,90.0,0.0,90.0,e1,P(o-Anis)3,nA,0.30722554215143316
7291,75.0,91.0,0.0,91.0,e5,JackiePhos,nE,0.24549969999845586
7292,75.0,92.0,0.0,92.0,e4,Cy-DavePhos,nC,0.365792749214354
7293,75.0,93.0,0.0,93.0,e7,Kwong,nI,0.05676228224132744
7294,75.0,94.0,0.0,94.0,e10,PnBu3 HBF4,nC,0.6529372533584769
7295,75.0,95.0,0.0,95.0,e2,tBPh-CPhos,nG,0.21498121859438568
7296,76.0,0.0,0.0,0.0,e5,A-caPhos,nD,0.7956086691618747
7297,76.0,1.0,0.0,1.0,e7,BrettPhos,nG,0.0
7298,76.0,2.0,0.0,2.0,e10,CX-FBu,nA,0.11933660384887412
7299,76.0,3.0,0.0,3.0,e5,CX-PICy,nC,0.7219644854632059
7300,76.0,4.0,0.0,4.0,e7,Cy-DavePhos,nA,0.4507264804831017
7301,76.0,5.0,0.0,5.0,e1,Cy-vBRIDP,nA,0.2888460681891715
7302,76.0,6.0,0.0,6.0,e9,Kwong,nC,0.3519968307033692
7303,76.0,7.0,0.0,7.0,e3,MeO-KITPHOS,nE,0.10167919655151128
7304,76.0,8.0,0.0,8.0,e3,P(o-Anis)3,nA,0.1800745926353478
7305,76.0,9.0,0.0,9.0,e2,Et-PhenCar-Phos,nG,0.21586957617119734
7306,76.0,10.0,0.0,10.0,e10,JackiePhos,nI,0.6404668815291216
7307,76.0,11.0,0.0,11.0,e5,"P(3,5-CF3-Ph)3",nA,0.6652219449652172
7308,76.0,12.0,0.0,12.0,e1,P(fur)3,nC,0.13064801328706593
7309,76.0,13.0,0.0,13.0,e2,Ph-PhenCar-Phos,nF,0.02360378244278219
7310,76.0,14.0,0.0,14.0,e7,PPh2Me,nD,0.1229873725585538
7311,76.0,15.0,0.0,15.0,e4,PPhtBu2,nA,0.03055984955910126
7312,76.0,16.0,0.0,16.0,e2,tBPh-CPhos,nA,0.8502272930334943
7313,76.0,17.0,0.0,17.0,e3,PPhMe2,nC,0.45752334695304314
7314,76.0,18.0,0.0,18.0,e9,Cy-BippyPhos,nF,0.9242970629259212
7315,76.0,19.0,0.0,19.0,e5,PCy3 HBF4,nI,0.34482654450171224
7316,76.0,20.0,0.0,20.0,e7,CgMe-PPh,nF,0.8590504388988899
7317,76.0,21.0,0.0,21.0,e5,PPh3,nE,0.07040432961461064
7318,76.0,22.0,0.0,22.0,e5,X-Phos,nA,0.7308372177455247
7319,76.0,23.0,0.0,23.0,e1,PnBu3 HBF4,nE,0.0
7320,76.0,24.0,0.0,24.0,e5,Cy-BippyPhos,nC,0.7310324837389857
7321,76.0,25.0,0.0,25.0,e3,CgMe-PPh,nG,0.693870840573733
7322,76.0,26.0,0.0,26.0,e7,tBPh-CPhos,nG,0.06459244912713331
7323,76.0,27.0,0.0,27.0,e4,A-caPhos,nD,0.005914580833647114
7324,76.0,28.0,0.0,28.0,e1,X-Phos,nF,0.0977093065996311
7325,76.0,29.0,0.0,29.0,e4,CX-PICy,nA,0.04719868390618946
7326,76.0,30.0,0.0,30.0,e10,"P(3,5-CF3-Ph)3",nF,0.8478546310824894
7327,76.0,31.0,0.0,31.0,e9,JackiePhos,nE,0.1414633901753113
7328,76.0,32.0,0.0,32.0,e1,PPhMe2,nG,0.015753918769731767
7329,76.0,33.0,0.0,33.0,e7,Cy-DavePhos,nE,0.07737987898288086
7330,76.0,34.0,0.0,34.0,e10,Kwong,nG,0.24923381383602894
7331,76.0,35.0,0.0,35.0,e5,PCy3 HBF4,nG,0.056653910463520696
7332,76.0,36.0,0.0,36.0,e5,Cy-vBRIDP,nI,0.7979626994163204
7333,76.0,37.0,0.0,37.0,e5,Cy-BippyPhos,nE,0.276087915044034
7334,76.0,38.0,0.0,38.0,e10,Et-PhenCar-Phos,nI,0.8978098811886851
7335,76.0,39.0,0.0,39.0,e4,CgMe-PPh,nA,0.05836143390317885
7336,76.0,40.0,0.0,40.0,e10,P(o-Anis)3,nI,0.12648823608270143
7337,76.0,41.0,0.0,41.0,e3,"P(3,5-CF3-Ph)3",nI,0.34124947817961754
7338,76.0,42.0,0.0,42.0,e1,P(fur)3,nA,0.13903094918195189
7339,76.0,43.0,0.0,43.0,e5,PPh2Me,nD,0.8364467095225078
7340,76.0,44.0,0.0,44.0,e3,CX-FBu,nE,0.0
7341,76.0,45.0,0.0,45.0,e4,MeO-KITPHOS,nD,0.01764759420350764
7342,76.0,46.0,0.0,46.0,e10,PPh3,nE,0.026002383851906816
7343,76.0,47.0,0.0,47.0,e7,PPhtBu2,nD,0.17084686391608417
7344,76.0,48.0,0.0,48.0,e10,Ph-PhenCar-Phos,nC,0.6466673885416775
7345,76.0,49.0,0.0,49.0,e5,BrettPhos,nE,0.03441463508665893
7346,76.0,50.0,0.0,50.0,e4,PnBu3 HBF4,nI,0.0
7347,76.0,51.0,0.0,51.0,e9,Et-PhenCar-Phos,nI,0.47387538169056964
7348,76.0,52.0,0.0,52.0,e4,Cy-vBRIDP,nB,0.0
7349,76.0,53.0,0.0,53.0,e7,PPh2Me,nI,0.05866681747449082
7350,76.0,54.0,0.0,54.0,e3,tBPh-CPhos,nE,0.18973560206253479
7351,76.0,55.0,0.0,55.0,e9,X-Phos,nA,0.4653132921969271
7352,76.0,56.0,0.0,56.0,e10,A-caPhos,nC,0.810246096009385
7353,76.0,57.0,0.0,57.0,e4,JackiePhos,nA,0.01378290721008047
7354,76.0,58.0,0.0,58.0,e2,CX-PICy,nD,0.844934148288056
7355,76.0,59.0,0.0,59.0,e3,Cy-BippyPhos,nA,0.7065412188883603
7356,76.0,60.0,0.0,60.0,e4,"P(3,5-CF3-Ph)3",nF,0.12460832905550522
7357,76.0,61.0,0.0,61.0,e5,Ph-PhenCar-Phos,nB,0.007649551127788808
7358,76.0,62.0,0.0,62.0,e10,Kwong,nC,0.6516586410089802
7359,76.0,63.0,0.0,63.0,e9,CX-PICy,nD,0.7313083836786916
7360,76.0,64.0,0.0,64.0,e10,A-caPhos,nF,0.7955510503185635
7361,76.0,65.0,0.0,65.0,e2,CgMe-PPh,nD,0.9061905699119336
7362,76.0,66.0,0.0,66.0,e10,Et-PhenCar-Phos,nB,0.46335999806419
7363,76.0,67.0,0.0,67.0,e1,Cy-DavePhos,nB,0.14325304895448931
7364,76.0,68.0,0.0,68.0,e2,Cy-BippyPhos,nG,0.21398062661899547
7365,76.0,69.0,0.0,69.0,e4,PPhMe2,nE,0.0
7366,76.0,70.0,0.0,70.0,e2,CgMe-PPh,nC,0.6339599379342666
7367,76.0,71.0,0.0,71.0,e7,PCy3 HBF4,nD,0.14803355669666612
7368,76.0,72.0,0.0,72.0,e10,A-caPhos,nI,0.4049690202102659
7369,76.0,73.0,0.0,73.0,e1,CX-PICy,nD,0.26178759539722174
7370,76.0,74.0,0.0,74.0,e1,X-Phos,nB,0.13808085610167717
7371,76.0,75.0,0.0,75.0,e1,Kwong,nC,0.006793877228623898
7372,76.0,76.0,0.0,76.0,e5,P(o-Anis)3,nB,0.08805288524342034
7373,76.0,77.0,0.0,77.0,e7,P(fur)3,nE,0.0
7374,76.0,78.0,0.0,78.0,e1,CgMe-PPh,nB,0.12558127711891434
7375,76.0,79.0,0.0,79.0,e3,tBPh-CPhos,nF,0.8810310712945111
7376,76.0,80.0,0.0,80.0,e4,Cy-vBRIDP,nI,0.08512605466614513
7377,76.0,81.0,0.0,81.0,e3,PPhtBu2,nF,0.8177480761316681
7378,76.0,82.0,0.0,82.0,e5,Et-PhenCar-Phos,nC,0.7420550241578128
7379,76.0,83.0,0.0,83.0,e4,tBPh-CPhos,nE,0.08334191795338486
7380,76.0,84.0,0.0,84.0,e1,"P(3,5-CF3-Ph)3",nI,0.05907258173862887
7381,76.0,85.0,0.0,85.0,e10,PPhtBu2,nB,0.3350890548052822
7382,76.0,86.0,0.0,86.0,e4,PPh2Me,nE,0.0
7383,76.0,87.0,0.0,87.0,e10,CX-FBu,nD,0.021025961968080993
7384,76.0,88.0,0.0,88.0,e2,MeO-KITPHOS,nB,0.2471450614128532
7385,76.0,89.0,0.0,89.0,e4,Cy-BippyPhos,nE,0.0
7386,76.0,90.0,0.0,90.0,e5,PPh3,nB,0.10428974023151304
7387,76.0,91.0,0.0,91.0,e2,A-caPhos,nE,0.03960375441695721
7388,76.0,92.0,0.0,92.0,e10,Et-PhenCar-Phos,nC,0.7283750489168687
7389,76.0,93.0,0.0,93.0,e9,BrettPhos,nA,0.05897317034300215
7390,76.0,94.0,0.0,94.0,e4,JackiePhos,nF,0.14143573352899122
7391,76.0,95.0,0.0,95.0,e1,CX-PICy,nI,0.16332586594833928
7392,77.0,0.0,0.0,0.0,e4,A-caPhos,nF,0.177284613811449
7393,77.0,1.0,0.0,1.0,e2,BrettPhos,nE,0.06752498396007568
7394,77.0,2.0,0.0,2.0,e5,CX-FBu,nA,0.036929391233255865
7395,77.0,3.0,0.0,3.0,e4,CX-PICy,nC,0.6506137028615483
7396,77.0,4.0,0.0,4.0,e7,Cy-DavePhos,nG,0.22461200392146816
7397,77.0,5.0,0.0,5.0,e4,Cy-vBRIDP,nF,0.08710389043025306
7398,77.0,6.0,0.0,6.0,e2,Kwong,nE,0.15385645810893028
7399,77.0,7.0,0.0,7.0,e9,MeO-KITPHOS,nB,0.10548391557053341
7400,77.0,8.0,0.0,8.0,e1,P(o-Anis)3,nF,0.0052034376124689445
7401,77.0,9.0,0.0,9.0,e1,Et-PhenCar-Phos,nE,0.038240826794146296
7402,77.0,10.0,0.0,10.0,e4,JackiePhos,nD,0.03756510618398426
7403,77.0,11.0,0.0,11.0,e2,"P(3,5-CF3-Ph)3",nD,0.8356393853580697
7404,77.0,12.0,0.0,12.0,e10,P(fur)3,nG,0.5091625405710212
7405,77.0,13.0,0.0,13.0,e1,Ph-PhenCar-Phos,nB,0.12250680218325506
7406,77.0,14.0,0.0,14.0,e3,PPh2Me,nF,0.4801900206505367
7407,77.0,15.0,0.0,15.0,e3,PPhtBu2,nE,0.13875537672279908
7408,77.0,16.0,0.0,16.0,e9,tBPh-CPhos,nF,0.9724754898127265
7409,77.0,17.0,0.0,17.0,e9,PPhMe2,nG,0.16312105796441556
7410,77.0,18.0,0.0,18.0,e4,Cy-BippyPhos,nF,0.16766741748867858
7411,77.0,19.0,0.0,19.0,e10,PCy3 HBF4,nI,0.2597424074177721
7412,77.0,20.0,0.0,20.0,e10,CgMe-PPh,nF,0.9345922792122748
7413,77.0,21.0,0.0,21.0,e3,PPh3,nC,0.5766867841866626
7414,77.0,22.0,0.0,22.0,e5,X-Phos,nB,0.22803797881095858
7415,77.0,23.0,0.0,23.0,e4,PnBu3 HBF4,nF,0.07661274417725286
7416,77.0,24.0,0.0,24.0,e2,tBPh-CPhos,nG,0.21498121859438568
7417,77.0,25.0,0.0,25.0,e9,CgMe-PPh,nI,0.9133569283838853
7418,77.0,26.0,0.0,26.0,e9,"P(3,5-CF3-Ph)3",nE,0.0796317150343979
7419,77.0,27.0,0.0,27.0,e5,CX-PICy,nF,0.5063471923786179
7420,77.0,28.0,0.0,28.0,e1,PPh3,nF,0.033638963742203404
7421,77.0,29.0,0.0,29.0,e7,P(fur)3,nE,0.0
7422,77.0,30.0,0.0,30.0,e7,PPh2Me,nC,0.3285547341820373
7423,77.0,31.0,0.0,31.0,e10,CgMe-PPh,nC,0.7862446552445246
7424,77.0,32.0,0.0,32.0,e3,PCy3 HBF4,nB,0.006581360557928457
7425,77.0,33.0,0.0,33.0,e7,X-Phos,nB,0.24145251337028
7426,77.0,34.0,0.0,34.0,e9,Cy-DavePhos,nA,0.4785669589162221
7427,77.0,35.0,0.0,35.0,e7,A-caPhos,nA,0.22387111117310493
7428,77.0,36.0,0.0,36.0,e9,Cy-BippyPhos,nD,0.7312870661515999
7429,77.0,37.0,0.0,37.0,e5,PPhMe2,nI,0.7440098607047809
7430,77.0,38.0,0.0,38.0,e3,Kwong,nA,0.52844484704448
7431,77.0,39.0,0.0,39.0,e3,PPhtBu2,nD,0.6677531336144049
7432,77.0,40.0,0.0,40.0,e7,Ph-PhenCar-Phos,nB,0.09789100504054042
7433,77.0,41.0,0.0,41.0,e2,MeO-KITPHOS,nB,0.2471450614128532
7434,77.0,42.0,0.0,42.0,e7,Cy-vBRIDP,nE,0.0285055968883504
7435,77.0,43.0,0.0,43.0,e1,PnBu3 HBF4,nB,0.005892158794976363
7436,77.0,44.0,0.0,44.0,e7,BrettPhos,nC,0.0
7437,77.0,45.0,0.0,45.0,e10,Et-PhenCar-Phos,nE,0.1423623971693994
7438,77.0,46.0,0.0,46.0,e1,JackiePhos,nI,0.23164589492729465
7439,77.0,47.0,0.0,47.0,e1,CX-FBu,nD,0.04874487002483518
7440,77.0,48.0,0.0,48.0,e3,CgMe-PPh,nD,0.6746435408754137
7441,77.0,49.0,0.0,49.0,e7,tBPh-CPhos,nC,0.6575510344081796
7442,77.0,50.0,0.0,50.0,e10,P(o-Anis)3,nA,0.13685257205098517
7443,77.0,51.0,0.0,51.0,e9,CX-PICy,nB,0.017548782295091724
7444,77.0,52.0,0.0,52.0,e7,"P(3,5-CF3-Ph)3",nE,0.01373661617423656
7445,77.0,53.0,0.0,53.0,e9,PPhMe2,nF,0.0
7446,77.0,54.0,0.0,54.0,e5,Cy-BippyPhos,nF,0.5547253517877193
7447,77.0,55.0,0.0,55.0,e10,CgMe-PPh,nG,0.4450058594793389
7448,77.0,56.0,0.0,56.0,e10,PPh2Me,nE,0.052986997437251694
7449,77.0,57.0,0.0,57.0,e9,PPhtBu2,nG,0.2561213944420894
7450,77.0,58.0,0.0,58.0,e9,tBPh-CPhos,nI,0.8988852901963119
7451,77.0,59.0,0.0,59.0,e2,Cy-DavePhos,nF,0.8384971848128893
7452,77.0,60.0,0.0,60.0,e1,Kwong,nD,0.08645291673067909
7453,77.0,61.0,0.0,61.0,e1,PPh3,nA,0.2870639417300373
7454,77.0,62.0,0.0,62.0,e10,tBPh-CPhos,nA,0.738775541606104
7455,77.0,63.0,0.0,63.0,e1,P(fur)3,nD,0.027849023497232013
7456,77.0,64.0,0.0,64.0,e2,Cy-DavePhos,nD,0.8600984767103315
7457,77.0,65.0,0.0,65.0,e9,X-Phos,nA,0.4653132921969271
7458,77.0,66.0,0.0,66.0,e5,CgMe-PPh,nD,0.8391860239024482
7459,77.0,67.0,0.0,67.0,e10,Cy-BippyPhos,nC,0.6737699231822453
7460,77.0,68.0,0.0,68.0,e2,A-caPhos,nG,0.08718212432149915
7461,77.0,69.0,0.0,69.0,e1,Cy-DavePhos,nG,0.10033053889692384
7462,77.0,70.0,0.0,70.0,e1,tBPh-CPhos,nF,0.2236049471858116
7463,77.0,71.0,0.0,71.0,e4,MeO-KITPHOS,nE,0.0
7464,77.0,72.0,0.0,72.0,e10,CgMe-PPh,nA,0.1556727410455523
7465,77.0,73.0,0.0,73.0,e9,JackiePhos,nF,0.9465936072978836
7466,77.0,74.0,0.0,74.0,e2,JackiePhos,nC,0.5096826906052602
7467,77.0,75.0,0.0,75.0,e9,PCy3 HBF4,nF,0.8209377552949729
7468,77.0,76.0,0.0,76.0,e10,CX-PICy,nE,0.06128630570259782
7469,77.0,77.0,0.0,77.0,e9,Cy-BippyPhos,nF,0.9242970629259212
7470,77.0,78.0,0.0,78.0,e7,Ph-PhenCar-Phos,nG,0.014831130594019472
7471,77.0,79.0,0.0,79.0,e5,PCy3 HBF4,nA,0.0615440146382004
7472,77.0,80.0,0.0,80.0,e5,PPhtBu2,nB,0.26686542642109434
7473,77.0,81.0,0.0,81.0,e5,Cy-BippyPhos,nB,0.35550155976803
7474,77.0,82.0,0.0,82.0,e5,Et-PhenCar-Phos,nD,0.7835996088615103
7475,77.0,83.0,0.0,83.0,e4,P(o-Anis)3,nB,0.028651564710375093
7476,77.0,84.0,0.0,84.0,e5,Et-PhenCar-Phos,nE,0.1555337724688785
7477,77.0,85.0,0.0,85.0,e5,Cy-vBRIDP,nF,0.0
7478,77.0,86.0,0.0,86.0,e2,X-Phos,nA,0.7289375568068931
7479,77.0,87.0,0.0,87.0,e9,"P(3,5-CF3-Ph)3",nB,0.06814180345199915
7480,77.0,88.0,0.0,88.0,e2,PPhMe2,nD,0.9665760108651322
7481,77.0,89.0,0.0,89.0,e7,PPhMe2,nG,0.0
7482,77.0,90.0,0.0,90.0,e7,CX-FBu,nA,0.026781225321877523
7483,77.0,91.0,0.0,91.0,e5,PnBu3 HBF4,nB,0.017097729724094155
7484,77.0,92.0,0.0,92.0,e2,PPh3,nI,0.5983316480220364
7485,77.0,93.0,0.0,93.0,e5,BrettPhos,nI,0.25661642729485107
7486,77.0,94.0,0.0,94.0,e5,PPh2Me,nG,0.02908266774080822
7487,77.0,95.0,0.0,95.0,e3,CgMe-PPh,nI,0.37696044105126186
7488,78.0,0.0,0.0,0.0,e10,A-caPhos,nG,0.030747624704373516
7489,78.0,1.0,0.0,1.0,e10,BrettPhos,nD,0.9370714187232184
7490,78.0,2.0,0.0,2.0,e9,CX-FBu,nB,0.028022478485440292
7491,78.0,3.0,0.0,3.0,e1,CX-PICy,nI,0.16332586594833928
7492,78.0,4.0,0.0,4.0,e1,Cy-DavePhos,nB,0.14325304895448931
7493,78.0,5.0,0.0,5.0,e2,Cy-vBRIDP,nC,0.591401678089823
7494,78.0,6.0,0.0,6.0,e2,Kwong,nB,0.28740360301809015
7495,78.0,7.0,0.0,7.0,e3,MeO-KITPHOS,nF,0.6190014842829609
7496,78.0,8.0,0.0,8.0,e2,P(o-Anis)3,nC,0.2694306601099812
7497,78.0,9.0,0.0,9.0,e5,Et-PhenCar-Phos,nI,0.8679590234640545
7498,78.0,10.0,0.0,10.0,e4,JackiePhos,nF,0.14143573352899122
7499,78.0,11.0,0.0,11.0,e2,"P(3,5-CF3-Ph)3",nD,0.8356393853580697
7500,78.0,12.0,0.0,12.0,e3,P(fur)3,nC,0.46239361820179303
7501,78.0,13.0,0.0,13.0,e5,Ph-PhenCar-Phos,nA,0.0
7502,78.0,14.0,0.0,14.0,e7,PPh2Me,nI,0.05866681747449082
7503,78.0,15.0,0.0,15.0,e2,PPhtBu2,nD,0.9426908215088567
7504,78.0,16.0,0.0,16.0,e4,tBPh-CPhos,nB,0.008677035710621023
7505,78.0,17.0,0.0,17.0,e3,PPhMe2,nD,0.17694079610526336
7506,78.0,18.0,0.0,18.0,e9,Cy-BippyPhos,nF,0.9242970629259212
7507,78.0,19.0,0.0,19.0,e10,PCy3 HBF4,nG,0.03784536673058321
7508,78.0,20.0,0.0,20.0,e10,CgMe-PPh,nB,0.26208153455778976
7509,78.0,21.0,0.0,21.0,e2,PPh3,nD,0.829809282023606
7510,78.0,22.0,0.0,22.0,e3,X-Phos,nB,0.2000064287326038
7511,78.0,23.0,0.0,23.0,e9,PnBu3 HBF4,nA,0.20389990407151987
7512,78.0,24.0,0.0,24.0,e2,PPhtBu2,nB,0.2956916574075555
7513,78.0,25.0,0.0,25.0,e1,BrettPhos,nD,0.04394938440180767
7514,78.0,26.0,0.0,26.0,e7,Cy-BippyPhos,nD,1.0
7515,78.0,27.0,0.0,27.0,e9,Et-PhenCar-Phos,nC,0.3799408105497681
7516,78.0,28.0,0.0,28.0,e5,"P(3,5-CF3-Ph)3",nG,0.33880240957433805
7517,78.0,29.0,0.0,29.0,e7,PPh3,nA,0.39316365606983517
7518,78.0,30.0,0.0,30.0,e7,MeO-KITPHOS,nG,0.11322968814633767
7519,78.0,31.0,0.0,31.0,e5,Cy-vBRIDP,nI,0.7979626994163204
7520,78.0,32.0,0.0,32.0,e2,P(fur)3,nI,0.8026402936862348
7521,78.0,33.0,0.0,33.0,e1,Cy-BippyPhos,nB,0.16085798150695332
7522,78.0,34.0,0.0,34.0,e4,Kwong,nD,0.07279928824098204
7523,78.0,35.0,0.0,35.0,e4,P(o-Anis)3,nE,0.0
7524,78.0,36.0,0.0,36.0,e7,CgMe-PPh,nD,1.0
7525,78.0,37.0,0.0,37.0,e7,PnBu3 HBF4,nG,0.005323230430891596
7526,78.0,38.0,0.0,38.0,e1,X-Phos,nE,0.024633332147110165
7527,78.0,39.0,0.0,39.0,e7,PPhMe2,nF,0.0
7528,78.0,40.0,0.0,40.0,e2,CX-PICy,nD,0.844934148288056
7529,78.0,41.0,0.0,41.0,e1,Cy-DavePhos,nA,0.3421517795536883
7530,78.0,42.0,0.0,42.0,e2,JackiePhos,nA,0.9033456818168843
7531,78.0,43.0,0.0,43.0,e1,Cy-vBRIDP,nB,0.09907844745687962
7532,78.0,44.0,0.0,44.0,e5,PPh2Me,nC,0.7002906735204408
7533,78.0,45.0,0.0,45.0,e5,P(fur)3,nI,0.9167660385918296
7534,78.0,46.0,0.0,46.0,e9,CgMe-PPh,nE,0.1783004774895902
7535,78.0,47.0,0.0,47.0,e3,Et-PhenCar-Phos,nG,0.7493850028763238
7536,78.0,48.0,0.0,48.0,e10,PCy3 HBF4,nC,0.7481239349628751
7537,78.0,49.0,0.0,49.0,e4,PPhtBu2,nG,0.010529758099421742
7538,78.0,50.0,0.0,50.0,e5,A-caPhos,nF,0.19177908780741595
7539,78.0,51.0,0.0,51.0,e2,CX-FBu,nE,0.044215580612420015
7540,78.0,52.0,0.0,52.0,e1,PPh3,nB,0.1440608266906695
7541,78.0,53.0,0.0,53.0,e1,tBPh-CPhos,nI,0.239947127680601
7542,78.0,54.0,0.0,54.0,e3,"P(3,5-CF3-Ph)3",nF,0.739492776362512
7543,78.0,55.0,0.0,55.0,e5,Ph-PhenCar-Phos,nF,0.09156197264058712
7544,78.0,56.0,0.0,56.0,e2,JackiePhos,nD,0.8885726039005069
7545,78.0,57.0,0.0,57.0,e7,CX-PICy,nE,0.02553348260378032
7546,78.0,58.0,0.0,58.0,e7,BrettPhos,nE,0.0
7547,78.0,59.0,0.0,59.0,e10,P(fur)3,nD,0.986548910086449
7548,78.0,60.0,0.0,60.0,e1,Cy-BippyPhos,nG,0.15976408278590903
7549,78.0,61.0,0.0,61.0,e4,Et-PhenCar-Phos,nI,0.02371214570587278
7550,78.0,62.0,0.0,62.0,e10,PCy3 HBF4,nB,0.0
7551,78.0,63.0,0.0,63.0,e7,JackiePhos,nC,0.6688604819213119
7552,78.0,64.0,0.0,64.0,e9,PPh2Me,nA,0.1862919698404241
7553,78.0,65.0,0.0,65.0,e2,"P(3,5-CF3-Ph)3",nA,0.7596387385382168
7554,78.0,66.0,0.0,66.0,e2,P(fur)3,nA,0.7855864152365213
7555,78.0,67.0,0.0,67.0,e2,MeO-KITPHOS,nC,0.5379588871410882
7556,78.0,68.0,0.0,68.0,e7,P(fur)3,nI,0.30508908766736764
7557,78.0,69.0,0.0,69.0,e5,"P(3,5-CF3-Ph)3",nI,0.9667861636236104
7558,78.0,70.0,0.0,70.0,e9,Cy-DavePhos,nA,0.4785669589162221
7559,78.0,71.0,0.0,71.0,e2,Cy-vBRIDP,nD,0.9350385282324228
7560,78.0,72.0,0.0,72.0,e4,JackiePhos,nI,0.0
7561,78.0,73.0,0.0,73.0,e2,CgMe-PPh,nF,0.42403845111744487
7562,78.0,74.0,0.0,74.0,e3,"P(3,5-CF3-Ph)3",nI,0.34124947817961754
7563,78.0,75.0,0.0,75.0,e7,PPh3,nE,0.0
7564,78.0,76.0,0.0,76.0,e9,Cy-vBRIDP,nF,0.6967928130282119
7565,78.0,77.0,0.0,77.0,e2,Kwong,nC,0.5542025006813295
7566,78.0,78.0,0.0,78.0,e7,MeO-KITPHOS,nB,0.04698078637689876
7567,78.0,79.0,0.0,79.0,e2,PPhtBu2,nE,0.2141985283033928
7568,78.0,80.0,0.0,80.0,e10,Cy-BippyPhos,nB,0.44442545396979233
7569,78.0,81.0,0.0,81.0,e4,P(o-Anis)3,nF,0.16200930130091348
7570,78.0,82.0,0.0,82.0,e10,tBPh-CPhos,nA,0.738775541606104
7571,78.0,83.0,0.0,83.0,e10,X-Phos,nF,0.9068098364152221
7572,78.0,84.0,0.0,84.0,e10,X-Phos,nB,0.3561245065772018
7573,78.0,85.0,0.0,85.0,e2,P(fur)3,nG,0.26823050789231057
7574,78.0,86.0,0.0,86.0,e2,A-caPhos,nF,0.09240764466838348
7575,78.0,87.0,0.0,87.0,e10,PnBu3 HBF4,nF,0.9491493979218607
7576,78.0,88.0,0.0,88.0,e2,PnBu3 HBF4,nB,0.04474124971849085
7577,78.0,89.0,0.0,89.0,e5,Cy-vBRIDP,nB,0.24691256669659825
7578,78.0,90.0,0.0,90.0,e3,Et-PhenCar-Phos,nE,0.16222416431861286
7579,78.0,91.0,0.0,91.0,e1,PPhMe2,nG,0.015753918769731767
7580,78.0,92.0,0.0,92.0,e9,CX-PICy,nG,0.3105609528066332
7581,78.0,93.0,0.0,93.0,e1,tBPh-CPhos,nD,0.47671112549978
7582,78.0,94.0,0.0,94.0,e5,BrettPhos,nI,0.25661642729485107
7583,78.0,95.0,0.0,95.0,e4,"P(3,5-CF3-Ph)3",nE,0.022865395605389537
7584,79.0,0.0,0.0,0.0,e2,A-caPhos,nE,0.03960375441695721
7585,79.0,1.0,0.0,1.0,e5,BrettPhos,nE,0.03441463508665893
7586,79.0,2.0,0.0,2.0,e4,CX-FBu,nB,0.003611186330700581
7587,79.0,3.0,0.0,3.0,e3,CX-PICy,nF,0.6497944840300122
7588,79.0,4.0,0.0,4.0,e10,Cy-DavePhos,nG,0.3684434306199855
7589,79.0,5.0,0.0,5.0,e1,Cy-vBRIDP,nC,0.021046518566206512
7590,79.0,6.0,0.0,6.0,e1,Kwong,nB,0.06453691607178057
7591,79.0,7.0,0.0,7.0,e4,MeO-KITPHOS,nG,0.028037897530188406
7592,79.0,8.0,0.0,8.0,e1,P(o-Anis)3,nI,0.05879365689573417
7593,79.0,9.0,0.0,9.0,e9,Et-PhenCar-Phos,nB,0.15268768262180096
7594,79.0,10.0,0.0,10.0,e3,JackiePhos,nB,0.1608694107669877
7595,79.0,11.0,0.0,11.0,e10,"P(3,5-CF3-Ph)3",nI,0.941711710784077
7596,79.0,12.0,0.0,12.0,e2,P(fur)3,nG,0.26823050789231057
7597,79.0,13.0,0.0,13.0,e2,Ph-PhenCar-Phos,nB,0.0
7598,79.0,14.0,0.0,14.0,e2,PPh2Me,nC,0.6126561714426878
7599,79.0,15.0,0.0,15.0,e4,PPhtBu2,nF,0.0
7600,79.0,16.0,0.0,16.0,e2,tBPh-CPhos,nD,0.9627817421488892
7601,79.0,17.0,0.0,17.0,e4,PPhMe2,nE,0.0
7602,79.0,18.0,0.0,18.0,e1,Cy-BippyPhos,nA,0.6371489847313551
7603,79.0,19.0,0.0,19.0,e5,PCy3 HBF4,nE,0.04434804632877687
7604,79.0,20.0,0.0,20.0,e9,CgMe-PPh,nI,0.9133569283838853
7605,79.0,21.0,0.0,21.0,e9,PPh3,nE,0.09067760339083293
7606,79.0,22.0,0.0,22.0,e5,X-Phos,nC,0.7137664796412143
7607,79.0,23.0,0.0,23.0,e5,PnBu3 HBF4,nD,0.7923101429985819
7608,79.0,24.0,0.0,24.0,e9,tBPh-CPhos,nD,0.7798623769507976
7609,79.0,25.0,0.0,25.0,e7,"P(3,5-CF3-Ph)3",nE,0.01373661617423656
7610,79.0,26.0,0.0,26.0,e2,CgMe-PPh,nA,0.6670880102879697
7611,79.0,27.0,0.0,27.0,e10,PnBu3 HBF4,nC,0.6529372533584769
7612,79.0,28.0,0.0,28.0,e10,X-Phos,nG,0.26909978021938563
7613,79.0,29.0,0.0,29.0,e4,CX-PICy,nG,0.016007987024632152
7614,79.0,30.0,0.0,30.0,e1,Cy-BippyPhos,nC,0.12530079881726516
7615,79.0,31.0,0.0,31.0,e3,PPh2Me,nC,0.4855178301327266
7616,79.0,32.0,0.0,32.0,e2,Cy-DavePhos,nC,0.5482191793404829
7617,79.0,33.0,0.0,33.0,e3,tBPh-CPhos,nI,0.40203943367844525
7618,79.0,34.0,0.0,34.0,e1,P(fur)3,nG,0.026494931502405453
7619,79.0,35.0,0.0,35.0,e7,CgMe-PPh,nF,0.8590504388988899
7620,79.0,36.0,0.0,36.0,e3,JackiePhos,nC,0.5634096118513189
7621,79.0,37.0,0.0,37.0,e5,Et-PhenCar-Phos,nC,0.7420550241578128
7622,79.0,38.0,0.0,38.0,e1,PnBu3 HBF4,nA,0.033538713814707063
7623,79.0,39.0,0.0,39.0,e5,PPh3,nI,0.7008002329516867
7624,79.0,40.0,0.0,40.0,e3,Kwong,nA,0.52844484704448
7625,79.0,41.0,0.0,41.0,e7,P(o-Anis)3,nI,0.13909608509581536
7626,79.0,42.0,0.0,42.0,e4,PCy3 HBF4,nB,0.0
7627,79.0,43.0,0.0,43.0,e5,A-caPhos,nB,0.05123964518257458
7628,79.0,44.0,0.0,44.0,e9,BrettPhos,nB,0.015005675905422431
7629,79.0,45.0,0.0,45.0,e1,MeO-KITPHOS,nF,0.01625313158601373
7630,79.0,46.0,0.0,46.0,e9,Cy-vBRIDP,nB,0.1653784441959319
7631,79.0,47.0,0.0,47.0,e10,CX-FBu,nC,0.09554429852233287
7632,79.0,48.0,0.0,48.0,e1,Ph-PhenCar-Phos,nD,0.0693435439672117
7633,79.0,49.0,0.0,49.0,e1,PPhtBu2,nE,0.04945600408311233
7634,79.0,50.0,0.0,50.0,e2,PPhMe2,nB,0.34830416803640063
7635,79.0,51.0,0.0,51.0,e7,CgMe-PPh,nI,0.6142759277683246
7636,79.0,52.0,0.0,52.0,e2,PPh2Me,nA,0.027726601641446406
7637,79.0,53.0,0.0,53.0,e4,X-Phos,nI,0.009934677799407795
7638,79.0,54.0,0.0,54.0,e9,"P(3,5-CF3-Ph)3",nB,0.06814180345199915
7639,79.0,55.0,0.0,55.0,e7,Cy-DavePhos,nB,0.2152450446486366
7640,79.0,56.0,0.0,56.0,e7,tBPh-CPhos,nE,0.0
7641,79.0,57.0,0.0,57.0,e9,Et-PhenCar-Phos,nD,0.6763905107050712
7642,79.0,58.0,0.0,58.0,e3,PPh3,nC,0.5766867841866626
7643,79.0,59.0,0.0,59.0,e3,Cy-BippyPhos,nI,0.4880124029547394
7644,79.0,60.0,0.0,60.0,e7,JackiePhos,nF,0.01228824735837601
7645,79.0,61.0,0.0,61.0,e2,CgMe-PPh,nC,0.6339599379342666
7646,79.0,62.0,0.0,62.0,e1,CX-PICy,nE,0.08929455529222792
7647,79.0,63.0,0.0,63.0,e10,Kwong,nC,0.6516586410089802
7648,79.0,64.0,0.0,64.0,e3,Et-PhenCar-Phos,nA,0.6402198562439387
7649,79.0,65.0,0.0,65.0,e7,PnBu3 HBF4,nB,0.027547310407485818
7650,79.0,66.0,0.0,66.0,e9,CgMe-PPh,nD,0.6700037753165438
7651,79.0,67.0,0.0,67.0,e1,PPh3,nE,0.00995882546000144
7652,79.0,68.0,0.0,68.0,e5,PPhMe2,nC,0.6973280420518365
7653,79.0,69.0,0.0,69.0,e3,Cy-BippyPhos,nG,0.6656541362855952
7654,79.0,70.0,0.0,70.0,e4,Kwong,nC,0.13664049521331256
7655,79.0,71.0,0.0,71.0,e3,P(fur)3,nC,0.46239361820179303
7656,79.0,72.0,0.0,72.0,e2,Et-PhenCar-Phos,nG,0.21586957617119734
7657,79.0,73.0,0.0,73.0,e2,CgMe-PPh,nB,0.2326183566176621
7658,79.0,74.0,0.0,74.0,e4,tBPh-CPhos,nF,0.13333417034980927
7659,79.0,75.0,0.0,75.0,e1,Cy-DavePhos,nD,0.0801309667245095
7660,79.0,76.0,0.0,76.0,e7,PPh2Me,nE,0.014703352842934232
7661,79.0,77.0,0.0,77.0,e1,P(o-Anis)3,nD,0.06718965695755724
7662,79.0,78.0,0.0,78.0,e2,Cy-vBRIDP,nA,0.9280139562522538
7663,79.0,79.0,0.0,79.0,e5,Cy-vBRIDP,nE,0.15014188546666088
7664,79.0,80.0,0.0,80.0,e7,PPhMe2,nC,0.45538465088279884
7665,79.0,81.0,0.0,81.0,e3,"P(3,5-CF3-Ph)3",nC,0.5560644999980037
7666,79.0,82.0,0.0,82.0,e3,X-Phos,nE,0.1548016728315108
7667,79.0,83.0,0.0,83.0,e9,Cy-BippyPhos,nG,0.46478882021105844
7668,79.0,84.0,0.0,84.0,e10,CX-FBu,nF,0.19352259897861
7669,79.0,85.0,0.0,85.0,e2,A-caPhos,nG,0.08718212432149915
7670,79.0,86.0,0.0,86.0,e9,Ph-PhenCar-Phos,nC,0.36327049578373294
7671,79.0,87.0,0.0,87.0,e9,PPhtBu2,nI,0.6362211015918549
7672,79.0,88.0,0.0,88.0,e7,BrettPhos,nB,0.006706537467230552
7673,79.0,89.0,0.0,89.0,e1,PCy3 HBF4,nD,0.10789505494394104
7674,79.0,90.0,0.0,90.0,e3,MeO-KITPHOS,nI,0.3078359504421801
7675,79.0,91.0,0.0,91.0,e10,CgMe-PPh,nC,0.7862446552445246
7676,79.0,92.0,0.0,92.0,e7,P(fur)3,nF,0.003960698397596189
7677,79.0,93.0,0.0,93.0,e7,CX-PICy,nB,0.23030477566313212
7678,79.0,94.0,0.0,94.0,e9,JackiePhos,nC,0.3402888306071797
7679,79.0,95.0,0.0,95.0,e1,"P(3,5-CF3-Ph)3",nI,0.05907258173862887
7680,80.0,0.0,0.0,0.0,e10,A-caPhos,nG,0.030747624704373516
7681,80.0,1.0,0.0,1.0,e4,BrettPhos,nI,0.0
7682,80.0,2.0,0.0,2.0,e1,CX-FBu,nA,0.06728168343034004
7683,80.0,3.0,0.0,3.0,e1,CX-PICy,nA,0.5817574646717254
7684,80.0,4.0,0.0,4.0,e7,Cy-DavePhos,nB,0.2152450446486366
7685,80.0,5.0,0.0,5.0,e7,Cy-vBRIDP,nA,0.4856539808134513
7686,80.0,6.0,0.0,6.0,e10,Kwong,nG,0.24923381383602894
7687,80.0,7.0,0.0,7.0,e4,MeO-KITPHOS,nG,0.028037897530188406
7688,80.0,8.0,0.0,8.0,e1,P(o-Anis)3,nE,0.0726200206341357
7689,80.0,9.0,0.0,9.0,e2,Et-PhenCar-Phos,nE,0.039995288671309644
7690,80.0,10.0,0.0,10.0,e9,JackiePhos,nF,0.9465936072978836
7691,80.0,11.0,0.0,11.0,e3,"P(3,5-CF3-Ph)3",nE,0.07143086362203174
7692,80.0,12.0,0.0,12.0,e5,P(fur)3,nB,0.1834224346309997
7693,80.0,13.0,0.0,13.0,e1,Ph-PhenCar-Phos,nB,0.12250680218325506
7694,80.0,14.0,0.0,14.0,e1,PPh2Me,nB,0.01727201608687613
7695,80.0,15.0,0.0,15.0,e7,PPhtBu2,nC,0.30473655831052726
7696,80.0,16.0,0.0,16.0,e3,tBPh-CPhos,nG,0.6694190600721208
7697,80.0,17.0,0.0,17.0,e10,PPhMe2,nG,0.29388406090139285
7698,80.0,18.0,0.0,18.0,e1,Cy-BippyPhos,nB,0.16085798150695332
7699,80.0,19.0,0.0,19.0,e10,PCy3 HBF4,nF,0.5031493938885278
7700,80.0,20.0,0.0,20.0,e5,CgMe-PPh,nG,0.5263762443562906
7701,80.0,21.0,0.0,21.0,e3,PPh3,nG,0.5441952440189306
7702,80.0,22.0,0.0,22.0,e3,X-Phos,nE,0.1548016728315108
7703,80.0,23.0,0.0,23.0,e1,PnBu3 HBF4,nF,0.01643119627071477
7704,80.0,24.0,0.0,24.0,e7,JackiePhos,nG,0.19131726696005422
7705,80.0,25.0,0.0,25.0,e2,tBPh-CPhos,nA,0.8502272930334943
7706,80.0,26.0,0.0,26.0,e2,CX-PICy,nG,0.12786508394705637
7707,80.0,27.0,0.0,27.0,e10,PPh3,nE,0.026002383851906816
7708,80.0,28.0,0.0,28.0,e3,CgMe-PPh,nB,0.2170305015470435
7709,80.0,29.0,0.0,29.0,e7,PCy3 HBF4,nD,0.14803355669666612
7710,80.0,30.0,0.0,30.0,e9,Cy-vBRIDP,nA,0.003827159412294159
7711,80.0,31.0,0.0,31.0,e5,PPhtBu2,nG,0.3392981528661412
7712,80.0,32.0,0.0,32.0,e1,PPhMe2,nD,0.0
7713,80.0,33.0,0.0,33.0,e2,Kwong,nB,0.28740360301809015
7714,80.0,34.0,0.0,34.0,e4,Cy-DavePhos,nB,0.0
7715,80.0,35.0,0.0,35.0,e3,P(fur)3,nA,0.16816044846520725
7716,80.0,36.0,0.0,36.0,e2,tBPh-CPhos,nE,0.13432593614456043
7717,80.0,37.0,0.0,37.0,e3,Cy-BippyPhos,nF,0.818115739608698
7718,80.0,38.0,0.0,38.0,e7,X-Phos,nE,0.009747915997314067
7719,80.0,39.0,0.0,39.0,e3,Ph-PhenCar-Phos,nE,0.000513778510005651
7720,80.0,40.0,0.0,40.0,e5,P(o-Anis)3,nB,0.08805288524342034
7721,80.0,41.0,0.0,41.0,e5,"P(3,5-CF3-Ph)3",nE,0.16245071334673533
7722,80.0,42.0,0.0,42.0,e9,CX-FBu,nI,0.03414362913763253
7723,80.0,43.0,0.0,43.0,e4,Et-PhenCar-Phos,nB,0.016893387098010963
7724,80.0,44.0,0.0,44.0,e3,A-caPhos,nF,0.7082011417231325
7725,80.0,45.0,0.0,45.0,e2,MeO-KITPHOS,nB,0.2471450614128532
7726,80.0,46.0,0.0,46.0,e5,PPh2Me,nB,0.24852294716245807
7727,80.0,47.0,0.0,47.0,e4,PnBu3 HBF4,nG,0.0
7728,80.0,48.0,0.0,48.0,e4,BrettPhos,nF,0.08545068709718086
7729,80.0,49.0,0.0,49.0,e5,JackiePhos,nB,0.3749398944667019
7730,80.0,50.0,0.0,50.0,e7,Cy-BippyPhos,nA,0.5454537179950174
7731,80.0,51.0,0.0,51.0,e7,CgMe-PPh,nG,0.20467687014770913
7732,80.0,52.0,0.0,52.0,e1,A-caPhos,nE,0.03499297317844621
7733,80.0,53.0,0.0,53.0,e4,CX-PICy,nF,0.11376981015319125
7734,80.0,54.0,0.0,54.0,e5,PCy3 HBF4,nD,0.4635875867274559
7735,80.0,55.0,0.0,55.0,e1,PPhtBu2,nD,0.03363179088885197
7736,80.0,56.0,0.0,56.0,e4,tBPh-CPhos,nG,0.04357628217462166
7737,80.0,57.0,0.0,57.0,e10,PPh3,nA,0.17893078161194448
7738,80.0,58.0,0.0,58.0,e7,Kwong,nF,0.19003296934826672
7739,80.0,59.0,0.0,59.0,e5,Cy-BippyPhos,nG,0.45451502639332875
7740,80.0,60.0,0.0,60.0,e7,JackiePhos,nA,0.507068550436567
7741,80.0,61.0,0.0,61.0,e4,Cy-vBRIDP,nI,0.08512605466614513
7742,80.0,62.0,0.0,62.0,e2,P(fur)3,nC,0.531364471158177
7743,80.0,63.0,0.0,63.0,e7,PPhMe2,nI,0.12447799772050785
7744,80.0,64.0,0.0,64.0,e10,MeO-KITPHOS,nG,0.4483889452545666
7745,80.0,65.0,0.0,65.0,e10,PPh2Me,nA,0.7312605481380088
7746,80.0,66.0,0.0,66.0,e1,"P(3,5-CF3-Ph)3",nI,0.05907258173862887
7747,80.0,67.0,0.0,67.0,e10,PCy3 HBF4,nA,0.06858302437999264
7748,80.0,68.0,0.0,68.0,e3,Cy-DavePhos,nC,0.37215812981068086
7749,80.0,69.0,0.0,69.0,e9,JackiePhos,nC,0.3402888306071797
7750,80.0,70.0,0.0,70.0,e9,X-Phos,nE,0.11576466040964467
7751,80.0,71.0,0.0,71.0,e10,Cy-BippyPhos,nF,0.9551634913355087
7752,80.0,72.0,0.0,72.0,e1,P(o-Anis)3,nI,0.05879365689573417
7753,80.0,73.0,0.0,73.0,e3,PPh2Me,nI,0.0
7754,80.0,74.0,0.0,74.0,e10,Cy-BippyPhos,nE,0.15176129512938982
7755,80.0,75.0,0.0,75.0,e1,Ph-PhenCar-Phos,nA,0.18568024853139675
7756,80.0,76.0,0.0,76.0,e7,CgMe-PPh,nI,0.6142759277683246
7757,80.0,77.0,0.0,77.0,e1,CX-FBu,nF,0.05899310894002479
7758,80.0,78.0,0.0,78.0,e1,BrettPhos,nE,0.0
7759,80.0,79.0,0.0,79.0,e10,P(fur)3,nI,0.900708416999593
7760,80.0,80.0,0.0,80.0,e2,P(fur)3,nE,0.12109249824231177
7761,80.0,81.0,0.0,81.0,e1,Et-PhenCar-Phos,nE,0.038240826794146296
7762,80.0,82.0,0.0,82.0,e7,CX-PICy,nC,0.5896946040296001
7763,80.0,83.0,0.0,83.0,e10,tBPh-CPhos,nI,0.7208013397621875
7764,80.0,84.0,0.0,84.0,e9,PnBu3 HBF4,nA,0.20389990407151987
7765,80.0,85.0,0.0,85.0,e3,A-caPhos,nI,0.251402716237195
7766,80.0,86.0,0.0,86.0,e7,PPh3,nC,0.8376892636395048
7767,80.0,87.0,0.0,87.0,e1,Kwong,nD,0.08645291673067909
7768,80.0,88.0,0.0,88.0,e10,PPh3,nG,0.1393167968001149
7769,80.0,89.0,0.0,89.0,e1,MeO-KITPHOS,nF,0.01625313158601373
7770,80.0,90.0,0.0,90.0,e5,CgMe-PPh,nF,0.4710660416220753
7771,80.0,91.0,0.0,91.0,e10,PPhtBu2,nD,0.9552227828319847
7772,80.0,92.0,0.0,92.0,e1,PPhtBu2,nC,0.04142482366500885
7773,80.0,93.0,0.0,93.0,e2,tBPh-CPhos,nD,0.9627817421488892
7774,80.0,94.0,0.0,94.0,e10,tBPh-CPhos,nF,0.955503603321246
7775,80.0,95.0,0.0,95.0,e3,tBPh-CPhos,nE,0.18973560206253479
7776,81.0,0.0,0.0,0.0,e4,A-caPhos,nA,0.066015799846542
7777,81.0,1.0,0.0,1.0,e5,BrettPhos,nB,0.12946958176386614
7778,81.0,2.0,0.0,2.0,e4,CX-FBu,nI,0.026545433452423287
7779,81.0,3.0,0.0,3.0,e2,CX-PICy,nD,0.844934148288056
7780,81.0,4.0,0.0,4.0,e3,Cy-DavePhos,nD,0.6446826086450984
7781,81.0,5.0,0.0,5.0,e2,Cy-vBRIDP,nA,0.9280139562522538
7782,81.0,6.0,0.0,6.0,e5,Kwong,nE,0.16336084003327056
7783,81.0,7.0,0.0,7.0,e5,MeO-KITPHOS,nD,0.7150014599477411
7784,81.0,8.0,0.0,8.0,e3,P(o-Anis)3,nE,0.0347685138498739
7785,81.0,9.0,0.0,9.0,e3,Et-PhenCar-Phos,nI,0.2910836416236313
7786,81.0,10.0,0.0,10.0,e7,JackiePhos,nC,0.6688604819213119
7787,81.0,11.0,0.0,11.0,e7,"P(3,5-CF3-Ph)3",nA,0.10610513723257087
7788,81.0,12.0,0.0,12.0,e2,P(fur)3,nD,0.8273907264709449
7789,81.0,13.0,0.0,13.0,e7,Ph-PhenCar-Phos,nE,0.014969722878949149
7790,81.0,14.0,0.0,14.0,e3,PPh2Me,nA,0.009003872028159892
7791,81.0,15.0,0.0,15.0,e7,PPhtBu2,nG,0.019417998587740952
7792,81.0,16.0,0.0,16.0,e5,tBPh-CPhos,nG,0.3364545940088557
7793,81.0,17.0,0.0,17.0,e9,PPhMe2,nF,0.0
7794,81.0,18.0,0.0,18.0,e3,Cy-BippyPhos,nA,0.7065412188883603
7795,81.0,19.0,0.0,19.0,e1,PCy3 HBF4,nB,0.04339996600929039
7796,81.0,20.0,0.0,20.0,e5,CgMe-PPh,nC,0.7463019251283864
7797,81.0,21.0,0.0,21.0,e10,PPh3,nC,0.8555703332989744
7798,81.0,22.0,0.0,22.0,e9,X-Phos,nD,0.745297985783962
7799,81.0,23.0,0.0,23.0,e4,PnBu3 HBF4,nF,0.07661274417725286
7800,81.0,24.0,0.0,24.0,e7,Cy-vBRIDP,nA,0.4856539808134513
7801,81.0,25.0,0.0,25.0,e9,PPh3,nF,0.6925620811975002
7802,81.0,26.0,0.0,26.0,e7,CX-PICy,nD,1.0
7803,81.0,27.0,0.0,27.0,e5,P(fur)3,nD,0.7206680265827334
7804,81.0,28.0,0.0,28.0,e7,CgMe-PPh,nF,0.8590504388988899
7805,81.0,29.0,0.0,29.0,e3,X-Phos,nC,0.5782791539418308
7806,81.0,30.0,0.0,30.0,e3,MeO-KITPHOS,nF,0.6190014842829609
7807,81.0,31.0,0.0,31.0,e4,Cy-BippyPhos,nC,0.45425693534735095
7808,81.0,32.0,0.0,32.0,e5,JackiePhos,nB,0.3749398944667019
7809,81.0,33.0,0.0,33.0,e2,Cy-DavePhos,nB,0.3895783251678055
7810,81.0,34.0,0.0,34.0,e9,CX-PICy,nB,0.017548782295091724
7811,81.0,35.0,0.0,35.0,e4,tBPh-CPhos,nG,0.04357628217462166
7812,81.0,36.0,0.0,36.0,e4,Et-PhenCar-Phos,nI,0.02371214570587278
7813,81.0,37.0,0.0,37.0,e3,CgMe-PPh,nI,0.37696044105126186
7814,81.0,38.0,0.0,38.0,e2,PPh3,nI,0.5983316480220364
7815,81.0,39.0,0.0,39.0,e2,P(fur)3,nE,0.12109249824231177
7816,81.0,40.0,0.0,40.0,e2,Kwong,nF,0.7262280592039937
7817,81.0,41.0,0.0,41.0,e1,BrettPhos,nF,0.02959502704843433
7818,81.0,42.0,0.0,42.0,e9,Cy-vBRIDP,nI,0.6700718714523624
7819,81.0,43.0,0.0,43.0,e1,"P(3,5-CF3-Ph)3",nI,0.05907258173862887
7820,81.0,44.0,0.0,44.0,e5,MeO-KITPHOS,nC,0.6524320098130438
7821,81.0,45.0,0.0,45.0,e2,PnBu3 HBF4,nI,0.3422463973419018
7822,81.0,46.0,0.0,46.0,e4,X-Phos,nA,0.026820456479429548
7823,81.0,47.0,0.0,47.0,e5,A-caPhos,nC,0.7479428186239185
7824,81.0,48.0,0.0,48.0,e10,PCy3 HBF4,nF,0.5031493938885278
7825,81.0,49.0,0.0,49.0,e2,P(o-Anis)3,nC,0.2694306601099812
7826,81.0,50.0,0.0,50.0,e1,CX-FBu,nE,0.0
7827,81.0,51.0,0.0,51.0,e5,PPhtBu2,nF,0.03204541377761061
7828,81.0,52.0,0.0,52.0,e2,Ph-PhenCar-Phos,nE,0.002935248313701339
7829,81.0,53.0,0.0,53.0,e2,PPh2Me,nI,0.2867303573574186
7830,81.0,54.0,0.0,54.0,e2,PPhMe2,nE,0.206575885338896
7831,81.0,55.0,0.0,55.0,e3,Cy-BippyPhos,nF,0.818115739608698
7832,81.0,56.0,0.0,56.0,e2,JackiePhos,nC,0.5096826906052602
7833,81.0,57.0,0.0,57.0,e10,Cy-DavePhos,nC,0.6949319682872127
7834,81.0,58.0,0.0,58.0,e3,PPh3,nB,0.10579944408648047
7835,81.0,59.0,0.0,59.0,e1,Kwong,nC,0.006793877228623898
7836,81.0,60.0,0.0,60.0,e10,Cy-vBRIDP,nA,0.6642431458921436
7837,81.0,61.0,0.0,61.0,e4,A-caPhos,nC,0.22300559618283194
7838,81.0,62.0,0.0,62.0,e7,MeO-KITPHOS,nG,0.11322968814633767
7839,81.0,63.0,0.0,63.0,e10,CgMe-PPh,nB,0.26208153455778976
7840,81.0,64.0,0.0,64.0,e3,Cy-BippyPhos,nI,0.4880124029547394
7841,81.0,65.0,0.0,65.0,e3,CX-PICy,nF,0.6497944840300122
7842,81.0,66.0,0.0,66.0,e10,Cy-DavePhos,nI,0.7834423636635293
7843,81.0,67.0,0.0,67.0,e4,P(fur)3,nD,0.03673341810204701
7844,81.0,68.0,0.0,68.0,e5,PCy3 HBF4,nB,0.02481060011325073
7845,81.0,69.0,0.0,69.0,e7,Cy-vBRIDP,nG,0.2559159577514194
7846,81.0,70.0,0.0,70.0,e3,JackiePhos,nC,0.5634096118513189
7847,81.0,71.0,0.0,71.0,e5,Cy-DavePhos,nB,0.24820523727080449
7848,81.0,72.0,0.0,72.0,e4,CX-PICy,nB,0.013717757670572962
7849,81.0,73.0,0.0,73.0,e4,PnBu3 HBF4,nG,0.0
7850,81.0,74.0,0.0,74.0,e3,Cy-BippyPhos,nD,0.7257486948775891
7851,81.0,75.0,0.0,75.0,e5,X-Phos,nC,0.7137664796412143
7852,81.0,76.0,0.0,76.0,e5,tBPh-CPhos,nC,0.7175681052805551
7853,81.0,77.0,0.0,77.0,e9,Et-PhenCar-Phos,nB,0.15268768262180096
7854,81.0,78.0,0.0,78.0,e10,P(o-Anis)3,nD,0.21473020833290504
7855,81.0,79.0,0.0,79.0,e7,PPh3,nF,0.578123168434268
7856,81.0,80.0,0.0,80.0,e2,PPh2Me,nF,0.0
7857,81.0,81.0,0.0,81.0,e1,CgMe-PPh,nB,0.12558127711891434
7858,81.0,82.0,0.0,82.0,e7,Cy-BippyPhos,nG,0.3885701449233445
7859,81.0,83.0,0.0,83.0,e1,JackiePhos,nD,0.5137263354833275
7860,81.0,84.0,0.0,84.0,e7,MeO-KITPHOS,nA,0.11368563470080227
7861,81.0,85.0,0.0,85.0,e1,tBPh-CPhos,nC,0.20431204836192307
7862,81.0,86.0,0.0,86.0,e2,PPhMe2,nI,0.5671887226956333
7863,81.0,87.0,0.0,87.0,e2,X-Phos,nF,0.2803025402995705
7864,81.0,88.0,0.0,88.0,e4,A-caPhos,nF,0.177284613811449
7865,81.0,89.0,0.0,89.0,e3,"P(3,5-CF3-Ph)3",nD,0.5723115602287895
7866,81.0,90.0,0.0,90.0,e10,Cy-vBRIDP,nD,0.9843096018311139
7867,81.0,91.0,0.0,91.0,e7,BrettPhos,nC,0.0
7868,81.0,92.0,0.0,92.0,e4,Cy-vBRIDP,nI,0.08512605466614513
7869,81.0,93.0,0.0,93.0,e10,PPh3,nI,0.6602505435133692
7870,81.0,94.0,0.0,94.0,e4,Kwong,nB,0.0
7871,81.0,95.0,0.0,95.0,e3,Cy-DavePhos,nE,0.1655425072853271
7872,82.0,0.0,0.0,0.0,e5,A-caPhos,nC,0.7479428186239185
7873,82.0,1.0,0.0,1.0,e4,BrettPhos,nF,0.08545068709718086
7874,82.0,2.0,0.0,2.0,e2,CX-FBu,nC,0.0
7875,82.0,3.0,0.0,3.0,e3,CX-PICy,nG,0.45815090380182744
7876,82.0,4.0,0.0,4.0,e3,Cy-DavePhos,nF,0.8181899294726043
7877,82.0,5.0,0.0,5.0,e3,Cy-vBRIDP,nG,0.6350943239493974
7878,82.0,6.0,0.0,6.0,e4,Kwong,nE,0.0
7879,82.0,7.0,0.0,7.0,e4,MeO-KITPHOS,nA,0.009388644305479189
7880,82.0,8.0,0.0,8.0,e10,P(o-Anis)3,nI,0.12648823608270143
7881,82.0,9.0,0.0,9.0,e2,Et-PhenCar-Phos,nB,0.30781579365006
7882,82.0,10.0,0.0,10.0,e10,JackiePhos,nE,0.13231340139379136
7883,82.0,11.0,0.0,11.0,e10,"P(3,5-CF3-Ph)3",nE,0.08377153804882367
7884,82.0,12.0,0.0,12.0,e7,P(fur)3,nI,0.30508908766736764
7885,82.0,13.0,0.0,13.0,e1,Ph-PhenCar-Phos,nC,0.12082905001684137
7886,82.0,14.0,0.0,14.0,e9,PPh2Me,nF,0.31363771031122095
7887,82.0,15.0,0.0,15.0,e5,PPhtBu2,nI,0.6943756174940648
7888,82.0,16.0,0.0,16.0,e2,tBPh-CPhos,nF,0.9180522305589233
7889,82.0,17.0,0.0,17.0,e9,PPhMe2,nC,0.30440801781180693
7890,82.0,18.0,0.0,18.0,e3,Cy-BippyPhos,nA,0.7065412188883603
7891,82.0,19.0,0.0,19.0,e3,PCy3 HBF4,nD,0.6525316662080763
7892,82.0,20.0,0.0,20.0,e4,CgMe-PPh,nA,0.05836143390317885
7893,82.0,21.0,0.0,21.0,e7,PPh3,nF,0.578123168434268
7894,82.0,22.0,0.0,22.0,e9,X-Phos,nB,0.1353117060763067
7895,82.0,23.0,0.0,23.0,e10,PnBu3 HBF4,nE,0.04185113905030638
7896,82.0,24.0,0.0,24.0,e2,tBPh-CPhos,nG,0.21498121859438568
7897,82.0,25.0,0.0,25.0,e3,Cy-DavePhos,nE,0.1655425072853271
7898,82.0,26.0,0.0,26.0,e4,A-caPhos,nE,0.0
7899,82.0,27.0,0.0,27.0,e1,Cy-BippyPhos,nE,0.08360289329221145
7900,82.0,28.0,0.0,28.0,e2,PPhtBu2,nI,0.6066938793729448
7901,82.0,29.0,0.0,29.0,e3,PCy3 HBF4,nB,0.006581360557928457
7902,82.0,30.0,0.0,30.0,e9,Cy-vBRIDP,nI,0.6700718714523624
7903,82.0,31.0,0.0,31.0,e2,PPh3,nI,0.5983316480220364
7904,82.0,32.0,0.0,32.0,e4,CX-PICy,nI,0.049131110362350565
7905,82.0,33.0,0.0,33.0,e7,PPh2Me,nF,0.03319774188221985
7906,82.0,34.0,0.0,34.0,e5,Et-PhenCar-Phos,nG,0.4088272163752651
7907,82.0,35.0,0.0,35.0,e4,P(fur)3,nE,0.000437879828488327
7908,82.0,36.0,0.0,36.0,e7,PPhMe2,nC,0.45538465088279884
7909,82.0,37.0,0.0,37.0,e1,X-Phos,nE,0.024633332147110165
7910,82.0,38.0,0.0,38.0,e3,JackiePhos,nB,0.1608694107669877
7911,82.0,39.0,0.0,39.0,e10,P(o-Anis)3,nD,0.21473020833290504
7912,82.0,40.0,0.0,40.0,e2,Ph-PhenCar-Phos,nE,0.002935248313701339
7913,82.0,41.0,0.0,41.0,e7,BrettPhos,nE,0.0
7914,82.0,42.0,0.0,42.0,e1,"P(3,5-CF3-Ph)3",nC,0.0
7915,82.0,43.0,0.0,43.0,e1,Cy-vBRIDP,nE,0.10273481023694789
7916,82.0,44.0,0.0,44.0,e1,PPhtBu2,nE,0.04945600408311233
7917,82.0,45.0,0.0,45.0,e5,CgMe-PPh,nC,0.7463019251283864
7918,82.0,46.0,0.0,46.0,e1,PnBu3 HBF4,nI,0.09337979085237404
7919,82.0,47.0,0.0,47.0,e2,MeO-KITPHOS,nE,0.14157346928450873
7920,82.0,48.0,0.0,48.0,e9,PPh3,nB,0.08611579146274333
7921,82.0,49.0,0.0,49.0,e10,CX-FBu,nB,0.1174497941912104
7922,82.0,50.0,0.0,50.0,e2,Kwong,nE,0.15385645810893028
7923,82.0,51.0,0.0,51.0,e7,tBPh-CPhos,nA,0.42655708759840044
7924,82.0,52.0,0.0,52.0,e9,Cy-DavePhos,nI,0.6237855110018449
7925,82.0,53.0,0.0,53.0,e3,CgMe-PPh,nG,0.693870840573733
7926,82.0,54.0,0.0,54.0,e3,Cy-BippyPhos,nF,0.818115739608698
7927,82.0,55.0,0.0,55.0,e10,PPhMe2,nF,0.9662268038122928
7928,82.0,56.0,0.0,56.0,e9,A-caPhos,nD,0.5903907562753792
7929,82.0,57.0,0.0,57.0,e4,Et-PhenCar-Phos,nC,0.5137778282322677
7930,82.0,58.0,0.0,58.0,e5,PCy3 HBF4,nF,0.0989693910252459
7931,82.0,59.0,0.0,59.0,e9,PPhMe2,nG,0.16312105796441556
7932,82.0,60.0,0.0,60.0,e3,Cy-BippyPhos,nE,0.21120990283036814
7933,82.0,61.0,0.0,61.0,e2,Cy-DavePhos,nE,0.13508476980027337
7934,82.0,62.0,0.0,62.0,e4,tBPh-CPhos,nB,0.008677035710621023
7935,82.0,63.0,0.0,63.0,e7,CX-PICy,nB,0.23030477566313212
7936,82.0,64.0,0.0,64.0,e2,CgMe-PPh,nG,0.416125825549032
7937,82.0,65.0,0.0,65.0,e4,Cy-vBRIDP,nF,0.08710389043025306
7938,82.0,66.0,0.0,66.0,e10,PPhtBu2,nI,0.8224211337896827
7939,82.0,67.0,0.0,67.0,e10,A-caPhos,nG,0.030747624704373516
7940,82.0,68.0,0.0,68.0,e5,PPh2Me,nC,0.7002906735204408
7941,82.0,69.0,0.0,69.0,e10,P(o-Anis)3,nF,0.06384265359275798
7942,82.0,70.0,0.0,70.0,e1,PPh3,nG,0.03305769806250671
7943,82.0,71.0,0.0,71.0,e2,P(fur)3,nA,0.7855864152365213
7944,82.0,72.0,0.0,72.0,e2,Et-PhenCar-Phos,nD,0.9214853157259724
7945,82.0,73.0,0.0,73.0,e1,JackiePhos,nC,0.10916790305363006
7946,82.0,74.0,0.0,74.0,e4,PPhtBu2,nC,0.0
7947,82.0,75.0,0.0,75.0,e5,Et-PhenCar-Phos,nC,0.7420550241578128
7948,82.0,76.0,0.0,76.0,e1,P(fur)3,nD,0.027849023497232013
7949,82.0,77.0,0.0,77.0,e10,PPh2Me,nB,0.020868406358790646
7950,82.0,78.0,0.0,78.0,e4,X-Phos,nF,0.075113393769907
7951,82.0,79.0,0.0,79.0,e9,Kwong,nC,0.3519968307033692
7952,82.0,80.0,0.0,80.0,e2,MeO-KITPHOS,nF,0.6735229847545438
7953,82.0,81.0,0.0,81.0,e1,PnBu3 HBF4,nF,0.01643119627071477
7954,82.0,82.0,0.0,82.0,e2,CgMe-PPh,nE,0.14444129012752938
7955,82.0,83.0,0.0,83.0,e4,Ph-PhenCar-Phos,nA,0.0
7956,82.0,84.0,0.0,84.0,e10,Et-PhenCar-Phos,nA,0.7401699862842729
7957,82.0,85.0,0.0,85.0,e5,CX-FBu,nC,0.07791633633204394
7958,82.0,86.0,0.0,86.0,e3,PPhMe2,nD,0.17694079610526336
7959,82.0,87.0,0.0,87.0,e4,BrettPhos,nG,0.0
7960,82.0,88.0,0.0,88.0,e2,"P(3,5-CF3-Ph)3",nE,0.09746826633878404
7961,82.0,89.0,0.0,89.0,e10,Cy-BippyPhos,nC,0.6737699231822453
7962,82.0,90.0,0.0,90.0,e1,Cy-DavePhos,nI,0.007578802183845745
7963,82.0,91.0,0.0,91.0,e9,MeO-KITPHOS,nD,0.6506971208307475
7964,82.0,92.0,0.0,92.0,e4,Et-PhenCar-Phos,nI,0.02371214570587278
7965,82.0,93.0,0.0,93.0,e4,PCy3 HBF4,nB,0.0
7966,82.0,94.0,0.0,94.0,e3,CX-PICy,nF,0.6497944840300122
7967,82.0,95.0,0.0,95.0,e7,Cy-BippyPhos,nB,0.26761082245238416
7968,83.0,0.0,0.0,0.0,e2,A-caPhos,nF,0.09240764466838348
7969,83.0,1.0,0.0,1.0,e9,BrettPhos,nB,0.015005675905422431
7970,83.0,2.0,0.0,2.0,e4,CX-FBu,nG,0.020464891268564923
7971,83.0,3.0,0.0,3.0,e7,CX-PICy,nE,0.02553348260378032
7972,83.0,4.0,0.0,4.0,e5,Cy-DavePhos,nB,0.24820523727080449
7973,83.0,5.0,0.0,5.0,e7,Cy-vBRIDP,nC,0.6820459911323365
7974,83.0,6.0,0.0,6.0,e2,Kwong,nI,0.5869140300450231
7975,83.0,7.0,0.0,7.0,e2,MeO-KITPHOS,nI,0.6167813320248422
7976,83.0,8.0,0.0,8.0,e3,P(o-Anis)3,nB,0.08812842587343037
7977,83.0,9.0,0.0,9.0,e4,Et-PhenCar-Phos,nF,0.10620274724550914
7978,83.0,10.0,0.0,10.0,e7,JackiePhos,nB,0.2780363157049384
7979,83.0,11.0,0.0,11.0,e4,"P(3,5-CF3-Ph)3",nI,0.07226229178364636
7980,83.0,12.0,0.0,12.0,e4,P(fur)3,nF,0.07182384377127193
7981,83.0,13.0,0.0,13.0,e2,Ph-PhenCar-Phos,nF,0.02360378244278219
7982,83.0,14.0,0.0,14.0,e2,PPh2Me,nB,0.354546359191998
7983,83.0,15.0,0.0,15.0,e4,PPhtBu2,nE,0.0
7984,83.0,16.0,0.0,16.0,e2,tBPh-CPhos,nB,0.3113430630612205
7985,83.0,17.0,0.0,17.0,e9,PPhMe2,nG,0.16312105796441556
7986,83.0,18.0,0.0,18.0,e1,Cy-BippyPhos,nC,0.12530079881726516
7987,83.0,19.0,0.0,19.0,e4,PCy3 HBF4,nA,0.03156483605433674
7988,83.0,20.0,0.0,20.0,e5,CgMe-PPh,nB,0.24129886485371901
7989,83.0,21.0,0.0,21.0,e10,PPh3,nD,0.9785597434506366
7990,83.0,22.0,0.0,22.0,e4,X-Phos,nI,0.009934677799407795
7991,83.0,23.0,0.0,23.0,e7,PnBu3 HBF4,nA,0.19159700729969498
7992,83.0,24.0,0.0,24.0,e3,PPh3,nE,0.056276657784168405
7993,83.0,25.0,0.0,25.0,e4,Cy-vBRIDP,nI,0.08512605466614513
7994,83.0,26.0,0.0,26.0,e4,MeO-KITPHOS,nA,0.009388644305479189
7995,83.0,27.0,0.0,27.0,e3,Kwong,nA,0.52844484704448
7996,83.0,28.0,0.0,28.0,e7,PPh2Me,nI,0.05866681747449082
7997,83.0,29.0,0.0,29.0,e7,tBPh-CPhos,nG,0.06459244912713331
7998,83.0,30.0,0.0,30.0,e9,JackiePhos,nD,0.6112600941230104
7999,83.0,31.0,0.0,31.0,e9,Cy-DavePhos,nF,0.869939977523386
8000,83.0,32.0,0.0,32.0,e1,CgMe-PPh,nA,0.6945948510850428
8001,83.0,33.0,0.0,33.0,e1,PnBu3 HBF4,nE,0.0
8002,83.0,34.0,0.0,34.0,e3,PPhMe2,nB,0.03243076392530086
8003,83.0,35.0,0.0,35.0,e10,Cy-BippyPhos,nD,1.0
8004,83.0,36.0,0.0,36.0,e1,Et-PhenCar-Phos,nF,0.09483902946857867
8005,83.0,37.0,0.0,37.0,e3,A-caPhos,nE,0.07288605180469757
8006,83.0,38.0,0.0,38.0,e2,P(o-Anis)3,nB,0.11086154927683153
8007,83.0,39.0,0.0,39.0,e10,"P(3,5-CF3-Ph)3",nA,0.546272038278152
8008,83.0,40.0,0.0,40.0,e10,P(fur)3,nB,0.29107612738736705
8009,83.0,41.0,0.0,41.0,e5,PCy3 HBF4,nG,0.056653910463520696
8010,83.0,42.0,0.0,42.0,e2,CX-PICy,nF,0.35525432440321075
8011,83.0,43.0,0.0,43.0,e1,Ph-PhenCar-Phos,nB,0.12250680218325506
8012,83.0,44.0,0.0,44.0,e4,CX-FBu,nD,0.01181462181211995
8013,83.0,45.0,0.0,45.0,e4,BrettPhos,nC,0.2081868974382628
8014,83.0,46.0,0.0,46.0,e5,X-Phos,nF,0.5612705116717954
8015,83.0,47.0,0.0,47.0,e4,PPhtBu2,nC,0.0
8016,83.0,48.0,0.0,48.0,e7,Cy-BippyPhos,nC,0.8232211000009824
8017,83.0,49.0,0.0,49.0,e9,Cy-DavePhos,nC,0.37373314589550694
8018,83.0,50.0,0.0,50.0,e3,Kwong,nC,0.49266490533355695
8019,83.0,51.0,0.0,51.0,e2,PPh3,nA,0.008904947561475468
8020,83.0,52.0,0.0,52.0,e7,CgMe-PPh,nG,0.20467687014770913
8021,83.0,53.0,0.0,53.0,e4,JackiePhos,nC,0.28682741874775813
8022,83.0,54.0,0.0,54.0,e4,Cy-BippyPhos,nI,0.01506826698150689
8023,83.0,55.0,0.0,55.0,e10,Cy-vBRIDP,nC,0.6923970246236064
8024,83.0,56.0,0.0,56.0,e9,MeO-KITPHOS,nC,0.35851761793533216
8025,83.0,57.0,0.0,57.0,e2,"P(3,5-CF3-Ph)3",nC,0.5485762544154528
8026,83.0,58.0,0.0,58.0,e10,X-Phos,nE,0.0935959226806929
8027,83.0,59.0,0.0,59.0,e9,Kwong,nF,0.6183071390945252
8028,83.0,60.0,0.0,60.0,e10,Cy-DavePhos,nA,0.6290037488957982
8029,83.0,61.0,0.0,61.0,e10,Cy-vBRIDP,nG,0.3608953345580712
8030,83.0,62.0,0.0,62.0,e3,PPh2Me,nE,0.10038963691603196
8031,83.0,63.0,0.0,63.0,e5,CX-PICy,nI,0.7387768863355436
8032,83.0,64.0,0.0,64.0,e10,tBPh-CPhos,nF,0.955503603321246
8033,83.0,65.0,0.0,65.0,e1,tBPh-CPhos,nF,0.2236049471858116
8034,83.0,66.0,0.0,66.0,e10,P(fur)3,nI,0.900708416999593
8035,83.0,67.0,0.0,67.0,e1,P(fur)3,nE,0.030488115443860403
8036,83.0,68.0,0.0,68.0,e1,Kwong,nC,0.006793877228623898
8037,83.0,69.0,0.0,69.0,e5,JackiePhos,nE,0.24549969999845586
8038,83.0,70.0,0.0,70.0,e3,"P(3,5-CF3-Ph)3",nG,0.13026635301464337
8039,83.0,71.0,0.0,71.0,e2,CgMe-PPh,nA,0.6670880102879697
8040,83.0,72.0,0.0,72.0,e9,Cy-DavePhos,nB,0.10197404268440335
8041,83.0,73.0,0.0,73.0,e1,CX-PICy,nC,0.17448452116943244
8042,83.0,74.0,0.0,74.0,e9,BrettPhos,nD,0.116949762005874
8043,83.0,75.0,0.0,75.0,e10,Et-PhenCar-Phos,nE,0.1423623971693994
8044,83.0,76.0,0.0,76.0,e3,P(o-Anis)3,nA,0.1800745926353478
8045,83.0,77.0,0.0,77.0,e9,PPhMe2,nB,0.05685342476548213
8046,83.0,78.0,0.0,78.0,e4,PnBu3 HBF4,nI,0.0
8047,83.0,79.0,0.0,79.0,e3,PPh3,nD,0.558051966163369
8048,83.0,80.0,0.0,80.0,e9,A-caPhos,nB,0.040633394833466153
8049,83.0,81.0,0.0,81.0,e7,Cy-BippyPhos,nD,1.0
8050,83.0,82.0,0.0,82.0,e1,Ph-PhenCar-Phos,nA,0.18568024853139675
8051,83.0,83.0,0.0,83.0,e4,Cy-BippyPhos,nE,0.0
8052,83.0,84.0,0.0,84.0,e2,MeO-KITPHOS,nE,0.14157346928450873
8053,83.0,85.0,0.0,85.0,e10,PCy3 HBF4,nE,0.04178712243346533
8054,83.0,86.0,0.0,86.0,e3,Cy-vBRIDP,nD,0.6292634271358025
8055,83.0,87.0,0.0,87.0,e10,CgMe-PPh,nF,0.9345922792122748
8056,83.0,88.0,0.0,88.0,e2,CgMe-PPh,nE,0.14444129012752938
8057,83.0,89.0,0.0,89.0,e10,CX-FBu,nD,0.021025961968080993
8058,83.0,90.0,0.0,90.0,e5,PPhtBu2,nD,0.7431815841843207
8059,83.0,91.0,0.0,91.0,e3,PPhtBu2,nI,0.2459288839092893
8060,83.0,92.0,0.0,92.0,e3,PPh3,nG,0.5441952440189306
8061,83.0,93.0,0.0,93.0,e4,tBPh-CPhos,nG,0.04357628217462166
8062,83.0,94.0,0.0,94.0,e5,Cy-vBRIDP,nB,0.24691256669659825
8063,83.0,95.0,0.0,95.0,e2,X-Phos,nB,0.20337122330638152
8064,84.0,0.0,0.0,0.0,e4,A-caPhos,nA,0.066015799846542
8065,84.0,1.0,0.0,1.0,e9,BrettPhos,nE,0.04085862990218846
8066,84.0,2.0,0.0,2.0,e1,CX-FBu,nC,0.027604957748843088
8067,84.0,3.0,0.0,3.0,e3,CX-PICy,nA,0.3216556256640709
8068,84.0,4.0,0.0,4.0,e5,Cy-DavePhos,nG,0.4296099762008142
8069,84.0,5.0,0.0,5.0,e4,Cy-vBRIDP,nA,0.021399040085944364
8070,84.0,6.0,0.0,6.0,e9,Kwong,nC,0.3519968307033692
8071,84.0,7.0,0.0,7.0,e7,MeO-KITPHOS,nC,0.1818058238116577
8072,84.0,8.0,0.0,8.0,e5,P(o-Anis)3,nB,0.08805288524342034
8073,84.0,9.0,0.0,9.0,e1,Et-PhenCar-Phos,nG,0.07748698744311458
8074,84.0,10.0,0.0,10.0,e5,JackiePhos,nI,0.6882070592144776
8075,84.0,11.0,0.0,11.0,e1,"P(3,5-CF3-Ph)3",nF,0.0
8076,84.0,12.0,0.0,12.0,e2,P(fur)3,nE,0.12109249824231177
8077,84.0,13.0,0.0,13.0,e7,Ph-PhenCar-Phos,nA,0.20865958976807292
8078,84.0,14.0,0.0,14.0,e3,PPh2Me,nI,0.0
8079,84.0,15.0,0.0,15.0,e10,PPhtBu2,nB,0.3350890548052822
8080,84.0,16.0,0.0,16.0,e3,tBPh-CPhos,nC,0.4601786928065039
8081,84.0,17.0,0.0,17.0,e3,PPhMe2,nG,0.3443466389164857
8082,84.0,18.0,0.0,18.0,e2,Cy-BippyPhos,nI,0.67187359635982
8083,84.0,19.0,0.0,19.0,e10,PCy3 HBF4,nA,0.06858302437999264
8084,84.0,20.0,0.0,20.0,e3,CgMe-PPh,nC,0.5573433814229866
8085,84.0,21.0,0.0,21.0,e9,PPh3,nD,0.6001831529671628
8086,84.0,22.0,0.0,22.0,e9,X-Phos,nB,0.1353117060763067
8087,84.0,23.0,0.0,23.0,e3,PnBu3 HBF4,nC,0.5104443617808837
8088,84.0,24.0,0.0,24.0,e1,JackiePhos,nA,0.8639833503359745
8089,84.0,25.0,0.0,25.0,e7,Cy-BippyPhos,nF,0.8908823040179712
8090,84.0,26.0,0.0,26.0,e10,PPh3,nB,0.027379747986006113
8091,84.0,27.0,0.0,27.0,e7,CgMe-PPh,nD,1.0
8092,84.0,28.0,0.0,28.0,e4,PnBu3 HBF4,nC,0.0
8093,84.0,29.0,0.0,29.0,e5,tBPh-CPhos,nB,0.28432749904894056
8094,84.0,30.0,0.0,30.0,e5,Cy-DavePhos,nF,0.03313108332432727
8095,84.0,31.0,0.0,31.0,e3,Kwong,nF,0.751341990836228
8096,84.0,32.0,0.0,32.0,e4,PPhMe2,nB,0.0
8097,84.0,33.0,0.0,33.0,e10,PPhtBu2,nD,0.9552227828319847
8098,84.0,34.0,0.0,34.0,e2,CX-PICy,nB,0.019159777876378164
8099,84.0,35.0,0.0,35.0,e2,Ph-PhenCar-Phos,nG,0.0
8100,84.0,36.0,0.0,36.0,e5,Cy-BippyPhos,nC,0.7310324837389857
8101,84.0,37.0,0.0,37.0,e3,CgMe-PPh,nG,0.693870840573733
8102,84.0,38.0,0.0,38.0,e2,JackiePhos,nD,0.8885726039005069
8103,84.0,39.0,0.0,39.0,e7,MeO-KITPHOS,nI,0.21783562748931537
8104,84.0,40.0,0.0,40.0,e1,X-Phos,nE,0.024633332147110165
8105,84.0,41.0,0.0,41.0,e7,P(fur)3,nE,0.0
8106,84.0,42.0,0.0,42.0,e10,P(o-Anis)3,nD,0.21473020833290504
8107,84.0,43.0,0.0,43.0,e7,Et-PhenCar-Phos,nD,1.0
8108,84.0,44.0,0.0,44.0,e4,PCy3 HBF4,nF,0.1806752523043707
8109,84.0,45.0,0.0,45.0,e9,A-caPhos,nD,0.5903907562753792
8110,84.0,46.0,0.0,46.0,e1,PPhtBu2,nG,0.0
8111,84.0,47.0,0.0,47.0,e7,BrettPhos,nC,0.0
8112,84.0,48.0,0.0,48.0,e4,CX-FBu,nB,0.003611186330700581
8113,84.0,49.0,0.0,49.0,e5,Cy-vBRIDP,nC,0.6808973298430087
8114,84.0,50.0,0.0,50.0,e3,"P(3,5-CF3-Ph)3",nB,0.04364158279813684
8115,84.0,51.0,0.0,51.0,e9,PPh2Me,nD,0.09858496056367311
8116,84.0,52.0,0.0,52.0,e5,JackiePhos,nA,0.7290418673450977
8117,84.0,53.0,0.0,53.0,e10,Kwong,nF,0.8938930828018169
8118,84.0,54.0,0.0,54.0,e1,Et-PhenCar-Phos,nB,0.04532172338475905
8119,84.0,55.0,0.0,55.0,e4,Cy-BippyPhos,nD,0.0
8120,84.0,56.0,0.0,56.0,e3,CgMe-PPh,nE,0.13080909557688172
8121,84.0,57.0,0.0,57.0,e3,Kwong,nE,0.12194116840481971
8122,84.0,58.0,0.0,58.0,e4,JackiePhos,nG,0.011497397001572884
8123,84.0,59.0,0.0,59.0,e1,tBPh-CPhos,nF,0.2236049471858116
8124,84.0,60.0,0.0,60.0,e2,Cy-vBRIDP,nC,0.591401678089823
8125,84.0,61.0,0.0,61.0,e4,A-caPhos,nE,0.0
8126,84.0,62.0,0.0,62.0,e2,PPh3,nI,0.5983316480220364
8127,84.0,63.0,0.0,63.0,e5,PnBu3 HBF4,nA,0.048714441027052635
8128,84.0,64.0,0.0,64.0,e5,Cy-DavePhos,nA,0.7763833572037856
8129,84.0,65.0,0.0,65.0,e5,MeO-KITPHOS,nI,0.7966198404456795
8130,84.0,66.0,0.0,66.0,e5,CgMe-PPh,nD,0.8391860239024482
8131,84.0,67.0,0.0,67.0,e3,PPhMe2,nC,0.45752334695304314
8132,84.0,68.0,0.0,68.0,e7,Cy-vBRIDP,nB,0.18834091750393028
8133,84.0,69.0,0.0,69.0,e5,PPhtBu2,nC,0.7698254349858591
8134,84.0,70.0,0.0,70.0,e4,CX-PICy,nI,0.049131110362350565
8135,84.0,71.0,0.0,71.0,e9,Cy-BippyPhos,nI,0.7811843865330459
8136,84.0,72.0,0.0,72.0,e1,Cy-DavePhos,nF,0.0
8137,84.0,73.0,0.0,73.0,e2,P(o-Anis)3,nA,0.25800548866225337
8138,84.0,74.0,0.0,74.0,e4,PPh3,nB,0.04245983275840727
8139,84.0,75.0,0.0,75.0,e2,MeO-KITPHOS,nC,0.5379588871410882
8140,84.0,76.0,0.0,76.0,e5,PCy3 HBF4,nC,0.7610838314818648
8141,84.0,77.0,0.0,77.0,e5,CgMe-PPh,nF,0.4710660416220753
8142,84.0,78.0,0.0,78.0,e10,JackiePhos,nF,0.9125036644148156
8143,84.0,79.0,0.0,79.0,e10,Kwong,nI,0.44837347162573915
8144,84.0,80.0,0.0,80.0,e7,Et-PhenCar-Phos,nE,0.05718031328307803
8145,84.0,81.0,0.0,81.0,e2,Ph-PhenCar-Phos,nD,0.16891370076688705
8146,84.0,82.0,0.0,82.0,e9,PPhtBu2,nI,0.6362211015918549
8147,84.0,83.0,0.0,83.0,e3,Cy-BippyPhos,nI,0.4880124029547394
8148,84.0,84.0,0.0,84.0,e7,JackiePhos,nI,0.6032624128682527
8149,84.0,85.0,0.0,85.0,e7,X-Phos,nI,0.10875787618113172
8150,84.0,86.0,0.0,86.0,e7,PCy3 HBF4,nD,0.14803355669666612
8151,84.0,87.0,0.0,87.0,e9,tBPh-CPhos,nC,0.363549380851319
8152,84.0,88.0,0.0,88.0,e4,P(fur)3,nG,0.003303003899865808
8153,84.0,89.0,0.0,89.0,e10,PPh2Me,nE,0.052986997437251694
8154,84.0,90.0,0.0,90.0,e2,"P(3,5-CF3-Ph)3",nB,0.3077541564280736
8155,84.0,91.0,0.0,91.0,e4,BrettPhos,nF,0.08545068709718086
8156,84.0,92.0,0.0,92.0,e3,PPhtBu2,nB,0.11748362565060226
8157,84.0,93.0,0.0,93.0,e10,MeO-KITPHOS,nE,0.08167116258886992
8158,84.0,94.0,0.0,94.0,e4,CgMe-PPh,nD,0.08321089559018727
8159,84.0,95.0,0.0,95.0,e7,CX-FBu,nB,0.0925326789625629
8160,85.0,0.0,0.0,0.0,e10,A-caPhos,nB,0.05297439210885078
8161,85.0,1.0,0.0,1.0,e2,BrettPhos,nB,0.018712271806066737
8162,85.0,2.0,0.0,2.0,e10,CX-FBu,nG,0.07949868376012764
8163,85.0,3.0,0.0,3.0,e5,CX-PICy,nC,0.7219644854632059
8164,85.0,4.0,0.0,4.0,e5,Cy-DavePhos,nA,0.7763833572037856
8165,85.0,5.0,0.0,5.0,e5,Cy-vBRIDP,nI,0.7979626994163204
8166,85.0,6.0,0.0,6.0,e5,Kwong,nA,0.5502353247445788
8167,85.0,7.0,0.0,7.0,e4,MeO-KITPHOS,nE,0.0
8168,85.0,8.0,0.0,8.0,e1,P(o-Anis)3,nA,0.30722554215143316
8169,85.0,9.0,0.0,9.0,e3,Et-PhenCar-Phos,nI,0.2910836416236313
8170,85.0,10.0,0.0,10.0,e3,JackiePhos,nD,0.6652224475203186
8171,85.0,11.0,0.0,11.0,e5,"P(3,5-CF3-Ph)3",nB,0.24568271742359823
8172,85.0,12.0,0.0,12.0,e7,P(fur)3,nA,0.15917780258602543
8173,85.0,13.0,0.0,13.0,e5,Ph-PhenCar-Phos,nD,0.05973892971813824
8174,85.0,14.0,0.0,14.0,e9,PPh2Me,nA,0.1862919698404241
8175,85.0,15.0,0.0,15.0,e10,PPhtBu2,nC,0.7230058104876745
8176,85.0,16.0,0.0,16.0,e7,tBPh-CPhos,nG,0.06459244912713331
8177,85.0,17.0,0.0,17.0,e5,PPhMe2,nI,0.7440098607047809
8178,85.0,18.0,0.0,18.0,e2,Cy-BippyPhos,nC,0.565819186487617
8179,85.0,19.0,0.0,19.0,e7,PCy3 HBF4,nI,0.1338582855355113
8180,85.0,20.0,0.0,20.0,e1,CgMe-PPh,nG,0.16657970973424252
8181,85.0,21.0,0.0,21.0,e2,PPh3,nE,0.08087648972572638
8182,85.0,22.0,0.0,22.0,e5,X-Phos,nA,0.7308372177455247
8183,85.0,23.0,0.0,23.0,e7,PnBu3 HBF4,nC,0.08381330857807825
8184,85.0,24.0,0.0,24.0,e1,Cy-vBRIDP,nA,0.2888460681891715
8185,85.0,25.0,0.0,25.0,e9,Cy-DavePhos,nD,0.7064770155795914
8186,85.0,26.0,0.0,26.0,e10,PPhMe2,nC,0.711717873982058
8187,85.0,27.0,0.0,27.0,e10,X-Phos,nI,0.7187458586231107
8188,85.0,28.0,0.0,28.0,e10,PPhtBu2,nG,0.2854037571220982
8189,85.0,29.0,0.0,29.0,e7,CX-PICy,nB,0.23030477566313212
8190,85.0,30.0,0.0,30.0,e9,JackiePhos,nC,0.3402888306071797
8191,85.0,31.0,0.0,31.0,e10,Cy-BippyPhos,nD,1.0
8192,85.0,32.0,0.0,32.0,e3,Kwong,nG,0.6379955567259125
8193,85.0,33.0,0.0,33.0,e1,P(o-Anis)3,nB,0.11943131203109891
8194,85.0,34.0,0.0,34.0,e5,Et-PhenCar-Phos,nC,0.7420550241578128
8195,85.0,35.0,0.0,35.0,e2,"P(3,5-CF3-Ph)3",nG,0.292311804161314
8196,85.0,36.0,0.0,36.0,e3,Cy-BippyPhos,nF,0.818115739608698
8197,85.0,37.0,0.0,37.0,e4,PPh2Me,nC,0.0
8198,85.0,38.0,0.0,38.0,e4,CgMe-PPh,nE,0.0309977877786149
8199,85.0,39.0,0.0,39.0,e9,P(fur)3,nI,0.28711297797323754
8200,85.0,40.0,0.0,40.0,e4,Cy-DavePhos,nA,0.030639879401734644
8201,85.0,41.0,0.0,41.0,e4,PPhMe2,nC,0.05076454644852316
8202,85.0,42.0,0.0,42.0,e1,X-Phos,nG,0.030496859953677565
8203,85.0,43.0,0.0,43.0,e1,PCy3 HBF4,nA,0.3323423832967356
8204,85.0,44.0,0.0,44.0,e3,PnBu3 HBF4,nF,0.742670929975428
8205,85.0,45.0,0.0,45.0,e10,PPh3,nE,0.026002383851906816
8206,85.0,46.0,0.0,46.0,e5,CX-FBu,nG,0.012379252545960754
8207,85.0,47.0,0.0,47.0,e3,tBPh-CPhos,nE,0.18973560206253479
8208,85.0,48.0,0.0,48.0,e7,Ph-PhenCar-Phos,nG,0.014831130594019472
8209,85.0,49.0,0.0,49.0,e9,A-caPhos,nF,0.3473256083599624
8210,85.0,50.0,0.0,50.0,e7,BrettPhos,nB,0.006706537467230552
8211,85.0,51.0,0.0,51.0,e10,Kwong,nE,0.10609667459949558
8212,85.0,52.0,0.0,52.0,e5,MeO-KITPHOS,nB,0.28637906683057796
8213,85.0,53.0,0.0,53.0,e1,Cy-vBRIDP,nD,0.12134762347017049
8214,85.0,54.0,0.0,54.0,e4,Cy-BippyPhos,nE,0.0
8215,85.0,55.0,0.0,55.0,e1,Et-PhenCar-Phos,nF,0.09483902946857867
8216,85.0,56.0,0.0,56.0,e2,PPhtBu2,nE,0.2141985283033928
8217,85.0,57.0,0.0,57.0,e5,JackiePhos,nG,0.338261501637445
8218,85.0,58.0,0.0,58.0,e2,CX-PICy,nB,0.019159777876378164
8219,85.0,59.0,0.0,59.0,e4,PnBu3 HBF4,nD,0.037089716289498115
8220,85.0,60.0,0.0,60.0,e10,"P(3,5-CF3-Ph)3",nF,0.8478546310824894
8221,85.0,61.0,0.0,61.0,e10,Cy-DavePhos,nA,0.6290037488957982
8222,85.0,62.0,0.0,62.0,e9,PPhMe2,nC,0.30440801781180693
8223,85.0,63.0,0.0,63.0,e7,X-Phos,nD,0.3829370574937559
8224,85.0,64.0,0.0,64.0,e1,PCy3 HBF4,nG,0.011446303846680505
8225,85.0,65.0,0.0,65.0,e2,P(fur)3,nC,0.531364471158177
8226,85.0,66.0,0.0,66.0,e3,P(o-Anis)3,nG,0.21909794334000537
8227,85.0,67.0,0.0,67.0,e1,"P(3,5-CF3-Ph)3",nG,0.0
8228,85.0,68.0,0.0,68.0,e4,A-caPhos,nG,0.029990371767592245
8229,85.0,69.0,0.0,69.0,e10,JackiePhos,nB,0.3412973722922598
8230,85.0,70.0,0.0,70.0,e10,Cy-BippyPhos,nA,0.7528860791443422
8231,85.0,71.0,0.0,71.0,e7,Kwong,nF,0.19003296934826672
8232,85.0,72.0,0.0,72.0,e3,PPhtBu2,nA,0.3650613273843325
8233,85.0,73.0,0.0,73.0,e3,Cy-vBRIDP,nI,0.34345800467563153
8234,85.0,74.0,0.0,74.0,e2,MeO-KITPHOS,nG,0.2917340042609233
8235,85.0,75.0,0.0,75.0,e10,tBPh-CPhos,nD,1.0
8236,85.0,76.0,0.0,76.0,e7,tBPh-CPhos,nA,0.42655708759840044
8237,85.0,77.0,0.0,77.0,e4,Cy-DavePhos,nD,0.03141453777755875
8238,85.0,78.0,0.0,78.0,e10,Et-PhenCar-Phos,nI,0.8978098811886851
8239,85.0,79.0,0.0,79.0,e4,Cy-BippyPhos,nC,0.45425693534735095
8240,85.0,80.0,0.0,80.0,e1,CgMe-PPh,nA,0.6945948510850428
8241,85.0,81.0,0.0,81.0,e2,PPh2Me,nF,0.0
8242,85.0,82.0,0.0,82.0,e9,Et-PhenCar-Phos,nC,0.3799408105497681
8243,85.0,83.0,0.0,83.0,e5,P(fur)3,nA,0.7422450479697658
8244,85.0,84.0,0.0,84.0,e5,CX-PICy,nA,0.6723589540000653
8245,85.0,85.0,0.0,85.0,e9,PPh3,nE,0.09067760339083293
8246,85.0,86.0,0.0,86.0,e2,X-Phos,nD,0.810292693921554
8247,85.0,87.0,0.0,87.0,e1,CX-FBu,nD,0.04874487002483518
8248,85.0,88.0,0.0,88.0,e3,PPhMe2,nD,0.17694079610526336
8249,85.0,89.0,0.0,89.0,e10,CgMe-PPh,nD,0.9667080207978768
8250,85.0,90.0,0.0,90.0,e2,CgMe-PPh,nF,0.42403845111744487
8251,85.0,91.0,0.0,91.0,e9,Ph-PhenCar-Phos,nD,0.6767072029805355
8252,85.0,92.0,0.0,92.0,e1,PnBu3 HBF4,nA,0.033538713814707063
8253,85.0,93.0,0.0,93.0,e5,P(fur)3,nI,0.9167660385918296
8254,85.0,94.0,0.0,94.0,e3,X-Phos,nI,0.43402238114543207
8255,85.0,95.0,0.0,95.0,e9,BrettPhos,nA,0.05897317034300215
8256,86.0,0.0,0.0,0.0,e5,A-caPhos,nF,0.19177908780741595
8257,86.0,1.0,0.0,1.0,e2,BrettPhos,nI,0.27240859666650985
8258,86.0,2.0,0.0,2.0,e10,CX-FBu,nB,0.1174497941912104
8259,86.0,3.0,0.0,3.0,e1,CX-PICy,nE,0.08929455529222792
8260,86.0,4.0,0.0,4.0,e1,Cy-DavePhos,nI,0.007578802183845745
8261,86.0,5.0,0.0,5.0,e10,Cy-vBRIDP,nE,0.10818426656909862
8262,86.0,6.0,0.0,6.0,e10,Kwong,nA,0.5880136022074371
8263,86.0,7.0,0.0,7.0,e5,MeO-KITPHOS,nD,0.7150014599477411
8264,86.0,8.0,0.0,8.0,e7,P(o-Anis)3,nG,0.04483783011499854
8265,86.0,9.0,0.0,9.0,e2,Et-PhenCar-Phos,nE,0.039995288671309644
8266,86.0,10.0,0.0,10.0,e3,JackiePhos,nF,0.779856233931088
8267,86.0,11.0,0.0,11.0,e4,"P(3,5-CF3-Ph)3",nF,0.12460832905550522
8268,86.0,12.0,0.0,12.0,e3,P(fur)3,nE,0.09598414323281666
8269,86.0,13.0,0.0,13.0,e5,Ph-PhenCar-Phos,nF,0.09156197264058712
8270,86.0,14.0,0.0,14.0,e3,PPh2Me,nE,0.10038963691603196
8271,86.0,15.0,0.0,15.0,e4,PPhtBu2,nD,0.015477322861925848
8272,86.0,16.0,0.0,16.0,e3,tBPh-CPhos,nF,0.8810310712945111
8273,86.0,17.0,0.0,17.0,e3,PPhMe2,nB,0.03243076392530086
8274,86.0,18.0,0.0,18.0,e2,Cy-BippyPhos,nB,0.3284195625331717
8275,86.0,19.0,0.0,19.0,e7,PCy3 HBF4,nG,0.0
8276,86.0,20.0,0.0,20.0,e10,CgMe-PPh,nB,0.26208153455778976
8277,86.0,21.0,0.0,21.0,e2,PPh3,nG,0.1371811438806168
8278,86.0,22.0,0.0,22.0,e1,X-Phos,nC,0.27431091804894675
8279,86.0,23.0,0.0,23.0,e10,PnBu3 HBF4,nI,0.26729288053977013
8280,86.0,24.0,0.0,24.0,e4,tBPh-CPhos,nA,0.0348084285544355
8281,86.0,25.0,0.0,25.0,e4,JackiePhos,nE,0.0
8282,86.0,26.0,0.0,26.0,e10,MeO-KITPHOS,nF,0.8931997261223513
8283,86.0,27.0,0.0,27.0,e10,Kwong,nB,0.3444954378360332
8284,86.0,28.0,0.0,28.0,e7,Cy-BippyPhos,nF,0.8908823040179712
8285,86.0,29.0,0.0,29.0,e9,X-Phos,nE,0.11576466040964467
8286,86.0,30.0,0.0,30.0,e3,BrettPhos,nE,0.012327416789753938
8287,86.0,31.0,0.0,31.0,e3,PnBu3 HBF4,nE,0.07267279002281227
8288,86.0,32.0,0.0,32.0,e2,CgMe-PPh,nF,0.42403845111744487
8289,86.0,33.0,0.0,33.0,e5,MeO-KITPHOS,nF,0.6717033584808797
8290,86.0,34.0,0.0,34.0,e7,A-caPhos,nI,0.1501933291748367
8291,86.0,35.0,0.0,35.0,e10,PPh3,nD,0.9785597434506366
8292,86.0,36.0,0.0,36.0,e10,"P(3,5-CF3-Ph)3",nE,0.08377153804882367
8293,86.0,37.0,0.0,37.0,e4,CX-FBu,nE,0.0
8294,86.0,38.0,0.0,38.0,e7,Cy-vBRIDP,nD,0.5488733534623731
8295,86.0,39.0,0.0,39.0,e3,PPh2Me,nC,0.4855178301327266
8296,86.0,40.0,0.0,40.0,e2,P(fur)3,nI,0.8026402936862348
8297,86.0,41.0,0.0,41.0,e3,Ph-PhenCar-Phos,nD,0.47450746117667053
8298,86.0,42.0,0.0,42.0,e7,CX-PICy,nF,0.22737199353381096
8299,86.0,43.0,0.0,43.0,e2,P(o-Anis)3,nC,0.2694306601099812
8300,86.0,44.0,0.0,44.0,e7,Et-PhenCar-Phos,nF,0.8005855615874519
8301,86.0,45.0,0.0,45.0,e3,PPhMe2,nA,0.3195986379275633
8302,86.0,46.0,0.0,46.0,e9,Cy-BippyPhos,nF,0.9242970629259212
8303,86.0,47.0,0.0,47.0,e1,PPhtBu2,nI,0.0
8304,86.0,48.0,0.0,48.0,e7,Cy-DavePhos,nB,0.2152450446486366
8305,86.0,49.0,0.0,49.0,e7,PCy3 HBF4,nA,0.25607908411044755
8306,86.0,50.0,0.0,50.0,e5,PPh3,nD,0.7503383283607225
8307,86.0,51.0,0.0,51.0,e9,MeO-KITPHOS,nG,0.30072675877618354
8308,86.0,52.0,0.0,52.0,e4,Kwong,nA,0.0
8309,86.0,53.0,0.0,53.0,e5,tBPh-CPhos,nA,0.7026512612569452
8310,86.0,54.0,0.0,54.0,e4,Cy-BippyPhos,nB,0.001309200773603058
8311,86.0,55.0,0.0,55.0,e3,P(fur)3,nI,0.10333447340607371
8312,86.0,56.0,0.0,56.0,e4,Et-PhenCar-Phos,nD,0.045517695769122665
8313,86.0,57.0,0.0,57.0,e1,JackiePhos,nA,0.8639833503359745
8314,86.0,58.0,0.0,58.0,e1,PPh3,nB,0.1440608266906695
8315,86.0,59.0,0.0,59.0,e9,CgMe-PPh,nA,0.4265411652763391
8316,86.0,60.0,0.0,60.0,e5,Cy-vBRIDP,nB,0.24691256669659825
8317,86.0,61.0,0.0,61.0,e7,PPh2Me,nB,0.022176359893621114
8318,86.0,62.0,0.0,62.0,e1,JackiePhos,nD,0.5137263354833275
8319,86.0,63.0,0.0,63.0,e7,Ph-PhenCar-Phos,nE,0.014969722878949149
8320,86.0,64.0,0.0,64.0,e2,tBPh-CPhos,nF,0.9180522305589233
8321,86.0,65.0,0.0,65.0,e3,MeO-KITPHOS,nE,0.10167919655151128
8322,86.0,66.0,0.0,66.0,e7,tBPh-CPhos,nF,0.04219969859241317
8323,86.0,67.0,0.0,67.0,e7,X-Phos,nF,0.15361466712198887
8324,86.0,68.0,0.0,68.0,e2,PPhMe2,nF,0.6752763886691495
8325,86.0,69.0,0.0,69.0,e3,A-caPhos,nI,0.251402716237195
8326,86.0,70.0,0.0,70.0,e10,PnBu3 HBF4,nF,0.9491493979218607
8327,86.0,71.0,0.0,71.0,e1,PnBu3 HBF4,nB,0.005892158794976363
8328,86.0,72.0,0.0,72.0,e5,CX-PICy,nG,0.35909736921031543
8329,86.0,73.0,0.0,73.0,e1,P(o-Anis)3,nE,0.0726200206341357
8330,86.0,74.0,0.0,74.0,e3,BrettPhos,nC,0.13197723746779189
8331,86.0,75.0,0.0,75.0,e2,PCy3 HBF4,nG,0.00663833998076357
8332,86.0,76.0,0.0,76.0,e10,JackiePhos,nF,0.9125036644148156
8333,86.0,77.0,0.0,77.0,e2,Cy-BippyPhos,nG,0.21398062661899547
8334,86.0,78.0,0.0,78.0,e10,Cy-DavePhos,nG,0.3684434306199855
8335,86.0,79.0,0.0,79.0,e4,CgMe-PPh,nD,0.08321089559018727
8336,86.0,80.0,0.0,80.0,e10,"P(3,5-CF3-Ph)3",nG,0.420516226306976
8337,86.0,81.0,0.0,81.0,e7,JackiePhos,nE,0.0
8338,86.0,82.0,0.0,82.0,e4,PPh3,nG,0.07172298480230663
8339,86.0,83.0,0.0,83.0,e10,PPhMe2,nE,0.1008193657573415
8340,86.0,84.0,0.0,84.0,e4,P(fur)3,nF,0.07182384377127193
8341,86.0,85.0,0.0,85.0,e3,CX-FBu,nF,0.4573086162402998
8342,86.0,86.0,0.0,86.0,e7,Kwong,nE,0.004040419088719778
8343,86.0,87.0,0.0,87.0,e5,Cy-vBRIDP,nG,0.40071151817911255
8344,86.0,88.0,0.0,88.0,e9,Et-PhenCar-Phos,nE,0.09970326563233488
8345,86.0,89.0,0.0,89.0,e5,MeO-KITPHOS,nI,0.7966198404456795
8346,86.0,90.0,0.0,90.0,e5,PPhtBu2,nA,0.6662908668048635
8347,86.0,91.0,0.0,91.0,e3,tBPh-CPhos,nG,0.6694190600721208
8348,86.0,92.0,0.0,92.0,e7,MeO-KITPHOS,nF,0.14909057955854127
8349,86.0,93.0,0.0,93.0,e3,PPhtBu2,nE,0.13875537672279908
8350,86.0,94.0,0.0,94.0,e3,CX-PICy,nB,0.0849376627257103
8351,86.0,95.0,0.0,95.0,e1,Cy-BippyPhos,nI,0.2211067826223972
8352,87.0,0.0,0.0,0.0,e7,A-caPhos,nF,0.1328274541277745
8353,87.0,1.0,0.0,1.0,e7,BrettPhos,nA,0.0124654631537221
8354,87.0,2.0,0.0,2.0,e7,CX-FBu,nA,0.026781225321877523
8355,87.0,3.0,0.0,3.0,e5,CX-PICy,nE,0.19791536280621153
8356,87.0,4.0,0.0,4.0,e2,Cy-DavePhos,nG,0.27117001204677615
8357,87.0,5.0,0.0,5.0,e4,Cy-vBRIDP,nI,0.08512605466614513
8358,87.0,6.0,0.0,6.0,e7,Kwong,nE,0.004040419088719778
8359,87.0,7.0,0.0,7.0,e1,MeO-KITPHOS,nF,0.01625313158601373
8360,87.0,8.0,0.0,8.0,e10,P(o-Anis)3,nB,0.07857661737600978
8361,87.0,9.0,0.0,9.0,e10,Et-PhenCar-Phos,nG,0.4986371729738086
8362,87.0,10.0,0.0,10.0,e9,JackiePhos,nA,0.4878435591523317
8363,87.0,11.0,0.0,11.0,e3,"P(3,5-CF3-Ph)3",nF,0.739492776362512
8364,87.0,12.0,0.0,12.0,e5,P(fur)3,nD,0.7206680265827334
8365,87.0,13.0,0.0,13.0,e7,Ph-PhenCar-Phos,nD,0.1799508601397997
8366,87.0,14.0,0.0,14.0,e3,PPh2Me,nD,0.22980567343975122
8367,87.0,15.0,0.0,15.0,e10,PPhtBu2,nB,0.3350890548052822
8368,87.0,16.0,0.0,16.0,e7,tBPh-CPhos,nD,0.9555589604373731
8369,87.0,17.0,0.0,17.0,e10,PPhMe2,nB,0.36471787230730734
8370,87.0,18.0,0.0,18.0,e9,Cy-BippyPhos,nF,0.9242970629259212
8371,87.0,19.0,0.0,19.0,e1,PCy3 HBF4,nF,0.0936542572430908
8372,87.0,20.0,0.0,20.0,e1,CgMe-PPh,nB,0.12558127711891434
8373,87.0,21.0,0.0,21.0,e1,PPh3,nI,0.04621439454240948
8374,87.0,22.0,0.0,22.0,e4,X-Phos,nC,0.34258955436774835
8375,87.0,23.0,0.0,23.0,e3,PnBu3 HBF4,nG,0.28320116621218205
8376,87.0,24.0,0.0,24.0,e1,tBPh-CPhos,nI,0.239947127680601
8377,87.0,25.0,0.0,25.0,e10,Cy-BippyPhos,nF,0.9551634913355087
8378,87.0,26.0,0.0,26.0,e3,"P(3,5-CF3-Ph)3",nA,0.08371816344615461
8379,87.0,27.0,0.0,27.0,e5,P(fur)3,nA,0.7422450479697658
8380,87.0,28.0,0.0,28.0,e1,Et-PhenCar-Phos,nA,0.5211070217161989
8381,87.0,29.0,0.0,29.0,e10,JackiePhos,nG,0.19943476808224297
8382,87.0,30.0,0.0,30.0,e7,PPhMe2,nA,0.24213550852685992
8383,87.0,31.0,0.0,31.0,e7,Cy-BippyPhos,nA,0.5454537179950174
8384,87.0,32.0,0.0,32.0,e5,X-Phos,nG,0.36700316278880124
8385,87.0,33.0,0.0,33.0,e3,PPhtBu2,nE,0.13875537672279908
8386,87.0,34.0,0.0,34.0,e4,PnBu3 HBF4,nG,0.0
8387,87.0,35.0,0.0,35.0,e10,Cy-DavePhos,nG,0.3684434306199855
8388,87.0,36.0,0.0,36.0,e2,PPh2Me,nB,0.354546359191998
8389,87.0,37.0,0.0,37.0,e10,CX-PICy,nC,0.7614827627405488
8390,87.0,38.0,0.0,38.0,e3,Ph-PhenCar-Phos,nE,0.000513778510005651
8391,87.0,39.0,0.0,39.0,e1,P(fur)3,nI,0.0
8392,87.0,40.0,0.0,40.0,e2,A-caPhos,nD,0.8459561333315676
8393,87.0,41.0,0.0,41.0,e5,CgMe-PPh,nI,0.8762416176625111
8394,87.0,42.0,0.0,42.0,e1,PCy3 HBF4,nE,0.06933003441095552
8395,87.0,43.0,0.0,43.0,e4,Cy-vBRIDP,nE,0.012274316478209889
8396,87.0,44.0,0.0,44.0,e5,P(o-Anis)3,nF,0.05262122919976672
8397,87.0,45.0,0.0,45.0,e10,PPh3,nG,0.1393167968001149
8398,87.0,46.0,0.0,46.0,e3,CX-FBu,nD,0.0
8399,87.0,47.0,0.0,47.0,e10,MeO-KITPHOS,nC,0.6485009952102284
8400,87.0,48.0,0.0,48.0,e5,BrettPhos,nG,0.07790157669115998
8401,87.0,49.0,0.0,49.0,e7,tBPh-CPhos,nG,0.06459244912713331
8402,87.0,50.0,0.0,50.0,e9,Kwong,nG,0.48310327993375796
8403,87.0,51.0,0.0,51.0,e2,Cy-BippyPhos,nI,0.67187359635982
8404,87.0,52.0,0.0,52.0,e3,Et-PhenCar-Phos,nF,0.7168147526183698
8405,87.0,53.0,0.0,53.0,e5,CgMe-PPh,nF,0.4710660416220753
8406,87.0,54.0,0.0,54.0,e9,A-caPhos,nD,0.5903907562753792
8407,87.0,55.0,0.0,55.0,e4,CX-PICy,nA,0.04719868390618946
8408,87.0,56.0,0.0,56.0,e7,"P(3,5-CF3-Ph)3",nF,0.4547323879793554
8409,87.0,57.0,0.0,57.0,e7,Cy-BippyPhos,nC,0.8232211000009824
8410,87.0,58.0,0.0,58.0,e4,X-Phos,nG,0.014305219597103146
8411,87.0,59.0,0.0,59.0,e7,JackiePhos,nD,0.9134460718332484
8412,87.0,60.0,0.0,60.0,e5,MeO-KITPHOS,nG,0.5037716636607265
8413,87.0,61.0,0.0,61.0,e2,Cy-DavePhos,nB,0.3895783251678055
8414,87.0,62.0,0.0,62.0,e10,Et-PhenCar-Phos,nD,0.9813444766852435
8415,87.0,63.0,0.0,63.0,e1,PPhMe2,nG,0.015753918769731767
8416,87.0,64.0,0.0,64.0,e9,PPh2Me,nF,0.31363771031122095
8417,87.0,65.0,0.0,65.0,e1,JackiePhos,nF,0.21427092007990234
8418,87.0,66.0,0.0,66.0,e1,Et-PhenCar-Phos,nI,0.05407119647865783
8419,87.0,67.0,0.0,67.0,e4,Cy-BippyPhos,nF,0.16766741748867858
8420,87.0,68.0,0.0,68.0,e1,A-caPhos,nD,0.0
8421,87.0,69.0,0.0,69.0,e7,Kwong,nA,0.07567394742364385
8422,87.0,70.0,0.0,70.0,e3,PPhtBu2,nA,0.3650613273843325
8423,87.0,71.0,0.0,71.0,e10,CgMe-PPh,nC,0.7862446552445246
8424,87.0,72.0,0.0,72.0,e10,P(fur)3,nA,0.6938329241091595
8425,87.0,73.0,0.0,73.0,e5,"P(3,5-CF3-Ph)3",nC,0.6576198548980737
8426,87.0,74.0,0.0,74.0,e5,tBPh-CPhos,nG,0.3364545940088557
8427,87.0,75.0,0.0,75.0,e10,CgMe-PPh,nB,0.26208153455778976
8428,87.0,76.0,0.0,76.0,e7,PnBu3 HBF4,nE,0.0
8429,87.0,77.0,0.0,77.0,e9,MeO-KITPHOS,nA,0.3102142356694695
8430,87.0,78.0,0.0,78.0,e10,P(fur)3,nC,0.7314440607369128
8431,87.0,79.0,0.0,79.0,e4,PPh3,nC,0.31241818275827216
8432,87.0,80.0,0.0,80.0,e7,Ph-PhenCar-Phos,nE,0.014969722878949149
8433,87.0,81.0,0.0,81.0,e4,Cy-BippyPhos,nD,0.0
8434,87.0,82.0,0.0,82.0,e4,Cy-DavePhos,nI,0.09721557254928792
8435,87.0,83.0,0.0,83.0,e2,PCy3 HBF4,nF,0.06006001678298359
8436,87.0,84.0,0.0,84.0,e3,CX-PICy,nA,0.3216556256640709
8437,87.0,85.0,0.0,85.0,e3,"P(3,5-CF3-Ph)3",nI,0.34124947817961754
8438,87.0,86.0,0.0,86.0,e10,P(o-Anis)3,nC,0.3046850801785095
8439,87.0,87.0,0.0,87.0,e5,P(fur)3,nF,0.766688957978976
8440,87.0,88.0,0.0,88.0,e9,Cy-vBRIDP,nD,0.702991104041341
8441,87.0,89.0,0.0,89.0,e1,BrettPhos,nB,0.023933086062199235
8442,87.0,90.0,0.0,90.0,e5,PPh2Me,nI,0.18805503621177608
8443,87.0,91.0,0.0,91.0,e2,JackiePhos,nA,0.9033456818168843
8444,87.0,92.0,0.0,92.0,e3,Et-PhenCar-Phos,nA,0.6402198562439387
8445,87.0,93.0,0.0,93.0,e7,JackiePhos,nF,0.01228824735837601
8446,87.0,94.0,0.0,94.0,e5,PPhtBu2,nB,0.26686542642109434
8447,87.0,95.0,0.0,95.0,e3,CX-FBu,nB,0.0717486552554436
8448,88.0,0.0,0.0,0.0,e7,A-caPhos,nD,0.45969276976080437
8449,88.0,1.0,0.0,1.0,e9,BrettPhos,nB,0.015005675905422431
8450,88.0,2.0,0.0,2.0,e4,CX-FBu,nG,0.020464891268564923
8451,88.0,3.0,0.0,3.0,e2,CX-PICy,nF,0.35525432440321075
8452,88.0,4.0,0.0,4.0,e9,Cy-DavePhos,nI,0.6237855110018449
8453,88.0,5.0,0.0,5.0,e7,Cy-vBRIDP,nC,0.6820459911323365
8454,88.0,6.0,0.0,6.0,e1,Kwong,nB,0.06453691607178057
8455,88.0,7.0,0.0,7.0,e1,MeO-KITPHOS,nE,0.04671760971453625
8456,88.0,8.0,0.0,8.0,e3,P(o-Anis)3,nF,0.2839833546931981
8457,88.0,9.0,0.0,9.0,e7,Et-PhenCar-Phos,nC,0.7443135007935773
8458,88.0,10.0,0.0,10.0,e2,JackiePhos,nI,0.6460679308159928
8459,88.0,11.0,0.0,11.0,e5,"P(3,5-CF3-Ph)3",nD,0.7269615014964179
8460,88.0,12.0,0.0,12.0,e3,P(fur)3,nI,0.10333447340607371
8461,88.0,13.0,0.0,13.0,e7,Ph-PhenCar-Phos,nE,0.014969722878949149
8462,88.0,14.0,0.0,14.0,e3,PPh2Me,nE,0.10038963691603196
8463,88.0,15.0,0.0,15.0,e5,PPhtBu2,nI,0.6943756174940648
8464,88.0,16.0,0.0,16.0,e3,tBPh-CPhos,nD,0.7179271330497705
8465,88.0,17.0,0.0,17.0,e10,PPhMe2,nA,0.6773210798547121
8466,88.0,18.0,0.0,18.0,e1,Cy-BippyPhos,nC,0.12530079881726516
8467,88.0,19.0,0.0,19.0,e1,PCy3 HBF4,nC,0.12548596697694442
8468,88.0,20.0,0.0,20.0,e2,CgMe-PPh,nD,0.9061905699119336
8469,88.0,21.0,0.0,21.0,e7,PPh3,nF,0.578123168434268
8470,88.0,22.0,0.0,22.0,e1,X-Phos,nB,0.13808085610167717
8471,88.0,23.0,0.0,23.0,e1,PnBu3 HBF4,nF,0.01643119627071477
8472,88.0,24.0,0.0,24.0,e10,CgMe-PPh,nD,0.9667080207978768
8473,88.0,25.0,0.0,25.0,e7,Et-PhenCar-Phos,nI,0.6075049737560246
8474,88.0,26.0,0.0,26.0,e5,"P(3,5-CF3-Ph)3",nF,0.7449177693369221
8475,88.0,27.0,0.0,27.0,e2,tBPh-CPhos,nI,0.6559331228280183
8476,88.0,28.0,0.0,28.0,e4,PPhtBu2,nC,0.0
8477,88.0,29.0,0.0,29.0,e3,Cy-vBRIDP,nG,0.6350943239493974
8478,88.0,30.0,0.0,30.0,e9,PPhMe2,nA,0.1450743291828029
8479,88.0,31.0,0.0,31.0,e3,JackiePhos,nB,0.1608694107669877
8480,88.0,32.0,0.0,32.0,e5,Cy-DavePhos,nI,0.8413366058756354
8481,88.0,33.0,0.0,33.0,e1,PPh3,nD,0.08191408146836389
8482,88.0,34.0,0.0,34.0,e9,A-caPhos,nD,0.5903907562753792
8483,88.0,35.0,0.0,35.0,e2,CX-PICy,nE,0.1112468268031635
8484,88.0,36.0,0.0,36.0,e7,CgMe-PPh,nG,0.20467687014770913
8485,88.0,37.0,0.0,37.0,e2,P(o-Anis)3,nF,0.0020685938468024733
8486,88.0,38.0,0.0,38.0,e10,"P(3,5-CF3-Ph)3",nC,0.6167370746739574
8487,88.0,39.0,0.0,39.0,e2,Cy-DavePhos,nI,0.6644450399368388
8488,88.0,40.0,0.0,40.0,e9,X-Phos,nA,0.4653132921969271
8489,88.0,41.0,0.0,41.0,e5,PCy3 HBF4,nC,0.7610838314818648
8490,88.0,42.0,0.0,42.0,e4,Cy-BippyPhos,nE,0.0
8491,88.0,43.0,0.0,43.0,e5,P(fur)3,nI,0.9167660385918296
8492,88.0,44.0,0.0,44.0,e4,tBPh-CPhos,nG,0.04357628217462166
8493,88.0,45.0,0.0,45.0,e4,PPh2Me,nC,0.0
8494,88.0,46.0,0.0,46.0,e9,Et-PhenCar-Phos,nB,0.15268768262180096
8495,88.0,47.0,0.0,47.0,e1,Cy-vBRIDP,nF,0.05518931662697358
8496,88.0,48.0,0.0,48.0,e7,Kwong,nE,0.004040419088719778
8497,88.0,49.0,0.0,49.0,e1,MeO-KITPHOS,nB,0.015845697854694092
8498,88.0,50.0,0.0,50.0,e9,CX-FBu,nE,0.04355822240680955
8499,88.0,51.0,0.0,51.0,e9,PnBu3 HBF4,nG,0.39354534074743824
8500,88.0,52.0,0.0,52.0,e2,BrettPhos,nB,0.018712271806066737
8501,88.0,53.0,0.0,53.0,e2,Ph-PhenCar-Phos,nG,0.0
8502,88.0,54.0,0.0,54.0,e9,A-caPhos,nC,0.3325995428251358
8503,88.0,55.0,0.0,55.0,e2,P(fur)3,nE,0.12109249824231177
8504,88.0,56.0,0.0,56.0,e3,Cy-DavePhos,nB,0.16485335147347094
8505,88.0,57.0,0.0,57.0,e5,PCy3 HBF4,nE,0.04434804632877687
8506,88.0,58.0,0.0,58.0,e1,"P(3,5-CF3-Ph)3",nA,0.1017122012266687
8507,88.0,59.0,0.0,59.0,e1,CgMe-PPh,nE,0.1040741361267055
8508,88.0,60.0,0.0,60.0,e7,PPhMe2,nA,0.24213550852685992
8509,88.0,61.0,0.0,61.0,e1,JackiePhos,nE,0.07879071157202047
8510,88.0,62.0,0.0,62.0,e2,PPhtBu2,nA,0.8784588854057418
8511,88.0,63.0,0.0,63.0,e5,PPh3,nC,0.8123421522885619
8512,88.0,64.0,0.0,64.0,e10,X-Phos,nA,0.70292121771995
8513,88.0,65.0,0.0,65.0,e7,PPhtBu2,nA,0.22643925135847556
8514,88.0,66.0,0.0,66.0,e1,Et-PhenCar-Phos,nD,0.07952442668374339
8515,88.0,67.0,0.0,67.0,e9,CX-PICy,nF,0.47170454735693496
8516,88.0,68.0,0.0,68.0,e4,PPh3,nE,0.0
8517,88.0,69.0,0.0,69.0,e4,tBPh-CPhos,nA,0.0348084285544355
8518,88.0,70.0,0.0,70.0,e10,PnBu3 HBF4,nD,1.0
8519,88.0,71.0,0.0,71.0,e2,PnBu3 HBF4,nF,0.09742653300738942
8520,88.0,72.0,0.0,72.0,e3,A-caPhos,nG,0.0
8521,88.0,73.0,0.0,73.0,e4,Cy-vBRIDP,nD,0.0814370688803937
8522,88.0,74.0,0.0,74.0,e9,X-Phos,nB,0.1353117060763067
8523,88.0,75.0,0.0,75.0,e7,Cy-DavePhos,nA,0.4507264804831017
8524,88.0,76.0,0.0,76.0,e10,P(o-Anis)3,nB,0.07857661737600978
8525,88.0,77.0,0.0,77.0,e7,"P(3,5-CF3-Ph)3",nF,0.4547323879793554
8526,88.0,78.0,0.0,78.0,e4,CgMe-PPh,nD,0.08321089559018727
8527,88.0,79.0,0.0,79.0,e10,P(fur)3,nD,0.986548910086449
8528,88.0,80.0,0.0,80.0,e1,P(fur)3,nF,0.0
8529,88.0,81.0,0.0,81.0,e5,PPhMe2,nF,0.0
8530,88.0,82.0,0.0,82.0,e4,Cy-BippyPhos,nB,0.001309200773603058
8531,88.0,83.0,0.0,83.0,e10,CX-PICy,nB,0.2511008312299279
8532,88.0,84.0,0.0,84.0,e1,PCy3 HBF4,nE,0.06933003441095552
8533,88.0,85.0,0.0,85.0,e5,PPh2Me,nB,0.24852294716245807
8534,88.0,86.0,0.0,86.0,e5,JackiePhos,nC,0.6733815385706186
8535,88.0,87.0,0.0,87.0,e10,PPhtBu2,nB,0.3350890548052822
8536,88.0,88.0,0.0,88.0,e9,Kwong,nE,0.16023618350267255
8537,88.0,89.0,0.0,89.0,e2,CX-FBu,nC,0.0
8538,88.0,90.0,0.0,90.0,e9,MeO-KITPHOS,nG,0.30072675877618354
8539,88.0,91.0,0.0,91.0,e3,Cy-DavePhos,nG,0.582883480820361
8540,88.0,92.0,0.0,92.0,e9,BrettPhos,nA,0.05897317034300215
8541,88.0,93.0,0.0,93.0,e10,"P(3,5-CF3-Ph)3",nA,0.546272038278152
8542,88.0,94.0,0.0,94.0,e5,Ph-PhenCar-Phos,nC,0.6706487930795781
8543,88.0,95.0,0.0,95.0,e7,Et-PhenCar-Phos,nG,0.27193527624521374
8544,89.0,0.0,0.0,0.0,e1,A-caPhos,nA,0.24027073531882212
8545,89.0,1.0,0.0,1.0,e5,BrettPhos,nD,0.6392781029757402
8546,89.0,2.0,0.0,2.0,e7,CX-FBu,nE,0.001217827266805761
8547,89.0,3.0,0.0,3.0,e5,CX-PICy,nI,0.7387768863355436
8548,89.0,4.0,0.0,4.0,e3,Cy-DavePhos,nF,0.8181899294726043
8549,89.0,5.0,0.0,5.0,e5,Cy-vBRIDP,nG,0.40071151817911255
8550,89.0,6.0,0.0,6.0,e7,Kwong,nD,0.7352375479541646
8551,89.0,7.0,0.0,7.0,e10,MeO-KITPHOS,nB,0.3900451840459689
8552,89.0,8.0,0.0,8.0,e3,P(o-Anis)3,nG,0.21909794334000537
8553,89.0,9.0,0.0,9.0,e5,Et-PhenCar-Phos,nD,0.7835996088615103
8554,89.0,10.0,0.0,10.0,e3,JackiePhos,nI,0.44377710899114275
8555,89.0,11.0,0.0,11.0,e1,"P(3,5-CF3-Ph)3",nB,0.03740009874424654
8556,89.0,12.0,0.0,12.0,e7,P(fur)3,nC,0.4312782068921491
8557,89.0,13.0,0.0,13.0,e4,Ph-PhenCar-Phos,nD,0.0
8558,89.0,14.0,0.0,14.0,e9,PPh2Me,nE,0.1405880999819467
8559,89.0,15.0,0.0,15.0,e2,PPhtBu2,nA,0.8784588854057418
8560,89.0,16.0,0.0,16.0,e3,tBPh-CPhos,nA,0.5729071695707448
8561,89.0,17.0,0.0,17.0,e10,PPhMe2,nA,0.6773210798547121
8562,89.0,18.0,0.0,18.0,e7,Cy-BippyPhos,nA,0.5454537179950174
8563,89.0,19.0,0.0,19.0,e5,PCy3 HBF4,nG,0.056653910463520696
8564,89.0,20.0,0.0,20.0,e10,CgMe-PPh,nB,0.26208153455778976
8565,89.0,21.0,0.0,21.0,e2,PPh3,nE,0.08087648972572638
8566,89.0,22.0,0.0,22.0,e7,X-Phos,nC,0.7699443054600407
8567,89.0,23.0,0.0,23.0,e7,PnBu3 HBF4,nD,0.08555081309162699
8568,89.0,24.0,0.0,24.0,e1,PPhtBu2,nI,0.0
8569,89.0,25.0,0.0,25.0,e2,Cy-DavePhos,nC,0.5482191793404829
8570,89.0,26.0,0.0,26.0,e10,Et-PhenCar-Phos,nI,0.8978098811886851
8571,89.0,27.0,0.0,27.0,e1,X-Phos,nB,0.13808085610167717
8572,89.0,28.0,0.0,28.0,e7,CX-PICy,nG,0.27831617102194695
8573,89.0,29.0,0.0,29.0,e3,Kwong,nE,0.12194116840481971
8574,89.0,30.0,0.0,30.0,e10,PPhMe2,nE,0.1008193657573415
8575,89.0,31.0,0.0,31.0,e5,BrettPhos,nG,0.07790157669115998
8576,89.0,32.0,0.0,32.0,e3,tBPh-CPhos,nI,0.40203943367844525
8577,89.0,33.0,0.0,33.0,e5,Cy-BippyPhos,nI,0.8909978993536253
8578,89.0,34.0,0.0,34.0,e9,JackiePhos,nG,0.542757589383612
8579,89.0,35.0,0.0,35.0,e7,P(fur)3,nF,0.003960698397596189
8580,89.0,36.0,0.0,36.0,e5,Cy-vBRIDP,nB,0.24691256669659825
8581,89.0,37.0,0.0,37.0,e5,MeO-KITPHOS,nE,0.20090081346750718
8582,89.0,38.0,0.0,38.0,e7,CgMe-PPh,nA,0.6062121514347315
8583,89.0,39.0,0.0,39.0,e1,Et-PhenCar-Phos,nF,0.09483902946857867
8584,89.0,40.0,0.0,40.0,e4,A-caPhos,nG,0.029990371767592245
8585,89.0,41.0,0.0,41.0,e10,P(o-Anis)3,nD,0.21473020833290504
8586,89.0,42.0,0.0,42.0,e3,PPh2Me,nD,0.22980567343975122
8587,89.0,43.0,0.0,43.0,e4,Cy-BippyPhos,nF,0.16766741748867858
8588,89.0,44.0,0.0,44.0,e5,Cy-DavePhos,nG,0.4296099762008142
8589,89.0,45.0,0.0,45.0,e10,PnBu3 HBF4,nE,0.04185113905030638
8590,89.0,46.0,0.0,46.0,e10,PPh3,nC,0.8555703332989744
8591,89.0,47.0,0.0,47.0,e1,PCy3 HBF4,nC,0.12548596697694442
8592,89.0,48.0,0.0,48.0,e9,"P(3,5-CF3-Ph)3",nI,0.5060174107510581
8593,89.0,49.0,0.0,49.0,e2,CX-FBu,nE,0.044215580612420015
8594,89.0,50.0,0.0,50.0,e10,Ph-PhenCar-Phos,nB,0.010682786436433955
8595,89.0,51.0,0.0,51.0,e3,CX-PICy,nA,0.3216556256640709
8596,89.0,52.0,0.0,52.0,e2,JackiePhos,nA,0.9033456818168843
8597,89.0,53.0,0.0,53.0,e5,tBPh-CPhos,nF,0.021215482774025726
8598,89.0,54.0,0.0,54.0,e10,PPh3,nG,0.1393167968001149
8599,89.0,55.0,0.0,55.0,e9,X-Phos,nF,0.7946437444937127
8600,89.0,56.0,0.0,56.0,e2,PPhtBu2,nG,0.1723789943659194
8601,89.0,57.0,0.0,57.0,e3,CgMe-PPh,nC,0.5573433814229866
8602,89.0,58.0,0.0,58.0,e5,Kwong,nF,0.007071092684467668
8603,89.0,59.0,0.0,59.0,e7,PPhMe2,nC,0.45538465088279884
8604,89.0,60.0,0.0,60.0,e1,JackiePhos,nC,0.10916790305363006
8605,89.0,61.0,0.0,61.0,e9,BrettPhos,nD,0.116949762005874
8606,89.0,62.0,0.0,62.0,e1,Cy-DavePhos,nA,0.3421517795536883
8607,89.0,63.0,0.0,63.0,e2,Et-PhenCar-Phos,nF,0.516942514891109
8608,89.0,64.0,0.0,64.0,e9,Cy-vBRIDP,nC,0.3462977628869725
8609,89.0,65.0,0.0,65.0,e1,X-Phos,nF,0.0977093065996311
8610,89.0,66.0,0.0,66.0,e3,MeO-KITPHOS,nA,0.3689090985734202
8611,89.0,67.0,0.0,67.0,e7,Cy-BippyPhos,nD,1.0
8612,89.0,68.0,0.0,68.0,e1,"P(3,5-CF3-Ph)3",nC,0.0
8613,89.0,69.0,0.0,69.0,e2,Cy-BippyPhos,nB,0.3284195625331717
8614,89.0,70.0,0.0,70.0,e7,P(fur)3,nI,0.30508908766736764
8615,89.0,71.0,0.0,71.0,e7,P(o-Anis)3,nA,0.2039959559602517
8616,89.0,72.0,0.0,72.0,e7,CgMe-PPh,nF,0.8590504388988899
8617,89.0,73.0,0.0,73.0,e2,CX-PICy,nE,0.1112468268031635
8618,89.0,74.0,0.0,74.0,e2,PPh2Me,nA,0.027726601641446406
8619,89.0,75.0,0.0,75.0,e4,Et-PhenCar-Phos,nE,0.006684621137560202
8620,89.0,76.0,0.0,76.0,e9,CgMe-PPh,nF,1.0
8621,89.0,77.0,0.0,77.0,e3,PPhMe2,nB,0.03243076392530086
8622,89.0,78.0,0.0,78.0,e1,CgMe-PPh,nE,0.1040741361267055
8623,89.0,79.0,0.0,79.0,e1,A-caPhos,nF,0.010702303143673455
8624,89.0,80.0,0.0,80.0,e1,Cy-DavePhos,nF,0.0
8625,89.0,81.0,0.0,81.0,e5,PPh3,nE,0.07040432961461064
8626,89.0,82.0,0.0,82.0,e4,PCy3 HBF4,nI,0.08784137609541397
8627,89.0,83.0,0.0,83.0,e10,PPhtBu2,nE,0.07462037360807186
8628,89.0,84.0,0.0,84.0,e1,JackiePhos,nI,0.23164589492729465
8629,89.0,85.0,0.0,85.0,e5,tBPh-CPhos,nA,0.7026512612569452
8630,89.0,86.0,0.0,86.0,e7,Cy-vBRIDP,nI,0.27806549204654124
8631,89.0,87.0,0.0,87.0,e3,Cy-BippyPhos,nC,0.4701158020102052
8632,89.0,88.0,0.0,88.0,e9,PnBu3 HBF4,nG,0.39354534074743824
8633,89.0,89.0,0.0,89.0,e7,MeO-KITPHOS,nA,0.11368563470080227
8634,89.0,90.0,0.0,90.0,e1,X-Phos,nE,0.024633332147110165
8635,89.0,91.0,0.0,91.0,e7,Kwong,nC,0.618033573890117
8636,89.0,92.0,0.0,92.0,e9,CX-FBu,nB,0.028022478485440292
8637,89.0,93.0,0.0,93.0,e4,BrettPhos,nA,0.0
8638,89.0,94.0,0.0,94.0,e1,tBPh-CPhos,nB,0.13846077071822055
8639,89.0,95.0,0.0,95.0,e9,Ph-PhenCar-Phos,nI,0.46896060545395385
8640,90.0,0.0,0.0,0.0,e4,A-caPhos,nA,0.066015799846542
8641,90.0,1.0,0.0,1.0,e5,BrettPhos,nG,0.07790157669115998
8642,90.0,2.0,0.0,2.0,e1,CX-FBu,nA,0.06728168343034004
8643,90.0,3.0,0.0,3.0,e1,CX-PICy,nG,0.10103394714922777
8644,90.0,4.0,0.0,4.0,e5,Cy-DavePhos,nC,0.6945846341087276
8645,90.0,5.0,0.0,5.0,e1,Cy-vBRIDP,nG,0.040219882770202414
8646,90.0,6.0,0.0,6.0,e7,Kwong,nA,0.07567394742364385
8647,90.0,7.0,0.0,7.0,e7,MeO-KITPHOS,nF,0.14909057955854127
8648,90.0,8.0,0.0,8.0,e3,P(o-Anis)3,nF,0.2839833546931981
8649,90.0,9.0,0.0,9.0,e3,Et-PhenCar-Phos,nB,0.2232542389845771
8650,90.0,10.0,0.0,10.0,e10,JackiePhos,nG,0.19943476808224297
8651,90.0,11.0,0.0,11.0,e10,"P(3,5-CF3-Ph)3",nB,0.3248401714816362
8652,90.0,12.0,0.0,12.0,e7,P(fur)3,nE,0.0
8653,90.0,13.0,0.0,13.0,e2,Ph-PhenCar-Phos,nG,0.0
8654,90.0,14.0,0.0,14.0,e5,PPh2Me,nD,0.8364467095225078
8655,90.0,15.0,0.0,15.0,e1,PPhtBu2,nD,0.03363179088885197
8656,90.0,16.0,0.0,16.0,e5,tBPh-CPhos,nF,0.021215482774025726
8657,90.0,17.0,0.0,17.0,e3,PPhMe2,nC,0.45752334695304314
8658,90.0,18.0,0.0,18.0,e5,Cy-BippyPhos,nC,0.7310324837389857
8659,90.0,19.0,0.0,19.0,e3,PCy3 HBF4,nI,0.33946967608816647
8660,90.0,20.0,0.0,20.0,e10,CgMe-PPh,nE,0.0683436736393753
8661,90.0,21.0,0.0,21.0,e2,PPh3,nI,0.5983316480220364
8662,90.0,22.0,0.0,22.0,e3,X-Phos,nE,0.1548016728315108
8663,90.0,23.0,0.0,23.0,e3,PnBu3 HBF4,nF,0.742670929975428
8664,90.0,24.0,0.0,24.0,e4,PPh2Me,nE,0.0
8665,90.0,25.0,0.0,25.0,e3,PnBu3 HBF4,nA,0.08612679775706653
8666,90.0,26.0,0.0,26.0,e5,Cy-BippyPhos,nF,0.5547253517877193
8667,90.0,27.0,0.0,27.0,e1,Cy-DavePhos,nD,0.0801309667245095
8668,90.0,28.0,0.0,28.0,e9,PPh3,nE,0.09067760339083293
8669,90.0,29.0,0.0,29.0,e5,PPhMe2,nC,0.6973280420518365
8670,90.0,30.0,0.0,30.0,e2,PCy3 HBF4,nI,0.23165741554044078
8671,90.0,31.0,0.0,31.0,e2,"P(3,5-CF3-Ph)3",nC,0.5485762544154528
8672,90.0,32.0,0.0,32.0,e10,P(o-Anis)3,nA,0.13685257205098517
8673,90.0,33.0,0.0,33.0,e1,Et-PhenCar-Phos,nG,0.07748698744311458
8674,90.0,34.0,0.0,34.0,e3,JackiePhos,nD,0.6652224475203186
8675,90.0,35.0,0.0,35.0,e9,X-Phos,nB,0.1353117060763067
8676,90.0,36.0,0.0,36.0,e5,MeO-KITPHOS,nI,0.7966198404456795
8677,90.0,37.0,0.0,37.0,e3,CX-PICy,nC,0.42737783545851454
8678,90.0,38.0,0.0,38.0,e2,BrettPhos,nA,0.4002350326194897
8679,90.0,39.0,0.0,39.0,e3,Kwong,nA,0.52844484704448
8680,90.0,40.0,0.0,40.0,e4,CgMe-PPh,nE,0.0309977877786149
8681,90.0,41.0,0.0,41.0,e2,CX-FBu,nA,0.0
8682,90.0,42.0,0.0,42.0,e10,A-caPhos,nD,1.0
8683,90.0,43.0,0.0,43.0,e2,Cy-BippyPhos,nA,0.947422522089135
8684,90.0,44.0,0.0,44.0,e3,Cy-vBRIDP,nA,0.6444005049983973
8685,90.0,45.0,0.0,45.0,e10,PPhtBu2,nA,0.7009303126601298
8686,90.0,46.0,0.0,46.0,e7,tBPh-CPhos,nB,0.313551181342256
8687,90.0,47.0,0.0,47.0,e5,P(fur)3,nE,0.1658371632512746
8688,90.0,48.0,0.0,48.0,e9,Ph-PhenCar-Phos,nG,0.441238259560321
8689,90.0,49.0,0.0,49.0,e2,PPhMe2,nI,0.5671887226956333
8690,90.0,50.0,0.0,50.0,e1,A-caPhos,nI,0.03722071252473063
8691,90.0,51.0,0.0,51.0,e3,Cy-BippyPhos,nE,0.21120990283036814
8692,90.0,52.0,0.0,52.0,e1,MeO-KITPHOS,nB,0.015845697854694092
8693,90.0,53.0,0.0,53.0,e4,"P(3,5-CF3-Ph)3",nF,0.12460832905550522
8694,90.0,54.0,0.0,54.0,e9,JackiePhos,nG,0.542757589383612
8695,90.0,55.0,0.0,55.0,e5,PPh2Me,nG,0.02908266774080822
8696,90.0,56.0,0.0,56.0,e2,PnBu3 HBF4,nF,0.09742653300738942
8697,90.0,57.0,0.0,57.0,e4,Cy-DavePhos,nA,0.030639879401734644
8698,90.0,58.0,0.0,58.0,e1,PPhtBu2,nB,0.03618479220380419
8699,90.0,59.0,0.0,59.0,e3,PPh3,nA,0.08557652021695743
8700,90.0,60.0,0.0,60.0,e7,Cy-vBRIDP,nD,0.5488733534623731
8701,90.0,61.0,0.0,61.0,e5,PPhMe2,nE,0.2586811210145722
8702,90.0,62.0,0.0,62.0,e3,Kwong,nB,0.13828352718505904
8703,90.0,63.0,0.0,63.0,e3,PCy3 HBF4,nD,0.6525316662080763
8704,90.0,64.0,0.0,64.0,e3,CX-PICy,nB,0.0849376627257103
8705,90.0,65.0,0.0,65.0,e3,BrettPhos,nG,0.032071845059383125
8706,90.0,66.0,0.0,66.0,e1,Ph-PhenCar-Phos,nA,0.18568024853139675
8707,90.0,67.0,0.0,67.0,e9,P(o-Anis)3,nG,0.16952591679227183
8708,90.0,68.0,0.0,68.0,e1,JackiePhos,nD,0.5137263354833275
8709,90.0,69.0,0.0,69.0,e10,Cy-BippyPhos,nF,0.9551634913355087
8710,90.0,70.0,0.0,70.0,e5,tBPh-CPhos,nC,0.7175681052805551
8711,90.0,71.0,0.0,71.0,e1,Cy-BippyPhos,nA,0.6371489847313551
8712,90.0,72.0,0.0,72.0,e10,Cy-vBRIDP,nC,0.6923970246236064
8713,90.0,73.0,0.0,73.0,e9,Et-PhenCar-Phos,nI,0.47387538169056964
8714,90.0,74.0,0.0,74.0,e7,PCy3 HBF4,nE,0.012884298674100353
8715,90.0,75.0,0.0,75.0,e1,X-Phos,nA,0.8789499411781446
8716,90.0,76.0,0.0,76.0,e4,X-Phos,nF,0.075113393769907
8717,90.0,77.0,0.0,77.0,e2,A-caPhos,nI,0.27907445871147873
8718,90.0,78.0,0.0,78.0,e4,tBPh-CPhos,nC,0.29898547506383855
8719,90.0,79.0,0.0,79.0,e2,P(fur)3,nC,0.531364471158177
8720,90.0,80.0,0.0,80.0,e4,PPhMe2,nF,0.05675807339476563
8721,90.0,81.0,0.0,81.0,e4,Cy-BippyPhos,nD,0.0
8722,90.0,82.0,0.0,82.0,e9,"P(3,5-CF3-Ph)3",nG,0.3475054757161358
8723,90.0,83.0,0.0,83.0,e2,Cy-vBRIDP,nI,0.6880605476764962
8724,90.0,84.0,0.0,84.0,e9,JackiePhos,nF,0.9465936072978836
8725,90.0,85.0,0.0,85.0,e9,MeO-KITPHOS,nF,0.2069173517749973
8726,90.0,86.0,0.0,86.0,e1,JackiePhos,nG,0.16044985000151907
8727,90.0,87.0,0.0,87.0,e9,CgMe-PPh,nG,0.5466105607265662
8728,90.0,88.0,0.0,88.0,e10,PnBu3 HBF4,nC,0.6529372533584769
8729,90.0,89.0,0.0,89.0,e10,CX-FBu,nA,0.11933660384887412
8730,90.0,90.0,0.0,90.0,e2,PPh2Me,nE,0.1828915699577187
8731,90.0,91.0,0.0,91.0,e9,Cy-DavePhos,nD,0.7064770155795914
8732,90.0,92.0,0.0,92.0,e1,Cy-vBRIDP,nD,0.12134762347017049
8733,90.0,93.0,0.0,93.0,e10,Et-PhenCar-Phos,nG,0.4986371729738086
8734,90.0,94.0,0.0,94.0,e9,PPh3,nA,0.4432722730662406
8735,90.0,95.0,0.0,95.0,e9,PPhtBu2,nD,0.2526686520906297
8736,91.0,0.0,0.0,0.0,e3,A-caPhos,nD,0.6490888057244365
8737,91.0,1.0,0.0,1.0,e3,BrettPhos,nI,0.03009704001424225
8738,91.0,2.0,0.0,2.0,e1,CX-FBu,nI,0.04050100920735508
8739,91.0,3.0,0.0,3.0,e2,CX-PICy,nA,0.6627082272144782
8740,91.0,4.0,0.0,4.0,e4,Cy-DavePhos,nA,0.030639879401734644
8741,91.0,5.0,0.0,5.0,e1,Cy-vBRIDP,nG,0.040219882770202414
8742,91.0,6.0,0.0,6.0,e9,Kwong,nB,0.11088834300612632
8743,91.0,7.0,0.0,7.0,e3,MeO-KITPHOS,nI,0.3078359504421801
8744,91.0,8.0,0.0,8.0,e2,P(o-Anis)3,nB,0.11086154927683153
8745,91.0,9.0,0.0,9.0,e7,Et-PhenCar-Phos,nE,0.05718031328307803
8746,91.0,10.0,0.0,10.0,e7,JackiePhos,nE,0.0
8747,91.0,11.0,0.0,11.0,e10,"P(3,5-CF3-Ph)3",nA,0.546272038278152
8748,91.0,12.0,0.0,12.0,e9,P(fur)3,nF,0.14474013927612028
8749,91.0,13.0,0.0,13.0,e1,Ph-PhenCar-Phos,nG,0.02135338003989251
8750,91.0,14.0,0.0,14.0,e2,PPh2Me,nB,0.354546359191998
8751,91.0,15.0,0.0,15.0,e4,PPhtBu2,nI,0.0
8752,91.0,16.0,0.0,16.0,e1,tBPh-CPhos,nC,0.20431204836192307
8753,91.0,17.0,0.0,17.0,e5,PPhMe2,nA,0.6471944961567562
8754,91.0,18.0,0.0,18.0,e4,Cy-BippyPhos,nF,0.16766741748867858
8755,91.0,19.0,0.0,19.0,e7,PCy3 HBF4,nD,0.14803355669666612
8756,91.0,20.0,0.0,20.0,e2,CgMe-PPh,nI,0.7692361366046242
8757,91.0,21.0,0.0,21.0,e7,PPh3,nI,0.24779538065626336
8758,91.0,22.0,0.0,22.0,e4,X-Phos,nF,0.075113393769907
8759,91.0,23.0,0.0,23.0,e5,PnBu3 HBF4,nC,0.7038726736579902
8760,91.0,24.0,0.0,24.0,e10,CgMe-PPh,nD,0.9667080207978768
8761,91.0,25.0,0.0,25.0,e2,PnBu3 HBF4,nA,0.0
8762,91.0,26.0,0.0,26.0,e1,CX-PICy,nB,0.158428631262488
8763,91.0,27.0,0.0,27.0,e9,A-caPhos,nC,0.3325995428251358
8764,91.0,28.0,0.0,28.0,e3,PPhMe2,nI,0.20757845982176984
8765,91.0,29.0,0.0,29.0,e2,"P(3,5-CF3-Ph)3",nE,0.09746826633878404
8766,91.0,30.0,0.0,30.0,e3,PPh2Me,nA,0.009003872028159892
8767,91.0,31.0,0.0,31.0,e5,MeO-KITPHOS,nD,0.7150014599477411
8768,91.0,32.0,0.0,32.0,e9,CgMe-PPh,nE,0.1783004774895902
8769,91.0,33.0,0.0,33.0,e3,PPh3,nA,0.08557652021695743
8770,91.0,34.0,0.0,34.0,e2,tBPh-CPhos,nF,0.9180522305589233
8771,91.0,35.0,0.0,35.0,e7,Cy-BippyPhos,nI,0.8044666768394777
8772,91.0,36.0,0.0,36.0,e4,PCy3 HBF4,nF,0.1806752523043707
8773,91.0,37.0,0.0,37.0,e4,P(fur)3,nB,0.04357911135254303
8774,91.0,38.0,0.0,38.0,e7,Kwong,nG,0.1256424423170876
8775,91.0,39.0,0.0,39.0,e1,P(o-Anis)3,nE,0.0726200206341357
8776,91.0,40.0,0.0,40.0,e1,X-Phos,nG,0.030496859953677565
8777,91.0,41.0,0.0,41.0,e9,Et-PhenCar-Phos,nD,0.6763905107050712
8778,91.0,42.0,0.0,42.0,e5,CX-FBu,nA,0.036929391233255865
8779,91.0,43.0,0.0,43.0,e2,Cy-vBRIDP,nD,0.9350385282324228
8780,91.0,44.0,0.0,44.0,e10,Cy-DavePhos,nD,0.9577552674723959
8781,91.0,45.0,0.0,45.0,e5,BrettPhos,nD,0.6392781029757402
8782,91.0,46.0,0.0,46.0,e2,Ph-PhenCar-Phos,nD,0.16891370076688705
8783,91.0,47.0,0.0,47.0,e5,JackiePhos,nI,0.6882070592144776
8784,91.0,48.0,0.0,48.0,e10,PPhtBu2,nG,0.2854037571220982
8785,91.0,49.0,0.0,49.0,e2,tBPh-CPhos,nI,0.6559331228280183
8786,91.0,50.0,0.0,50.0,e7,MeO-KITPHOS,nG,0.11322968814633767
8787,91.0,51.0,0.0,51.0,e9,Cy-DavePhos,nE,0.11425610500152658
8788,91.0,52.0,0.0,52.0,e5,A-caPhos,nG,0.04136408895956248
8789,91.0,53.0,0.0,53.0,e2,Cy-vBRIDP,nF,0.6290075171930294
8790,91.0,54.0,0.0,54.0,e5,Cy-BippyPhos,nF,0.5547253517877193
8791,91.0,55.0,0.0,55.0,e1,PPhMe2,nD,0.0
8792,91.0,56.0,0.0,56.0,e10,CX-PICy,nG,0.3377488314799635
8793,91.0,57.0,0.0,57.0,e5,CgMe-PPh,nA,0.19841952843225769
8794,91.0,58.0,0.0,58.0,e2,Et-PhenCar-Phos,nF,0.516942514891109
8795,91.0,59.0,0.0,59.0,e5,PnBu3 HBF4,nG,0.0346467819695208
8796,91.0,60.0,0.0,60.0,e5,JackiePhos,nA,0.7290418673450977
8797,91.0,61.0,0.0,61.0,e10,BrettPhos,nI,0.1572445220332629
8798,91.0,62.0,0.0,62.0,e4,tBPh-CPhos,nI,0.022633316819564778
8799,91.0,63.0,0.0,63.0,e7,"P(3,5-CF3-Ph)3",nD,0.7248719169293781
8800,91.0,64.0,0.0,64.0,e7,Cy-vBRIDP,nE,0.0285055968883504
8801,91.0,65.0,0.0,65.0,e4,Cy-BippyPhos,nE,0.0
8802,91.0,66.0,0.0,66.0,e2,JackiePhos,nI,0.6460679308159928
8803,91.0,67.0,0.0,67.0,e7,"P(3,5-CF3-Ph)3",nI,0.4348939297275991
8804,91.0,68.0,0.0,68.0,e3,PPh2Me,nF,0.4801900206505367
8805,91.0,69.0,0.0,69.0,e7,PPh3,nG,0.09330503580192609
8806,91.0,70.0,0.0,70.0,e7,PCy3 HBF4,nG,0.0
8807,91.0,71.0,0.0,71.0,e9,Et-PhenCar-Phos,nA,0.4931113401041398
8808,91.0,72.0,0.0,72.0,e2,PPhtBu2,nF,0.8558293094709153
8809,91.0,73.0,0.0,73.0,e4,CX-PICy,nA,0.04719868390618946
8810,91.0,74.0,0.0,74.0,e4,PPhtBu2,nC,0.0
8811,91.0,75.0,0.0,75.0,e4,MeO-KITPHOS,nG,0.028037897530188406
8812,91.0,76.0,0.0,76.0,e9,Kwong,nE,0.16023618350267255
8813,91.0,77.0,0.0,77.0,e5,CgMe-PPh,nB,0.24129886485371901
8814,91.0,78.0,0.0,78.0,e7,Cy-DavePhos,nF,0.07212456406365218
8815,91.0,79.0,0.0,79.0,e7,JackiePhos,nI,0.6032624128682527
8816,91.0,80.0,0.0,80.0,e3,Ph-PhenCar-Phos,nI,0.1932605709368885
8817,91.0,81.0,0.0,81.0,e2,P(fur)3,nG,0.26823050789231057
8818,91.0,82.0,0.0,82.0,e2,P(o-Anis)3,nC,0.2694306601099812
8819,91.0,83.0,0.0,83.0,e7,A-caPhos,nI,0.1501933291748367
8820,91.0,84.0,0.0,84.0,e1,X-Phos,nI,0.05873515318530329
8821,91.0,85.0,0.0,85.0,e9,CX-FBu,nE,0.04355822240680955
8822,91.0,86.0,0.0,86.0,e3,"P(3,5-CF3-Ph)3",nC,0.5560644999980037
8823,91.0,87.0,0.0,87.0,e3,tBPh-CPhos,nB,0.2201396278511609
8824,91.0,88.0,0.0,88.0,e3,PPhMe2,nC,0.45752334695304314
8825,91.0,89.0,0.0,89.0,e2,PPh2Me,nC,0.6126561714426878
8826,91.0,90.0,0.0,90.0,e10,Et-PhenCar-Phos,nC,0.7283750489168687
8827,91.0,91.0,0.0,91.0,e1,BrettPhos,nG,0.0081874030607583
8828,91.0,92.0,0.0,92.0,e2,JackiePhos,nB,0.27751512392797617
8829,91.0,93.0,0.0,93.0,e1,Cy-vBRIDP,nD,0.12134762347017049
8830,91.0,94.0,0.0,94.0,e2,PnBu3 HBF4,nF,0.09742653300738942
8831,91.0,95.0,0.0,95.0,e10,Et-PhenCar-Phos,nA,0.7401699862842729
8832,92.0,0.0,0.0,0.0,e4,A-caPhos,nC,0.22300559618283194
8833,92.0,1.0,0.0,1.0,e7,BrettPhos,nA,0.0124654631537221
8834,92.0,2.0,0.0,2.0,e2,CX-FBu,nD,0.6240221969248974
8835,92.0,3.0,0.0,3.0,e3,CX-PICy,nC,0.42737783545851454
8836,92.0,4.0,0.0,4.0,e3,Cy-DavePhos,nF,0.8181899294726043
8837,92.0,5.0,0.0,5.0,e3,Cy-vBRIDP,nE,0.22456888388015206
8838,92.0,6.0,0.0,6.0,e2,Kwong,nB,0.28740360301809015
8839,92.0,7.0,0.0,7.0,e10,MeO-KITPHOS,nD,0.8998197521786309
8840,92.0,8.0,0.0,8.0,e2,P(o-Anis)3,nC,0.2694306601099812
8841,92.0,9.0,0.0,9.0,e10,Et-PhenCar-Phos,nD,0.9813444766852435
8842,92.0,10.0,0.0,10.0,e2,JackiePhos,nF,0.547298687249777
8843,92.0,11.0,0.0,11.0,e1,"P(3,5-CF3-Ph)3",nC,0.0
8844,92.0,12.0,0.0,12.0,e7,P(fur)3,nB,0.171267964584971
8845,92.0,13.0,0.0,13.0,e4,Ph-PhenCar-Phos,nB,0.004535315989053302
8846,92.0,14.0,0.0,14.0,e7,PPh2Me,nF,0.03319774188221985
8847,92.0,15.0,0.0,15.0,e2,PPhtBu2,nD,0.9426908215088567
8848,92.0,16.0,0.0,16.0,e5,tBPh-CPhos,nC,0.7175681052805551
8849,92.0,17.0,0.0,17.0,e3,PPhMe2,nC,0.45752334695304314
8850,92.0,18.0,0.0,18.0,e7,Cy-BippyPhos,nD,1.0
8851,92.0,19.0,0.0,19.0,e2,PCy3 HBF4,nD,0.7652714503735659
8852,92.0,20.0,0.0,20.0,e10,CgMe-PPh,nE,0.0683436736393753
8853,92.0,21.0,0.0,21.0,e4,PPh3,nI,0.04426360801913863
8854,92.0,22.0,0.0,22.0,e10,X-Phos,nE,0.0935959226806929
8855,92.0,23.0,0.0,23.0,e1,PnBu3 HBF4,nE,0.0
8856,92.0,24.0,0.0,24.0,e2,Cy-BippyPhos,nB,0.3284195625331717
8857,92.0,25.0,0.0,25.0,e5,Et-PhenCar-Phos,nD,0.7835996088615103
8858,92.0,26.0,0.0,26.0,e7,PPhtBu2,nB,0.048302790354388385
8859,92.0,27.0,0.0,27.0,e5,MeO-KITPHOS,nE,0.20090081346750718
8860,92.0,28.0,0.0,28.0,e3,Cy-DavePhos,nG,0.582883480820361
8861,92.0,29.0,0.0,29.0,e3,PCy3 HBF4,nD,0.6525316662080763
8862,92.0,30.0,0.0,30.0,e2,tBPh-CPhos,nG,0.21498121859438568
8863,92.0,31.0,0.0,31.0,e9,CX-FBu,nB,0.028022478485440292
8864,92.0,32.0,0.0,32.0,e9,JackiePhos,nG,0.542757589383612
8865,92.0,33.0,0.0,33.0,e9,PPhMe2,nA,0.1450743291828029
8866,92.0,34.0,0.0,34.0,e3,CX-PICy,nD,0.6575942693885647
8867,92.0,35.0,0.0,35.0,e5,Et-PhenCar-Phos,nC,0.7420550241578128
8868,92.0,36.0,0.0,36.0,e7,Kwong,nA,0.07567394742364385
8869,92.0,37.0,0.0,37.0,e4,P(o-Anis)3,nF,0.16200930130091348
8870,92.0,38.0,0.0,38.0,e4,Cy-vBRIDP,nF,0.08710389043025306
8871,92.0,39.0,0.0,39.0,e7,A-caPhos,nG,0.06965150777591327
8872,92.0,40.0,0.0,40.0,e5,P(fur)3,nG,0.4460254587435207
8873,92.0,41.0,0.0,41.0,e4,PCy3 HBF4,nG,0.0
8874,92.0,42.0,0.0,42.0,e2,Cy-DavePhos,nE,0.13508476980027337
8875,92.0,43.0,0.0,43.0,e5,X-Phos,nF,0.5612705116717954
8876,92.0,44.0,0.0,44.0,e4,Cy-BippyPhos,nI,0.01506826698150689
8877,92.0,45.0,0.0,45.0,e1,CgMe-PPh,nA,0.6945948510850428
8878,92.0,46.0,0.0,46.0,e7,PPh3,nB,0.20864817755410225
8879,92.0,47.0,0.0,47.0,e10,PPh2Me,nF,0.9442102793927251
8880,92.0,48.0,0.0,48.0,e2,BrettPhos,nF,0.3409853317756659
8881,92.0,49.0,0.0,49.0,e3,Ph-PhenCar-Phos,nG,0.05055398317567727
8882,92.0,50.0,0.0,50.0,e2,"P(3,5-CF3-Ph)3",nC,0.5485762544154528
8883,92.0,51.0,0.0,51.0,e1,PnBu3 HBF4,nG,0.02038973512534908
8884,92.0,52.0,0.0,52.0,e9,Et-PhenCar-Phos,nE,0.09970326563233488
8885,92.0,53.0,0.0,53.0,e1,MeO-KITPHOS,nC,0.08497736742087081
8886,92.0,54.0,0.0,54.0,e1,JackiePhos,nA,0.8639833503359745
8887,92.0,55.0,0.0,55.0,e1,CX-PICy,nE,0.08929455529222792
8888,92.0,56.0,0.0,56.0,e2,PPhtBu2,nB,0.2956916574075555
8889,92.0,57.0,0.0,57.0,e7,PPh2Me,nB,0.022176359893621114
8890,92.0,58.0,0.0,58.0,e9,tBPh-CPhos,nG,0.5841317864497397
8891,92.0,59.0,0.0,59.0,e4,JackiePhos,nI,0.0
8892,92.0,60.0,0.0,60.0,e1,CgMe-PPh,nD,0.47486974841558166
8893,92.0,61.0,0.0,61.0,e7,X-Phos,nB,0.24145251337028
8894,92.0,62.0,0.0,62.0,e4,CX-FBu,nF,0.0037689635802445258
8895,92.0,63.0,0.0,63.0,e1,P(fur)3,nC,0.13064801328706593
8896,92.0,64.0,0.0,64.0,e5,PPhMe2,nG,0.32039585377097946
8897,92.0,65.0,0.0,65.0,e3,"P(3,5-CF3-Ph)3",nI,0.34124947817961754
8898,92.0,66.0,0.0,66.0,e5,Cy-DavePhos,nD,0.7566333942731113
8899,92.0,67.0,0.0,67.0,e3,tBPh-CPhos,nA,0.5729071695707448
8900,92.0,68.0,0.0,68.0,e5,Et-PhenCar-Phos,nG,0.4088272163752651
8901,92.0,69.0,0.0,69.0,e1,P(o-Anis)3,nC,0.2646743135782516
8902,92.0,70.0,0.0,70.0,e5,PCy3 HBF4,nG,0.056653910463520696
8903,92.0,71.0,0.0,71.0,e3,Cy-BippyPhos,nB,0.2278488766711775
8904,92.0,72.0,0.0,72.0,e5,Kwong,nB,0.19563904085240036
8905,92.0,73.0,0.0,73.0,e5,BrettPhos,nC,0.08695624388826621
8906,92.0,74.0,0.0,74.0,e9,PPhtBu2,nI,0.6362211015918549
8907,92.0,75.0,0.0,75.0,e7,Cy-DavePhos,nA,0.4507264804831017
8908,92.0,76.0,0.0,76.0,e3,Cy-vBRIDP,nC,0.48120632702460653
8909,92.0,77.0,0.0,77.0,e4,CgMe-PPh,nF,0.15676724879802045
8910,92.0,78.0,0.0,78.0,e7,A-caPhos,nC,0.6204517712369704
8911,92.0,79.0,0.0,79.0,e10,MeO-KITPHOS,nF,0.8931997261223513
8912,92.0,80.0,0.0,80.0,e7,CX-PICy,nB,0.23030477566313212
8913,92.0,81.0,0.0,81.0,e4,PPh3,nD,0.001865175726413785
8914,92.0,82.0,0.0,82.0,e1,tBPh-CPhos,nI,0.239947127680601
8915,92.0,83.0,0.0,83.0,e5,MeO-KITPHOS,nA,0.677313943864531
8916,92.0,84.0,0.0,84.0,e7,Et-PhenCar-Phos,nB,0.3099147672836797
8917,92.0,85.0,0.0,85.0,e2,JackiePhos,nC,0.5096826906052602
8918,92.0,86.0,0.0,86.0,e1,PPh2Me,nI,0.05859619006636522
8919,92.0,87.0,0.0,87.0,e10,PPhtBu2,nI,0.8224211337896827
8920,92.0,88.0,0.0,88.0,e2,PPhMe2,nF,0.6752763886691495
8921,92.0,89.0,0.0,89.0,e4,A-caPhos,nD,0.005914580833647114
8922,92.0,90.0,0.0,90.0,e10,X-Phos,nF,0.9068098364152221
8923,92.0,91.0,0.0,91.0,e10,"P(3,5-CF3-Ph)3",nB,0.3248401714816362
8924,92.0,92.0,0.0,92.0,e2,X-Phos,nG,0.15427681870136029
8925,92.0,93.0,0.0,93.0,e9,MeO-KITPHOS,nE,0.1247527709304835
8926,92.0,94.0,0.0,94.0,e7,PPhtBu2,nA,0.22643925135847556
8927,92.0,95.0,0.0,95.0,e4,Cy-DavePhos,nG,0.04776203346339624
8928,93.0,0.0,0.0,0.0,e4,A-caPhos,nC,0.22300559618283194
8929,93.0,1.0,0.0,1.0,e4,BrettPhos,nA,0.0
8930,93.0,2.0,0.0,2.0,e2,CX-FBu,nC,0.0
8931,93.0,3.0,0.0,3.0,e1,CX-PICy,nG,0.10103394714922777
8932,93.0,4.0,0.0,4.0,e1,Cy-DavePhos,nC,0.07922994530801464
8933,93.0,5.0,0.0,5.0,e10,Cy-vBRIDP,nC,0.6923970246236064
8934,93.0,6.0,0.0,6.0,e3,Kwong,nE,0.12194116840481971
8935,93.0,7.0,0.0,7.0,e7,MeO-KITPHOS,nG,0.11322968814633767
8936,93.0,8.0,0.0,8.0,e1,P(o-Anis)3,nD,0.06718965695755724
8937,93.0,9.0,0.0,9.0,e1,Et-PhenCar-Phos,nA,0.5211070217161989
8938,93.0,10.0,0.0,10.0,e5,JackiePhos,nD,0.7857626907983566
8939,93.0,11.0,0.0,11.0,e7,"P(3,5-CF3-Ph)3",nG,0.004136174060489153
8940,93.0,12.0,0.0,12.0,e9,P(fur)3,nB,0.1017982533025562
8941,93.0,13.0,0.0,13.0,e9,Ph-PhenCar-Phos,nF,0.6256618485697769
8942,93.0,14.0,0.0,14.0,e9,PPh2Me,nI,0.5231142463877392
8943,93.0,15.0,0.0,15.0,e3,PPhtBu2,nB,0.11748362565060226
8944,93.0,16.0,0.0,16.0,e7,tBPh-CPhos,nE,0.0
8945,93.0,17.0,0.0,17.0,e3,PPhMe2,nA,0.3195986379275633
8946,93.0,18.0,0.0,18.0,e7,Cy-BippyPhos,nG,0.3885701449233445
8947,93.0,19.0,0.0,19.0,e3,PCy3 HBF4,nA,0.026603552105440537
8948,93.0,20.0,0.0,20.0,e4,CgMe-PPh,nG,0.03040429412851897
8949,93.0,21.0,0.0,21.0,e9,PPh3,nF,0.6925620811975002
8950,93.0,22.0,0.0,22.0,e2,X-Phos,nI,0.5461500672967297
8951,93.0,23.0,0.0,23.0,e4,PnBu3 HBF4,nG,0.0
8952,93.0,24.0,0.0,24.0,e9,JackiePhos,nE,0.1414633901753113
8953,93.0,25.0,0.0,25.0,e5,PPh3,nB,0.10428974023151304
8954,93.0,26.0,0.0,26.0,e1,Cy-vBRIDP,nG,0.040219882770202414
8955,93.0,27.0,0.0,27.0,e2,Ph-PhenCar-Phos,nE,0.002935248313701339
8956,93.0,28.0,0.0,28.0,e10,X-Phos,nF,0.9068098364152221
8957,93.0,29.0,0.0,29.0,e1,PPh2Me,nF,0.03516179379382025
8958,93.0,30.0,0.0,30.0,e10,Et-PhenCar-Phos,nF,0.9128845279878604
8959,93.0,31.0,0.0,31.0,e3,Cy-BippyPhos,nI,0.4880124029547394
8960,93.0,32.0,0.0,32.0,e3,PPhMe2,nE,0.20156383963737273
8961,93.0,33.0,0.0,33.0,e9,A-caPhos,nB,0.040633394833466153
8962,93.0,34.0,0.0,34.0,e4,X-Phos,nG,0.014305219597103146
8963,93.0,35.0,0.0,35.0,e3,Et-PhenCar-Phos,nA,0.6402198562439387
8964,93.0,36.0,0.0,36.0,e9,Kwong,nB,0.11088834300612632
8965,93.0,37.0,0.0,37.0,e7,PPhtBu2,nG,0.019417998587740952
8966,93.0,38.0,0.0,38.0,e5,MeO-KITPHOS,nE,0.20090081346750718
8967,93.0,39.0,0.0,39.0,e4,P(fur)3,nI,0.04402143693540769
8968,93.0,40.0,0.0,40.0,e3,CX-PICy,nF,0.6497944840300122
8969,93.0,41.0,0.0,41.0,e3,Cy-DavePhos,nB,0.16485335147347094
8970,93.0,42.0,0.0,42.0,e9,P(o-Anis)3,nG,0.16952591679227183
8971,93.0,43.0,0.0,43.0,e10,CgMe-PPh,nF,0.9345922792122748
8972,93.0,44.0,0.0,44.0,e4,PCy3 HBF4,nG,0.0
8973,93.0,45.0,0.0,45.0,e1,"P(3,5-CF3-Ph)3",nF,0.0
8974,93.0,46.0,0.0,46.0,e5,BrettPhos,nC,0.08695624388826621
8975,93.0,47.0,0.0,47.0,e5,CX-FBu,nB,0.060299548757721935
8976,93.0,48.0,0.0,48.0,e3,tBPh-CPhos,nI,0.40203943367844525
8977,93.0,49.0,0.0,49.0,e10,PnBu3 HBF4,nA,0.145126946063475
8978,93.0,50.0,0.0,50.0,e3,CgMe-PPh,nC,0.5573433814229866
8979,93.0,51.0,0.0,51.0,e10,JackiePhos,nG,0.19943476808224297
8980,93.0,52.0,0.0,52.0,e10,Cy-BippyPhos,nI,0.8194571896084138
8981,93.0,53.0,0.0,53.0,e10,Et-PhenCar-Phos,nA,0.7401699862842729
8982,93.0,54.0,0.0,54.0,e9,PPh3,nB,0.08611579146274333
8983,93.0,55.0,0.0,55.0,e5,CX-PICy,nD,0.7367636173787823
8984,93.0,56.0,0.0,56.0,e9,Cy-vBRIDP,nA,0.003827159412294159
8985,93.0,57.0,0.0,57.0,e4,Ph-PhenCar-Phos,nA,0.0
8986,93.0,58.0,0.0,58.0,e4,Cy-BippyPhos,nD,0.0
8987,93.0,59.0,0.0,59.0,e1,Et-PhenCar-Phos,nI,0.05407119647865783
8988,93.0,60.0,0.0,60.0,e10,PPh2Me,nD,1.0
8989,93.0,61.0,0.0,61.0,e5,PPhMe2,nC,0.6973280420518365
8990,93.0,62.0,0.0,62.0,e5,PPh2Me,nG,0.02908266774080822
8991,93.0,63.0,0.0,63.0,e7,CgMe-PPh,nA,0.6062121514347315
8992,93.0,64.0,0.0,64.0,e3,CX-PICy,nI,0.3147352706817098
8993,93.0,65.0,0.0,65.0,e10,X-Phos,nD,0.9917865678194812
8994,93.0,66.0,0.0,66.0,e5,tBPh-CPhos,nC,0.7175681052805551
8995,93.0,67.0,0.0,67.0,e10,X-Phos,nA,0.70292121771995
8996,93.0,68.0,0.0,68.0,e1,MeO-KITPHOS,nB,0.015845697854694092
8997,93.0,69.0,0.0,69.0,e2,PPhMe2,nE,0.206575885338896
8998,93.0,70.0,0.0,70.0,e3,A-caPhos,nF,0.7082011417231325
8999,93.0,71.0,0.0,71.0,e3,Cy-DavePhos,nI,0.3888644156671869
9000,93.0,72.0,0.0,72.0,e7,P(o-Anis)3,nI,0.13909608509581536
9001,93.0,73.0,0.0,73.0,e2,CgMe-PPh,nC,0.6339599379342666
9002,93.0,74.0,0.0,74.0,e9,Kwong,nI,0.4493156931018429
9003,93.0,75.0,0.0,75.0,e4,JackiePhos,nF,0.14143573352899122
9004,93.0,76.0,0.0,76.0,e5,tBPh-CPhos,nF,0.021215482774025726
9005,93.0,77.0,0.0,77.0,e1,X-Phos,nD,0.11103234490926704
9006,93.0,78.0,0.0,78.0,e5,P(fur)3,nC,0.706763204366684
9007,93.0,79.0,0.0,79.0,e1,PnBu3 HBF4,nD,0.07093393667529567
9008,93.0,80.0,0.0,80.0,e9,PPhtBu2,nB,0.0744540569819119
9009,93.0,81.0,0.0,81.0,e4,A-caPhos,nF,0.177284613811449
9010,93.0,82.0,0.0,82.0,e10,Et-PhenCar-Phos,nG,0.4986371729738086
9011,93.0,83.0,0.0,83.0,e2,BrettPhos,nG,0.08281407991024353
9012,93.0,84.0,0.0,84.0,e1,CX-PICy,nB,0.158428631262488
9013,93.0,85.0,0.0,85.0,e3,PPh3,nA,0.08557652021695743
9014,93.0,86.0,0.0,86.0,e5,CgMe-PPh,nC,0.7463019251283864
9015,93.0,87.0,0.0,87.0,e9,CX-FBu,nF,0.005339162336147423
9016,93.0,88.0,0.0,88.0,e3,P(fur)3,nG,0.19737875966328072
9017,93.0,89.0,0.0,89.0,e9,PCy3 HBF4,nE,0.09422828034713238
9018,93.0,90.0,0.0,90.0,e10,Cy-BippyPhos,nA,0.7528860791443422
9019,93.0,91.0,0.0,91.0,e1,"P(3,5-CF3-Ph)3",nE,0.02574746723401784
9020,93.0,92.0,0.0,92.0,e4,CgMe-PPh,nB,0.010586928381835779
9021,93.0,93.0,0.0,93.0,e4,Cy-vBRIDP,nB,0.0
9022,93.0,94.0,0.0,94.0,e4,PPh2Me,nI,0.011948259243086866
9023,93.0,95.0,0.0,95.0,e10,Cy-BippyPhos,nE,0.15176129512938982
9024,94.0,0.0,0.0,0.0,e1,A-caPhos,nI,0.03722071252473063
9025,94.0,1.0,0.0,1.0,e10,BrettPhos,nE,0.057568734516984195
9026,94.0,2.0,0.0,2.0,e5,CX-FBu,nF,0.0
9027,94.0,3.0,0.0,3.0,e7,CX-PICy,nG,0.27831617102194695
9028,94.0,4.0,0.0,4.0,e3,Cy-DavePhos,nG,0.582883480820361
9029,94.0,5.0,0.0,5.0,e2,Cy-vBRIDP,nF,0.6290075171930294
9030,94.0,6.0,0.0,6.0,e2,Kwong,nI,0.5869140300450231
9031,94.0,7.0,0.0,7.0,e10,MeO-KITPHOS,nA,0.5040049303765105
9032,94.0,8.0,0.0,8.0,e3,P(o-Anis)3,nD,0.017049023134240643
9033,94.0,9.0,0.0,9.0,e4,Et-PhenCar-Phos,nG,0.0029966288441688137
9034,94.0,10.0,0.0,10.0,e7,JackiePhos,nB,0.2780363157049384
9035,94.0,11.0,0.0,11.0,e3,"P(3,5-CF3-Ph)3",nE,0.07143086362203174
9036,94.0,12.0,0.0,12.0,e7,P(fur)3,nF,0.003960698397596189
9037,94.0,13.0,0.0,13.0,e5,Ph-PhenCar-Phos,nE,0.0
9038,94.0,14.0,0.0,14.0,e4,PPh2Me,nB,0.0
9039,94.0,15.0,0.0,15.0,e9,PPhtBu2,nG,0.2561213944420894
9040,94.0,16.0,0.0,16.0,e7,tBPh-CPhos,nE,0.0
9041,94.0,17.0,0.0,17.0,e7,PPhMe2,nF,0.0
9042,94.0,18.0,0.0,18.0,e9,Cy-BippyPhos,nE,0.1706050823301135
9043,94.0,19.0,0.0,19.0,e3,PCy3 HBF4,nB,0.006581360557928457
9044,94.0,20.0,0.0,20.0,e4,CgMe-PPh,nD,0.08321089559018727
9045,94.0,21.0,0.0,21.0,e2,PPh3,nD,0.829809282023606
9046,94.0,22.0,0.0,22.0,e10,X-Phos,nI,0.7187458586231107
9047,94.0,23.0,0.0,23.0,e9,PnBu3 HBF4,nE,0.13881752224258265
9048,94.0,24.0,0.0,24.0,e1,PPh3,nF,0.033638963742203404
9049,94.0,25.0,0.0,25.0,e9,X-Phos,nG,0.4940245596014306
9050,94.0,26.0,0.0,26.0,e10,Cy-vBRIDP,nA,0.6642431458921436
9051,94.0,27.0,0.0,27.0,e4,Kwong,nG,0.0
9052,94.0,28.0,0.0,28.0,e5,Cy-DavePhos,nG,0.4296099762008142
9053,94.0,29.0,0.0,29.0,e1,MeO-KITPHOS,nG,0.05772455406029879
9054,94.0,30.0,0.0,30.0,e5,CX-PICy,nF,0.5063471923786179
9055,94.0,31.0,0.0,31.0,e10,JackiePhos,nA,0.7329517075696806
9056,94.0,32.0,0.0,32.0,e9,PPhtBu2,nB,0.0744540569819119
9057,94.0,33.0,0.0,33.0,e5,Cy-BippyPhos,nA,0.7454640568896914
9058,94.0,34.0,0.0,34.0,e1,PnBu3 HBF4,nB,0.005892158794976363
9059,94.0,35.0,0.0,35.0,e10,CgMe-PPh,nG,0.4450058594793389
9060,94.0,36.0,0.0,36.0,e9,"P(3,5-CF3-Ph)3",nA,0.28248248720696867
9061,94.0,37.0,0.0,37.0,e2,Cy-vBRIDP,nC,0.591401678089823
9062,94.0,38.0,0.0,38.0,e1,BrettPhos,nE,0.0
9063,94.0,39.0,0.0,39.0,e2,A-caPhos,nD,0.8459561333315676
9064,94.0,40.0,0.0,40.0,e9,X-Phos,nE,0.11576466040964467
9065,94.0,41.0,0.0,41.0,e2,P(o-Anis)3,nA,0.25800548866225337
9066,94.0,42.0,0.0,42.0,e9,PCy3 HBF4,nB,0.0
9067,94.0,43.0,0.0,43.0,e5,P(fur)3,nG,0.4460254587435207
9068,94.0,44.0,0.0,44.0,e9,Et-PhenCar-Phos,nD,0.6763905107050712
9069,94.0,45.0,0.0,45.0,e2,CX-FBu,nD,0.6240221969248974
9070,94.0,46.0,0.0,46.0,e1,Ph-PhenCar-Phos,nE,0.08104361666235148
9071,94.0,47.0,0.0,47.0,e7,PPh2Me,nA,0.2157458754143766
9072,94.0,48.0,0.0,48.0,e10,tBPh-CPhos,nE,0.067635101402571
9073,94.0,49.0,0.0,49.0,e5,PPhMe2,nD,0.7767748774157355
9074,94.0,50.0,0.0,50.0,e10,Cy-DavePhos,nI,0.7834423636635293
9075,94.0,51.0,0.0,51.0,e5,JackiePhos,nG,0.338261501637445
9076,94.0,52.0,0.0,52.0,e4,Cy-BippyPhos,nI,0.01506826698150689
9077,94.0,53.0,0.0,53.0,e9,A-caPhos,nA,0.04128507835913788
9078,94.0,54.0,0.0,54.0,e1,PPh3,nI,0.04621439454240948
9079,94.0,55.0,0.0,55.0,e9,CX-PICy,nA,0.22214179192108488
9080,94.0,56.0,0.0,56.0,e7,PPhMe2,nE,0.04656087399550363
9081,94.0,57.0,0.0,57.0,e10,Cy-vBRIDP,nI,0.8380507759186263
9082,94.0,58.0,0.0,58.0,e5,Et-PhenCar-Phos,nB,0.3409079497861161
9083,94.0,59.0,0.0,59.0,e4,Cy-DavePhos,nE,0.0
9084,94.0,60.0,0.0,60.0,e2,CX-FBu,nG,0.0
9085,94.0,61.0,0.0,61.0,e3,Kwong,nI,0.27368874204771254
9086,94.0,62.0,0.0,62.0,e7,MeO-KITPHOS,nA,0.11368563470080227
9087,94.0,63.0,0.0,63.0,e10,Cy-vBRIDP,nC,0.6923970246236064
9088,94.0,64.0,0.0,64.0,e5,CgMe-PPh,nD,0.8391860239024482
9089,94.0,65.0,0.0,65.0,e2,P(fur)3,nC,0.531364471158177
9090,94.0,66.0,0.0,66.0,e4,CgMe-PPh,nC,0.07729202271014396
9091,94.0,67.0,0.0,67.0,e2,JackiePhos,nG,0.226362632584802
9092,94.0,68.0,0.0,68.0,e10,X-Phos,nD,0.9917865678194812
9093,94.0,69.0,0.0,69.0,e2,"P(3,5-CF3-Ph)3",nI,0.7101552221676866
9094,94.0,70.0,0.0,70.0,e5,X-Phos,nE,0.10922716180611192
9095,94.0,71.0,0.0,71.0,e1,PPhtBu2,nG,0.0
9096,94.0,72.0,0.0,72.0,e4,Cy-vBRIDP,nA,0.021399040085944364
9097,94.0,73.0,0.0,73.0,e4,P(o-Anis)3,nB,0.028651564710375093
9098,94.0,74.0,0.0,74.0,e9,PPh2Me,nG,0.32077678172887275
9099,94.0,75.0,0.0,75.0,e4,"P(3,5-CF3-Ph)3",nG,0.02206633089938497
9100,94.0,76.0,0.0,76.0,e10,Et-PhenCar-Phos,nD,0.9813444766852435
9101,94.0,77.0,0.0,77.0,e5,Et-PhenCar-Phos,nF,0.9721268742833418
9102,94.0,78.0,0.0,78.0,e9,CX-PICy,nB,0.017548782295091724
9103,94.0,79.0,0.0,79.0,e4,Et-PhenCar-Phos,nC,0.5137778282322677
9104,94.0,80.0,0.0,80.0,e3,PnBu3 HBF4,nE,0.07267279002281227
9105,94.0,81.0,0.0,81.0,e7,P(fur)3,nA,0.15917780258602543
9106,94.0,82.0,0.0,82.0,e2,Cy-BippyPhos,nC,0.565819186487617
9107,94.0,83.0,0.0,83.0,e5,A-caPhos,nI,0.4554510371693582
9108,94.0,84.0,0.0,84.0,e3,PPh3,nF,0.7331009521150271
9109,94.0,85.0,0.0,85.0,e2,Ph-PhenCar-Phos,nB,0.0
9110,94.0,86.0,0.0,86.0,e1,Cy-DavePhos,nC,0.07922994530801464
9111,94.0,87.0,0.0,87.0,e1,tBPh-CPhos,nI,0.239947127680601
9112,94.0,88.0,0.0,88.0,e3,BrettPhos,nF,0.00688372893582114
9113,94.0,89.0,0.0,89.0,e10,Kwong,nG,0.24923381383602894
9114,94.0,90.0,0.0,90.0,e3,PPhMe2,nG,0.3443466389164857
9115,94.0,91.0,0.0,91.0,e5,PCy3 HBF4,nI,0.34482654450171224
9116,94.0,92.0,0.0,92.0,e5,PPh3,nI,0.7008002329516867
9117,94.0,93.0,0.0,93.0,e9,Et-PhenCar-Phos,nI,0.47387538169056964
9118,94.0,94.0,0.0,94.0,e10,JackiePhos,nG,0.19943476808224297
9119,94.0,95.0,0.0,95.0,e4,Cy-vBRIDP,nC,0.20302461670836117
9120,95.0,0.0,0.0,0.0,e3,A-caPhos,nF,0.7082011417231325
9121,95.0,1.0,0.0,1.0,e2,BrettPhos,nB,0.018712271806066737
9122,95.0,2.0,0.0,2.0,e7,CX-FBu,nG,0.0
9123,95.0,3.0,0.0,3.0,e3,CX-PICy,nA,0.3216556256640709
9124,95.0,4.0,0.0,4.0,e7,Cy-DavePhos,nI,0.2468203134373269
9125,95.0,5.0,0.0,5.0,e3,Cy-vBRIDP,nE,0.22456888388015206
9126,95.0,6.0,0.0,6.0,e10,Kwong,nA,0.5880136022074371
9127,95.0,7.0,0.0,7.0,e7,MeO-KITPHOS,nA,0.11368563470080227
9128,95.0,8.0,0.0,8.0,e3,P(o-Anis)3,nB,0.08812842587343037
9129,95.0,9.0,0.0,9.0,e5,Et-PhenCar-Phos,nB,0.3409079497861161
9130,95.0,10.0,0.0,10.0,e5,JackiePhos,nC,0.6733815385706186
9131,95.0,11.0,0.0,11.0,e3,"P(3,5-CF3-Ph)3",nE,0.07143086362203174
9132,95.0,12.0,0.0,12.0,e5,P(fur)3,nB,0.1834224346309997
9133,95.0,13.0,0.0,13.0,e3,Ph-PhenCar-Phos,nF,0.5701705660870041
9134,95.0,14.0,0.0,14.0,e2,PPh2Me,nG,0.0
9135,95.0,15.0,0.0,15.0,e3,PPhtBu2,nF,0.8177480761316681
9136,95.0,16.0,0.0,16.0,e7,tBPh-CPhos,nF,0.04219969859241317
9137,95.0,17.0,0.0,17.0,e5,PPhMe2,nE,0.2586811210145722
9138,95.0,18.0,0.0,18.0,e7,Cy-BippyPhos,nD,1.0
9139,95.0,19.0,0.0,19.0,e10,PCy3 HBF4,nE,0.04178712243346533
9140,95.0,20.0,0.0,20.0,e1,CgMe-PPh,nI,0.33119462408139744
9141,95.0,21.0,0.0,21.0,e3,PPh3,nC,0.5766867841866626
9142,95.0,22.0,0.0,22.0,e10,X-Phos,nA,0.70292121771995
9143,95.0,23.0,0.0,23.0,e4,PnBu3 HBF4,nI,0.0
9144,95.0,24.0,0.0,24.0,e5,Cy-BippyPhos,nA,0.7454640568896914
9145,95.0,25.0,0.0,25.0,e2,PPhtBu2,nA,0.8784588854057418
9146,95.0,26.0,0.0,26.0,e3,A-caPhos,nC,0.44127462725198824
9147,95.0,27.0,0.0,27.0,e3,X-Phos,nB,0.2000064287326038
9148,95.0,28.0,0.0,28.0,e2,JackiePhos,nC,0.5096826906052602
9149,95.0,29.0,0.0,29.0,e9,Kwong,nD,0.7637773250800808
9150,95.0,30.0,0.0,30.0,e2,PPh3,nA,0.008904947561475468
9151,95.0,31.0,0.0,31.0,e10,Ph-PhenCar-Phos,nD,0.19450431269643761
9152,95.0,32.0,0.0,32.0,e7,Et-PhenCar-Phos,nA,0.46105828561415296
9153,95.0,33.0,0.0,33.0,e7,CgMe-PPh,nE,0.023295783669163114
9154,95.0,34.0,0.0,34.0,e9,CX-PICy,nC,0.3368172083334284
9155,95.0,35.0,0.0,35.0,e2,Cy-BippyPhos,nA,0.947422522089135
9156,95.0,36.0,0.0,36.0,e10,PPhtBu2,nI,0.8224211337896827
9157,95.0,37.0,0.0,37.0,e10,PPhMe2,nA,0.6773210798547121
9158,95.0,38.0,0.0,38.0,e3,Cy-DavePhos,nI,0.3888644156671869
9159,95.0,39.0,0.0,39.0,e4,Cy-vBRIDP,nC,0.20302461670836117
9160,95.0,40.0,0.0,40.0,e10,P(fur)3,nB,0.29107612738736705
9161,95.0,41.0,0.0,41.0,e9,MeO-KITPHOS,nI,0.37369206432045404
9162,95.0,42.0,0.0,42.0,e1,Kwong,nD,0.08645291673067909
9163,95.0,43.0,0.0,43.0,e7,P(o-Anis)3,nC,0.3570385417934203
9164,95.0,44.0,0.0,44.0,e3,"P(3,5-CF3-Ph)3",nF,0.739492776362512
9165,95.0,45.0,0.0,45.0,e2,Cy-BippyPhos,nG,0.21398062661899547
9166,95.0,46.0,0.0,46.0,e2,tBPh-CPhos,nD,0.9627817421488892
9167,95.0,47.0,0.0,47.0,e7,PCy3 HBF4,nE,0.012884298674100353
9168,95.0,48.0,0.0,48.0,e10,BrettPhos,nG,0.0697610559568269
9169,95.0,49.0,0.0,49.0,e9,JackiePhos,nB,0.12673454703525938
9170,95.0,50.0,0.0,50.0,e4,CX-FBu,nA,0.0
9171,95.0,51.0,0.0,51.0,e4,PPh2Me,nB,0.0
9172,95.0,52.0,0.0,52.0,e2,PnBu3 HBF4,nG,0.05240835785700971
9173,95.0,53.0,0.0,53.0,e1,PPhtBu2,nB,0.03618479220380419
9174,95.0,54.0,0.0,54.0,e9,A-caPhos,nD,0.5903907562753792
9175,95.0,55.0,0.0,55.0,e2,tBPh-CPhos,nE,0.13432593614456043
9176,95.0,56.0,0.0,56.0,e7,PPhMe2,nF,0.0
9177,95.0,57.0,0.0,57.0,e7,X-Phos,nE,0.009747915997314067
9178,95.0,58.0,0.0,58.0,e9,"P(3,5-CF3-Ph)3",nF,0.3243416897405247
9179,95.0,59.0,0.0,59.0,e4,Et-PhenCar-Phos,nG,0.0029966288441688137
9180,95.0,60.0,0.0,60.0,e1,Ph-PhenCar-Phos,nB,0.12250680218325506
9181,95.0,61.0,0.0,61.0,e4,CX-PICy,nF,0.11376981015319125
9182,95.0,62.0,0.0,62.0,e2,A-caPhos,nI,0.27907445871147873
9183,95.0,63.0,0.0,63.0,e3,Cy-DavePhos,nC,0.37215812981068086
9184,95.0,64.0,0.0,64.0,e2,Cy-BippyPhos,nF,0.5159368139266189
9185,95.0,65.0,0.0,65.0,e10,PPh3,nD,0.9785597434506366
9186,95.0,66.0,0.0,66.0,e3,PPh3,nG,0.5441952440189306
9187,95.0,67.0,0.0,67.0,e10,MeO-KITPHOS,nE,0.08167116258886992
9188,95.0,68.0,0.0,68.0,e5,P(fur)3,nF,0.766688957978976
9189,95.0,69.0,0.0,69.0,e4,PPhtBu2,nE,0.0
9190,95.0,70.0,0.0,70.0,e3,P(o-Anis)3,nE,0.0347685138498739
9191,95.0,71.0,0.0,71.0,e9,Kwong,nF,0.6183071390945252
9192,95.0,72.0,0.0,72.0,e10,Cy-vBRIDP,nB,0.4380455887344343
9193,95.0,73.0,0.0,73.0,e4,CgMe-PPh,nB,0.010586928381835779
9194,95.0,74.0,0.0,74.0,e4,JackiePhos,nC,0.28682741874775813
9195,95.0,75.0,0.0,75.0,e1,Cy-BippyPhos,nG,0.15976408278590903
9196,95.0,76.0,0.0,76.0,e10,P(fur)3,nF,0.9483400902675492
9197,95.0,77.0,0.0,77.0,e7,P(fur)3,nE,0.0
9198,95.0,78.0,0.0,78.0,e9,tBPh-CPhos,nD,0.7798623769507976
9199,95.0,79.0,0.0,79.0,e7,"P(3,5-CF3-Ph)3",nD,0.7248719169293781
9200,95.0,80.0,0.0,80.0,e5,PPh3,nA,0.2549508068127627
9201,95.0,81.0,0.0,81.0,e10,Kwong,nG,0.24923381383602894
9202,95.0,82.0,0.0,82.0,e2,A-caPhos,nB,0.050816766328986455
9203,95.0,83.0,0.0,83.0,e9,Cy-DavePhos,nB,0.10197404268440335
9204,95.0,84.0,0.0,84.0,e7,tBPh-CPhos,nA,0.42655708759840044
9205,95.0,85.0,0.0,85.0,e3,PPhMe2,nG,0.3443466389164857
9206,95.0,86.0,0.0,86.0,e7,"P(3,5-CF3-Ph)3",nC,0.37358571629078485
9207,95.0,87.0,0.0,87.0,e2,X-Phos,nC,0.40642389315255095
9208,95.0,88.0,0.0,88.0,e2,BrettPhos,nA,0.4002350326194897
9209,95.0,89.0,0.0,89.0,e9,Ph-PhenCar-Phos,nG,0.441238259560321
9210,95.0,90.0,0.0,90.0,e1,Cy-vBRIDP,nA,0.2888460681891715
9211,95.0,91.0,0.0,91.0,e10,PCy3 HBF4,nG,0.03784536673058321
9212,95.0,92.0,0.0,92.0,e7,PnBu3 HBF4,nA,0.19159700729969498
9213,95.0,93.0,0.0,93.0,e4,Et-PhenCar-Phos,nC,0.5137778282322677
9214,95.0,94.0,0.0,94.0,e7,CX-FBu,nD,0.017505922127010028
9215,95.0,95.0,0.0,95.0,e1,PPh2Me,nB,0.01727201608687613
9216,96.0,0.0,0.0,0.0,e1,A-caPhos,nF,0.010702303143673455
9217,96.0,1.0,0.0,1.0,e10,BrettPhos,nB,0.1924655754820278
9218,96.0,2.0,0.0,2.0,e10,CX-FBu,nA,0.11933660384887412
9219,96.0,3.0,0.0,3.0,e1,CX-PICy,nD,0.26178759539722174
9220,96.0,4.0,0.0,4.0,e7,Cy-DavePhos,nE,0.07737987898288086
9221,96.0,5.0,0.0,5.0,e3,Cy-vBRIDP,nC,0.48120632702460653
9222,96.0,6.0,0.0,6.0,e7,Kwong,nE,0.004040419088719778
9223,96.0,7.0,0.0,7.0,e7,MeO-KITPHOS,nB,0.04698078637689876
9224,96.0,8.0,0.0,8.0,e1,P(o-Anis)3,nE,0.0726200206341357
9225,96.0,9.0,0.0,9.0,e1,Et-PhenCar-Phos,nC,0.13162928317129613
9226,96.0,10.0,0.0,10.0,e3,JackiePhos,nE,0.19804717134717115
9227,96.0,11.0,0.0,11.0,e3,"P(3,5-CF3-Ph)3",nC,0.5560644999980037
9228,96.0,12.0,0.0,12.0,e2,P(fur)3,nB,0.3160767978375305
9229,96.0,13.0,0.0,13.0,e10,Ph-PhenCar-Phos,nA,0.4084319710624149
9230,96.0,14.0,0.0,14.0,e1,PPh2Me,nD,0.033096066833962406
9231,96.0,15.0,0.0,15.0,e4,PPhtBu2,nE,0.0
9232,96.0,16.0,0.0,16.0,e3,tBPh-CPhos,nA,0.5729071695707448
9233,96.0,17.0,0.0,17.0,e4,PPhMe2,nG,0.0
9234,96.0,18.0,0.0,18.0,e2,Cy-BippyPhos,nE,0.15754944548975836
9235,96.0,19.0,0.0,19.0,e2,PCy3 HBF4,nA,0.001570789934535926
9236,96.0,20.0,0.0,20.0,e2,CgMe-PPh,nA,0.6670880102879697
9237,96.0,21.0,0.0,21.0,e7,PPh3,nG,0.09330503580192609
9238,96.0,22.0,0.0,22.0,e9,X-Phos,nA,0.4653132921969271
9239,96.0,23.0,0.0,23.0,e2,PnBu3 HBF4,nG,0.05240835785700971
9240,96.0,24.0,0.0,24.0,e5,CgMe-PPh,nE,0.0
9241,96.0,25.0,0.0,25.0,e10,tBPh-CPhos,nG,0.1872202584239755
9242,96.0,26.0,0.0,26.0,e1,"P(3,5-CF3-Ph)3",nB,0.03740009874424654
9243,96.0,27.0,0.0,27.0,e1,Cy-vBRIDP,nD,0.12134762347017049
9244,96.0,28.0,0.0,28.0,e2,X-Phos,nE,0.05720851394385538
9245,96.0,29.0,0.0,29.0,e5,Ph-PhenCar-Phos,nC,0.6706487930795781
9246,96.0,30.0,0.0,30.0,e2,P(fur)3,nF,0.4799987068628782
9247,96.0,31.0,0.0,31.0,e9,CX-PICy,nD,0.7313083836786916
9248,96.0,32.0,0.0,32.0,e10,JackiePhos,nD,0.9619894282107424
9249,96.0,33.0,0.0,33.0,e10,BrettPhos,nA,0.3672528507287323
9250,96.0,34.0,0.0,34.0,e5,Cy-BippyPhos,nI,0.8909978993536253
9251,96.0,35.0,0.0,35.0,e10,Et-PhenCar-Phos,nE,0.1423623971693994
9252,96.0,36.0,0.0,36.0,e3,CX-FBu,nE,0.0
9253,96.0,37.0,0.0,37.0,e10,PPh3,nG,0.1393167968001149
9254,96.0,38.0,0.0,38.0,e7,Cy-DavePhos,nC,0.43870094090204687
9255,96.0,39.0,0.0,39.0,e5,P(o-Anis)3,nB,0.08805288524342034
9256,96.0,40.0,0.0,40.0,e9,PnBu3 HBF4,nE,0.13881752224258265
9257,96.0,41.0,0.0,41.0,e4,MeO-KITPHOS,nD,0.01764759420350764
9258,96.0,42.0,0.0,42.0,e5,PPh2Me,nF,0.0
9259,96.0,43.0,0.0,43.0,e3,A-caPhos,nG,0.0
9260,96.0,44.0,0.0,44.0,e3,Kwong,nC,0.49266490533355695
9261,96.0,45.0,0.0,45.0,e3,PCy3 HBF4,nC,0.5344164665084931
9262,96.0,46.0,0.0,46.0,e5,PPhtBu2,nC,0.7698254349858591
9263,96.0,47.0,0.0,47.0,e1,PPhMe2,nB,0.028702661498009253
9264,96.0,48.0,0.0,48.0,e2,JackiePhos,nB,0.27751512392797617
9265,96.0,49.0,0.0,49.0,e10,Ph-PhenCar-Phos,nE,0.002202515466205794
9266,96.0,50.0,0.0,50.0,e3,Cy-BippyPhos,nB,0.2278488766711775
9267,96.0,51.0,0.0,51.0,e4,CX-PICy,nG,0.016007987024632152
9268,96.0,52.0,0.0,52.0,e7,P(fur)3,nF,0.003960698397596189
9269,96.0,53.0,0.0,53.0,e10,PPhtBu2,nF,0.9293464786587261
9270,96.0,54.0,0.0,54.0,e5,tBPh-CPhos,nI,0.8432755599410124
9271,96.0,55.0,0.0,55.0,e9,CgMe-PPh,nD,0.6700037753165438
9272,96.0,56.0,0.0,56.0,e9,PPhtBu2,nE,0.15317274654488514
9273,96.0,57.0,0.0,57.0,e7,Cy-vBRIDP,nF,0.47929870017773896
9274,96.0,58.0,0.0,58.0,e2,"P(3,5-CF3-Ph)3",nA,0.7596387385382168
9275,96.0,59.0,0.0,59.0,e3,BrettPhos,nE,0.012327416789753938
9276,96.0,60.0,0.0,60.0,e10,tBPh-CPhos,nE,0.067635101402571
9277,96.0,61.0,0.0,61.0,e4,PCy3 HBF4,nF,0.1806752523043707
9278,96.0,62.0,0.0,62.0,e10,X-Phos,nB,0.3561245065772018
9279,96.0,63.0,0.0,63.0,e3,Cy-DavePhos,nI,0.3888644156671869
9280,96.0,64.0,0.0,64.0,e9,Kwong,nI,0.4493156931018429
9281,96.0,65.0,0.0,65.0,e1,JackiePhos,nB,0.15130453997269813
9282,96.0,66.0,0.0,66.0,e5,"P(3,5-CF3-Ph)3",nB,0.24568271742359823
9283,96.0,67.0,0.0,67.0,e9,CgMe-PPh,nF,1.0
9284,96.0,68.0,0.0,68.0,e10,CgMe-PPh,nG,0.4450058594793389
9285,96.0,69.0,0.0,69.0,e3,Cy-BippyPhos,nE,0.21120990283036814
9286,96.0,70.0,0.0,70.0,e9,Et-PhenCar-Phos,nF,0.7233050105292524
9287,96.0,71.0,0.0,71.0,e10,PPh3,nB,0.027379747986006113
9288,96.0,72.0,0.0,72.0,e10,Cy-vBRIDP,nB,0.4380455887344343
9289,96.0,73.0,0.0,73.0,e3,Ph-PhenCar-Phos,nG,0.05055398317567727
9290,96.0,74.0,0.0,74.0,e5,PnBu3 HBF4,nD,0.7923101429985819
9291,96.0,75.0,0.0,75.0,e5,P(o-Anis)3,nA,0.20637391159055976
9292,96.0,76.0,0.0,76.0,e4,CX-PICy,nE,0.044118367259479443
9293,96.0,77.0,0.0,77.0,e7,Et-PhenCar-Phos,nD,1.0
9294,96.0,78.0,0.0,78.0,e1,Et-PhenCar-Phos,nG,0.07748698744311458
9295,96.0,79.0,0.0,79.0,e7,PnBu3 HBF4,nA,0.19159700729969498
9296,96.0,80.0,0.0,80.0,e2,CX-FBu,nD,0.6240221969248974
9297,96.0,81.0,0.0,81.0,e5,Kwong,nA,0.5502353247445788
9298,96.0,82.0,0.0,82.0,e3,PPhtBu2,nC,0.47844610654360165
9299,96.0,83.0,0.0,83.0,e5,Cy-DavePhos,nB,0.24820523727080449
9300,96.0,84.0,0.0,84.0,e1,CgMe-PPh,nI,0.33119462408139744
9301,96.0,85.0,0.0,85.0,e1,X-Phos,nD,0.11103234490926704
9302,96.0,86.0,0.0,86.0,e9,MeO-KITPHOS,nF,0.2069173517749973
9303,96.0,87.0,0.0,87.0,e1,PPh2Me,nF,0.03516179379382025
9304,96.0,88.0,0.0,88.0,e10,PPhMe2,nI,0.5272307031167799
9305,96.0,89.0,0.0,89.0,e1,P(fur)3,nE,0.030488115443860403
9306,96.0,90.0,0.0,90.0,e4,A-caPhos,nE,0.0
9307,96.0,91.0,0.0,91.0,e4,tBPh-CPhos,nC,0.29898547506383855
9308,96.0,92.0,0.0,92.0,e3,CX-FBu,nI,0.0
9309,96.0,93.0,0.0,93.0,e5,"P(3,5-CF3-Ph)3",nF,0.7449177693369221
9310,96.0,94.0,0.0,94.0,e2,JackiePhos,nI,0.6460679308159928
9311,96.0,95.0,0.0,95.0,e10,PCy3 HBF4,nI,0.2597424074177721
9312,97.0,0.0,0.0,0.0,e10,A-caPhos,nC,0.810246096009385
9313,97.0,1.0,0.0,1.0,e9,BrettPhos,nI,0.032611559012961096
9314,97.0,2.0,0.0,2.0,e7,CX-FBu,nE,0.001217827266805761
9315,97.0,3.0,0.0,3.0,e3,CX-PICy,nC,0.42737783545851454
9316,97.0,4.0,0.0,4.0,e2,Cy-DavePhos,nG,0.27117001204677615
9317,97.0,5.0,0.0,5.0,e7,Cy-vBRIDP,nA,0.4856539808134513
9318,97.0,6.0,0.0,6.0,e10,Kwong,nD,0.9695200020757685
9319,97.0,7.0,0.0,7.0,e2,MeO-KITPHOS,nD,0.8301285778461426
9320,97.0,8.0,0.0,8.0,e2,P(o-Anis)3,nE,0.11073968831160971
9321,97.0,9.0,0.0,9.0,e4,Et-PhenCar-Phos,nF,0.10620274724550914
9322,97.0,10.0,0.0,10.0,e3,JackiePhos,nC,0.5634096118513189
9323,97.0,11.0,0.0,11.0,e9,"P(3,5-CF3-Ph)3",nF,0.3243416897405247
9324,97.0,12.0,0.0,12.0,e9,P(fur)3,nF,0.14474013927612028
9325,97.0,13.0,0.0,13.0,e10,Ph-PhenCar-Phos,nG,0.0
9326,97.0,14.0,0.0,14.0,e7,PPh2Me,nD,0.1229873725585538
9327,97.0,15.0,0.0,15.0,e2,PPhtBu2,nG,0.1723789943659194
9328,97.0,16.0,0.0,16.0,e5,tBPh-CPhos,nA,0.7026512612569452
9329,97.0,17.0,0.0,17.0,e9,PPhMe2,nG,0.16312105796441556
9330,97.0,18.0,0.0,18.0,e7,Cy-BippyPhos,nI,0.8044666768394777
9331,97.0,19.0,0.0,19.0,e5,PCy3 HBF4,nC,0.7610838314818648
9332,97.0,20.0,0.0,20.0,e9,CgMe-PPh,nB,0.16201116259216772
9333,97.0,21.0,0.0,21.0,e9,PPh3,nD,0.6001831529671628
9334,97.0,22.0,0.0,22.0,e1,X-Phos,nC,0.27431091804894675
9335,97.0,23.0,0.0,23.0,e4,PnBu3 HBF4,nA,0.01706005824707267
9336,97.0,24.0,0.0,24.0,e9,Kwong,nB,0.11088834300612632
9337,97.0,25.0,0.0,25.0,e9,MeO-KITPHOS,nB,0.10548391557053341
9338,97.0,26.0,0.0,26.0,e3,A-caPhos,nD,0.6490888057244365
9339,97.0,27.0,0.0,27.0,e3,Cy-BippyPhos,nI,0.4880124029547394
9340,97.0,28.0,0.0,28.0,e5,PCy3 HBF4,nF,0.0989693910252459
9341,97.0,29.0,0.0,29.0,e3,tBPh-CPhos,nD,0.7179271330497705
9342,97.0,30.0,0.0,30.0,e4,PPh3,nE,0.0
9343,97.0,31.0,0.0,31.0,e5,JackiePhos,nI,0.6882070592144776
9344,97.0,32.0,0.0,32.0,e4,Cy-vBRIDP,nB,0.0
9345,97.0,33.0,0.0,33.0,e5,CX-PICy,nB,0.25414471887183276
9346,97.0,34.0,0.0,34.0,e2,"P(3,5-CF3-Ph)3",nG,0.292311804161314
9347,97.0,35.0,0.0,35.0,e1,X-Phos,nB,0.13808085610167717
9348,97.0,36.0,0.0,36.0,e4,Cy-DavePhos,nF,0.1085703896725537
9349,97.0,37.0,0.0,37.0,e5,PPhtBu2,nA,0.6662908668048635
9350,97.0,38.0,0.0,38.0,e3,PPhMe2,nB,0.03243076392530086
9351,97.0,39.0,0.0,39.0,e1,CgMe-PPh,nD,0.47486974841558166
9352,97.0,40.0,0.0,40.0,e10,P(fur)3,nA,0.6938329241091595
9353,97.0,41.0,0.0,41.0,e1,A-caPhos,nE,0.03499297317844621
9354,97.0,42.0,0.0,42.0,e5,tBPh-CPhos,nB,0.28432749904894056
9355,97.0,43.0,0.0,43.0,e7,PPh2Me,nG,0.01761201016057301
9356,97.0,44.0,0.0,44.0,e3,P(o-Anis)3,nG,0.21909794334000537
9357,97.0,45.0,0.0,45.0,e10,Et-PhenCar-Phos,nE,0.1423623971693994
9358,97.0,46.0,0.0,46.0,e7,Cy-BippyPhos,nG,0.3885701449233445
9359,97.0,47.0,0.0,47.0,e10,JackiePhos,nC,0.7413507792095948
9360,97.0,48.0,0.0,48.0,e10,BrettPhos,nA,0.3672528507287323
9361,97.0,49.0,0.0,49.0,e10,PnBu3 HBF4,nE,0.04185113905030638
9362,97.0,50.0,0.0,50.0,e10,CX-FBu,nI,0.11326772664660484
9363,97.0,51.0,0.0,51.0,e5,Ph-PhenCar-Phos,nE,0.0
9364,97.0,52.0,0.0,52.0,e3,Kwong,nB,0.13828352718505904
9365,97.0,53.0,0.0,53.0,e3,MeO-KITPHOS,nF,0.6190014842829609
9366,97.0,54.0,0.0,54.0,e5,PCy3 HBF4,nA,0.0615440146382004
9367,97.0,55.0,0.0,55.0,e1,PPhtBu2,nE,0.04945600408311233
9368,97.0,56.0,0.0,56.0,e3,P(fur)3,nB,0.048815786923134194
9369,97.0,57.0,0.0,57.0,e1,JackiePhos,nI,0.23164589492729465
9370,97.0,58.0,0.0,58.0,e7,CX-PICy,nF,0.22737199353381096
9371,97.0,59.0,0.0,59.0,e10,CgMe-PPh,nA,0.1556727410455523
9372,97.0,60.0,0.0,60.0,e5,tBPh-CPhos,nC,0.7175681052805551
9373,97.0,61.0,0.0,61.0,e5,"P(3,5-CF3-Ph)3",nC,0.6576198548980737
9374,97.0,62.0,0.0,62.0,e7,Cy-BippyPhos,nB,0.26761082245238416
9375,97.0,63.0,0.0,63.0,e1,PPh3,nB,0.1440608266906695
9376,97.0,64.0,0.0,64.0,e3,MeO-KITPHOS,nA,0.3689090985734202
9377,97.0,65.0,0.0,65.0,e7,Cy-vBRIDP,nD,0.5488733534623731
9378,97.0,66.0,0.0,66.0,e3,A-caPhos,nG,0.0
9379,97.0,67.0,0.0,67.0,e9,X-Phos,nF,0.7946437444937127
9380,97.0,68.0,0.0,68.0,e7,BrettPhos,nD,0.0
9381,97.0,69.0,0.0,69.0,e1,tBPh-CPhos,nF,0.2236049471858116
9382,97.0,70.0,0.0,70.0,e7,Cy-DavePhos,nB,0.2152450446486366
9383,97.0,71.0,0.0,71.0,e7,"P(3,5-CF3-Ph)3",nI,0.4348939297275991
9384,97.0,72.0,0.0,72.0,e5,P(o-Anis)3,nC,0.2597060555559565
9385,97.0,73.0,0.0,73.0,e1,Kwong,nC,0.006793877228623898
9386,97.0,74.0,0.0,74.0,e7,X-Phos,nF,0.15361466712198887
9387,97.0,75.0,0.0,75.0,e5,JackiePhos,nC,0.6733815385706186
9388,97.0,76.0,0.0,76.0,e4,Et-PhenCar-Phos,nB,0.016893387098010963
9389,97.0,77.0,0.0,77.0,e7,PPhMe2,nI,0.12447799772050785
9390,97.0,78.0,0.0,78.0,e10,Cy-vBRIDP,nC,0.6923970246236064
9391,97.0,79.0,0.0,79.0,e9,Cy-BippyPhos,nE,0.1706050823301135
9392,97.0,80.0,0.0,80.0,e2,PPh2Me,nD,0.945027927055052
9393,97.0,81.0,0.0,81.0,e2,PPh2Me,nB,0.354546359191998
9394,97.0,82.0,0.0,82.0,e3,MeO-KITPHOS,nC,0.5217416704421943
9395,97.0,83.0,0.0,83.0,e1,JackiePhos,nB,0.15130453997269813
9396,97.0,84.0,0.0,84.0,e10,CX-FBu,nE,0.0
9397,97.0,85.0,0.0,85.0,e3,PCy3 HBF4,nC,0.5344164665084931
9398,97.0,86.0,0.0,86.0,e10,CX-PICy,nG,0.3377488314799635
9399,97.0,87.0,0.0,87.0,e1,PPhtBu2,nB,0.03618479220380419
9400,97.0,88.0,0.0,88.0,e4,P(fur)3,nF,0.07182384377127193
9401,97.0,89.0,0.0,89.0,e7,PnBu3 HBF4,nE,0.0
9402,97.0,90.0,0.0,90.0,e10,Cy-vBRIDP,nD,0.9843096018311139
9403,97.0,91.0,0.0,91.0,e9,Cy-vBRIDP,nI,0.6700718714523624
9404,97.0,92.0,0.0,92.0,e1,"P(3,5-CF3-Ph)3",nI,0.05907258173862887
9405,97.0,93.0,0.0,93.0,e1,tBPh-CPhos,nI,0.239947127680601
9406,97.0,94.0,0.0,94.0,e7,CgMe-PPh,nI,0.6142759277683246
9407,97.0,95.0,0.0,95.0,e5,Ph-PhenCar-Phos,nI,0.37255339391005377
9408,98.0,0.0,0.0,0.0,e5,A-caPhos,nC,0.7479428186239185
9409,98.0,1.0,0.0,1.0,e3,BrettPhos,nE,0.012327416789753938
9410,98.0,2.0,0.0,2.0,e7,CX-FBu,nE,0.001217827266805761
9411,98.0,3.0,0.0,3.0,e9,CX-PICy,nG,0.3105609528066332
9412,98.0,4.0,0.0,4.0,e3,Cy-DavePhos,nG,0.582883480820361
9413,98.0,5.0,0.0,5.0,e10,Cy-vBRIDP,nF,0.8737297326167234
9414,98.0,6.0,0.0,6.0,e1,Kwong,nG,0.02109424691555194
9415,98.0,7.0,0.0,7.0,e5,MeO-KITPHOS,nC,0.6524320098130438
9416,98.0,8.0,0.0,8.0,e4,P(o-Anis)3,nE,0.0
9417,98.0,9.0,0.0,9.0,e2,Et-PhenCar-Phos,nD,0.9214853157259724
9418,98.0,10.0,0.0,10.0,e7,JackiePhos,nI,0.6032624128682527
9419,98.0,11.0,0.0,11.0,e10,"P(3,5-CF3-Ph)3",nC,0.6167370746739574
9420,98.0,12.0,0.0,12.0,e4,P(fur)3,nF,0.07182384377127193
9421,98.0,13.0,0.0,13.0,e5,Ph-PhenCar-Phos,nE,0.0
9422,98.0,14.0,0.0,14.0,e10,PPh2Me,nF,0.9442102793927251
9423,98.0,15.0,0.0,15.0,e10,PPhtBu2,nE,0.07462037360807186
9424,98.0,16.0,0.0,16.0,e7,tBPh-CPhos,nD,0.9555589604373731
9425,98.0,17.0,0.0,17.0,e3,PPhMe2,nD,0.17694079610526336
9426,98.0,18.0,0.0,18.0,e2,Cy-BippyPhos,nG,0.21398062661899547
9427,98.0,19.0,0.0,19.0,e2,PCy3 HBF4,nB,0.029838368623291776
9428,98.0,20.0,0.0,20.0,e3,CgMe-PPh,nE,0.13080909557688172
9429,98.0,21.0,0.0,21.0,e9,PPh3,nF,0.6925620811975002
9430,98.0,22.0,0.0,22.0,e1,X-Phos,nG,0.030496859953677565
9431,98.0,23.0,0.0,23.0,e5,PnBu3 HBF4,nE,0.14499887969779476
9432,98.0,24.0,0.0,24.0,e4,tBPh-CPhos,nC,0.29898547506383855
9433,98.0,25.0,0.0,25.0,e2,PPh2Me,nF,0.0
9434,98.0,26.0,0.0,26.0,e2,Et-PhenCar-Phos,nE,0.039995288671309644
9435,98.0,27.0,0.0,27.0,e1,Cy-vBRIDP,nF,0.05518931662697358
9436,98.0,28.0,0.0,28.0,e2,A-caPhos,nC,0.6792763491019146
9437,98.0,29.0,0.0,29.0,e10,PPh3,nA,0.17893078161194448
9438,98.0,30.0,0.0,30.0,e10,MeO-KITPHOS,nI,0.8474236030258523
9439,98.0,31.0,0.0,31.0,e10,"P(3,5-CF3-Ph)3",nG,0.420516226306976
9440,98.0,32.0,0.0,32.0,e5,JackiePhos,nG,0.338261501637445
9441,98.0,33.0,0.0,33.0,e1,Cy-DavePhos,nI,0.007578802183845745
9442,98.0,34.0,0.0,34.0,e7,CX-PICy,nA,0.4849023858174712
9443,98.0,35.0,0.0,35.0,e10,Cy-BippyPhos,nB,0.44442545396979233
9444,98.0,36.0,0.0,36.0,e1,PPhMe2,nF,0.0
9445,98.0,37.0,0.0,37.0,e1,MeO-KITPHOS,nF,0.01625313158601373
9446,98.0,38.0,0.0,38.0,e1,PnBu3 HBF4,nG,0.02038973512534908
9447,98.0,39.0,0.0,39.0,e1,CgMe-PPh,nB,0.12558127711891434
9448,98.0,40.0,0.0,40.0,e4,A-caPhos,nG,0.029990371767592245
9449,98.0,41.0,0.0,41.0,e9,PPhtBu2,nI,0.6362211015918549
9450,98.0,42.0,0.0,42.0,e10,P(fur)3,nA,0.6938329241091595
9451,98.0,43.0,0.0,43.0,e5,tBPh-CPhos,nC,0.7175681052805551
9452,98.0,44.0,0.0,44.0,e5,X-Phos,nC,0.7137664796412143
9453,98.0,45.0,0.0,45.0,e5,PCy3 HBF4,nF,0.0989693910252459
9454,98.0,46.0,0.0,46.0,e5,Kwong,nA,0.5502353247445788
9455,98.0,47.0,0.0,47.0,e2,BrettPhos,nF,0.3409853317756659
9456,98.0,48.0,0.0,48.0,e9,CX-FBu,nD,0.0
9457,98.0,49.0,0.0,49.0,e4,P(o-Anis)3,nI,0.02548894148634491
9458,98.0,50.0,0.0,50.0,e1,Ph-PhenCar-Phos,nB,0.12250680218325506
9459,98.0,51.0,0.0,51.0,e2,"P(3,5-CF3-Ph)3",nG,0.292311804161314
9460,98.0,52.0,0.0,52.0,e10,Et-PhenCar-Phos,nA,0.7401699862842729
9461,98.0,53.0,0.0,53.0,e9,PPh2Me,nB,0.025869944469680908
9462,98.0,54.0,0.0,54.0,e4,JackiePhos,nF,0.14143573352899122
9463,98.0,55.0,0.0,55.0,e7,Cy-vBRIDP,nA,0.4856539808134513
9464,98.0,56.0,0.0,56.0,e7,PPh3,nB,0.20864817755410225
9465,98.0,57.0,0.0,57.0,e7,tBPh-CPhos,nF,0.04219969859241317
9466,98.0,58.0,0.0,58.0,e10,CX-PICy,nE,0.06128630570259782
9467,98.0,59.0,0.0,59.0,e9,P(fur)3,nE,0.042314138706189254
9468,98.0,60.0,0.0,60.0,e4,X-Phos,nG,0.014305219597103146
9469,98.0,61.0,0.0,61.0,e9,PPhtBu2,nD,0.2526686520906297
9470,98.0,62.0,0.0,62.0,e9,Cy-BippyPhos,nC,0.4093298004131833
9471,98.0,63.0,0.0,63.0,e7,Et-PhenCar-Phos,nA,0.46105828561415296
9472,98.0,64.0,0.0,64.0,e1,Cy-DavePhos,nE,0.04088521449674735
9473,98.0,65.0,0.0,65.0,e4,Kwong,nE,0.0
9474,98.0,66.0,0.0,66.0,e9,MeO-KITPHOS,nG,0.30072675877618354
9475,98.0,67.0,0.0,67.0,e5,A-caPhos,nG,0.04136408895956248
9476,98.0,68.0,0.0,68.0,e10,Cy-vBRIDP,nC,0.6923970246236064
9477,98.0,69.0,0.0,69.0,e9,"P(3,5-CF3-Ph)3",nC,0.26228444595483447
9478,98.0,70.0,0.0,70.0,e1,BrettPhos,nA,0.0
9479,98.0,71.0,0.0,71.0,e7,CgMe-PPh,nG,0.20467687014770913
9480,98.0,72.0,0.0,72.0,e3,Et-PhenCar-Phos,nE,0.16222416431861286
9481,98.0,73.0,0.0,73.0,e7,Cy-vBRIDP,nG,0.2559159577514194
9482,98.0,74.0,0.0,74.0,e4,JackiePhos,nB,0.0
9483,98.0,75.0,0.0,75.0,e5,PPh3,nE,0.07040432961461064
9484,98.0,76.0,0.0,76.0,e7,Cy-BippyPhos,nF,0.8908823040179712
9485,98.0,77.0,0.0,77.0,e3,tBPh-CPhos,nI,0.40203943367844525
9486,98.0,78.0,0.0,78.0,e7,PPhMe2,nE,0.04656087399550363
9487,98.0,79.0,0.0,79.0,e10,PnBu3 HBF4,nA,0.145126946063475
9488,98.0,80.0,0.0,80.0,e5,Cy-BippyPhos,nD,0.7452121533478554
9489,98.0,81.0,0.0,81.0,e3,PCy3 HBF4,nC,0.5344164665084931
9490,98.0,82.0,0.0,82.0,e5,PPh2Me,nA,0.7070873722688659
9491,98.0,83.0,0.0,83.0,e1,PPhtBu2,nE,0.04945600408311233
9492,98.0,84.0,0.0,84.0,e1,Ph-PhenCar-Phos,nC,0.12082905001684137
9493,98.0,85.0,0.0,85.0,e7,MeO-KITPHOS,nI,0.21783562748931537
9494,98.0,86.0,0.0,86.0,e2,CX-PICy,nE,0.1112468268031635
9495,98.0,87.0,0.0,87.0,e2,Cy-BippyPhos,nA,0.947422522089135
9496,98.0,88.0,0.0,88.0,e1,P(o-Anis)3,nI,0.05879365689573417
9497,98.0,89.0,0.0,89.0,e7,Cy-BippyPhos,nG,0.3885701449233445
9498,98.0,90.0,0.0,90.0,e2,P(fur)3,nC,0.531364471158177
9499,98.0,91.0,0.0,91.0,e9,PPh2Me,nE,0.1405880999819467
9500,98.0,92.0,0.0,92.0,e3,CX-FBu,nG,0.05424980853629999
9501,98.0,93.0,0.0,93.0,e3,X-Phos,nI,0.43402238114543207
9502,98.0,94.0,0.0,94.0,e5,"P(3,5-CF3-Ph)3",nF,0.7449177693369221
9503,98.0,95.0,0.0,95.0,e1,tBPh-CPhos,nF,0.2236049471858116
9504,99.0,0.0,0.0,0.0,e1,A-caPhos,nI,0.03722071252473063
9505,99.0,1.0,0.0,1.0,e3,BrettPhos,nE,0.012327416789753938
9506,99.0,2.0,0.0,2.0,e4,CX-FBu,nI,0.026545433452423287
9507,99.0,3.0,0.0,3.0,e9,CX-PICy,nC,0.3368172083334284
9508,99.0,4.0,0.0,4.0,e3,Cy-DavePhos,nC,0.37215812981068086
9509,99.0,5.0,0.0,5.0,e5,Cy-vBRIDP,nC,0.6808973298430087
9510,99.0,6.0,0.0,6.0,e9,Kwong,nI,0.4493156931018429
9511,99.0,7.0,0.0,7.0,e10,MeO-KITPHOS,nI,0.8474236030258523
9512,99.0,8.0,0.0,8.0,e7,P(o-Anis)3,nA,0.2039959559602517
9513,99.0,9.0,0.0,9.0,e3,Et-PhenCar-Phos,nE,0.16222416431861286
9514,99.0,10.0,0.0,10.0,e9,JackiePhos,nE,0.1414633901753113
9515,99.0,11.0,0.0,11.0,e9,"P(3,5-CF3-Ph)3",nD,0.44318159981050437
9516,99.0,12.0,0.0,12.0,e9,P(fur)3,nI,0.28711297797323754
9517,99.0,13.0,0.0,13.0,e10,Ph-PhenCar-Phos,nG,0.0
9518,99.0,14.0,0.0,14.0,e2,PPh2Me,nG,0.0
9519,99.0,15.0,0.0,15.0,e10,PPhtBu2,nA,0.7009303126601298
9520,99.0,16.0,0.0,16.0,e9,tBPh-CPhos,nD,0.7798623769507976
9521,99.0,17.0,0.0,17.0,e4,PPhMe2,nC,0.05076454644852316
9522,99.0,18.0,0.0,18.0,e9,Cy-BippyPhos,nG,0.46478882021105844
9523,99.0,19.0,0.0,19.0,e5,PCy3 HBF4,nE,0.04434804632877687
9524,99.0,20.0,0.0,20.0,e7,CgMe-PPh,nB,0.11466820021189443
9525,99.0,21.0,0.0,21.0,e1,PPh3,nE,0.00995882546000144
9526,99.0,22.0,0.0,22.0,e9,X-Phos,nB,0.1353117060763067
9527,99.0,23.0,0.0,23.0,e9,PnBu3 HBF4,nI,0.364306479041637
9528,99.0,24.0,0.0,24.0,e3,MeO-KITPHOS,nD,0.4375043123935729
9529,99.0,25.0,0.0,25.0,e2,tBPh-CPhos,nC,0.6045475370510676
9530,99.0,26.0,0.0,26.0,e3,PPhtBu2,nI,0.2459288839092893
9531,99.0,27.0,0.0,27.0,e5,Cy-vBRIDP,nG,0.40071151817911255
9532,99.0,28.0,0.0,28.0,e5,Cy-BippyPhos,nD,0.7452121533478554
9533,99.0,29.0,0.0,29.0,e2,Kwong,nG,0.197472465219982
9534,99.0,30.0,0.0,30.0,e1,"P(3,5-CF3-Ph)3",nA,0.1017122012266687
9535,99.0,31.0,0.0,31.0,e9,Cy-DavePhos,nD,0.7064770155795914
9536,99.0,32.0,0.0,32.0,e9,PnBu3 HBF4,nA,0.20389990407151987
9537,99.0,33.0,0.0,33.0,e3,CX-PICy,nE,0.1788347445386581
9538,99.0,34.0,0.0,34.0,e9,P(fur)3,nB,0.1017982533025562
9539,99.0,35.0,0.0,35.0,e1,P(o-Anis)3,nG,0.06451864020112658
9540,99.0,36.0,0.0,36.0,e5,Et-PhenCar-Phos,nI,0.8679590234640545
9541,99.0,37.0,0.0,37.0,e4,JackiePhos,nE,0.0
9542,99.0,38.0,0.0,38.0,e7,X-Phos,nA,0.3860138905078492
9543,99.0,39.0,0.0,39.0,e9,CgMe-PPh,nI,0.9133569283838853
9544,99.0,40.0,0.0,40.0,e5,tBPh-CPhos,nF,0.021215482774025726
9545,99.0,41.0,0.0,41.0,e5,MeO-KITPHOS,nF,0.6717033584808797
9546,99.0,42.0,0.0,42.0,e4,PPhMe2,nG,0.0
9547,99.0,43.0,0.0,43.0,e10,PCy3 HBF4,nI,0.2597424074177721
9548,99.0,44.0,0.0,44.0,e9,A-caPhos,nF,0.3473256083599624
9549,99.0,45.0,0.0,45.0,e1,CX-FBu,nD,0.04874487002483518
9550,99.0,46.0,0.0,46.0,e4,Cy-BippyPhos,nC,0.45425693534735095
9551,99.0,47.0,0.0,47.0,e1,BrettPhos,nI,0.0
9552,99.0,48.0,0.0,48.0,e10,PPh3,nC,0.8555703332989744
9553,99.0,49.0,0.0,49.0,e5,Ph-PhenCar-Phos,nB,0.007649551127788808
9554,99.0,50.0,0.0,50.0,e1,PPh2Me,nI,0.05859619006636522
9555,99.0,51.0,0.0,51.0,e7,Cy-vBRIDP,nG,0.2559159577514194
9556,99.0,52.0,0.0,52.0,e1,Cy-DavePhos,nE,0.04088521449674735
9557,99.0,53.0,0.0,53.0,e1,Et-PhenCar-Phos,nC,0.13162928317129613
9558,99.0,54.0,0.0,54.0,e10,CgMe-PPh,nE,0.0683436736393753
9559,99.0,55.0,0.0,55.0,e9,PPhtBu2,nE,0.15317274654488514
9560,99.0,56.0,0.0,56.0,e4,PPh3,nI,0.04426360801913863
9561,99.0,57.0,0.0,57.0,e2,MeO-KITPHOS,nD,0.8301285778461426
9562,99.0,58.0,0.0,58.0,e4,Kwong,nE,0.0
9563,99.0,59.0,0.0,59.0,e7,Cy-BippyPhos,nC,0.8232211000009824
9564,99.0,60.0,0.0,60.0,e9,PnBu3 HBF4,nF,0.06976139513202796
9565,99.0,61.0,0.0,61.0,e10,MeO-KITPHOS,nD,0.8998197521786309
9566,99.0,62.0,0.0,62.0,e9,"P(3,5-CF3-Ph)3",nE,0.0796317150343979
9567,99.0,63.0,0.0,63.0,e5,X-Phos,nD,0.8408611369475726
9568,99.0,64.0,0.0,64.0,e10,CX-PICy,nG,0.3377488314799635
9569,99.0,65.0,0.0,65.0,e7,MeO-KITPHOS,nF,0.14909057955854127
9570,99.0,66.0,0.0,66.0,e2,tBPh-CPhos,nA,0.8502272930334943
9571,99.0,67.0,0.0,67.0,e7,Cy-BippyPhos,nB,0.26761082245238416
9572,99.0,68.0,0.0,68.0,e1,X-Phos,nB,0.13808085610167717
9573,99.0,69.0,0.0,69.0,e1,P(fur)3,nG,0.026494931502405453
9574,99.0,70.0,0.0,70.0,e9,A-caPhos,nE,0.1264609747923346
9575,99.0,71.0,0.0,71.0,e2,Cy-vBRIDP,nE,0.13496463293382222
9576,99.0,72.0,0.0,72.0,e3,PCy3 HBF4,nA,0.026603552105440537
9577,99.0,73.0,0.0,73.0,e7,tBPh-CPhos,nF,0.04219969859241317
9578,99.0,74.0,0.0,74.0,e2,P(o-Anis)3,nD,0.4223619633611157
9579,99.0,75.0,0.0,75.0,e9,Et-PhenCar-Phos,nC,0.3799408105497681
9580,99.0,76.0,0.0,76.0,e7,Cy-DavePhos,nE,0.07737987898288086
9581,99.0,77.0,0.0,77.0,e10,PPhtBu2,nF,0.9293464786587261
9582,99.0,78.0,0.0,78.0,e9,CgMe-PPh,nC,0.40356850702768715
9583,99.0,79.0,0.0,79.0,e3,PPhtBu2,nC,0.47844610654360165
9584,99.0,80.0,0.0,80.0,e2,JackiePhos,nC,0.5096826906052602
9585,99.0,81.0,0.0,81.0,e5,PPh3,nD,0.7503383283607225
9586,99.0,82.0,0.0,82.0,e7,MeO-KITPHOS,nI,0.21783562748931537
9587,99.0,83.0,0.0,83.0,e1,CX-FBu,nI,0.04050100920735508
9588,99.0,84.0,0.0,84.0,e1,Cy-BippyPhos,nE,0.08360289329221145
9589,99.0,85.0,0.0,85.0,e3,PPh2Me,nF,0.4801900206505367
9590,99.0,86.0,0.0,86.0,e3,PPhMe2,nG,0.3443466389164857
9591,99.0,87.0,0.0,87.0,e1,CX-PICy,nC,0.17448452116943244
9592,99.0,88.0,0.0,88.0,e2,BrettPhos,nG,0.08281407991024353
9593,99.0,89.0,0.0,89.0,e7,Ph-PhenCar-Phos,nF,0.17977391419077005
9594,99.0,90.0,0.0,90.0,e5,PPh3,nF,0.459106585899356
9595,99.0,91.0,0.0,91.0,e9,PPhtBu2,nB,0.0744540569819119
9596,99.0,92.0,0.0,92.0,e1,Et-PhenCar-Phos,nI,0.05407119647865783
9597,99.0,93.0,0.0,93.0,e5,P(o-Anis)3,nD,0.2673691817698943
9598,99.0,94.0,0.0,94.0,e3,X-Phos,nI,0.43402238114543207
9599,99.0,95.0,0.0,95.0,e3,CgMe-PPh,nA,0.5833854524265055
9600,100.0,0.0,0.0,0.0,e5,A-caPhos,nE,0.037864613831533826
9601,100.0,1.0,0.0,1.0,e4,BrettPhos,nA,0.0
9602,100.0,2.0,0.0,2.0,e7,CX-FBu,nG,0.0
9603,100.0,3.0,0.0,3.0,e3,CX-PICy,nD,0.6575942693885647
9604,100.0,4.0,0.0,4.0,e1,Cy-DavePhos,nC,0.07922994530801464
9605,100.0,5.0,0.0,5.0,e9,Cy-vBRIDP,nI,0.6700718714523624
9606,100.0,6.0,0.0,6.0,e4,Kwong,nA,0.0
9607,100.0,7.0,0.0,7.0,e10,MeO-KITPHOS,nD,0.8998197521786309
9608,100.0,8.0,0.0,8.0,e10,P(o-Anis)3,nD,0.21473020833290504
9609,100.0,9.0,0.0,9.0,e7,Et-PhenCar-Phos,nF,0.8005855615874519
9610,100.0,10.0,0.0,10.0,e7,JackiePhos,nF,0.01228824735837601
9611,100.0,11.0,0.0,11.0,e7,"P(3,5-CF3-Ph)3",nF,0.4547323879793554
9612,100.0,12.0,0.0,12.0,e4,P(fur)3,nD,0.03673341810204701
9613,100.0,13.0,0.0,13.0,e9,Ph-PhenCar-Phos,nB,0.058803717942506314
9614,100.0,14.0,0.0,14.0,e3,PPh2Me,nA,0.009003872028159892
9615,100.0,15.0,0.0,15.0,e7,PPhtBu2,nB,0.048302790354388385
9616,100.0,16.0,0.0,16.0,e7,tBPh-CPhos,nA,0.42655708759840044
9617,100.0,17.0,0.0,17.0,e2,PPhMe2,nE,0.206575885338896
9618,100.0,18.0,0.0,18.0,e1,Cy-BippyPhos,nB,0.16085798150695332
9619,100.0,19.0,0.0,19.0,e4,PCy3 HBF4,nD,0.07881380061232132
9620,100.0,20.0,0.0,20.0,e1,CgMe-PPh,nI,0.33119462408139744
9621,100.0,21.0,0.0,21.0,e9,PPh3,nG,0.4180674835896047
9622,100.0,22.0,0.0,22.0,e1,X-Phos,nB,0.13808085610167717
9623,100.0,23.0,0.0,23.0,e5,PnBu3 HBF4,nC,0.7038726736579902
9624,100.0,24.0,0.0,24.0,e3,MeO-KITPHOS,nE,0.10167919655151128
9625,100.0,25.0,0.0,25.0,e5,Et-PhenCar-Phos,nG,0.4088272163752651
9626,100.0,26.0,0.0,26.0,e3,PnBu3 HBF4,nB,0.061021062497356005
9627,100.0,27.0,0.0,27.0,e9,Cy-vBRIDP,nF,0.6967928130282119
9628,100.0,28.0,0.0,28.0,e5,CX-PICy,nA,0.6723589540000653
9629,100.0,29.0,0.0,29.0,e10,"P(3,5-CF3-Ph)3",nE,0.08377153804882367
9630,100.0,30.0,0.0,30.0,e5,tBPh-CPhos,nI,0.8432755599410124
9631,100.0,31.0,0.0,31.0,e10,PPh3,nB,0.027379747986006113
9632,100.0,32.0,0.0,32.0,e7,CgMe-PPh,nC,0.4527219927063775
9633,100.0,33.0,0.0,33.0,e3,P(o-Anis)3,nF,0.2839833546931981
9634,100.0,34.0,0.0,34.0,e1,PPhMe2,nG,0.015753918769731767
9635,100.0,35.0,0.0,35.0,e1,Cy-BippyPhos,nF,0.042463401107959806
9636,100.0,36.0,0.0,36.0,e1,X-Phos,nI,0.05873515318530329
9637,100.0,37.0,0.0,37.0,e4,Cy-vBRIDP,nF,0.08710389043025306
9638,100.0,38.0,0.0,38.0,e7,Cy-DavePhos,nI,0.2468203134373269
9639,100.0,39.0,0.0,39.0,e1,CX-PICy,nD,0.26178759539722174
9640,100.0,40.0,0.0,40.0,e4,PCy3 HBF4,nG,0.0
9641,100.0,41.0,0.0,41.0,e3,Ph-PhenCar-Phos,nB,0.02500979360624822
9642,100.0,42.0,0.0,42.0,e9,tBPh-CPhos,nA,0.5070576131604569
9643,100.0,43.0,0.0,43.0,e4,PPhtBu2,nD,0.015477322861925848
9644,100.0,44.0,0.0,44.0,e5,A-caPhos,nA,0.2812843970957228
9645,100.0,45.0,0.0,45.0,e1,P(fur)3,nF,0.0
9646,100.0,46.0,0.0,46.0,e9,Et-PhenCar-Phos,nB,0.15268768262180096
9647,100.0,47.0,0.0,47.0,e5,JackiePhos,nA,0.7290418673450977
9648,100.0,48.0,0.0,48.0,e4,PPh2Me,nE,0.0
9649,100.0,49.0,0.0,49.0,e1,BrettPhos,nC,0.004772581327773339
9650,100.0,50.0,0.0,50.0,e5,CX-FBu,nF,0.0
9651,100.0,51.0,0.0,51.0,e1,Kwong,nG,0.02109424691555194
9652,100.0,52.0,0.0,52.0,e4,MeO-KITPHOS,nD,0.01764759420350764
9653,100.0,53.0,0.0,53.0,e5,CgMe-PPh,nD,0.8391860239024482
9654,100.0,54.0,0.0,54.0,e9,PnBu3 HBF4,nF,0.06976139513202796
9655,100.0,55.0,0.0,55.0,e5,JackiePhos,nE,0.24549969999845586
9656,100.0,56.0,0.0,56.0,e3,tBPh-CPhos,nB,0.2201396278511609
9657,100.0,57.0,0.0,57.0,e3,CgMe-PPh,nB,0.2170305015470435
9658,100.0,58.0,0.0,58.0,e5,CX-PICy,nG,0.35909736921031543
9659,100.0,59.0,0.0,59.0,e7,"P(3,5-CF3-Ph)3",nE,0.01373661617423656
9660,100.0,60.0,0.0,60.0,e3,P(o-Anis)3,nD,0.017049023134240643
9661,100.0,61.0,0.0,61.0,e1,Cy-vBRIDP,nG,0.040219882770202414
9662,100.0,62.0,0.0,62.0,e1,PPh3,nF,0.033638963742203404
9663,100.0,63.0,0.0,63.0,e10,Et-PhenCar-Phos,nE,0.1423623971693994
9664,100.0,64.0,0.0,64.0,e3,Cy-DavePhos,nG,0.582883480820361
9665,100.0,65.0,0.0,65.0,e2,A-caPhos,nI,0.27907445871147873
9666,100.0,66.0,0.0,66.0,e9,PPhMe2,nF,0.0
9667,100.0,67.0,0.0,67.0,e5,Cy-BippyPhos,nC,0.7310324837389857
9668,100.0,68.0,0.0,68.0,e10,X-Phos,nA,0.70292121771995
9669,100.0,69.0,0.0,69.0,e3,tBPh-CPhos,nG,0.6694190600721208
9670,100.0,70.0,0.0,70.0,e3,MeO-KITPHOS,nC,0.5217416704421943
9671,100.0,71.0,0.0,71.0,e7,CX-PICy,nI,0.5099042814136777
9672,100.0,72.0,0.0,72.0,e3,JackiePhos,nA,0.49532594634296395
9673,100.0,73.0,0.0,73.0,e5,Cy-BippyPhos,nI,0.8909978993536253
9674,100.0,74.0,0.0,74.0,e3,CgMe-PPh,nC,0.5573433814229866
9675,100.0,75.0,0.0,75.0,e5,Cy-DavePhos,nF,0.03313108332432727
9676,100.0,76.0,0.0,76.0,e7,Cy-BippyPhos,nC,0.8232211000009824
9677,100.0,77.0,0.0,77.0,e1,Ph-PhenCar-Phos,nA,0.18568024853139675
9678,100.0,78.0,0.0,78.0,e5,X-Phos,nD,0.8408611369475726
9679,100.0,79.0,0.0,79.0,e1,PCy3 HBF4,nB,0.04339996600929039
9680,100.0,80.0,0.0,80.0,e1,PPhtBu2,nC,0.04142482366500885
9681,100.0,81.0,0.0,81.0,e9,X-Phos,nG,0.4940245596014306
9682,100.0,82.0,0.0,82.0,e3,PnBu3 HBF4,nE,0.07267279002281227
9683,100.0,83.0,0.0,83.0,e4,P(fur)3,nI,0.04402143693540769
9684,100.0,84.0,0.0,84.0,e4,tBPh-CPhos,nD,0.08322824487277797
9685,100.0,85.0,0.0,85.0,e5,Kwong,nD,0.6710162824432446
9686,100.0,86.0,0.0,86.0,e9,Cy-BippyPhos,nI,0.7811843865330459
9687,100.0,87.0,0.0,87.0,e1,PPh2Me,nE,0.04666252615313038
9688,100.0,88.0,0.0,88.0,e10,BrettPhos,nF,0.391560381174903
9689,100.0,89.0,0.0,89.0,e7,CX-FBu,nB,0.0925326789625629
9690,100.0,90.0,0.0,90.0,e1,Cy-BippyPhos,nG,0.15976408278590903
9691,100.0,91.0,0.0,91.0,e7,CX-PICy,nB,0.23030477566313212
9692,100.0,92.0,0.0,92.0,e1,Kwong,nD,0.08645291673067909
9693,100.0,93.0,0.0,93.0,e5,MeO-KITPHOS,nC,0.6524320098130438
9694,100.0,94.0,0.0,94.0,e9,Et-PhenCar-Phos,nE,0.09970326563233488
9695,100.0,95.0,0.0,95.0,e5,CgMe-PPh,nA,0.19841952843225769
9696,101.0,0.0,0.0,0.0,e5,A-caPhos,nF,0.19177908780741595
9697,101.0,1.0,0.0,1.0,e3,BrettPhos,nC,0.13197723746779189
9698,101.0,2.0,0.0,2.0,e3,CX-FBu,nB,0.0717486552554436
9699,101.0,3.0,0.0,3.0,e7,CX-PICy,nE,0.02553348260378032
9700,101.0,4.0,0.0,4.0,e4,Cy-DavePhos,nG,0.04776203346339624
9701,101.0,5.0,0.0,5.0,e5,Cy-vBRIDP,nE,0.15014188546666088
9702,101.0,6.0,0.0,6.0,e3,Kwong,nE,0.12194116840481971
9703,101.0,7.0,0.0,7.0,e2,MeO-KITPHOS,nF,0.6735229847545438
9704,101.0,8.0,0.0,8.0,e2,P(o-Anis)3,nA,0.25800548866225337
9705,101.0,9.0,0.0,9.0,e1,Et-PhenCar-Phos,nD,0.07952442668374339
9706,101.0,10.0,0.0,10.0,e5,JackiePhos,nI,0.6882070592144776
9707,101.0,11.0,0.0,11.0,e9,"P(3,5-CF3-Ph)3",nC,0.26228444595483447
9708,101.0,12.0,0.0,12.0,e5,P(fur)3,nE,0.1658371632512746
9709,101.0,13.0,0.0,13.0,e10,Ph-PhenCar-Phos,nD,0.19450431269643761
9710,101.0,14.0,0.0,14.0,e9,PPh2Me,nF,0.31363771031122095
9711,101.0,15.0,0.0,15.0,e10,PPhtBu2,nI,0.8224211337896827
9712,101.0,16.0,0.0,16.0,e7,tBPh-CPhos,nE,0.0
9713,101.0,17.0,0.0,17.0,e4,PPhMe2,nI,0.0
9714,101.0,18.0,0.0,18.0,e2,Cy-BippyPhos,nG,0.21398062661899547
9715,101.0,19.0,0.0,19.0,e3,PCy3 HBF4,nF,0.7927520064501151
9716,101.0,20.0,0.0,20.0,e1,CgMe-PPh,nG,0.16657970973424252
9717,101.0,21.0,0.0,21.0,e4,PPh3,nC,0.31241818275827216
9718,101.0,22.0,0.0,22.0,e2,X-Phos,nI,0.5461500672967297
9719,101.0,23.0,0.0,23.0,e4,PnBu3 HBF4,nD,0.037089716289498115
9720,101.0,24.0,0.0,24.0,e10,PPhtBu2,nE,0.07462037360807186
9721,101.0,25.0,0.0,25.0,e7,PCy3 HBF4,nF,0.11910164690015072
9722,101.0,26.0,0.0,26.0,e5,JackiePhos,nG,0.338261501637445
9723,101.0,27.0,0.0,27.0,e1,MeO-KITPHOS,nD,0.03699926034242779
9724,101.0,28.0,0.0,28.0,e9,X-Phos,nI,0.48640092936162965
9725,101.0,29.0,0.0,29.0,e10,PPh2Me,nI,0.054332685778400516
9726,101.0,30.0,0.0,30.0,e1,PPh3,nF,0.033638963742203404
9727,101.0,31.0,0.0,31.0,e1,"P(3,5-CF3-Ph)3",nA,0.1017122012266687
9728,101.0,32.0,0.0,32.0,e3,P(o-Anis)3,nC,0.5299247414529387
9729,101.0,33.0,0.0,33.0,e7,Cy-BippyPhos,nD,1.0
9730,101.0,34.0,0.0,34.0,e9,Ph-PhenCar-Phos,nI,0.46896060545395385
9731,101.0,35.0,0.0,35.0,e7,A-caPhos,nA,0.22387111117310493
9732,101.0,36.0,0.0,36.0,e4,CgMe-PPh,nE,0.0309977877786149
9733,101.0,37.0,0.0,37.0,e4,P(fur)3,nI,0.04402143693540769
9734,101.0,38.0,0.0,38.0,e5,Cy-vBRIDP,nD,0.7161030534920702
9735,101.0,39.0,0.0,39.0,e9,BrettPhos,nA,0.05897317034300215
9736,101.0,40.0,0.0,40.0,e3,Kwong,nI,0.27368874204771254
9737,101.0,41.0,0.0,41.0,e4,Et-PhenCar-Phos,nA,0.02363360610342534
9738,101.0,42.0,0.0,42.0,e2,CX-FBu,nG,0.0
9739,101.0,43.0,0.0,43.0,e5,Cy-DavePhos,nE,0.20379204247564497
9740,101.0,44.0,0.0,44.0,e10,PnBu3 HBF4,nE,0.04185113905030638
9741,101.0,45.0,0.0,45.0,e1,CX-PICy,nI,0.16332586594833928
9742,101.0,46.0,0.0,46.0,e2,Cy-BippyPhos,nB,0.3284195625331717
9743,101.0,47.0,0.0,47.0,e3,tBPh-CPhos,nA,0.5729071695707448
9744,101.0,48.0,0.0,48.0,e10,PPhMe2,nD,0.9998377684127633
9745,101.0,49.0,0.0,49.0,e4,X-Phos,nC,0.34258955436774835
9746,101.0,50.0,0.0,50.0,e7,JackiePhos,nI,0.6032624128682527
9747,101.0,51.0,0.0,51.0,e1,PPhMe2,nG,0.015753918769731767
9748,101.0,52.0,0.0,52.0,e7,PCy3 HBF4,nE,0.012884298674100353
9749,101.0,53.0,0.0,53.0,e1,PPhtBu2,nC,0.04142482366500885
9750,101.0,54.0,0.0,54.0,e9,Cy-vBRIDP,nF,0.6967928130282119
9751,101.0,55.0,0.0,55.0,e5,P(o-Anis)3,nD,0.2673691817698943
9752,101.0,56.0,0.0,56.0,e3,MeO-KITPHOS,nF,0.6190014842829609
9753,101.0,57.0,0.0,57.0,e7,Ph-PhenCar-Phos,nE,0.014969722878949149
9754,101.0,58.0,0.0,58.0,e10,tBPh-CPhos,nI,0.7208013397621875
9755,101.0,59.0,0.0,59.0,e4,JackiePhos,nB,0.0
9756,101.0,60.0,0.0,60.0,e3,Cy-vBRIDP,nE,0.22456888388015206
9757,101.0,61.0,0.0,61.0,e1,Cy-BippyPhos,nI,0.2211067826223972
9758,101.0,62.0,0.0,62.0,e9,A-caPhos,nE,0.1264609747923346
9759,101.0,63.0,0.0,63.0,e1,X-Phos,nI,0.05873515318530329
9760,101.0,64.0,0.0,64.0,e3,Kwong,nC,0.49266490533355695
9761,101.0,65.0,0.0,65.0,e3,PPh2Me,nA,0.009003872028159892
9762,101.0,66.0,0.0,66.0,e10,MeO-KITPHOS,nE,0.08167116258886992
9763,101.0,67.0,0.0,67.0,e3,"P(3,5-CF3-Ph)3",nD,0.5723115602287895
9764,101.0,68.0,0.0,68.0,e7,PPh3,nB,0.20864817755410225
9765,101.0,69.0,0.0,69.0,e1,tBPh-CPhos,nC,0.20431204836192307
9766,101.0,70.0,0.0,70.0,e2,Cy-DavePhos,nE,0.13508476980027337
9767,101.0,71.0,0.0,71.0,e1,P(fur)3,nI,0.0
9768,101.0,72.0,0.0,72.0,e5,CgMe-PPh,nI,0.8762416176625111
9769,101.0,73.0,0.0,73.0,e3,CgMe-PPh,nE,0.13080909557688172
9770,101.0,74.0,0.0,74.0,e10,BrettPhos,nG,0.0697610559568269
9771,101.0,75.0,0.0,75.0,e9,CX-PICy,nC,0.3368172083334284
9772,101.0,76.0,0.0,76.0,e3,P(o-Anis)3,nB,0.08812842587343037
9773,101.0,77.0,0.0,77.0,e1,PPhMe2,nC,0.04178685204173926
9774,101.0,78.0,0.0,78.0,e5,PPhtBu2,nF,0.03204541377761061
9775,101.0,79.0,0.0,79.0,e7,"P(3,5-CF3-Ph)3",nG,0.004136174060489153
9776,101.0,80.0,0.0,80.0,e5,Et-PhenCar-Phos,nI,0.8679590234640545
9777,101.0,81.0,0.0,81.0,e4,Et-PhenCar-Phos,nD,0.045517695769122665
9778,101.0,82.0,0.0,82.0,e10,PCy3 HBF4,nC,0.7481239349628751
9779,101.0,83.0,0.0,83.0,e4,PnBu3 HBF4,nI,0.0
9780,101.0,84.0,0.0,84.0,e9,Kwong,nA,0.4209461322156132
9781,101.0,85.0,0.0,85.0,e1,CX-FBu,nD,0.04874487002483518
9782,101.0,86.0,0.0,86.0,e3,Cy-vBRIDP,nB,0.1817917229188569
9783,101.0,87.0,0.0,87.0,e1,Cy-BippyPhos,nD,0.19322800249768834
9784,101.0,88.0,0.0,88.0,e1,PCy3 HBF4,nG,0.011446303846680505
9785,101.0,89.0,0.0,89.0,e1,JackiePhos,nA,0.8639833503359745
9786,101.0,90.0,0.0,90.0,e9,JackiePhos,nI,0.7924680013442614
9787,101.0,91.0,0.0,91.0,e1,Ph-PhenCar-Phos,nF,0.03399207920306404
9788,101.0,92.0,0.0,92.0,e10,tBPh-CPhos,nB,0.34684817142606866
9789,101.0,93.0,0.0,93.0,e1,JackiePhos,nF,0.21427092007990234
9790,101.0,94.0,0.0,94.0,e9,X-Phos,nE,0.11576466040964467
9791,101.0,95.0,0.0,95.0,e4,MeO-KITPHOS,nB,0.018099243207649055
9792,102.0,0.0,0.0,0.0,e7,A-caPhos,nI,0.1501933291748367
9793,102.0,1.0,0.0,1.0,e7,BrettPhos,nG,0.0
9794,102.0,2.0,0.0,2.0,e4,CX-FBu,nG,0.020464891268564923
9795,102.0,3.0,0.0,3.0,e3,CX-PICy,nG,0.45815090380182744
9796,102.0,4.0,0.0,4.0,e10,Cy-DavePhos,nG,0.3684434306199855
9797,102.0,5.0,0.0,5.0,e3,Cy-vBRIDP,nA,0.6444005049983973
9798,102.0,6.0,0.0,6.0,e10,Kwong,nC,0.6516586410089802
9799,102.0,7.0,0.0,7.0,e5,MeO-KITPHOS,nI,0.7966198404456795
9800,102.0,8.0,0.0,8.0,e4,P(o-Anis)3,nA,0.011826348840518159
9801,102.0,9.0,0.0,9.0,e7,Et-PhenCar-Phos,nI,0.6075049737560246
9802,102.0,10.0,0.0,10.0,e7,JackiePhos,nF,0.01228824735837601
9803,102.0,11.0,0.0,11.0,e9,"P(3,5-CF3-Ph)3",nD,0.44318159981050437
9804,102.0,12.0,0.0,12.0,e7,P(fur)3,nE,0.0
9805,102.0,13.0,0.0,13.0,e5,Ph-PhenCar-Phos,nB,0.007649551127788808
9806,102.0,14.0,0.0,14.0,e4,PPh2Me,nI,0.011948259243086866
9807,102.0,15.0,0.0,15.0,e2,PPhtBu2,nA,0.8784588854057418
9808,102.0,16.0,0.0,16.0,e1,tBPh-CPhos,nB,0.13846077071822055
9809,102.0,17.0,0.0,17.0,e10,PPhMe2,nD,0.9998377684127633
9810,102.0,18.0,0.0,18.0,e2,Cy-BippyPhos,nA,0.947422522089135
9811,102.0,19.0,0.0,19.0,e2,PCy3 HBF4,nB,0.029838368623291776
9812,102.0,20.0,0.0,20.0,e9,CgMe-PPh,nI,0.9133569283838853
9813,102.0,21.0,0.0,21.0,e10,PPh3,nE,0.026002383851906816
9814,102.0,22.0,0.0,22.0,e10,X-Phos,nI,0.7187458586231107
9815,102.0,23.0,0.0,23.0,e10,PnBu3 HBF4,nE,0.04185113905030638
9816,102.0,24.0,0.0,24.0,e10,PPhMe2,nF,0.9662268038122928
9817,102.0,25.0,0.0,25.0,e5,Cy-BippyPhos,nB,0.35550155976803
9818,102.0,26.0,0.0,26.0,e3,CgMe-PPh,nG,0.693870840573733
9819,102.0,27.0,0.0,27.0,e2,PPhtBu2,nF,0.8558293094709153
9820,102.0,28.0,0.0,28.0,e1,MeO-KITPHOS,nC,0.08497736742087081
9821,102.0,29.0,0.0,29.0,e5,X-Phos,nG,0.36700316278880124
9822,102.0,30.0,0.0,30.0,e5,Kwong,nA,0.5502353247445788
9823,102.0,31.0,0.0,31.0,e9,Cy-vBRIDP,nF,0.6967928130282119
9824,102.0,32.0,0.0,32.0,e1,Et-PhenCar-Phos,nG,0.07748698744311458
9825,102.0,33.0,0.0,33.0,e10,CX-PICy,nI,0.8294011628993512
9826,102.0,34.0,0.0,34.0,e10,"P(3,5-CF3-Ph)3",nI,0.941711710784077
9827,102.0,35.0,0.0,35.0,e9,PPhMe2,nA,0.1450743291828029
9828,102.0,36.0,0.0,36.0,e1,Cy-DavePhos,nD,0.0801309667245095
9829,102.0,37.0,0.0,37.0,e2,PPhtBu2,nD,0.9426908215088567
9830,102.0,38.0,0.0,38.0,e9,CgMe-PPh,nD,0.6700037753165438
9831,102.0,39.0,0.0,39.0,e2,A-caPhos,nB,0.050816766328986455
9832,102.0,40.0,0.0,40.0,e5,tBPh-CPhos,nA,0.7026512612569452
9833,102.0,41.0,0.0,41.0,e2,"P(3,5-CF3-Ph)3",nI,0.7101552221676866
9834,102.0,42.0,0.0,42.0,e4,Cy-vBRIDP,nD,0.0814370688803937
9835,102.0,43.0,0.0,43.0,e7,Cy-BippyPhos,nA,0.5454537179950174
9836,102.0,44.0,0.0,44.0,e5,CX-PICy,nF,0.5063471923786179
9837,102.0,45.0,0.0,45.0,e5,PPhtBu2,nE,0.26560222932504995
9838,102.0,46.0,0.0,46.0,e1,PnBu3 HBF4,nE,0.0
9839,102.0,47.0,0.0,47.0,e7,PCy3 HBF4,nB,0.0
9840,102.0,48.0,0.0,48.0,e5,PPh3,nE,0.07040432961461064
9841,102.0,49.0,0.0,49.0,e3,CX-FBu,nE,0.0
9842,102.0,50.0,0.0,50.0,e10,Kwong,nD,0.9695200020757685
9843,102.0,51.0,0.0,51.0,e5,JackiePhos,nC,0.6733815385706186
9844,102.0,52.0,0.0,52.0,e2,PPh2Me,nD,0.945027927055052
9845,102.0,53.0,0.0,53.0,e3,P(o-Anis)3,nE,0.0347685138498739
9846,102.0,54.0,0.0,54.0,e10,Ph-PhenCar-Phos,nC,0.6466673885416775
9847,102.0,55.0,0.0,55.0,e3,BrettPhos,nC,0.13197723746779189
9848,102.0,56.0,0.0,56.0,e4,P(fur)3,nI,0.04402143693540769
9849,102.0,57.0,0.0,57.0,e5,X-Phos,nF,0.5612705116717954
9850,102.0,58.0,0.0,58.0,e2,CgMe-PPh,nB,0.2326183566176621
9851,102.0,59.0,0.0,59.0,e4,PPh2Me,nE,0.0
9852,102.0,60.0,0.0,60.0,e2,Kwong,nA,0.60729628561042
9853,102.0,61.0,0.0,61.0,e5,PPhMe2,nC,0.6973280420518365
9854,102.0,62.0,0.0,62.0,e2,MeO-KITPHOS,nD,0.8301285778461426
9855,102.0,63.0,0.0,63.0,e4,"P(3,5-CF3-Ph)3",nG,0.02206633089938497
9856,102.0,64.0,0.0,64.0,e10,tBPh-CPhos,nD,1.0
9857,102.0,65.0,0.0,65.0,e1,Cy-BippyPhos,nF,0.042463401107959806
9858,102.0,66.0,0.0,66.0,e3,tBPh-CPhos,nG,0.6694190600721208
9859,102.0,67.0,0.0,67.0,e10,JackiePhos,nB,0.3412973722922598
9860,102.0,68.0,0.0,68.0,e4,Et-PhenCar-Phos,nF,0.10620274724550914
9861,102.0,69.0,0.0,69.0,e7,CX-PICy,nB,0.23030477566313212
9862,102.0,70.0,0.0,70.0,e2,Ph-PhenCar-Phos,nI,0.31637502685680596
9863,102.0,71.0,0.0,71.0,e5,PPhtBu2,nD,0.7431815841843207
9864,102.0,72.0,0.0,72.0,e3,MeO-KITPHOS,nC,0.5217416704421943
9865,102.0,73.0,0.0,73.0,e3,X-Phos,nE,0.1548016728315108
9866,102.0,74.0,0.0,74.0,e5,PPhMe2,nD,0.7767748774157355
9867,102.0,75.0,0.0,75.0,e5,Kwong,nE,0.16336084003327056
9868,102.0,76.0,0.0,76.0,e5,Cy-DavePhos,nB,0.24820523727080449
9869,102.0,77.0,0.0,77.0,e1,PPhtBu2,nB,0.03618479220380419
9870,102.0,78.0,0.0,78.0,e9,Cy-vBRIDP,nG,0.47307553236824745
9871,102.0,79.0,0.0,79.0,e4,tBPh-CPhos,nI,0.022633316819564778
9872,102.0,80.0,0.0,80.0,e5,CgMe-PPh,nF,0.4710660416220753
9873,102.0,81.0,0.0,81.0,e4,PPhMe2,nI,0.0
9874,102.0,82.0,0.0,82.0,e9,MeO-KITPHOS,nD,0.6506971208307475
9875,102.0,83.0,0.0,83.0,e10,"P(3,5-CF3-Ph)3",nG,0.420516226306976
9876,102.0,84.0,0.0,84.0,e3,A-caPhos,nB,0.12487445849811245
9877,102.0,85.0,0.0,85.0,e5,CX-PICy,nD,0.7367636173787823
9878,102.0,86.0,0.0,86.0,e3,JackiePhos,nD,0.6652224475203186
9879,102.0,87.0,0.0,87.0,e2,CgMe-PPh,nF,0.42403845111744487
9880,102.0,88.0,0.0,88.0,e1,Kwong,nB,0.06453691607178057
9881,102.0,89.0,0.0,89.0,e10,BrettPhos,nB,0.1924655754820278
9882,102.0,90.0,0.0,90.0,e3,Ph-PhenCar-Phos,nA,0.09713443673361893
9883,102.0,91.0,0.0,91.0,e5,Cy-vBRIDP,nE,0.15014188546666088
9884,102.0,92.0,0.0,92.0,e7,PPh2Me,nE,0.014703352842934232
9885,102.0,93.0,0.0,93.0,e4,Cy-BippyPhos,nE,0.0
9886,102.0,94.0,0.0,94.0,e1,MeO-KITPHOS,nD,0.03699926034242779
9887,102.0,95.0,0.0,95.0,e4,PPh3,nD,0.001865175726413785
9888,103.0,0.0,0.0,0.0,e4,A-caPhos,nG,0.029990371767592245
9889,103.0,1.0,0.0,1.0,e3,BrettPhos,nE,0.012327416789753938
9890,103.0,2.0,0.0,2.0,e9,CX-FBu,nG,0.0
9891,103.0,3.0,0.0,3.0,e7,CX-PICy,nB,0.23030477566313212
9892,103.0,4.0,0.0,4.0,e1,Cy-DavePhos,nE,0.04088521449674735
9893,103.0,5.0,0.0,5.0,e10,Cy-vBRIDP,nC,0.6923970246236064
9894,103.0,6.0,0.0,6.0,e9,Kwong,nE,0.16023618350267255
9895,103.0,7.0,0.0,7.0,e3,MeO-KITPHOS,nC,0.5217416704421943
9896,103.0,8.0,0.0,8.0,e10,P(o-Anis)3,nC,0.3046850801785095
9897,103.0,9.0,0.0,9.0,e9,Et-PhenCar-Phos,nB,0.15268768262180096
9898,103.0,10.0,0.0,10.0,e3,JackiePhos,nE,0.19804717134717115
9899,103.0,11.0,0.0,11.0,e10,"P(3,5-CF3-Ph)3",nF,0.8478546310824894
9900,103.0,12.0,0.0,12.0,e2,P(fur)3,nG,0.26823050789231057
9901,103.0,13.0,0.0,13.0,e4,Ph-PhenCar-Phos,nD,0.0
9902,103.0,14.0,0.0,14.0,e7,PPh2Me,nA,0.2157458754143766
9903,103.0,15.0,0.0,15.0,e9,PPhtBu2,nC,0.22719482142551736
9904,103.0,16.0,0.0,16.0,e10,tBPh-CPhos,nA,0.738775541606104
9905,103.0,17.0,0.0,17.0,e7,PPhMe2,nF,0.0
9906,103.0,18.0,0.0,18.0,e4,Cy-BippyPhos,nD,0.0
9907,103.0,19.0,0.0,19.0,e1,PCy3 HBF4,nB,0.04339996600929039
9908,103.0,20.0,0.0,20.0,e7,CgMe-PPh,nI,0.6142759277683246
9909,103.0,21.0,0.0,21.0,e3,PPh3,nE,0.056276657784168405
9910,103.0,22.0,0.0,22.0,e7,X-Phos,nE,0.009747915997314067
9911,103.0,23.0,0.0,23.0,e7,PnBu3 HBF4,nG,0.005323230430891596
9912,103.0,24.0,0.0,24.0,e3,"P(3,5-CF3-Ph)3",nC,0.5560644999980037
9913,103.0,25.0,0.0,25.0,e10,tBPh-CPhos,nE,0.067635101402571
9914,103.0,26.0,0.0,26.0,e1,Cy-vBRIDP,nI,0.10345030861489754
9915,103.0,27.0,0.0,27.0,e10,CgMe-PPh,nD,0.9667080207978768
9916,103.0,28.0,0.0,28.0,e7,MeO-KITPHOS,nC,0.1818058238116577
9917,103.0,29.0,0.0,29.0,e2,P(o-Anis)3,nI,0.27775277390949565
9918,103.0,30.0,0.0,30.0,e1,P(fur)3,nB,0.0419340920396758
9919,103.0,31.0,0.0,31.0,e4,CX-PICy,nD,0.04718150893102839
9920,103.0,32.0,0.0,32.0,e2,PPhtBu2,nA,0.8784588854057418
9921,103.0,33.0,0.0,33.0,e10,PPh2Me,nD,1.0
9922,103.0,34.0,0.0,34.0,e3,CgMe-PPh,nI,0.37696044105126186
9923,103.0,35.0,0.0,35.0,e9,JackiePhos,nB,0.12673454703525938
9924,103.0,36.0,0.0,36.0,e4,Kwong,nD,0.07279928824098204
9925,103.0,37.0,0.0,37.0,e4,Et-PhenCar-Phos,nB,0.016893387098010963
9926,103.0,38.0,0.0,38.0,e5,"P(3,5-CF3-Ph)3",nE,0.16245071334673533
9927,103.0,39.0,0.0,39.0,e2,PPh3,nD,0.829809282023606
9928,103.0,40.0,0.0,40.0,e9,PCy3 HBF4,nG,0.4351271395358285
9929,103.0,41.0,0.0,41.0,e1,Cy-DavePhos,nC,0.07922994530801464
9930,103.0,42.0,0.0,42.0,e7,A-caPhos,nG,0.06965150777591327
9931,103.0,43.0,0.0,43.0,e10,PPh2Me,nF,0.9442102793927251
9932,103.0,44.0,0.0,44.0,e1,BrettPhos,nC,0.004772581327773339
9933,103.0,45.0,0.0,45.0,e10,X-Phos,nC,0.732411484160166
9934,103.0,46.0,0.0,46.0,e4,PnBu3 HBF4,nE,0.0
9935,103.0,47.0,0.0,47.0,e4,CX-FBu,nA,0.0
9936,103.0,48.0,0.0,48.0,e5,Ph-PhenCar-Phos,nI,0.37255339391005377
9937,103.0,49.0,0.0,49.0,e3,PPhMe2,nF,0.8232012369865152
9938,103.0,50.0,0.0,50.0,e5,Cy-BippyPhos,nC,0.7310324837389857
9939,103.0,51.0,0.0,51.0,e9,PPhtBu2,nB,0.0744540569819119
9940,103.0,52.0,0.0,52.0,e2,PPh2Me,nE,0.1828915699577187
9941,103.0,53.0,0.0,53.0,e2,PPh3,nE,0.08087648972572638
9942,103.0,54.0,0.0,54.0,e9,PPhMe2,nG,0.16312105796441556
9943,103.0,55.0,0.0,55.0,e3,tBPh-CPhos,nB,0.2201396278511609
9944,103.0,56.0,0.0,56.0,e10,Cy-vBRIDP,nF,0.8737297326167234
9945,103.0,57.0,0.0,57.0,e7,CgMe-PPh,nA,0.6062121514347315
9946,103.0,58.0,0.0,58.0,e5,X-Phos,nF,0.5612705116717954
9947,103.0,59.0,0.0,59.0,e10,Cy-BippyPhos,nG,0.2525135394449507
9948,103.0,60.0,0.0,60.0,e5,MeO-KITPHOS,nC,0.6524320098130438
9949,103.0,61.0,0.0,61.0,e5,Cy-vBRIDP,nB,0.24691256669659825
9950,103.0,62.0,0.0,62.0,e10,P(o-Anis)3,nI,0.12648823608270143
9951,103.0,63.0,0.0,63.0,e9,"P(3,5-CF3-Ph)3",nE,0.0796317150343979
9952,103.0,64.0,0.0,64.0,e3,PCy3 HBF4,nD,0.6525316662080763
9953,103.0,65.0,0.0,65.0,e2,CgMe-PPh,nF,0.42403845111744487
9954,103.0,66.0,0.0,66.0,e10,MeO-KITPHOS,nG,0.4483889452545666
9955,103.0,67.0,0.0,67.0,e4,Ph-PhenCar-Phos,nE,0.0
9956,103.0,68.0,0.0,68.0,e10,X-Phos,nA,0.70292121771995
9957,103.0,69.0,0.0,69.0,e1,PPh2Me,nA,0.02658164171473438
9958,103.0,70.0,0.0,70.0,e4,JackiePhos,nF,0.14143573352899122
9959,103.0,71.0,0.0,71.0,e7,P(fur)3,nI,0.30508908766736764
9960,103.0,72.0,0.0,72.0,e4,CX-PICy,nB,0.013717757670572962
9961,103.0,73.0,0.0,73.0,e5,PPhtBu2,nC,0.7698254349858591
9962,103.0,74.0,0.0,74.0,e4,PCy3 HBF4,nD,0.07881380061232132
9963,103.0,75.0,0.0,75.0,e4,Kwong,nA,0.0
9964,103.0,76.0,0.0,76.0,e10,X-Phos,nI,0.7187458586231107
9965,103.0,77.0,0.0,77.0,e1,Et-PhenCar-Phos,nC,0.13162928317129613
9966,103.0,78.0,0.0,78.0,e9,tBPh-CPhos,nE,0.2128966624664455
9967,103.0,79.0,0.0,79.0,e7,CgMe-PPh,nE,0.023295783669163114
9968,103.0,80.0,0.0,80.0,e2,PPhtBu2,nD,0.9426908215088567
9969,103.0,81.0,0.0,81.0,e2,PPhMe2,nG,0.1743874382182481
9970,103.0,82.0,0.0,82.0,e5,Cy-BippyPhos,nD,0.7452121533478554
9971,103.0,83.0,0.0,83.0,e2,Cy-vBRIDP,nC,0.591401678089823
9972,103.0,84.0,0.0,84.0,e1,PPh3,nD,0.08191408146836389
9973,103.0,85.0,0.0,85.0,e9,Cy-DavePhos,nA,0.4785669589162221
9974,103.0,86.0,0.0,86.0,e1,PPhtBu2,nE,0.04945600408311233
9975,103.0,87.0,0.0,87.0,e5,A-caPhos,nI,0.4554510371693582
9976,103.0,88.0,0.0,88.0,e9,MeO-KITPHOS,nG,0.30072675877618354
9977,103.0,89.0,0.0,89.0,e1,X-Phos,nE,0.024633332147110165
9978,103.0,90.0,0.0,90.0,e7,Cy-BippyPhos,nD,1.0
9979,103.0,91.0,0.0,91.0,e1,Cy-BippyPhos,nA,0.6371489847313551
9980,103.0,92.0,0.0,92.0,e4,BrettPhos,nC,0.2081868974382628
9981,103.0,93.0,0.0,93.0,e10,PnBu3 HBF4,nA,0.145126946063475
9982,103.0,94.0,0.0,94.0,e1,CX-FBu,nF,0.05899310894002479
9983,103.0,95.0,0.0,95.0,e5,"P(3,5-CF3-Ph)3",nB,0.24568271742359823
9984,104.0,0.0,0.0,0.0,e1,A-caPhos,nG,0.017297638901613968
9985,104.0,1.0,0.0,1.0,e9,BrettPhos,nI,0.032611559012961096
9986,104.0,2.0,0.0,2.0,e10,CX-FBu,nB,0.1174497941912104
9987,104.0,3.0,0.0,3.0,e7,CX-PICy,nD,1.0
9988,104.0,4.0,0.0,4.0,e5,Cy-DavePhos,nC,0.6945846341087276
9989,104.0,5.0,0.0,5.0,e3,Cy-vBRIDP,nA,0.6444005049983973
9990,104.0,6.0,0.0,6.0,e2,Kwong,nB,0.28740360301809015
9991,104.0,7.0,0.0,7.0,e1,MeO-KITPHOS,nG,0.05772455406029879
9992,104.0,8.0,0.0,8.0,e5,P(o-Anis)3,nB,0.08805288524342034
9993,104.0,9.0,0.0,9.0,e2,Et-PhenCar-Phos,nC,0.5743678887703998
9994,104.0,10.0,0.0,10.0,e7,JackiePhos,nI,0.6032624128682527
9995,104.0,11.0,0.0,11.0,e5,"P(3,5-CF3-Ph)3",nA,0.6652219449652172
9996,104.0,12.0,0.0,12.0,e4,P(fur)3,nF,0.07182384377127193
9997,104.0,13.0,0.0,13.0,e9,Ph-PhenCar-Phos,nD,0.6767072029805355
9998,104.0,14.0,0.0,14.0,e7,PPh2Me,nD,0.1229873725585538
9999,104.0,15.0,0.0,15.0,e9,PPhtBu2,nG,0.2561213944420894
10000,104.0,16.0,0.0,16.0,e9,tBPh-CPhos,nG,0.5841317864497397
10001,104.0,17.0,0.0,17.0,e7,PPhMe2,nD,0.17967402718109338
10002,104.0,18.0,0.0,18.0,e10,Cy-BippyPhos,nC,0.6737699231822453
10003,104.0,19.0,0.0,19.0,e1,PCy3 HBF4,nF,0.0936542572430908
10004,104.0,20.0,0.0,20.0,e3,CgMe-PPh,nB,0.2170305015470435
10005,104.0,21.0,0.0,21.0,e9,PPh3,nE,0.09067760339083293
10006,104.0,22.0,0.0,22.0,e3,X-Phos,nB,0.2000064287326038
10007,104.0,23.0,0.0,23.0,e9,PnBu3 HBF4,nC,0.29786886006957153
10008,104.0,24.0,0.0,24.0,e5,CX-PICy,nA,0.6723589540000653
10009,104.0,25.0,0.0,25.0,e9,Cy-DavePhos,nC,0.37373314589550694
10010,104.0,26.0,0.0,26.0,e10,Ph-PhenCar-Phos,nI,0.19493888256788205
10011,104.0,27.0,0.0,27.0,e10,Cy-BippyPhos,nG,0.2525135394449507
10012,104.0,28.0,0.0,28.0,e3,"P(3,5-CF3-Ph)3",nI,0.34124947817961754
10013,104.0,29.0,0.0,29.0,e3,Cy-vBRIDP,nC,0.48120632702460653
10014,104.0,30.0,0.0,30.0,e5,JackiePhos,nD,0.7857626907983566
10015,104.0,31.0,0.0,31.0,e3,tBPh-CPhos,nE,0.18973560206253479
10016,104.0,32.0,0.0,32.0,e4,Et-PhenCar-Phos,nC,0.5137778282322677
10017,104.0,33.0,0.0,33.0,e2,PnBu3 HBF4,nI,0.3422463973419018
10018,104.0,34.0,0.0,34.0,e3,Kwong,nB,0.13828352718505904
10019,104.0,35.0,0.0,35.0,e1,PPhtBu2,nI,0.0
10020,104.0,36.0,0.0,36.0,e7,CX-PICy,nA,0.4849023858174712
10021,104.0,37.0,0.0,37.0,e4,CgMe-PPh,nE,0.0309977877786149
10022,104.0,38.0,0.0,38.0,e4,X-Phos,nE,0.0
10023,104.0,39.0,0.0,39.0,e2,PPhMe2,nI,0.5671887226956333
10024,104.0,40.0,0.0,40.0,e10,PPh2Me,nE,0.052986997437251694
10025,104.0,41.0,0.0,41.0,e9,CX-FBu,nA,0.026568437497950775
10026,104.0,42.0,0.0,42.0,e10,JackiePhos,nA,0.7329517075696806
10027,104.0,43.0,0.0,43.0,e10,PCy3 HBF4,nD,0.5416797206056861
10028,104.0,44.0,0.0,44.0,e2,PPh3,nC,0.7202319507090823
10029,104.0,45.0,0.0,45.0,e10,P(o-Anis)3,nE,0.04630473114446367
10030,104.0,46.0,0.0,46.0,e3,P(fur)3,nB,0.048815786923134194
10031,104.0,47.0,0.0,47.0,e3,MeO-KITPHOS,nB,0.16832752828316924
10032,104.0,48.0,0.0,48.0,e10,BrettPhos,nF,0.391560381174903
10033,104.0,49.0,0.0,49.0,e1,A-caPhos,nI,0.03722071252473063
10034,104.0,50.0,0.0,50.0,e1,Cy-vBRIDP,nF,0.05518931662697358
10035,104.0,51.0,0.0,51.0,e9,Et-PhenCar-Phos,nF,0.7233050105292524
10036,104.0,52.0,0.0,52.0,e10,Cy-DavePhos,nA,0.6290037488957982
10037,104.0,53.0,0.0,53.0,e1,"P(3,5-CF3-Ph)3",nI,0.05907258173862887
10038,104.0,54.0,0.0,54.0,e2,Cy-BippyPhos,nD,0.899766462439471
10039,104.0,55.0,0.0,55.0,e7,CX-PICy,nE,0.02553348260378032
10040,104.0,56.0,0.0,56.0,e4,JackiePhos,nD,0.03756510618398426
10041,104.0,57.0,0.0,57.0,e3,Ph-PhenCar-Phos,nI,0.1932605709368885
10042,104.0,58.0,0.0,58.0,e9,PPh3,nD,0.6001831529671628
10043,104.0,59.0,0.0,59.0,e10,tBPh-CPhos,nC,0.7154205799800839
10044,104.0,60.0,0.0,60.0,e10,PPhMe2,nA,0.6773210798547121
10045,104.0,61.0,0.0,61.0,e2,Cy-BippyPhos,nC,0.565819186487617
10046,104.0,62.0,0.0,62.0,e10,Et-PhenCar-Phos,nF,0.9128845279878604
10047,104.0,63.0,0.0,63.0,e2,PnBu3 HBF4,nA,0.0
10048,104.0,64.0,0.0,64.0,e4,PCy3 HBF4,nF,0.1806752523043707
10049,104.0,65.0,0.0,65.0,e3,Cy-DavePhos,nF,0.8181899294726043
10050,104.0,66.0,0.0,66.0,e1,Et-PhenCar-Phos,nB,0.04532172338475905
10051,104.0,67.0,0.0,67.0,e2,tBPh-CPhos,nE,0.13432593614456043
10052,104.0,68.0,0.0,68.0,e3,PPhMe2,nG,0.3443466389164857
10053,104.0,69.0,0.0,69.0,e4,Cy-DavePhos,nG,0.04776203346339624
10054,104.0,70.0,0.0,70.0,e3,Kwong,nF,0.751341990836228
10055,104.0,71.0,0.0,71.0,e2,BrettPhos,nF,0.3409853317756659
10056,104.0,72.0,0.0,72.0,e5,PPh3,nD,0.7503383283607225
10057,104.0,73.0,0.0,73.0,e3,Cy-BippyPhos,nD,0.7257486948775891
10058,104.0,74.0,0.0,74.0,e2,Cy-vBRIDP,nI,0.6880605476764962
10059,104.0,75.0,0.0,75.0,e2,Kwong,nF,0.7262280592039937
10060,104.0,76.0,0.0,76.0,e4,CX-PICy,nA,0.04719868390618946
10061,104.0,77.0,0.0,77.0,e3,PPhtBu2,nG,0.42214668793427734
10062,104.0,78.0,0.0,78.0,e9,PPh3,nB,0.08611579146274333
10063,104.0,79.0,0.0,79.0,e3,JackiePhos,nI,0.44377710899114275
10064,104.0,80.0,0.0,80.0,e7,CgMe-PPh,nF,0.8590504388988899
10065,104.0,81.0,0.0,81.0,e2,MeO-KITPHOS,nE,0.14157346928450873
10066,104.0,82.0,0.0,82.0,e2,CgMe-PPh,nA,0.6670880102879697
10067,104.0,83.0,0.0,83.0,e7,Cy-BippyPhos,nG,0.3885701449233445
10068,104.0,84.0,0.0,84.0,e5,X-Phos,nE,0.10922716180611192
10069,104.0,85.0,0.0,85.0,e2,"P(3,5-CF3-Ph)3",nA,0.7596387385382168
10070,104.0,86.0,0.0,86.0,e9,Ph-PhenCar-Phos,nF,0.6256618485697769
10071,104.0,87.0,0.0,87.0,e10,PPh2Me,nF,0.9442102793927251
10072,104.0,88.0,0.0,88.0,e4,PPh2Me,nE,0.0
10073,104.0,89.0,0.0,89.0,e9,CX-FBu,nD,0.0
10074,104.0,90.0,0.0,90.0,e5,P(o-Anis)3,nE,0.08503037414620321
10075,104.0,91.0,0.0,91.0,e5,Kwong,nB,0.19563904085240036
10076,104.0,92.0,0.0,92.0,e9,P(fur)3,nF,0.14474013927612028
10077,104.0,93.0,0.0,93.0,e5,Cy-vBRIDP,nA,0.7556883724207524
10078,104.0,94.0,0.0,94.0,e3,"P(3,5-CF3-Ph)3",nC,0.5560644999980037
10079,104.0,95.0,0.0,95.0,e10,Et-PhenCar-Phos,nB,0.46335999806419
10080,105.0,0.0,0.0,0.0,e3,A-caPhos,nI,0.251402716237195
10081,105.0,1.0,0.0,1.0,e3,BrettPhos,nE,0.012327416789753938
10082,105.0,2.0,0.0,2.0,e9,CX-FBu,nG,0.0
10083,105.0,3.0,0.0,3.0,e2,CX-PICy,nI,0.5114221648973126
10084,105.0,4.0,0.0,4.0,e1,Cy-DavePhos,nG,0.10033053889692384
10085,105.0,5.0,0.0,5.0,e10,Cy-vBRIDP,nE,0.10818426656909862
10086,105.0,6.0,0.0,6.0,e5,Kwong,nD,0.6710162824432446
10087,105.0,7.0,0.0,7.0,e9,MeO-KITPHOS,nC,0.35851761793533216
10088,105.0,8.0,0.0,8.0,e9,P(o-Anis)3,nC,0.3510501736587359
10089,105.0,9.0,0.0,9.0,e1,Et-PhenCar-Phos,nC,0.13162928317129613
10090,105.0,10.0,0.0,10.0,e5,JackiePhos,nA,0.7290418673450977
10091,105.0,11.0,0.0,11.0,e1,"P(3,5-CF3-Ph)3",nC,0.0
10092,105.0,12.0,0.0,12.0,e1,P(fur)3,nB,0.0419340920396758
10093,105.0,13.0,0.0,13.0,e1,Ph-PhenCar-Phos,nC,0.12082905001684137
10094,105.0,14.0,0.0,14.0,e2,PPh2Me,nE,0.1828915699577187
10095,105.0,15.0,0.0,15.0,e10,PPhtBu2,nD,0.9552227828319847
10096,105.0,16.0,0.0,16.0,e7,tBPh-CPhos,nB,0.313551181342256
10097,105.0,17.0,0.0,17.0,e9,PPhMe2,nG,0.16312105796441556
10098,105.0,18.0,0.0,18.0,e3,Cy-BippyPhos,nA,0.7065412188883603
10099,105.0,19.0,0.0,19.0,e10,PCy3 HBF4,nF,0.5031493938885278
10100,105.0,20.0,0.0,20.0,e3,CgMe-PPh,nF,0.8647744195298661
10101,105.0,21.0,0.0,21.0,e4,PPh3,nF,0.23217627507948946
10102,105.0,22.0,0.0,22.0,e4,X-Phos,nD,0.016269680027475288
10103,105.0,23.0,0.0,23.0,e4,PnBu3 HBF4,nA,0.01706005824707267
10104,105.0,24.0,0.0,24.0,e7,PPhtBu2,nC,0.30473655831052726
10105,105.0,25.0,0.0,25.0,e3,CgMe-PPh,nC,0.5573433814229866
10106,105.0,26.0,0.0,26.0,e5,JackiePhos,nG,0.338261501637445
10107,105.0,27.0,0.0,27.0,e10,Cy-BippyPhos,nC,0.6737699231822453
10108,105.0,28.0,0.0,28.0,e7,Kwong,nA,0.07567394742364385
10109,105.0,29.0,0.0,29.0,e5,CX-PICy,nF,0.5063471923786179
10110,105.0,30.0,0.0,30.0,e4,PCy3 HBF4,nG,0.0
10111,105.0,31.0,0.0,31.0,e4,MeO-KITPHOS,nD,0.01764759420350764
10112,105.0,32.0,0.0,32.0,e3,P(o-Anis)3,nE,0.0347685138498739
10113,105.0,33.0,0.0,33.0,e3,tBPh-CPhos,nD,0.7179271330497705
10114,105.0,34.0,0.0,34.0,e4,A-caPhos,nG,0.029990371767592245
10115,105.0,35.0,0.0,35.0,e2,PPh3,nC,0.7202319507090823
10116,105.0,36.0,0.0,36.0,e9,PPh2Me,nF,0.31363771031122095
10117,105.0,37.0,0.0,37.0,e10,PPhMe2,nG,0.29388406090139285
10118,105.0,38.0,0.0,38.0,e4,Et-PhenCar-Phos,nI,0.02371214570587278
10119,105.0,39.0,0.0,39.0,e7,CgMe-PPh,nE,0.023295783669163114
10120,105.0,40.0,0.0,40.0,e5,Ph-PhenCar-Phos,nG,0.0
10121,105.0,41.0,0.0,41.0,e7,Cy-vBRIDP,nA,0.4856539808134513
10122,105.0,42.0,0.0,42.0,e7,Cy-BippyPhos,nG,0.3885701449233445
10123,105.0,43.0,0.0,43.0,e2,Cy-DavePhos,nF,0.8384971848128893
10124,105.0,44.0,0.0,44.0,e9,PPhtBu2,nD,0.2526686520906297
10125,105.0,45.0,0.0,45.0,e3,P(fur)3,nA,0.16816044846520725
10126,105.0,46.0,0.0,46.0,e10,PnBu3 HBF4,nA,0.145126946063475
10127,105.0,47.0,0.0,47.0,e2,X-Phos,nC,0.40642389315255095
10128,105.0,48.0,0.0,48.0,e2,BrettPhos,nF,0.3409853317756659
10129,105.0,49.0,0.0,49.0,e7,CX-FBu,nG,0.0
10130,105.0,50.0,0.0,50.0,e2,"P(3,5-CF3-Ph)3",nA,0.7596387385382168
10131,105.0,51.0,0.0,51.0,e4,JackiePhos,nB,0.0
10132,105.0,52.0,0.0,52.0,e3,tBPh-CPhos,nI,0.40203943367844525
10133,105.0,53.0,0.0,53.0,e5,CX-PICy,nE,0.19791536280621153
10134,105.0,54.0,0.0,54.0,e5,PPh3,nD,0.7503383283607225
10135,105.0,55.0,0.0,55.0,e5,Cy-DavePhos,nE,0.20379204247564497
10136,105.0,56.0,0.0,56.0,e7,"P(3,5-CF3-Ph)3",nC,0.37358571629078485
10137,105.0,57.0,0.0,57.0,e7,Kwong,nF,0.19003296934826672
10138,105.0,58.0,0.0,58.0,e1,Cy-BippyPhos,nG,0.15976408278590903
10139,105.0,59.0,0.0,59.0,e1,PPh3,nA,0.2870639417300373
10140,105.0,60.0,0.0,60.0,e10,Cy-vBRIDP,nF,0.8737297326167234
10141,105.0,61.0,0.0,61.0,e9,PCy3 HBF4,nF,0.8209377552949729
10142,105.0,62.0,0.0,62.0,e2,PPh2Me,nB,0.354546359191998
10143,105.0,63.0,0.0,63.0,e9,PPhtBu2,nB,0.0744540569819119
10144,105.0,64.0,0.0,64.0,e10,Cy-vBRIDP,nI,0.8380507759186263
10145,105.0,65.0,0.0,65.0,e7,PPhMe2,nA,0.24213550852685992
10146,105.0,66.0,0.0,66.0,e10,CgMe-PPh,nD,0.9667080207978768
10147,105.0,67.0,0.0,67.0,e10,tBPh-CPhos,nB,0.34684817142606866
10148,105.0,68.0,0.0,68.0,e5,X-Phos,nD,0.8408611369475726
10149,105.0,69.0,0.0,69.0,e5,P(o-Anis)3,nB,0.08805288524342034
10150,105.0,70.0,0.0,70.0,e4,CgMe-PPh,nD,0.08321089559018727
10151,105.0,71.0,0.0,71.0,e7,MeO-KITPHOS,nD,0.27695472336861027
10152,105.0,72.0,0.0,72.0,e10,PCy3 HBF4,nD,0.5416797206056861
10153,105.0,73.0,0.0,73.0,e5,BrettPhos,nI,0.25661642729485107
10154,105.0,74.0,0.0,74.0,e4,Cy-vBRIDP,nD,0.0814370688803937
10155,105.0,75.0,0.0,75.0,e10,X-Phos,nB,0.3561245065772018
10156,105.0,76.0,0.0,76.0,e9,CX-PICy,nG,0.3105609528066332
10157,105.0,77.0,0.0,77.0,e1,A-caPhos,nI,0.03722071252473063
10158,105.0,78.0,0.0,78.0,e9,Cy-DavePhos,nC,0.37373314589550694
10159,105.0,79.0,0.0,79.0,e4,"P(3,5-CF3-Ph)3",nF,0.12460832905550522
10160,105.0,80.0,0.0,80.0,e10,P(fur)3,nB,0.29107612738736705
10161,105.0,81.0,0.0,81.0,e3,JackiePhos,nG,0.6578858211575712
10162,105.0,82.0,0.0,82.0,e3,PPh3,nB,0.10579944408648047
10163,105.0,83.0,0.0,83.0,e9,PnBu3 HBF4,nD,0.3392198605455525
10164,105.0,84.0,0.0,84.0,e7,Et-PhenCar-Phos,nD,1.0
10165,105.0,85.0,0.0,85.0,e3,Et-PhenCar-Phos,nF,0.7168147526183698
10166,105.0,86.0,0.0,86.0,e1,Cy-BippyPhos,nC,0.12530079881726516
10167,105.0,87.0,0.0,87.0,e10,Ph-PhenCar-Phos,nB,0.010682786436433955
10168,105.0,88.0,0.0,88.0,e5,Et-PhenCar-Phos,nG,0.4088272163752651
10169,105.0,89.0,0.0,89.0,e5,Kwong,nE,0.16336084003327056
10170,105.0,90.0,0.0,90.0,e9,PCy3 HBF4,nA,0.39949447947915445
10171,105.0,91.0,0.0,91.0,e9,tBPh-CPhos,nI,0.8988852901963119
10172,105.0,92.0,0.0,92.0,e7,PPh2Me,nG,0.01761201016057301
10173,105.0,93.0,0.0,93.0,e5,JackiePhos,nD,0.7857626907983566
10174,105.0,94.0,0.0,94.0,e1,tBPh-CPhos,nC,0.20431204836192307
10175,105.0,95.0,0.0,95.0,e1,CX-FBu,nG,0.0
10176,106.0,0.0,0.0,0.0,e9,A-caPhos,nE,0.1264609747923346
10177,106.0,1.0,0.0,1.0,e5,BrettPhos,nD,0.6392781029757402
10178,106.0,2.0,0.0,2.0,e7,CX-FBu,nA,0.026781225321877523
10179,106.0,3.0,0.0,3.0,e1,CX-PICy,nG,0.10103394714922777
10180,106.0,4.0,0.0,4.0,e9,Cy-DavePhos,nA,0.4785669589162221
10181,106.0,5.0,0.0,5.0,e10,Cy-vBRIDP,nA,0.6642431458921436
10182,106.0,6.0,0.0,6.0,e1,Kwong,nI,0.017331328917836657
10183,106.0,7.0,0.0,7.0,e5,MeO-KITPHOS,nE,0.20090081346750718
10184,106.0,8.0,0.0,8.0,e3,P(o-Anis)3,nF,0.2839833546931981
10185,106.0,9.0,0.0,9.0,e5,Et-PhenCar-Phos,nI,0.8679590234640545
10186,106.0,10.0,0.0,10.0,e7,JackiePhos,nF,0.01228824735837601
10187,106.0,11.0,0.0,11.0,e7,"P(3,5-CF3-Ph)3",nD,0.7248719169293781
10188,106.0,12.0,0.0,12.0,e10,P(fur)3,nI,0.900708416999593
10189,106.0,13.0,0.0,13.0,e3,Ph-PhenCar-Phos,nG,0.05055398317567727
10190,106.0,14.0,0.0,14.0,e3,PPh2Me,nI,0.0
10191,106.0,15.0,0.0,15.0,e10,PPhtBu2,nC,0.7230058104876745
10192,106.0,16.0,0.0,16.0,e4,tBPh-CPhos,nG,0.04357628217462166
10193,106.0,17.0,0.0,17.0,e1,PPhMe2,nA,0.08091432237840718
10194,106.0,18.0,0.0,18.0,e5,Cy-BippyPhos,nB,0.35550155976803
10195,106.0,19.0,0.0,19.0,e5,PCy3 HBF4,nF,0.0989693910252459
10196,106.0,20.0,0.0,20.0,e7,CgMe-PPh,nB,0.11466820021189443
10197,106.0,21.0,0.0,21.0,e3,PPh3,nF,0.7331009521150271
10198,106.0,22.0,0.0,22.0,e9,X-Phos,nG,0.4940245596014306
10199,106.0,23.0,0.0,23.0,e2,PnBu3 HBF4,nD,0.8741353520353085
10200,106.0,24.0,0.0,24.0,e7,P(fur)3,nI,0.30508908766736764
10201,106.0,25.0,0.0,25.0,e1,PnBu3 HBF4,nA,0.033538713814707063
10202,106.0,26.0,0.0,26.0,e5,Et-PhenCar-Phos,nG,0.4088272163752651
10203,106.0,27.0,0.0,27.0,e7,PPh3,nA,0.39316365606983517
10204,106.0,28.0,0.0,28.0,e4,"P(3,5-CF3-Ph)3",nC,0.20935389087716724
10205,106.0,29.0,0.0,29.0,e5,PPhtBu2,nC,0.7698254349858591
10206,106.0,30.0,0.0,30.0,e3,Cy-vBRIDP,nA,0.6444005049983973
10207,106.0,31.0,0.0,31.0,e10,BrettPhos,nA,0.3672528507287323
10208,106.0,32.0,0.0,32.0,e1,X-Phos,nF,0.0977093065996311
10209,106.0,33.0,0.0,33.0,e9,Cy-DavePhos,nG,0.4021743761051082
10210,106.0,34.0,0.0,34.0,e7,Cy-BippyPhos,nE,0.06477068053323384
10211,106.0,35.0,0.0,35.0,e4,P(o-Anis)3,nD,0.02538658500885957
10212,106.0,36.0,0.0,36.0,e10,MeO-KITPHOS,nD,0.8998197521786309
10213,106.0,37.0,0.0,37.0,e9,PPhtBu2,nA,0.22969981648958007
10214,106.0,38.0,0.0,38.0,e10,A-caPhos,nI,0.4049690202102659
10215,106.0,39.0,0.0,39.0,e10,CgMe-PPh,nA,0.1556727410455523
10216,106.0,40.0,0.0,40.0,e9,CX-PICy,nB,0.017548782295091724
10217,106.0,41.0,0.0,41.0,e3,PCy3 HBF4,nA,0.026603552105440537
10218,106.0,42.0,0.0,42.0,e2,PPhMe2,nG,0.1743874382182481
10219,106.0,43.0,0.0,43.0,e2,Cy-vBRIDP,nD,0.9350385282324228
10220,106.0,44.0,0.0,44.0,e5,Et-PhenCar-Phos,nE,0.1555337724688785
10221,106.0,45.0,0.0,45.0,e1,Ph-PhenCar-Phos,nG,0.02135338003989251
10222,106.0,46.0,0.0,46.0,e4,tBPh-CPhos,nD,0.08322824487277797
10223,106.0,47.0,0.0,47.0,e9,CX-FBu,nC,0.07578393225824319
10224,106.0,48.0,0.0,48.0,e3,Kwong,nA,0.52844484704448
10225,106.0,49.0,0.0,49.0,e4,P(fur)3,nB,0.04357911135254303
10226,106.0,50.0,0.0,50.0,e9,JackiePhos,nC,0.3402888306071797
10227,106.0,51.0,0.0,51.0,e7,PPh2Me,nG,0.01761201016057301
10228,106.0,52.0,0.0,52.0,e7,PPh3,nI,0.24779538065626336
10229,106.0,53.0,0.0,53.0,e1,MeO-KITPHOS,nE,0.04671760971453625
10230,106.0,54.0,0.0,54.0,e4,BrettPhos,nB,0.06659152732740367
10231,106.0,55.0,0.0,55.0,e2,Cy-vBRIDP,nF,0.6290075171930294
10232,106.0,56.0,0.0,56.0,e3,"P(3,5-CF3-Ph)3",nI,0.34124947817961754
10233,106.0,57.0,0.0,57.0,e9,PnBu3 HBF4,nC,0.29786886006957153
10234,106.0,58.0,0.0,58.0,e5,Cy-DavePhos,nG,0.4296099762008142
10235,106.0,59.0,0.0,59.0,e4,PPhtBu2,nB,0.0
10236,106.0,60.0,0.0,60.0,e9,Cy-vBRIDP,nF,0.6967928130282119
10237,106.0,61.0,0.0,61.0,e3,X-Phos,nI,0.43402238114543207
10238,106.0,62.0,0.0,62.0,e7,Kwong,nF,0.19003296934826672
10239,106.0,63.0,0.0,63.0,e1,A-caPhos,nE,0.03499297317844621
10240,106.0,64.0,0.0,64.0,e2,Et-PhenCar-Phos,nB,0.30781579365006
10241,106.0,65.0,0.0,65.0,e9,Cy-BippyPhos,nG,0.46478882021105844
10242,106.0,66.0,0.0,66.0,e10,PPh3,nI,0.6602505435133692
10243,106.0,67.0,0.0,67.0,e9,Cy-vBRIDP,nI,0.6700718714523624
10244,106.0,68.0,0.0,68.0,e4,Cy-DavePhos,nE,0.0
10245,106.0,69.0,0.0,69.0,e2,JackiePhos,nI,0.6460679308159928
10246,106.0,70.0,0.0,70.0,e10,"P(3,5-CF3-Ph)3",nB,0.3248401714816362
10247,106.0,71.0,0.0,71.0,e9,P(fur)3,nG,0.3593925605569053
10248,106.0,72.0,0.0,72.0,e5,P(o-Anis)3,nC,0.2597060555559565
10249,106.0,73.0,0.0,73.0,e9,PnBu3 HBF4,nI,0.364306479041637
10250,106.0,74.0,0.0,74.0,e10,CgMe-PPh,nE,0.0683436736393753
10251,106.0,75.0,0.0,75.0,e7,PPhMe2,nG,0.0
10252,106.0,76.0,0.0,76.0,e7,MeO-KITPHOS,nC,0.1818058238116577
10253,106.0,77.0,0.0,77.0,e7,Cy-vBRIDP,nC,0.6820459911323365
10254,106.0,78.0,0.0,78.0,e7,BrettPhos,nG,0.0
10255,106.0,79.0,0.0,79.0,e2,PPh3,nA,0.008904947561475468
10256,106.0,80.0,0.0,80.0,e10,X-Phos,nC,0.732411484160166
10257,106.0,81.0,0.0,81.0,e7,JackiePhos,nC,0.6688604819213119
10258,106.0,82.0,0.0,82.0,e9,tBPh-CPhos,nB,0.15300473080796315
10259,106.0,83.0,0.0,83.0,e5,PCy3 HBF4,nC,0.7610838314818648
10260,106.0,84.0,0.0,84.0,e5,CX-PICy,nD,0.7367636173787823
10261,106.0,85.0,0.0,85.0,e9,CX-FBu,nA,0.026568437497950775
10262,106.0,86.0,0.0,86.0,e2,Cy-vBRIDP,nI,0.6880605476764962
10263,106.0,87.0,0.0,87.0,e9,PCy3 HBF4,nC,0.37815021126374854
10264,106.0,88.0,0.0,88.0,e4,Ph-PhenCar-Phos,nI,0.03672891692050217
10265,106.0,89.0,0.0,89.0,e2,Cy-BippyPhos,nD,0.899766462439471
10266,106.0,90.0,0.0,90.0,e1,Cy-BippyPhos,nE,0.08360289329221145
10267,106.0,91.0,0.0,91.0,e7,CX-PICy,nC,0.5896946040296001
10268,106.0,92.0,0.0,92.0,e5,X-Phos,nF,0.5612705116717954
10269,106.0,93.0,0.0,93.0,e9,Et-PhenCar-Phos,nE,0.09970326563233488
10270,106.0,94.0,0.0,94.0,e1,PPhtBu2,nI,0.0
10271,106.0,95.0,0.0,95.0,e5,PPh2Me,nI,0.18805503621177608
10272,107.0,0.0,0.0,0.0,e5,A-caPhos,nD,0.7956086691618747
10273,107.0,1.0,0.0,1.0,e2,BrettPhos,nG,0.08281407991024353
10274,107.0,2.0,0.0,2.0,e4,CX-FBu,nC,0.0047669076631712696
10275,107.0,3.0,0.0,3.0,e2,CX-PICy,nA,0.6627082272144782
10276,107.0,4.0,0.0,4.0,e2,Cy-DavePhos,nD,0.8600984767103315
10277,107.0,5.0,0.0,5.0,e7,Cy-vBRIDP,nE,0.0285055968883504
10278,107.0,6.0,0.0,6.0,e1,Kwong,nA,0.11345641456119931
10279,107.0,7.0,0.0,7.0,e5,MeO-KITPHOS,nD,0.7150014599477411
10280,107.0,8.0,0.0,8.0,e3,P(o-Anis)3,nD,0.017049023134240643
10281,107.0,9.0,0.0,9.0,e9,Et-PhenCar-Phos,nC,0.3799408105497681
10282,107.0,10.0,0.0,10.0,e5,JackiePhos,nF,0.046842070771333566
10283,107.0,11.0,0.0,11.0,e4,"P(3,5-CF3-Ph)3",nI,0.07226229178364636
10284,107.0,12.0,0.0,12.0,e5,P(fur)3,nA,0.7422450479697658
10285,107.0,13.0,0.0,13.0,e9,Ph-PhenCar-Phos,nD,0.6767072029805355
10286,107.0,14.0,0.0,14.0,e2,PPh2Me,nF,0.0
10287,107.0,15.0,0.0,15.0,e2,PPhtBu2,nE,0.2141985283033928
10288,107.0,16.0,0.0,16.0,e9,tBPh-CPhos,nF,0.9724754898127265
10289,107.0,17.0,0.0,17.0,e4,PPhMe2,nG,0.0
10290,107.0,18.0,0.0,18.0,e1,Cy-BippyPhos,nD,0.19322800249768834
10291,107.0,19.0,0.0,19.0,e1,PCy3 HBF4,nE,0.06933003441095552
10292,107.0,20.0,0.0,20.0,e10,CgMe-PPh,nE,0.0683436736393753
10293,107.0,21.0,0.0,21.0,e4,PPh3,nE,0.0
10294,107.0,22.0,0.0,22.0,e7,X-Phos,nC,0.7699443054600407
10295,107.0,23.0,0.0,23.0,e1,PnBu3 HBF4,nC,0.05073636262125162
10296,107.0,24.0,0.0,24.0,e9,tBPh-CPhos,nD,0.7798623769507976
10297,107.0,25.0,0.0,25.0,e9,Cy-DavePhos,nB,0.10197404268440335
10298,107.0,26.0,0.0,26.0,e7,A-caPhos,nF,0.1328274541277745
10299,107.0,27.0,0.0,27.0,e9,X-Phos,nG,0.4940245596014306
10300,107.0,28.0,0.0,28.0,e1,P(fur)3,nE,0.030488115443860403
10301,107.0,29.0,0.0,29.0,e1,MeO-KITPHOS,nE,0.04671760971453625
10302,107.0,30.0,0.0,30.0,e5,Ph-PhenCar-Phos,nG,0.0
10303,107.0,31.0,0.0,31.0,e10,CX-PICy,nB,0.2511008312299279
10304,107.0,32.0,0.0,32.0,e10,Et-PhenCar-Phos,nI,0.8978098811886851
10305,107.0,33.0,0.0,33.0,e1,tBPh-CPhos,nB,0.13846077071822055
10306,107.0,34.0,0.0,34.0,e5,PPhtBu2,nF,0.03204541377761061
10307,107.0,35.0,0.0,35.0,e7,Cy-BippyPhos,nA,0.5454537179950174
10308,107.0,36.0,0.0,36.0,e9,Kwong,nG,0.48310327993375796
10309,107.0,37.0,0.0,37.0,e10,BrettPhos,nA,0.3672528507287323
10310,107.0,38.0,0.0,38.0,e2,"P(3,5-CF3-Ph)3",nA,0.7596387385382168
10311,107.0,39.0,0.0,39.0,e7,PCy3 HBF4,nG,0.0
10312,107.0,40.0,0.0,40.0,e7,CgMe-PPh,nI,0.6142759277683246
10313,107.0,41.0,0.0,41.0,e5,Et-PhenCar-Phos,nA,0.7577678491226976
10314,107.0,42.0,0.0,42.0,e10,PnBu3 HBF4,nI,0.26729288053977013
10315,107.0,43.0,0.0,43.0,e2,JackiePhos,nA,0.9033456818168843
10316,107.0,44.0,0.0,44.0,e5,X-Phos,nC,0.7137664796412143
10317,107.0,45.0,0.0,45.0,e5,Cy-vBRIDP,nE,0.15014188546666088
10318,107.0,46.0,0.0,46.0,e3,P(o-Anis)3,nA,0.1800745926353478
10319,107.0,47.0,0.0,47.0,e5,CX-FBu,nF,0.0
10320,107.0,48.0,0.0,48.0,e9,PPh2Me,nE,0.1405880999819467
10321,107.0,49.0,0.0,49.0,e2,PPhMe2,nG,0.1743874382182481
10322,107.0,50.0,0.0,50.0,e5,PPh3,nB,0.10428974023151304
10323,107.0,51.0,0.0,51.0,e5,Cy-DavePhos,nF,0.03313108332432727
10324,107.0,52.0,0.0,52.0,e1,JackiePhos,nB,0.15130453997269813
10325,107.0,53.0,0.0,53.0,e3,A-caPhos,nF,0.7082011417231325
10326,107.0,54.0,0.0,54.0,e7,CX-PICy,nI,0.5099042814136777
10327,107.0,55.0,0.0,55.0,e7,Et-PhenCar-Phos,nD,1.0
10328,107.0,56.0,0.0,56.0,e4,"P(3,5-CF3-Ph)3",nC,0.20935389087716724
10329,107.0,57.0,0.0,57.0,e10,X-Phos,nG,0.26909978021938563
10330,107.0,58.0,0.0,58.0,e3,P(fur)3,nA,0.16816044846520725
10331,107.0,59.0,0.0,59.0,e9,MeO-KITPHOS,nF,0.2069173517749973
10332,107.0,60.0,0.0,60.0,e4,tBPh-CPhos,nD,0.08322824487277797
10333,107.0,61.0,0.0,61.0,e1,Cy-BippyPhos,nI,0.2211067826223972
10334,107.0,62.0,0.0,62.0,e9,Et-PhenCar-Phos,nE,0.09970326563233488
10335,107.0,63.0,0.0,63.0,e4,CgMe-PPh,nD,0.08321089559018727
10336,107.0,64.0,0.0,64.0,e3,Ph-PhenCar-Phos,nA,0.09713443673361893
10337,107.0,65.0,0.0,65.0,e2,Kwong,nF,0.7262280592039937
10338,107.0,66.0,0.0,66.0,e5,A-caPhos,nI,0.4554510371693582
10339,107.0,67.0,0.0,67.0,e5,BrettPhos,nD,0.6392781029757402
10340,107.0,68.0,0.0,68.0,e7,CX-PICy,nG,0.27831617102194695
10341,107.0,69.0,0.0,69.0,e2,Kwong,nI,0.5869140300450231
10342,107.0,70.0,0.0,70.0,e3,PnBu3 HBF4,nE,0.07267279002281227
10343,107.0,71.0,0.0,71.0,e10,X-Phos,nI,0.7187458586231107
10344,107.0,72.0,0.0,72.0,e10,PPhtBu2,nB,0.3350890548052822
10345,107.0,73.0,0.0,73.0,e9,A-caPhos,nG,0.4248789034782635
10346,107.0,74.0,0.0,74.0,e10,JackiePhos,nA,0.7329517075696806
10347,107.0,75.0,0.0,75.0,e7,Et-PhenCar-Phos,nA,0.46105828561415296
10348,107.0,76.0,0.0,76.0,e3,BrettPhos,nB,0.0
10349,107.0,77.0,0.0,77.0,e10,P(o-Anis)3,nC,0.3046850801785095
10350,107.0,78.0,0.0,78.0,e2,Cy-vBRIDP,nI,0.6880605476764962
10351,107.0,79.0,0.0,79.0,e9,"P(3,5-CF3-Ph)3",nI,0.5060174107510581
10352,107.0,80.0,0.0,80.0,e9,PPhMe2,nC,0.30440801781180693
10353,107.0,81.0,0.0,81.0,e2,tBPh-CPhos,nF,0.9180522305589233
10354,107.0,82.0,0.0,82.0,e1,X-Phos,nF,0.0977093065996311
10355,107.0,83.0,0.0,83.0,e5,Cy-DavePhos,nB,0.24820523727080449
10356,107.0,84.0,0.0,84.0,e2,PPh2Me,nB,0.354546359191998
10357,107.0,85.0,0.0,85.0,e2,MeO-KITPHOS,nI,0.6167813320248422
10358,107.0,86.0,0.0,86.0,e9,Kwong,nB,0.11088834300612632
10359,107.0,87.0,0.0,87.0,e9,Cy-BippyPhos,nI,0.7811843865330459
10360,107.0,88.0,0.0,88.0,e10,tBPh-CPhos,nF,0.955503603321246
10361,107.0,89.0,0.0,89.0,e5,P(fur)3,nD,0.7206680265827334
10362,107.0,90.0,0.0,90.0,e3,PPh3,nG,0.5441952440189306
10363,107.0,91.0,0.0,91.0,e5,JackiePhos,nA,0.7290418673450977
10364,107.0,92.0,0.0,92.0,e10,tBPh-CPhos,nB,0.34684817142606866
10365,107.0,93.0,0.0,93.0,e4,PCy3 HBF4,nF,0.1806752523043707
10366,107.0,94.0,0.0,94.0,e7,Cy-vBRIDP,nF,0.47929870017773896
10367,107.0,95.0,0.0,95.0,e10,Cy-BippyPhos,nC,0.6737699231822453
10368,108.0,0.0,0.0,0.0,e1,A-caPhos,nF,0.010702303143673455
10369,108.0,1.0,0.0,1.0,e2,BrettPhos,nF,0.3409853317756659
10370,108.0,2.0,0.0,2.0,e9,CX-FBu,nC,0.07578393225824319
10371,108.0,3.0,0.0,3.0,e10,CX-PICy,nB,0.2511008312299279
10372,108.0,4.0,0.0,4.0,e2,Cy-DavePhos,nA,0.890605834039087
10373,108.0,5.0,0.0,5.0,e7,Cy-vBRIDP,nC,0.6820459911323365
10374,108.0,6.0,0.0,6.0,e7,Kwong,nB,0.020383918157043737
10375,108.0,7.0,0.0,7.0,e1,MeO-KITPHOS,nB,0.015845697854694092
10376,108.0,8.0,0.0,8.0,e2,P(o-Anis)3,nE,0.11073968831160971
10377,108.0,9.0,0.0,9.0,e9,Et-PhenCar-Phos,nI,0.47387538169056964
10378,108.0,10.0,0.0,10.0,e5,JackiePhos,nA,0.7290418673450977
10379,108.0,11.0,0.0,11.0,e5,"P(3,5-CF3-Ph)3",nE,0.16245071334673533
10380,108.0,12.0,0.0,12.0,e1,P(fur)3,nD,0.027849023497232013
10381,108.0,13.0,0.0,13.0,e4,Ph-PhenCar-Phos,nA,0.0
10382,108.0,14.0,0.0,14.0,e1,PPh2Me,nF,0.03516179379382025
10383,108.0,15.0,0.0,15.0,e5,PPhtBu2,nG,0.3392981528661412
10384,108.0,16.0,0.0,16.0,e5,tBPh-CPhos,nC,0.7175681052805551
10385,108.0,17.0,0.0,17.0,e1,PPhMe2,nC,0.04178685204173926
10386,108.0,18.0,0.0,18.0,e3,Cy-BippyPhos,nI,0.4880124029547394
10387,108.0,19.0,0.0,19.0,e9,PCy3 HBF4,nD,0.675233270214635
10388,108.0,20.0,0.0,20.0,e9,CgMe-PPh,nB,0.16201116259216772
10389,108.0,21.0,0.0,21.0,e5,PPh3,nI,0.7008002329516867
10390,108.0,22.0,0.0,22.0,e9,X-Phos,nF,0.7946437444937127
10391,108.0,23.0,0.0,23.0,e10,PnBu3 HBF4,nF,0.9491493979218607
10392,108.0,24.0,0.0,24.0,e9,PnBu3 HBF4,nG,0.39354534074743824
10393,108.0,25.0,0.0,25.0,e3,Cy-DavePhos,nC,0.37215812981068086
10394,108.0,26.0,0.0,26.0,e5,X-Phos,nI,0.6595060362188809
10395,108.0,27.0,0.0,27.0,e2,JackiePhos,nG,0.226362632584802
10396,108.0,28.0,0.0,28.0,e1,tBPh-CPhos,nC,0.20431204836192307
10397,108.0,29.0,0.0,29.0,e4,PPh3,nC,0.31241818275827216
10398,108.0,30.0,0.0,30.0,e10,Cy-vBRIDP,nF,0.8737297326167234
10399,108.0,31.0,0.0,31.0,e10,PCy3 HBF4,nE,0.04178712243346533
10400,108.0,32.0,0.0,32.0,e2,Cy-BippyPhos,nI,0.67187359635982
10401,108.0,33.0,0.0,33.0,e2,Et-PhenCar-Phos,nA,0.9619512654546682
10402,108.0,34.0,0.0,34.0,e4,BrettPhos,nE,0.020587634820407864
10403,108.0,35.0,0.0,35.0,e1,PPhtBu2,nC,0.04142482366500885
10404,108.0,36.0,0.0,36.0,e5,CX-PICy,nG,0.35909736921031543
10405,108.0,37.0,0.0,37.0,e4,Cy-vBRIDP,nG,0.011887141708792338
10406,108.0,38.0,0.0,38.0,e10,"P(3,5-CF3-Ph)3",nA,0.546272038278152
10407,108.0,39.0,0.0,39.0,e10,CgMe-PPh,nB,0.26208153455778976
10408,108.0,40.0,0.0,40.0,e5,X-Phos,nD,0.8408611369475726
10409,108.0,41.0,0.0,41.0,e4,Et-PhenCar-Phos,nB,0.016893387098010963
10410,108.0,42.0,0.0,42.0,e5,P(o-Anis)3,nA,0.20637391159055976
10411,108.0,43.0,0.0,43.0,e1,PnBu3 HBF4,nD,0.07093393667529567
10412,108.0,44.0,0.0,44.0,e5,CX-FBu,nG,0.012379252545960754
10413,108.0,45.0,0.0,45.0,e1,Cy-DavePhos,nF,0.0
10414,108.0,46.0,0.0,46.0,e2,PPhMe2,nE,0.206575885338896
10415,108.0,47.0,0.0,47.0,e7,PPh2Me,nB,0.022176359893621114
10416,108.0,48.0,0.0,48.0,e1,P(fur)3,nI,0.0
10417,108.0,49.0,0.0,49.0,e7,Kwong,nD,0.7352375479541646
10418,108.0,50.0,0.0,50.0,e10,MeO-KITPHOS,nF,0.8931997261223513
10419,108.0,51.0,0.0,51.0,e7,A-caPhos,nD,0.45969276976080437
10420,108.0,52.0,0.0,52.0,e4,Ph-PhenCar-Phos,nD,0.0
10421,108.0,53.0,0.0,53.0,e9,Cy-BippyPhos,nB,0.19614551978344988
10422,108.0,54.0,0.0,54.0,e10,PPh3,nB,0.027379747986006113
10423,108.0,55.0,0.0,55.0,e7,X-Phos,nB,0.24145251337028
10424,108.0,56.0,0.0,56.0,e3,JackiePhos,nG,0.6578858211575712
10425,108.0,57.0,0.0,57.0,e5,tBPh-CPhos,nD,0.8244748174600138
10426,108.0,58.0,0.0,58.0,e4,MeO-KITPHOS,nA,0.009388644305479189
10427,108.0,59.0,0.0,59.0,e5,Kwong,nA,0.5502353247445788
10428,108.0,60.0,0.0,60.0,e10,PCy3 HBF4,nC,0.7481239349628751
10429,108.0,61.0,0.0,61.0,e7,"P(3,5-CF3-Ph)3",nG,0.004136174060489153
10430,108.0,62.0,0.0,62.0,e2,tBPh-CPhos,nD,0.9627817421488892
10431,108.0,63.0,0.0,63.0,e2,CX-PICy,nE,0.1112468268031635
10432,108.0,64.0,0.0,64.0,e5,JackiePhos,nG,0.338261501637445
10433,108.0,65.0,0.0,65.0,e4,tBPh-CPhos,nE,0.08334191795338486
10434,108.0,66.0,0.0,66.0,e9,Cy-vBRIDP,nE,0.2118361653644355
10435,108.0,67.0,0.0,67.0,e10,A-caPhos,nE,0.06369465752083445
10436,108.0,68.0,0.0,68.0,e2,PCy3 HBF4,nI,0.23165741554044078
10437,108.0,69.0,0.0,69.0,e5,Et-PhenCar-Phos,nC,0.7420550241578128
10438,108.0,70.0,0.0,70.0,e3,X-Phos,nD,0.6499890415739124
10439,108.0,71.0,0.0,71.0,e10,CgMe-PPh,nF,0.9345922792122748
10440,108.0,72.0,0.0,72.0,e4,PnBu3 HBF4,nF,0.07661274417725286
10441,108.0,73.0,0.0,73.0,e3,CgMe-PPh,nD,0.6746435408754137
10442,108.0,74.0,0.0,74.0,e1,Cy-BippyPhos,nE,0.08360289329221145
10443,108.0,75.0,0.0,75.0,e2,PPhtBu2,nA,0.8784588854057418
10444,108.0,76.0,0.0,76.0,e9,BrettPhos,nG,0.0
10445,108.0,77.0,0.0,77.0,e1,Kwong,nC,0.006793877228623898
10446,108.0,78.0,0.0,78.0,e5,Cy-DavePhos,nA,0.7763833572037856
10447,108.0,79.0,0.0,79.0,e5,PPhtBu2,nA,0.6662908668048635
10448,108.0,80.0,0.0,80.0,e7,P(o-Anis)3,nD,0.20661863979261372
10449,108.0,81.0,0.0,81.0,e10,Et-PhenCar-Phos,nB,0.46335999806419
10450,108.0,82.0,0.0,82.0,e2,PPhMe2,nD,0.9665760108651322
10451,108.0,83.0,0.0,83.0,e10,PPhMe2,nG,0.29388406090139285
10452,108.0,84.0,0.0,84.0,e2,X-Phos,nE,0.05720851394385538
10453,108.0,85.0,0.0,85.0,e2,Cy-DavePhos,nE,0.13508476980027337
10454,108.0,86.0,0.0,86.0,e3,CgMe-PPh,nF,0.8647744195298661
10455,108.0,87.0,0.0,87.0,e1,PPh3,nE,0.00995882546000144
10456,108.0,88.0,0.0,88.0,e1,JackiePhos,nI,0.23164589492729465
10457,108.0,89.0,0.0,89.0,e2,PPhtBu2,nC,0.5884787341556109
10458,108.0,90.0,0.0,90.0,e7,CgMe-PPh,nF,0.8590504388988899
10459,108.0,91.0,0.0,91.0,e4,MeO-KITPHOS,nF,0.09857703536485529
10460,108.0,92.0,0.0,92.0,e4,CX-FBu,nA,0.0
10461,108.0,93.0,0.0,93.0,e7,tBPh-CPhos,nE,0.0
10462,108.0,94.0,0.0,94.0,e9,Cy-vBRIDP,nD,0.702991104041341
10463,108.0,95.0,0.0,95.0,e4,PPh2Me,nF,0.0800684130861383
10464,109.0,0.0,0.0,0.0,e9,A-caPhos,nF,0.3473256083599624
10465,109.0,1.0,0.0,1.0,e9,BrettPhos,nG,0.0
10466,109.0,2.0,0.0,2.0,e1,CX-FBu,nA,0.06728168343034004
10467,109.0,3.0,0.0,3.0,e2,CX-PICy,nE,0.1112468268031635
10468,109.0,4.0,0.0,4.0,e9,Cy-DavePhos,nG,0.4021743761051082
10469,109.0,5.0,0.0,5.0,e5,Cy-vBRIDP,nC,0.6808973298430087
10470,109.0,6.0,0.0,6.0,e1,Kwong,nD,0.08645291673067909
10471,109.0,7.0,0.0,7.0,e5,MeO-KITPHOS,nE,0.20090081346750718
10472,109.0,8.0,0.0,8.0,e5,P(o-Anis)3,nI,0.25524773080664775
10473,109.0,9.0,0.0,9.0,e3,Et-PhenCar-Phos,nG,0.7493850028763238
10474,109.0,10.0,0.0,10.0,e10,JackiePhos,nA,0.7329517075696806
10475,109.0,11.0,0.0,11.0,e10,"P(3,5-CF3-Ph)3",nA,0.546272038278152
10476,109.0,12.0,0.0,12.0,e4,P(fur)3,nI,0.04402143693540769
10477,109.0,13.0,0.0,13.0,e2,Ph-PhenCar-Phos,nC,0.6114139698966943
10478,109.0,14.0,0.0,14.0,e7,PPh2Me,nB,0.022176359893621114
10479,109.0,15.0,0.0,15.0,e7,PPhtBu2,nA,0.22643925135847556
10480,109.0,16.0,0.0,16.0,e5,tBPh-CPhos,nE,0.21985955173112223
10481,109.0,17.0,0.0,17.0,e4,PPhMe2,nG,0.0
10482,109.0,18.0,0.0,18.0,e1,Cy-BippyPhos,nG,0.15976408278590903
10483,109.0,19.0,0.0,19.0,e7,PCy3 HBF4,nF,0.11910164690015072
10484,109.0,20.0,0.0,20.0,e4,CgMe-PPh,nC,0.07729202271014396
10485,109.0,21.0,0.0,21.0,e10,PPh3,nB,0.027379747986006113
10486,109.0,22.0,0.0,22.0,e10,X-Phos,nE,0.0935959226806929
10487,109.0,23.0,0.0,23.0,e2,PnBu3 HBF4,nG,0.05240835785700971
10488,109.0,24.0,0.0,24.0,e1,Et-PhenCar-Phos,nC,0.13162928317129613
10489,109.0,25.0,0.0,25.0,e2,JackiePhos,nE,0.14951065589537862
10490,109.0,26.0,0.0,26.0,e4,Cy-vBRIDP,nB,0.0
10491,109.0,27.0,0.0,27.0,e10,Ph-PhenCar-Phos,nF,0.15722965933724983
10492,109.0,28.0,0.0,28.0,e9,"P(3,5-CF3-Ph)3",nC,0.26228444595483447
10493,109.0,29.0,0.0,29.0,e10,Cy-DavePhos,nD,0.9577552674723959
10494,109.0,30.0,0.0,30.0,e3,A-caPhos,nB,0.12487445849811245
10495,109.0,31.0,0.0,31.0,e4,P(o-Anis)3,nG,0.03152157172915698
10496,109.0,32.0,0.0,32.0,e2,PPhtBu2,nI,0.6066938793729448
10497,109.0,33.0,0.0,33.0,e1,tBPh-CPhos,nE,0.10531846896621012
10498,109.0,34.0,0.0,34.0,e2,MeO-KITPHOS,nB,0.2471450614128532
10499,109.0,35.0,0.0,35.0,e9,Cy-BippyPhos,nG,0.46478882021105844
10500,109.0,36.0,0.0,36.0,e4,PCy3 HBF4,nD,0.07881380061232132
10501,109.0,37.0,0.0,37.0,e9,CX-PICy,nG,0.3105609528066332
10502,109.0,38.0,0.0,38.0,e4,Cy-DavePhos,nE,0.0
10503,109.0,39.0,0.0,39.0,e4,X-Phos,nC,0.34258955436774835
10504,109.0,40.0,0.0,40.0,e10,Kwong,nG,0.24923381383602894
10505,109.0,41.0,0.0,41.0,e9,CgMe-PPh,nI,0.9133569283838853
10506,109.0,42.0,0.0,42.0,e1,CX-FBu,nF,0.05899310894002479
10507,109.0,43.0,0.0,43.0,e3,PnBu3 HBF4,nF,0.742670929975428
10508,109.0,44.0,0.0,44.0,e3,P(fur)3,nF,0.44484850798719355
10509,109.0,45.0,0.0,45.0,e9,PPh3,nB,0.08611579146274333
10510,109.0,46.0,0.0,46.0,e5,PPh2Me,nA,0.7070873722688659
10511,109.0,47.0,0.0,47.0,e2,BrettPhos,nB,0.018712271806066737
10512,109.0,48.0,0.0,48.0,e5,PPhMe2,nE,0.2586811210145722
10513,109.0,49.0,0.0,49.0,e10,CgMe-PPh,nC,0.7862446552445246
10514,109.0,50.0,0.0,50.0,e7,JackiePhos,nI,0.6032624128682527
10515,109.0,51.0,0.0,51.0,e4,Et-PhenCar-Phos,nA,0.02363360610342534
10516,109.0,52.0,0.0,52.0,e2,PPhtBu2,nF,0.8558293094709153
10517,109.0,53.0,0.0,53.0,e4,"P(3,5-CF3-Ph)3",nG,0.02206633089938497
10518,109.0,54.0,0.0,54.0,e10,PnBu3 HBF4,nE,0.04185113905030638
10519,109.0,55.0,0.0,55.0,e1,Ph-PhenCar-Phos,nF,0.03399207920306404
10520,109.0,56.0,0.0,56.0,e2,PPh2Me,nI,0.2867303573574186
10521,109.0,57.0,0.0,57.0,e7,Cy-vBRIDP,nF,0.47929870017773896
10522,109.0,58.0,0.0,58.0,e3,CgMe-PPh,nB,0.2170305015470435
10523,109.0,59.0,0.0,59.0,e2,Cy-BippyPhos,nA,0.947422522089135
10524,109.0,60.0,0.0,60.0,e4,PPhtBu2,nC,0.0
10525,109.0,61.0,0.0,61.0,e1,Cy-BippyPhos,nC,0.12530079881726516
10526,109.0,62.0,0.0,62.0,e9,P(fur)3,nI,0.28711297797323754
10527,109.0,63.0,0.0,63.0,e1,A-caPhos,nC,0.08326557611388505
10528,109.0,64.0,0.0,64.0,e5,JackiePhos,nD,0.7857626907983566
10529,109.0,65.0,0.0,65.0,e2,MeO-KITPHOS,nA,0.6953968715197815
10530,109.0,66.0,0.0,66.0,e3,X-Phos,nB,0.2000064287326038
10531,109.0,67.0,0.0,67.0,e2,CX-PICy,nD,0.844934148288056
10532,109.0,68.0,0.0,68.0,e9,Cy-DavePhos,nI,0.6237855110018449
10533,109.0,69.0,0.0,69.0,e4,Kwong,nB,0.0
10534,109.0,70.0,0.0,70.0,e4,CX-PICy,nI,0.049131110362350565
10535,109.0,71.0,0.0,71.0,e7,tBPh-CPhos,nA,0.42655708759840044
10536,109.0,72.0,0.0,72.0,e4,JackiePhos,nC,0.28682741874775813
10537,109.0,73.0,0.0,73.0,e4,P(o-Anis)3,nI,0.02548894148634491
10538,109.0,74.0,0.0,74.0,e3,PPhMe2,nG,0.3443466389164857
10539,109.0,75.0,0.0,75.0,e4,Cy-vBRIDP,nG,0.011887141708792338
10540,109.0,76.0,0.0,76.0,e1,MeO-KITPHOS,nI,0.08070327614437922
10541,109.0,77.0,0.0,77.0,e1,PCy3 HBF4,nF,0.0936542572430908
10542,109.0,78.0,0.0,78.0,e3,CgMe-PPh,nI,0.37696044105126186
10543,109.0,79.0,0.0,79.0,e2,Cy-DavePhos,nI,0.6644450399368388
10544,109.0,80.0,0.0,80.0,e10,PPh2Me,nD,1.0
10545,109.0,81.0,0.0,81.0,e10,PPh2Me,nC,0.7635702486574847
10546,109.0,82.0,0.0,82.0,e9,CX-FBu,nC,0.07578393225824319
10547,109.0,83.0,0.0,83.0,e5,PPh3,nI,0.7008002329516867
10548,109.0,84.0,0.0,84.0,e2,Et-PhenCar-Phos,nD,0.9214853157259724
10549,109.0,85.0,0.0,85.0,e2,Et-PhenCar-Phos,nB,0.30781579365006
10550,109.0,86.0,0.0,86.0,e9,PPh2Me,nB,0.025869944469680908
10551,109.0,87.0,0.0,87.0,e5,PnBu3 HBF4,nF,0.10989187551048998
10552,109.0,88.0,0.0,88.0,e3,"P(3,5-CF3-Ph)3",nG,0.13026635301464337
10553,109.0,89.0,0.0,89.0,e10,PPh3,nA,0.17893078161194448
10554,109.0,90.0,0.0,90.0,e9,Cy-BippyPhos,nI,0.7811843865330459
10555,109.0,91.0,0.0,91.0,e1,Cy-DavePhos,nC,0.07922994530801464
10556,109.0,92.0,0.0,92.0,e4,BrettPhos,nG,0.0
10557,109.0,93.0,0.0,93.0,e10,Ph-PhenCar-Phos,nG,0.0
10558,109.0,94.0,0.0,94.0,e7,PPhtBu2,nI,0.035471536543272855
10559,109.0,95.0,0.0,95.0,e7,P(fur)3,nC,0.4312782068921491
10560,110.0,0.0,0.0,0.0,e4,A-caPhos,nD,0.005914580833647114
10561,110.0,1.0,0.0,1.0,e1,BrettPhos,nA,0.0
10562,110.0,2.0,0.0,2.0,e7,CX-FBu,nI,0.008436723887765887
10563,110.0,3.0,0.0,3.0,e4,CX-PICy,nD,0.04718150893102839
10564,110.0,4.0,0.0,4.0,e2,Cy-DavePhos,nB,0.3895783251678055
10565,110.0,5.0,0.0,5.0,e10,Cy-vBRIDP,nG,0.3608953345580712
10566,110.0,6.0,0.0,6.0,e7,Kwong,nA,0.07567394742364385
10567,110.0,7.0,0.0,7.0,e1,MeO-KITPHOS,nG,0.05772455406029879
10568,110.0,8.0,0.0,8.0,e7,P(o-Anis)3,nG,0.04483783011499854
10569,110.0,9.0,0.0,9.0,e2,Et-PhenCar-Phos,nB,0.30781579365006
10570,110.0,10.0,0.0,10.0,e4,JackiePhos,nG,0.011497397001572884
10571,110.0,11.0,0.0,11.0,e7,"P(3,5-CF3-Ph)3",nG,0.004136174060489153
10572,110.0,12.0,0.0,12.0,e10,P(fur)3,nB,0.29107612738736705
10573,110.0,13.0,0.0,13.0,e10,Ph-PhenCar-Phos,nF,0.15722965933724983
10574,110.0,14.0,0.0,14.0,e1,PPh2Me,nI,0.05859619006636522
10575,110.0,15.0,0.0,15.0,e3,PPhtBu2,nD,0.6677531336144049
10576,110.0,16.0,0.0,16.0,e3,tBPh-CPhos,nI,0.40203943367844525
10577,110.0,17.0,0.0,17.0,e3,PPhMe2,nC,0.45752334695304314
10578,110.0,18.0,0.0,18.0,e5,Cy-BippyPhos,nI,0.8909978993536253
10579,110.0,19.0,0.0,19.0,e1,PCy3 HBF4,nE,0.06933003441095552
10580,110.0,20.0,0.0,20.0,e10,CgMe-PPh,nD,0.9667080207978768
10581,110.0,21.0,0.0,21.0,e2,PPh3,nI,0.5983316480220364
10582,110.0,22.0,0.0,22.0,e1,X-Phos,nC,0.27431091804894675
10583,110.0,23.0,0.0,23.0,e5,PnBu3 HBF4,nC,0.7038726736579902
10584,110.0,24.0,0.0,24.0,e5,CgMe-PPh,nD,0.8391860239024482
10585,110.0,25.0,0.0,25.0,e7,Cy-BippyPhos,nA,0.5454537179950174
10586,110.0,26.0,0.0,26.0,e4,PnBu3 HBF4,nD,0.037089716289498115
10587,110.0,27.0,0.0,27.0,e10,PPhtBu2,nE,0.07462037360807186
10588,110.0,28.0,0.0,28.0,e10,PPh3,nA,0.17893078161194448
10589,110.0,29.0,0.0,29.0,e5,PPhMe2,nA,0.6471944961567562
10590,110.0,30.0,0.0,30.0,e9,tBPh-CPhos,nE,0.2128966624664455
10591,110.0,31.0,0.0,31.0,e10,Cy-DavePhos,nG,0.3684434306199855
10592,110.0,32.0,0.0,32.0,e1,Cy-vBRIDP,nG,0.040219882770202414
10593,110.0,33.0,0.0,33.0,e10,CgMe-PPh,nE,0.0683436736393753
10594,110.0,34.0,0.0,34.0,e4,Et-PhenCar-Phos,nB,0.016893387098010963
10595,110.0,35.0,0.0,35.0,e9,P(fur)3,nB,0.1017982533025562
10596,110.0,36.0,0.0,36.0,e1,X-Phos,nB,0.13808085610167717
10597,110.0,37.0,0.0,37.0,e10,Ph-PhenCar-Phos,nG,0.0
10598,110.0,38.0,0.0,38.0,e10,Cy-BippyPhos,nG,0.2525135394449507
10599,110.0,39.0,0.0,39.0,e1,Kwong,nF,0.04076651100940088
10600,110.0,40.0,0.0,40.0,e10,PCy3 HBF4,nB,0.0
10601,110.0,41.0,0.0,41.0,e1,PPh2Me,nG,0.046182417331377484
10602,110.0,42.0,0.0,42.0,e7,MeO-KITPHOS,nG,0.11322968814633767
10603,110.0,43.0,0.0,43.0,e3,CX-PICy,nF,0.6497944840300122
10604,110.0,44.0,0.0,44.0,e1,P(o-Anis)3,nI,0.05879365689573417
10605,110.0,45.0,0.0,45.0,e5,JackiePhos,nA,0.7290418673450977
10606,110.0,46.0,0.0,46.0,e9,CX-FBu,nI,0.03414362913763253
10607,110.0,47.0,0.0,47.0,e2,A-caPhos,nE,0.03960375441695721
10608,110.0,48.0,0.0,48.0,e7,"P(3,5-CF3-Ph)3",nF,0.4547323879793554
10609,110.0,49.0,0.0,49.0,e7,BrettPhos,nB,0.006706537467230552
10610,110.0,50.0,0.0,50.0,e4,PPhMe2,nF,0.05675807339476563
10611,110.0,51.0,0.0,51.0,e1,PPh3,nC,0.1159616122174597
10612,110.0,52.0,0.0,52.0,e1,Cy-DavePhos,nG,0.10033053889692384
10613,110.0,53.0,0.0,53.0,e1,PPhtBu2,nC,0.04142482366500885
10614,110.0,54.0,0.0,54.0,e2,PnBu3 HBF4,nI,0.3422463973419018
10615,110.0,55.0,0.0,55.0,e10,JackiePhos,nG,0.19943476808224297
10616,110.0,56.0,0.0,56.0,e4,CgMe-PPh,nC,0.07729202271014396
10617,110.0,57.0,0.0,57.0,e1,CX-PICy,nC,0.17448452116943244
10618,110.0,58.0,0.0,58.0,e1,tBPh-CPhos,nC,0.20431204836192307
10619,110.0,59.0,0.0,59.0,e10,Cy-BippyPhos,nI,0.8194571896084138
10620,110.0,60.0,0.0,60.0,e5,"P(3,5-CF3-Ph)3",nF,0.7449177693369221
10621,110.0,61.0,0.0,61.0,e5,Cy-BippyPhos,nD,0.7452121533478554
10622,110.0,62.0,0.0,62.0,e2,X-Phos,nA,0.7289375568068931
10623,110.0,63.0,0.0,63.0,e4,Cy-vBRIDP,nI,0.08512605466614513
10624,110.0,64.0,0.0,64.0,e4,P(fur)3,nA,0.0
10625,110.0,65.0,0.0,65.0,e9,Et-PhenCar-Phos,nC,0.3799408105497681
10626,110.0,66.0,0.0,66.0,e1,"P(3,5-CF3-Ph)3",nE,0.02574746723401784
10627,110.0,67.0,0.0,67.0,e4,Cy-BippyPhos,nA,0.014200695922544622
10628,110.0,68.0,0.0,68.0,e7,PPhMe2,nB,0.0
10629,110.0,69.0,0.0,69.0,e4,X-Phos,nG,0.014305219597103146
10630,110.0,70.0,0.0,70.0,e4,PnBu3 HBF4,nA,0.01706005824707267
10631,110.0,71.0,0.0,71.0,e7,MeO-KITPHOS,nI,0.21783562748931537
10632,110.0,72.0,0.0,72.0,e10,Ph-PhenCar-Phos,nI,0.19493888256788205
10633,110.0,73.0,0.0,73.0,e9,CgMe-PPh,nA,0.4265411652763391
10634,110.0,74.0,0.0,74.0,e3,Kwong,nD,0.6707851203385027
10635,110.0,75.0,0.0,75.0,e3,JackiePhos,nG,0.6578858211575712
10636,110.0,76.0,0.0,76.0,e5,PPh2Me,nF,0.0
10637,110.0,77.0,0.0,77.0,e9,P(o-Anis)3,nB,0.014166351731102438
10638,110.0,78.0,0.0,78.0,e9,PPh3,nI,0.45913414385457335
10639,110.0,79.0,0.0,79.0,e3,PCy3 HBF4,nF,0.7927520064501151
10640,110.0,80.0,0.0,80.0,e5,CX-PICy,nD,0.7367636173787823
10641,110.0,81.0,0.0,81.0,e1,PCy3 HBF4,nG,0.011446303846680505
10642,110.0,82.0,0.0,82.0,e5,Cy-DavePhos,nC,0.6945846341087276
10643,110.0,83.0,0.0,83.0,e1,A-caPhos,nI,0.03722071252473063
10644,110.0,84.0,0.0,84.0,e3,CX-FBu,nF,0.4573086162402998
10645,110.0,85.0,0.0,85.0,e4,tBPh-CPhos,nF,0.13333417034980927
10646,110.0,86.0,0.0,86.0,e4,BrettPhos,nB,0.06659152732740367
10647,110.0,87.0,0.0,87.0,e3,Kwong,nF,0.751341990836228
10648,110.0,88.0,0.0,88.0,e5,PPhtBu2,nD,0.7431815841843207
10649,110.0,89.0,0.0,89.0,e4,CX-PICy,nG,0.016007987024632152
10650,110.0,90.0,0.0,90.0,e5,JackiePhos,nE,0.24549969999845586
10651,110.0,91.0,0.0,91.0,e10,Et-PhenCar-Phos,nC,0.7283750489168687
10652,110.0,92.0,0.0,92.0,e7,Cy-DavePhos,nI,0.2468203134373269
10653,110.0,93.0,0.0,93.0,e9,Kwong,nA,0.4209461322156132
10654,110.0,94.0,0.0,94.0,e5,PPhtBu2,nC,0.7698254349858591
10655,110.0,95.0,0.0,95.0,e2,CgMe-PPh,nA,0.6670880102879697
10656,111.0,0.0,0.0,0.0,e9,A-caPhos,nI,0.0
10657,111.0,1.0,0.0,1.0,e7,BrettPhos,nC,0.0
10658,111.0,2.0,0.0,2.0,e10,CX-FBu,nB,0.1174497941912104
10659,111.0,3.0,0.0,3.0,e1,CX-PICy,nC,0.17448452116943244
10660,111.0,4.0,0.0,4.0,e9,Cy-DavePhos,nI,0.6237855110018449
10661,111.0,5.0,0.0,5.0,e4,Cy-vBRIDP,nF,0.08710389043025306
10662,111.0,6.0,0.0,6.0,e10,Kwong,nC,0.6516586410089802
10663,111.0,7.0,0.0,7.0,e2,MeO-KITPHOS,nA,0.6953968715197815
10664,111.0,8.0,0.0,8.0,e4,P(o-Anis)3,nI,0.02548894148634491
10665,111.0,9.0,0.0,9.0,e9,Et-PhenCar-Phos,nD,0.6763905107050712
10666,111.0,10.0,0.0,10.0,e3,JackiePhos,nB,0.1608694107669877
10667,111.0,11.0,0.0,11.0,e9,"P(3,5-CF3-Ph)3",nG,0.3475054757161358
10668,111.0,12.0,0.0,12.0,e9,P(fur)3,nC,0.31559252353476763
10669,111.0,13.0,0.0,13.0,e5,Ph-PhenCar-Phos,nG,0.0
10670,111.0,14.0,0.0,14.0,e7,PPh2Me,nE,0.014703352842934232
10671,111.0,15.0,0.0,15.0,e3,PPhtBu2,nB,0.11748362565060226
10672,111.0,16.0,0.0,16.0,e9,tBPh-CPhos,nI,0.8988852901963119
10673,111.0,17.0,0.0,17.0,e1,PPhMe2,nE,0.005912635036959193
10674,111.0,18.0,0.0,18.0,e10,Cy-BippyPhos,nC,0.6737699231822453
10675,111.0,19.0,0.0,19.0,e7,PCy3 HBF4,nI,0.1338582855355113
10676,111.0,20.0,0.0,20.0,e10,CgMe-PPh,nC,0.7862446552445246
10677,111.0,21.0,0.0,21.0,e5,PPh3,nI,0.7008002329516867
10678,111.0,22.0,0.0,22.0,e1,X-Phos,nD,0.11103234490926704
10679,111.0,23.0,0.0,23.0,e7,PnBu3 HBF4,nG,0.005323230430891596
10680,111.0,24.0,0.0,24.0,e5,tBPh-CPhos,nG,0.3364545940088557
10681,111.0,25.0,0.0,25.0,e10,CgMe-PPh,nF,0.9345922792122748
10682,111.0,26.0,0.0,26.0,e7,PPh3,nA,0.39316365606983517
10683,111.0,27.0,0.0,27.0,e3,MeO-KITPHOS,nA,0.3689090985734202
10684,111.0,28.0,0.0,28.0,e9,Et-PhenCar-Phos,nG,0.46505962614221114
10685,111.0,29.0,0.0,29.0,e4,Cy-BippyPhos,nD,0.0
10686,111.0,30.0,0.0,30.0,e4,Kwong,nA,0.0
10687,111.0,31.0,0.0,31.0,e7,Cy-DavePhos,nB,0.2152450446486366
10688,111.0,32.0,0.0,32.0,e1,"P(3,5-CF3-Ph)3",nG,0.0
10689,111.0,33.0,0.0,33.0,e9,P(fur)3,nG,0.3593925605569053
10690,111.0,34.0,0.0,34.0,e5,CgMe-PPh,nB,0.24129886485371901
10691,111.0,35.0,0.0,35.0,e7,CX-PICy,nE,0.02553348260378032
10692,111.0,36.0,0.0,36.0,e4,JackiePhos,nI,0.0
10693,111.0,37.0,0.0,37.0,e9,PCy3 HBF4,nB,0.0
10694,111.0,38.0,0.0,38.0,e1,PPhtBu2,nF,0.0
10695,111.0,39.0,0.0,39.0,e10,CX-FBu,nE,0.0
10696,111.0,40.0,0.0,40.0,e9,X-Phos,nF,0.7946437444937127
10697,111.0,41.0,0.0,41.0,e2,Cy-vBRIDP,nI,0.6880605476764962
10698,111.0,42.0,0.0,42.0,e7,tBPh-CPhos,nD,0.9555589604373731
10699,111.0,43.0,0.0,43.0,e9,P(o-Anis)3,nF,0.19110058556975276
10700,111.0,44.0,0.0,44.0,e7,PPh2Me,nD,0.1229873725585538
10701,111.0,45.0,0.0,45.0,e3,PPhMe2,nC,0.45752334695304314
10702,111.0,46.0,0.0,46.0,e1,PnBu3 HBF4,nA,0.033538713814707063
10703,111.0,47.0,0.0,47.0,e4,A-caPhos,nC,0.22300559618283194
10704,111.0,48.0,0.0,48.0,e1,BrettPhos,nB,0.023933086062199235
10705,111.0,49.0,0.0,49.0,e7,Ph-PhenCar-Phos,nA,0.20865958976807292
10706,111.0,50.0,0.0,50.0,e2,Et-PhenCar-Phos,nE,0.039995288671309644
10707,111.0,51.0,0.0,51.0,e5,PPh3,nF,0.459106585899356
10708,111.0,52.0,0.0,52.0,e9,MeO-KITPHOS,nC,0.35851761793533216
10709,111.0,53.0,0.0,53.0,e5,tBPh-CPhos,nI,0.8432755599410124
10710,111.0,54.0,0.0,54.0,e7,X-Phos,nB,0.24145251337028
10711,111.0,55.0,0.0,55.0,e1,Cy-DavePhos,nD,0.0801309667245095
10712,111.0,56.0,0.0,56.0,e1,CgMe-PPh,nB,0.12558127711891434
10713,111.0,57.0,0.0,57.0,e3,Cy-vBRIDP,nC,0.48120632702460653
10714,111.0,58.0,0.0,58.0,e9,tBPh-CPhos,nE,0.2128966624664455
10715,111.0,59.0,0.0,59.0,e10,P(fur)3,nC,0.7314440607369128
10716,111.0,60.0,0.0,60.0,e2,Cy-BippyPhos,nG,0.21398062661899547
10717,111.0,61.0,0.0,61.0,e5,Kwong,nI,0.605127225193205
10718,111.0,62.0,0.0,62.0,e3,PPh3,nB,0.10579944408648047
10719,111.0,63.0,0.0,63.0,e7,PPhMe2,nD,0.17967402718109338
10720,111.0,64.0,0.0,64.0,e1,MeO-KITPHOS,nF,0.01625313158601373
10721,111.0,65.0,0.0,65.0,e1,P(fur)3,nA,0.13903094918195189
10722,111.0,66.0,0.0,66.0,e9,"P(3,5-CF3-Ph)3",nD,0.44318159981050437
10723,111.0,67.0,0.0,67.0,e5,Kwong,nB,0.19563904085240036
10724,111.0,68.0,0.0,68.0,e1,Cy-vBRIDP,nF,0.05518931662697358
10725,111.0,69.0,0.0,69.0,e3,Et-PhenCar-Phos,nI,0.2910836416236313
10726,111.0,70.0,0.0,70.0,e4,tBPh-CPhos,nC,0.29898547506383855
10727,111.0,71.0,0.0,71.0,e1,X-Phos,nA,0.8789499411781446
10728,111.0,72.0,0.0,72.0,e7,A-caPhos,nD,0.45969276976080437
10729,111.0,73.0,0.0,73.0,e7,P(o-Anis)3,nA,0.2039959559602517
10730,111.0,74.0,0.0,74.0,e1,CgMe-PPh,nC,0.11816325573626481
10731,111.0,75.0,0.0,75.0,e4,Ph-PhenCar-Phos,nC,0.2479302515617761
10732,111.0,76.0,0.0,76.0,e2,CX-PICy,nI,0.5114221648973126
10733,111.0,77.0,0.0,77.0,e3,X-Phos,nE,0.1548016728315108
10734,111.0,78.0,0.0,78.0,e10,JackiePhos,nA,0.7329517075696806
10735,111.0,79.0,0.0,79.0,e7,PPh2Me,nI,0.05866681747449082
10736,111.0,80.0,0.0,80.0,e3,PCy3 HBF4,nE,0.06067622810866836
10737,111.0,81.0,0.0,81.0,e5,PPhtBu2,nA,0.6662908668048635
10738,111.0,82.0,0.0,82.0,e7,CX-FBu,nB,0.0925326789625629
10739,111.0,83.0,0.0,83.0,e4,Cy-DavePhos,nF,0.1085703896725537
10740,111.0,84.0,0.0,84.0,e10,JackiePhos,nD,0.9619894282107424
10741,111.0,85.0,0.0,85.0,e7,JackiePhos,nD,0.9134460718332484
10742,111.0,86.0,0.0,86.0,e9,Cy-BippyPhos,nF,0.9242970629259212
10743,111.0,87.0,0.0,87.0,e2,Cy-BippyPhos,nD,0.899766462439471
10744,111.0,88.0,0.0,88.0,e3,JackiePhos,nC,0.5634096118513189
10745,111.0,89.0,0.0,89.0,e2,Cy-BippyPhos,nI,0.67187359635982
10746,111.0,90.0,0.0,90.0,e1,PnBu3 HBF4,nC,0.05073636262125162
10747,111.0,91.0,0.0,91.0,e5,BrettPhos,nE,0.03441463508665893
10748,111.0,92.0,0.0,92.0,e7,"P(3,5-CF3-Ph)3",nG,0.004136174060489153
10749,111.0,93.0,0.0,93.0,e5,PPhtBu2,nC,0.7698254349858591
10750,111.0,94.0,0.0,94.0,e3,PPh3,nI,0.029763654521305326
10751,111.0,95.0,0.0,95.0,e7,tBPh-CPhos,nI,0.3070094849804215
10752,112.0,0.0,0.0,0.0,e1,A-caPhos,nC,0.08326557611388505
10753,112.0,1.0,0.0,1.0,e4,BrettPhos,nB,0.06659152732740367
10754,112.0,2.0,0.0,2.0,e1,CX-FBu,nF,0.05899310894002479
10755,112.0,3.0,0.0,3.0,e7,CX-PICy,nD,1.0
10756,112.0,4.0,0.0,4.0,e9,Cy-DavePhos,nF,0.869939977523386
10757,112.0,5.0,0.0,5.0,e5,Cy-vBRIDP,nE,0.15014188546666088
10758,112.0,6.0,0.0,6.0,e4,Kwong,nB,0.0
10759,112.0,7.0,0.0,7.0,e7,MeO-KITPHOS,nD,0.27695472336861027
10760,112.0,8.0,0.0,8.0,e9,P(o-Anis)3,nA,0.15362948073366284
10761,112.0,9.0,0.0,9.0,e10,Et-PhenCar-Phos,nC,0.7283750489168687
10762,112.0,10.0,0.0,10.0,e9,JackiePhos,nC,0.3402888306071797
10763,112.0,11.0,0.0,11.0,e9,"P(3,5-CF3-Ph)3",nC,0.26228444595483447
10764,112.0,12.0,0.0,12.0,e1,P(fur)3,nI,0.0
10765,112.0,13.0,0.0,13.0,e2,Ph-PhenCar-Phos,nB,0.0
10766,112.0,14.0,0.0,14.0,e9,PPh2Me,nD,0.09858496056367311
10767,112.0,15.0,0.0,15.0,e10,PPhtBu2,nG,0.2854037571220982
10768,112.0,16.0,0.0,16.0,e1,tBPh-CPhos,nG,0.12674104413371357
10769,112.0,17.0,0.0,17.0,e9,PPhMe2,nE,0.20376038691379747
10770,112.0,18.0,0.0,18.0,e2,Cy-BippyPhos,nB,0.3284195625331717
10771,112.0,19.0,0.0,19.0,e10,PCy3 HBF4,nB,0.0
10772,112.0,20.0,0.0,20.0,e3,CgMe-PPh,nE,0.13080909557688172
10773,112.0,21.0,0.0,21.0,e9,PPh3,nF,0.6925620811975002
10774,112.0,22.0,0.0,22.0,e7,X-Phos,nC,0.7699443054600407
10775,112.0,23.0,0.0,23.0,e7,PnBu3 HBF4,nI,0.07769044425257474
10776,112.0,24.0,0.0,24.0,e2,CX-PICy,nF,0.35525432440321075
10777,112.0,25.0,0.0,25.0,e3,Cy-DavePhos,nI,0.3888644156671869
10778,112.0,26.0,0.0,26.0,e9,X-Phos,nA,0.4653132921969271
10779,112.0,27.0,0.0,27.0,e5,Et-PhenCar-Phos,nD,0.7835996088615103
10780,112.0,28.0,0.0,28.0,e4,PPh3,nG,0.07172298480230663
10781,112.0,29.0,0.0,29.0,e7,JackiePhos,nA,0.507068550436567
10782,112.0,30.0,0.0,30.0,e3,Cy-BippyPhos,nG,0.6656541362855952
10783,112.0,31.0,0.0,31.0,e9,PPhtBu2,nG,0.2561213944420894
10784,112.0,32.0,0.0,32.0,e4,MeO-KITPHOS,nE,0.0
10785,112.0,33.0,0.0,33.0,e5,"P(3,5-CF3-Ph)3",nB,0.24568271742359823
10786,112.0,34.0,0.0,34.0,e5,PPhMe2,nA,0.6471944961567562
10787,112.0,35.0,0.0,35.0,e4,Et-PhenCar-Phos,nA,0.02363360610342534
10788,112.0,36.0,0.0,36.0,e10,P(o-Anis)3,nF,0.06384265359275798
10789,112.0,37.0,0.0,37.0,e4,Cy-vBRIDP,nE,0.012274316478209889
10790,112.0,38.0,0.0,38.0,e5,CgMe-PPh,nF,0.4710660416220753
10791,112.0,39.0,0.0,39.0,e7,tBPh-CPhos,nA,0.42655708759840044
10792,112.0,40.0,0.0,40.0,e1,PPh2Me,nA,0.02658164171473438
10793,112.0,41.0,0.0,41.0,e4,CX-PICy,nB,0.013717757670572962
10794,112.0,42.0,0.0,42.0,e2,A-caPhos,nB,0.050816766328986455
10795,112.0,43.0,0.0,43.0,e1,PnBu3 HBF4,nD,0.07093393667529567
10796,112.0,44.0,0.0,44.0,e3,BrettPhos,nE,0.012327416789753938
10797,112.0,45.0,0.0,45.0,e1,CX-FBu,nA,0.06728168343034004
10798,112.0,46.0,0.0,46.0,e10,Cy-DavePhos,nG,0.3684434306199855
10799,112.0,47.0,0.0,47.0,e3,X-Phos,nE,0.1548016728315108
10800,112.0,48.0,0.0,48.0,e4,Kwong,nI,0.0
10801,112.0,49.0,0.0,49.0,e4,P(fur)3,nD,0.03673341810204701
10802,112.0,50.0,0.0,50.0,e1,Ph-PhenCar-Phos,nE,0.08104361666235148
10803,112.0,51.0,0.0,51.0,e1,PCy3 HBF4,nI,0.04512889597205454
10804,112.0,52.0,0.0,52.0,e5,Cy-BippyPhos,nA,0.7454640568896914
10805,112.0,53.0,0.0,53.0,e2,PPhMe2,nA,0.9184295688785155
10806,112.0,54.0,0.0,54.0,e10,JackiePhos,nD,0.9619894282107424
10807,112.0,55.0,0.0,55.0,e9,PPh3,nI,0.45913414385457335
10808,112.0,56.0,0.0,56.0,e7,JackiePhos,nF,0.01228824735837601
10809,112.0,57.0,0.0,57.0,e3,PPhMe2,nB,0.03243076392530086
10810,112.0,58.0,0.0,58.0,e3,Cy-BippyPhos,nD,0.7257486948775891
10811,112.0,59.0,0.0,59.0,e10,CgMe-PPh,nI,0.992612378842541
10812,112.0,60.0,0.0,60.0,e4,Cy-DavePhos,nA,0.030639879401734644
10813,112.0,61.0,0.0,61.0,e5,tBPh-CPhos,nE,0.21985955173112223
10814,112.0,62.0,0.0,62.0,e9,CgMe-PPh,nI,0.9133569283838853
10815,112.0,63.0,0.0,63.0,e10,PPhtBu2,nF,0.9293464786587261
10816,112.0,64.0,0.0,64.0,e1,"P(3,5-CF3-Ph)3",nA,0.1017122012266687
10817,112.0,65.0,0.0,65.0,e10,Et-PhenCar-Phos,nA,0.7401699862842729
10818,112.0,66.0,0.0,66.0,e3,PPhtBu2,nB,0.11748362565060226
10819,112.0,67.0,0.0,67.0,e2,CgMe-PPh,nC,0.6339599379342666
10820,112.0,68.0,0.0,68.0,e3,X-Phos,nD,0.6499890415739124
10821,112.0,69.0,0.0,69.0,e5,Cy-BippyPhos,nI,0.8909978993536253
10822,112.0,70.0,0.0,70.0,e4,CX-PICy,nC,0.6506137028615483
10823,112.0,71.0,0.0,71.0,e4,Et-PhenCar-Phos,nE,0.006684621137560202
10824,112.0,72.0,0.0,72.0,e4,Cy-BippyPhos,nC,0.45425693534735095
10825,112.0,73.0,0.0,73.0,e1,PPh3,nI,0.04621439454240948
10826,112.0,74.0,0.0,74.0,e2,MeO-KITPHOS,nI,0.6167813320248422
10827,112.0,75.0,0.0,75.0,e1,P(o-Anis)3,nF,0.0052034376124689445
10828,112.0,76.0,0.0,76.0,e9,CgMe-PPh,nB,0.16201116259216772
10829,112.0,77.0,0.0,77.0,e9,X-Phos,nD,0.745297985783962
10830,112.0,78.0,0.0,78.0,e9,CX-PICy,nF,0.47170454735693496
10831,112.0,79.0,0.0,79.0,e5,Cy-vBRIDP,nB,0.24691256669659825
10832,112.0,80.0,0.0,80.0,e7,PnBu3 HBF4,nF,0.03709911701896136
10833,112.0,81.0,0.0,81.0,e2,A-caPhos,nA,0.007619382274939298
10834,112.0,82.0,0.0,82.0,e10,CX-FBu,nB,0.1174497941912104
10835,112.0,83.0,0.0,83.0,e4,PPh2Me,nC,0.0
10836,112.0,84.0,0.0,84.0,e2,JackiePhos,nI,0.6460679308159928
10837,112.0,85.0,0.0,85.0,e5,Ph-PhenCar-Phos,nA,0.0
10838,112.0,86.0,0.0,86.0,e3,BrettPhos,nA,0.051040990235073004
10839,112.0,87.0,0.0,87.0,e9,MeO-KITPHOS,nA,0.3102142356694695
10840,112.0,88.0,0.0,88.0,e2,Cy-BippyPhos,nI,0.67187359635982
10841,112.0,89.0,0.0,89.0,e9,X-Phos,nG,0.4940245596014306
10842,112.0,90.0,0.0,90.0,e1,PPhMe2,nD,0.0
10843,112.0,91.0,0.0,91.0,e10,PCy3 HBF4,nE,0.04178712243346533
10844,112.0,92.0,0.0,92.0,e2,P(fur)3,nC,0.531364471158177
10845,112.0,93.0,0.0,93.0,e5,Cy-DavePhos,nI,0.8413366058756354
10846,112.0,94.0,0.0,94.0,e2,Kwong,nE,0.15385645810893028
10847,112.0,95.0,0.0,95.0,e7,tBPh-CPhos,nD,0.9555589604373731
10848,113.0,0.0,0.0,0.0,e5,A-caPhos,nC,0.7479428186239185
10849,113.0,1.0,0.0,1.0,e3,BrettPhos,nA,0.051040990235073004
10850,113.0,2.0,0.0,2.0,e9,CX-FBu,nI,0.03414362913763253
10851,113.0,3.0,0.0,3.0,e3,CX-PICy,nD,0.6575942693885647
10852,113.0,4.0,0.0,4.0,e1,Cy-DavePhos,nC,0.07922994530801464
10853,113.0,5.0,0.0,5.0,e7,Cy-vBRIDP,nD,0.5488733534623731
10854,113.0,6.0,0.0,6.0,e4,Kwong,nG,0.0
10855,113.0,7.0,0.0,7.0,e2,MeO-KITPHOS,nE,0.14157346928450873
10856,113.0,8.0,0.0,8.0,e9,P(o-Anis)3,nI,0.23316176458179774
10857,113.0,9.0,0.0,9.0,e10,Et-PhenCar-Phos,nF,0.9128845279878604
10858,113.0,10.0,0.0,10.0,e3,JackiePhos,nD,0.6652224475203186
10859,113.0,11.0,0.0,11.0,e2,"P(3,5-CF3-Ph)3",nG,0.292311804161314
10860,113.0,12.0,0.0,12.0,e2,P(fur)3,nC,0.531364471158177
10861,113.0,13.0,0.0,13.0,e7,Ph-PhenCar-Phos,nG,0.014831130594019472
10862,113.0,14.0,0.0,14.0,e2,PPh2Me,nA,0.027726601641446406
10863,113.0,15.0,0.0,15.0,e2,PPhtBu2,nA,0.8784588854057418
10864,113.0,16.0,0.0,16.0,e4,tBPh-CPhos,nG,0.04357628217462166
10865,113.0,17.0,0.0,17.0,e7,PPhMe2,nA,0.24213550852685992
10866,113.0,18.0,0.0,18.0,e9,Cy-BippyPhos,nE,0.1706050823301135
10867,113.0,19.0,0.0,19.0,e10,PCy3 HBF4,nF,0.5031493938885278
10868,113.0,20.0,0.0,20.0,e7,CgMe-PPh,nF,0.8590504388988899
10869,113.0,21.0,0.0,21.0,e5,PPh3,nI,0.7008002329516867
10870,113.0,22.0,0.0,22.0,e5,X-Phos,nD,0.8408611369475726
10871,113.0,23.0,0.0,23.0,e10,PnBu3 HBF4,nG,0.03445540105517488
10872,113.0,24.0,0.0,24.0,e1,Et-PhenCar-Phos,nE,0.038240826794146296
10873,113.0,25.0,0.0,25.0,e9,PPhtBu2,nD,0.2526686520906297
10874,113.0,26.0,0.0,26.0,e7,CgMe-PPh,nA,0.6062121514347315
10875,113.0,27.0,0.0,27.0,e1,X-Phos,nD,0.11103234490926704
10876,113.0,28.0,0.0,28.0,e2,A-caPhos,nI,0.27907445871147873
10877,113.0,29.0,0.0,29.0,e2,PPh3,nB,0.06113101017244386
10878,113.0,30.0,0.0,30.0,e2,JackiePhos,nG,0.226362632584802
10879,113.0,31.0,0.0,31.0,e1,CX-PICy,nB,0.158428631262488
10880,113.0,32.0,0.0,32.0,e5,Cy-vBRIDP,nC,0.6808973298430087
10881,113.0,33.0,0.0,33.0,e9,P(fur)3,nG,0.3593925605569053
10882,113.0,34.0,0.0,34.0,e2,PCy3 HBF4,nA,0.001570789934535926
10883,113.0,35.0,0.0,35.0,e5,"P(3,5-CF3-Ph)3",nA,0.6652219449652172
10884,113.0,36.0,0.0,36.0,e10,PPhMe2,nD,0.9998377684127633
10885,113.0,37.0,0.0,37.0,e7,P(o-Anis)3,nD,0.20661863979261372
10886,113.0,38.0,0.0,38.0,e3,Cy-BippyPhos,nE,0.21120990283036814
10887,113.0,39.0,0.0,39.0,e4,CgMe-PPh,nA,0.05836143390317885
10888,113.0,40.0,0.0,40.0,e1,MeO-KITPHOS,nI,0.08070327614437922
10889,113.0,41.0,0.0,41.0,e1,Cy-DavePhos,nD,0.0801309667245095
10890,113.0,42.0,0.0,42.0,e9,BrettPhos,nF,0.16808056792906734
10891,113.0,43.0,0.0,43.0,e10,tBPh-CPhos,nE,0.067635101402571
10892,113.0,44.0,0.0,44.0,e10,PPhMe2,nG,0.29388406090139285
10893,113.0,45.0,0.0,45.0,e2,PnBu3 HBF4,nD,0.8741353520353085
10894,113.0,46.0,0.0,46.0,e10,CX-FBu,nC,0.09554429852233287
10895,113.0,47.0,0.0,47.0,e7,Cy-vBRIDP,nA,0.4856539808134513
10896,113.0,48.0,0.0,48.0,e5,PPh2Me,nG,0.02908266774080822
10897,113.0,49.0,0.0,49.0,e5,Ph-PhenCar-Phos,nB,0.007649551127788808
10898,113.0,50.0,0.0,50.0,e1,Kwong,nC,0.006793877228623898
10899,113.0,51.0,0.0,51.0,e1,PPhtBu2,nC,0.04142482366500885
10900,113.0,52.0,0.0,52.0,e3,A-caPhos,nE,0.07288605180469757
10901,113.0,53.0,0.0,53.0,e1,"P(3,5-CF3-Ph)3",nB,0.03740009874424654
10902,113.0,54.0,0.0,54.0,e2,X-Phos,nC,0.40642389315255095
10903,113.0,55.0,0.0,55.0,e10,Et-PhenCar-Phos,nG,0.4986371729738086
10904,113.0,56.0,0.0,56.0,e1,PnBu3 HBF4,nB,0.005892158794976363
10905,113.0,57.0,0.0,57.0,e1,JackiePhos,nE,0.07879071157202047
10906,113.0,58.0,0.0,58.0,e9,P(fur)3,nI,0.28711297797323754
10907,113.0,59.0,0.0,59.0,e5,CX-PICy,nE,0.19791536280621153
10908,113.0,60.0,0.0,60.0,e3,PPh3,nC,0.5766867841866626
10909,113.0,61.0,0.0,61.0,e5,Cy-vBRIDP,nA,0.7556883724207524
10910,113.0,62.0,0.0,62.0,e9,PPhMe2,nA,0.1450743291828029
10911,113.0,63.0,0.0,63.0,e4,PCy3 HBF4,nA,0.03156483605433674
10912,113.0,64.0,0.0,64.0,e2,CgMe-PPh,nE,0.14444129012752938
10913,113.0,65.0,0.0,65.0,e5,Et-PhenCar-Phos,nE,0.1555337724688785
10914,113.0,66.0,0.0,66.0,e7,P(o-Anis)3,nC,0.3570385417934203
10915,113.0,67.0,0.0,67.0,e9,Cy-vBRIDP,nD,0.702991104041341
10916,113.0,68.0,0.0,68.0,e7,X-Phos,nC,0.7699443054600407
10917,113.0,69.0,0.0,69.0,e7,Cy-BippyPhos,nC,0.8232211000009824
10918,113.0,70.0,0.0,70.0,e2,PPh3,nG,0.1371811438806168
10919,113.0,71.0,0.0,71.0,e10,Cy-BippyPhos,nI,0.8194571896084138
10920,113.0,72.0,0.0,72.0,e5,P(fur)3,nD,0.7206680265827334
10921,113.0,73.0,0.0,73.0,e10,PPhtBu2,nB,0.3350890548052822
10922,113.0,74.0,0.0,74.0,e4,X-Phos,nA,0.026820456479429548
10923,113.0,75.0,0.0,75.0,e10,Cy-vBRIDP,nD,0.9843096018311139
10924,113.0,76.0,0.0,76.0,e2,MeO-KITPHOS,nI,0.6167813320248422
10925,113.0,77.0,0.0,77.0,e10,BrettPhos,nI,0.1572445220332629
10926,113.0,78.0,0.0,78.0,e1,A-caPhos,nD,0.0
10927,113.0,79.0,0.0,79.0,e7,Cy-vBRIDP,nI,0.27806549204654124
10928,113.0,80.0,0.0,80.0,e10,Cy-BippyPhos,nE,0.15176129512938982
10929,113.0,81.0,0.0,81.0,e3,Cy-DavePhos,nG,0.582883480820361
10930,113.0,82.0,0.0,82.0,e1,CX-PICy,nF,0.035498905100854815
10931,113.0,83.0,0.0,83.0,e9,"P(3,5-CF3-Ph)3",nE,0.0796317150343979
10932,113.0,84.0,0.0,84.0,e3,CX-FBu,nE,0.0
10933,113.0,85.0,0.0,85.0,e9,JackiePhos,nA,0.4878435591523317
10934,113.0,86.0,0.0,86.0,e2,P(fur)3,nB,0.3160767978375305
10935,113.0,87.0,0.0,87.0,e2,tBPh-CPhos,nI,0.6559331228280183
10936,113.0,88.0,0.0,88.0,e3,PnBu3 HBF4,nG,0.28320116621218205
10937,113.0,89.0,0.0,89.0,e3,PPh2Me,nG,0.0
10938,113.0,90.0,0.0,90.0,e3,MeO-KITPHOS,nG,0.3259921382962992
10939,113.0,91.0,0.0,91.0,e1,Ph-PhenCar-Phos,nG,0.02135338003989251
10940,113.0,92.0,0.0,92.0,e10,P(o-Anis)3,nD,0.21473020833290504
10941,113.0,93.0,0.0,93.0,e4,PPhMe2,nF,0.05675807339476563
10942,113.0,94.0,0.0,94.0,e1,Kwong,nG,0.02109424691555194
10943,113.0,95.0,0.0,95.0,e7,CgMe-PPh,nE,0.023295783669163114
10944,114.0,0.0,0.0,0.0,e10,A-caPhos,nD,1.0
10945,114.0,1.0,0.0,1.0,e3,BrettPhos,nD,0.19688586421207319
10946,114.0,2.0,0.0,2.0,e4,CX-FBu,nB,0.003611186330700581
10947,114.0,3.0,0.0,3.0,e9,CX-PICy,nE,0.11110502362494325
10948,114.0,4.0,0.0,4.0,e1,Cy-DavePhos,nD,0.0801309667245095
10949,114.0,5.0,0.0,5.0,e4,Cy-vBRIDP,nB,0.0
10950,114.0,6.0,0.0,6.0,e10,Kwong,nB,0.3444954378360332
10951,114.0,7.0,0.0,7.0,e5,MeO-KITPHOS,nC,0.6524320098130438
10952,114.0,8.0,0.0,8.0,e10,P(o-Anis)3,nE,0.04630473114446367
10953,114.0,9.0,0.0,9.0,e9,Et-PhenCar-Phos,nG,0.46505962614221114
10954,114.0,10.0,0.0,10.0,e5,JackiePhos,nF,0.046842070771333566
10955,114.0,11.0,0.0,11.0,e9,"P(3,5-CF3-Ph)3",nF,0.3243416897405247
10956,114.0,12.0,0.0,12.0,e7,P(fur)3,nI,0.30508908766736764
10957,114.0,13.0,0.0,13.0,e2,Ph-PhenCar-Phos,nF,0.02360378244278219
10958,114.0,14.0,0.0,14.0,e3,PPh2Me,nE,0.10038963691603196
10959,114.0,15.0,0.0,15.0,e5,PPhtBu2,nC,0.7698254349858591
10960,114.0,16.0,0.0,16.0,e1,tBPh-CPhos,nC,0.20431204836192307
10961,114.0,17.0,0.0,17.0,e5,PPhMe2,nE,0.2586811210145722
10962,114.0,18.0,0.0,18.0,e5,Cy-BippyPhos,nC,0.7310324837389857
10963,114.0,19.0,0.0,19.0,e4,PCy3 HBF4,nC,0.08261648826420669
10964,114.0,20.0,0.0,20.0,e1,CgMe-PPh,nG,0.16657970973424252
10965,114.0,21.0,0.0,21.0,e4,PPh3,nI,0.04426360801913863
10966,114.0,22.0,0.0,22.0,e10,X-Phos,nG,0.26909978021938563
10967,114.0,23.0,0.0,23.0,e1,PnBu3 HBF4,nC,0.05073636262125162
10968,114.0,24.0,0.0,24.0,e3,A-caPhos,nE,0.07288605180469757
10969,114.0,25.0,0.0,25.0,e9,PPhtBu2,nA,0.22969981648958007
10970,114.0,26.0,0.0,26.0,e5,Cy-BippyPhos,nI,0.8909978993536253
10971,114.0,27.0,0.0,27.0,e7,MeO-KITPHOS,nB,0.04698078637689876
10972,114.0,28.0,0.0,28.0,e4,Et-PhenCar-Phos,nG,0.0029966288441688137
10973,114.0,29.0,0.0,29.0,e2,Kwong,nB,0.28740360301809015
10974,114.0,30.0,0.0,30.0,e10,"P(3,5-CF3-Ph)3",nC,0.6167370746739574
10975,114.0,31.0,0.0,31.0,e1,P(fur)3,nA,0.13903094918195189
10976,114.0,32.0,0.0,32.0,e1,X-Phos,nF,0.0977093065996311
10977,114.0,33.0,0.0,33.0,e5,PPhMe2,nG,0.32039585377097946
10978,114.0,34.0,0.0,34.0,e1,Cy-BippyPhos,nC,0.12530079881726516
10979,114.0,35.0,0.0,35.0,e4,tBPh-CPhos,nE,0.08334191795338486
10980,114.0,36.0,0.0,36.0,e2,BrettPhos,nI,0.27240859666650985
10981,114.0,37.0,0.0,37.0,e2,CgMe-PPh,nI,0.7692361366046242
10982,114.0,38.0,0.0,38.0,e5,CX-PICy,nC,0.7219644854632059
10983,114.0,39.0,0.0,39.0,e1,PPh2Me,nA,0.02658164171473438
10984,114.0,40.0,0.0,40.0,e7,PCy3 HBF4,nF,0.11910164690015072
10985,114.0,41.0,0.0,41.0,e1,Cy-DavePhos,nG,0.10033053889692384
10986,114.0,42.0,0.0,42.0,e4,PnBu3 HBF4,nB,0.021725924272589937
10987,114.0,43.0,0.0,43.0,e9,JackiePhos,nE,0.1414633901753113
10988,114.0,44.0,0.0,44.0,e3,P(o-Anis)3,nD,0.017049023134240643
10989,114.0,45.0,0.0,45.0,e1,PPh3,nI,0.04621439454240948
10990,114.0,46.0,0.0,46.0,e3,Ph-PhenCar-Phos,nC,0.4884283173094792
10991,114.0,47.0,0.0,47.0,e3,CX-FBu,nA,0.034590175407777715
10992,114.0,48.0,0.0,48.0,e10,Cy-vBRIDP,nC,0.6923970246236064
10993,114.0,49.0,0.0,49.0,e3,A-caPhos,nB,0.12487445849811245
10994,114.0,50.0,0.0,50.0,e1,PPhtBu2,nC,0.04142482366500885
10995,114.0,51.0,0.0,51.0,e7,"P(3,5-CF3-Ph)3",nA,0.10610513723257087
10996,114.0,52.0,0.0,52.0,e7,CgMe-PPh,nF,0.8590504388988899
10997,114.0,53.0,0.0,53.0,e9,CX-PICy,nD,0.7313083836786916
10998,114.0,54.0,0.0,54.0,e5,MeO-KITPHOS,nG,0.5037716636607265
10999,114.0,55.0,0.0,55.0,e3,Cy-vBRIDP,nG,0.6350943239493974
11000,114.0,56.0,0.0,56.0,e3,CgMe-PPh,nC,0.5573433814229866
11001,114.0,57.0,0.0,57.0,e5,Cy-BippyPhos,nG,0.45451502639332875
11002,114.0,58.0,0.0,58.0,e3,Kwong,nB,0.13828352718505904
11003,114.0,59.0,0.0,59.0,e2,PPhMe2,nI,0.5671887226956333
11004,114.0,60.0,0.0,60.0,e10,CX-PICy,nA,0.6712211737821199
11005,114.0,61.0,0.0,61.0,e10,Ph-PhenCar-Phos,nB,0.010682786436433955
11006,114.0,62.0,0.0,62.0,e5,BrettPhos,nC,0.08695624388826621
11007,114.0,63.0,0.0,63.0,e9,Et-PhenCar-Phos,nE,0.09970326563233488
11008,114.0,64.0,0.0,64.0,e7,P(fur)3,nB,0.171267964584971
11009,114.0,65.0,0.0,65.0,e5,X-Phos,nG,0.36700316278880124
11010,114.0,66.0,0.0,66.0,e7,Cy-vBRIDP,nI,0.27806549204654124
11011,114.0,67.0,0.0,67.0,e10,CgMe-PPh,nA,0.1556727410455523
11012,114.0,68.0,0.0,68.0,e5,CX-PICy,nA,0.6723589540000653
11013,114.0,69.0,0.0,69.0,e5,tBPh-CPhos,nB,0.28432749904894056
11014,114.0,70.0,0.0,70.0,e3,MeO-KITPHOS,nC,0.5217416704421943
11015,114.0,71.0,0.0,71.0,e1,A-caPhos,nI,0.03722071252473063
11016,114.0,72.0,0.0,72.0,e7,Cy-BippyPhos,nB,0.26761082245238416
11017,114.0,73.0,0.0,73.0,e9,PPhMe2,nC,0.30440801781180693
11018,114.0,74.0,0.0,74.0,e9,PCy3 HBF4,nC,0.37815021126374854
11019,114.0,75.0,0.0,75.0,e4,JackiePhos,nD,0.03756510618398426
11020,114.0,76.0,0.0,76.0,e5,Cy-DavePhos,nC,0.6945846341087276
11021,114.0,77.0,0.0,77.0,e5,"P(3,5-CF3-Ph)3",nC,0.6576198548980737
11022,114.0,78.0,0.0,78.0,e4,PPhtBu2,nB,0.0
11023,114.0,79.0,0.0,79.0,e10,PPh2Me,nD,1.0
11024,114.0,80.0,0.0,80.0,e2,PPh2Me,nF,0.0
11025,114.0,81.0,0.0,81.0,e7,CX-PICy,nG,0.27831617102194695
11026,114.0,82.0,0.0,82.0,e10,PPh3,nD,0.9785597434506366
11027,114.0,83.0,0.0,83.0,e3,PPh3,nA,0.08557652021695743
11028,114.0,84.0,0.0,84.0,e3,PnBu3 HBF4,nA,0.08612679775706653
11029,114.0,85.0,0.0,85.0,e7,Cy-DavePhos,nB,0.2152450446486366
11030,114.0,86.0,0.0,86.0,e1,P(o-Anis)3,nB,0.11943131203109891
11031,114.0,87.0,0.0,87.0,e4,CX-FBu,nC,0.0047669076631712696
11032,114.0,88.0,0.0,88.0,e1,MeO-KITPHOS,nC,0.08497736742087081
11033,114.0,89.0,0.0,89.0,e2,"P(3,5-CF3-Ph)3",nG,0.292311804161314
11034,114.0,90.0,0.0,90.0,e7,Kwong,nE,0.004040419088719778
11035,114.0,91.0,0.0,91.0,e4,Cy-vBRIDP,nA,0.021399040085944364
11036,114.0,92.0,0.0,92.0,e9,X-Phos,nA,0.4653132921969271
11037,114.0,93.0,0.0,93.0,e4,CgMe-PPh,nA,0.05836143390317885
11038,114.0,94.0,0.0,94.0,e9,Cy-BippyPhos,nE,0.1706050823301135
11039,114.0,95.0,0.0,95.0,e10,PPhMe2,nB,0.36471787230730734
11040,115.0,0.0,0.0,0.0,e2,A-caPhos,nD,0.8459561333315676
11041,115.0,1.0,0.0,1.0,e7,BrettPhos,nI,0.03364948416287573
11042,115.0,2.0,0.0,2.0,e5,CX-FBu,nC,0.07791633633204394
11043,115.0,3.0,0.0,3.0,e5,CX-PICy,nG,0.35909736921031543
11044,115.0,4.0,0.0,4.0,e2,Cy-DavePhos,nG,0.27117001204677615
11045,115.0,5.0,0.0,5.0,e10,Cy-vBRIDP,nC,0.6923970246236064
11046,115.0,6.0,0.0,6.0,e10,Kwong,nC,0.6516586410089802
11047,115.0,7.0,0.0,7.0,e7,MeO-KITPHOS,nC,0.1818058238116577
11048,115.0,8.0,0.0,8.0,e7,P(o-Anis)3,nI,0.13909608509581536
11049,115.0,9.0,0.0,9.0,e1,Et-PhenCar-Phos,nG,0.07748698744311458
11050,115.0,10.0,0.0,10.0,e2,JackiePhos,nA,0.9033456818168843
11051,115.0,11.0,0.0,11.0,e9,"P(3,5-CF3-Ph)3",nD,0.44318159981050437
11052,115.0,12.0,0.0,12.0,e9,P(fur)3,nE,0.042314138706189254
11053,115.0,13.0,0.0,13.0,e7,Ph-PhenCar-Phos,nI,0.1595207097498683
11054,115.0,14.0,0.0,14.0,e7,PPh2Me,nA,0.2157458754143766
11055,115.0,15.0,0.0,15.0,e1,PPhtBu2,nC,0.04142482366500885
11056,115.0,16.0,0.0,16.0,e9,tBPh-CPhos,nI,0.8988852901963119
11057,115.0,17.0,0.0,17.0,e3,PPhMe2,nB,0.03243076392530086
11058,115.0,18.0,0.0,18.0,e5,Cy-BippyPhos,nD,0.7452121533478554
11059,115.0,19.0,0.0,19.0,e10,PCy3 HBF4,nI,0.2597424074177721
11060,115.0,20.0,0.0,20.0,e7,CgMe-PPh,nA,0.6062121514347315
11061,115.0,21.0,0.0,21.0,e4,PPh3,nF,0.23217627507948946
11062,115.0,22.0,0.0,22.0,e4,X-Phos,nF,0.075113393769907
11063,115.0,23.0,0.0,23.0,e1,PnBu3 HBF4,nF,0.01643119627071477
11064,115.0,24.0,0.0,24.0,e3,JackiePhos,nD,0.6652224475203186
11065,115.0,25.0,0.0,25.0,e7,tBPh-CPhos,nC,0.6575510344081796
11066,115.0,26.0,0.0,26.0,e4,A-caPhos,nI,0.026305895987815804
11067,115.0,27.0,0.0,27.0,e10,Cy-BippyPhos,nG,0.2525135394449507
11068,115.0,28.0,0.0,28.0,e5,Cy-vBRIDP,nF,0.0
11069,115.0,29.0,0.0,29.0,e9,Kwong,nA,0.4209461322156132
11070,115.0,30.0,0.0,30.0,e3,CgMe-PPh,nE,0.13080909557688172
11071,115.0,31.0,0.0,31.0,e2,"P(3,5-CF3-Ph)3",nF,0.5553423767091952
11072,115.0,32.0,0.0,32.0,e1,CX-PICy,nD,0.26178759539722174
11073,115.0,33.0,0.0,33.0,e7,Cy-DavePhos,nG,0.22461200392146816
11074,115.0,34.0,0.0,34.0,e1,PCy3 HBF4,nA,0.3323423832967356
11075,115.0,35.0,0.0,35.0,e5,PPh3,nB,0.10428974023151304
11076,115.0,36.0,0.0,36.0,e5,PPh2Me,nG,0.02908266774080822
11077,115.0,37.0,0.0,37.0,e10,JackiePhos,nE,0.13231340139379136
11078,115.0,38.0,0.0,38.0,e4,tBPh-CPhos,nA,0.0348084285544355
11079,115.0,39.0,0.0,39.0,e2,MeO-KITPHOS,nE,0.14157346928450873
11080,115.0,40.0,0.0,40.0,e7,Ph-PhenCar-Phos,nA,0.20865958976807292
11081,115.0,41.0,0.0,41.0,e1,P(o-Anis)3,nF,0.0052034376124689445
11082,115.0,42.0,0.0,42.0,e10,CX-FBu,nG,0.07949868376012764
11083,115.0,43.0,0.0,43.0,e9,Et-PhenCar-Phos,nA,0.4931113401041398
11084,115.0,44.0,0.0,44.0,e7,X-Phos,nF,0.15361466712198887
11085,115.0,45.0,0.0,45.0,e10,P(fur)3,nB,0.29107612738736705
11086,115.0,46.0,0.0,46.0,e9,PPhtBu2,nC,0.22719482142551736
11087,115.0,47.0,0.0,47.0,e7,BrettPhos,nB,0.006706537467230552
11088,115.0,48.0,0.0,48.0,e3,PPhMe2,nF,0.8232012369865152
11089,115.0,49.0,0.0,49.0,e4,PnBu3 HBF4,nD,0.037089716289498115
11090,115.0,50.0,0.0,50.0,e2,Kwong,nE,0.15385645810893028
11091,115.0,51.0,0.0,51.0,e5,"P(3,5-CF3-Ph)3",nF,0.7449177693369221
11092,115.0,52.0,0.0,52.0,e5,Cy-BippyPhos,nA,0.7454640568896914
11093,115.0,53.0,0.0,53.0,e7,A-caPhos,nG,0.06965150777591327
11094,115.0,54.0,0.0,54.0,e1,PPhMe2,nD,0.0
11095,115.0,55.0,0.0,55.0,e1,CgMe-PPh,nE,0.1040741361267055
11096,115.0,56.0,0.0,56.0,e7,Cy-vBRIDP,nI,0.27806549204654124
11097,115.0,57.0,0.0,57.0,e7,"P(3,5-CF3-Ph)3",nA,0.10610513723257087
11098,115.0,58.0,0.0,58.0,e3,Cy-BippyPhos,nB,0.2278488766711775
11099,115.0,59.0,0.0,59.0,e10,CX-PICy,nE,0.06128630570259782
11100,115.0,60.0,0.0,60.0,e1,JackiePhos,nF,0.21427092007990234
11101,115.0,61.0,0.0,61.0,e5,PCy3 HBF4,nD,0.4635875867274559
11102,115.0,62.0,0.0,62.0,e5,Et-PhenCar-Phos,nE,0.1555337724688785
11103,115.0,63.0,0.0,63.0,e5,tBPh-CPhos,nE,0.21985955173112223
11104,115.0,64.0,0.0,64.0,e3,Cy-DavePhos,nC,0.37215812981068086
11105,115.0,65.0,0.0,65.0,e2,Ph-PhenCar-Phos,nI,0.31637502685680596
11106,115.0,66.0,0.0,66.0,e10,PPh3,nC,0.8555703332989744
11107,115.0,67.0,0.0,67.0,e2,P(fur)3,nB,0.3160767978375305
11108,115.0,68.0,0.0,68.0,e7,MeO-KITPHOS,nG,0.11322968814633767
11109,115.0,69.0,0.0,69.0,e3,Kwong,nG,0.6379955567259125
11110,115.0,70.0,0.0,70.0,e3,PPh3,nD,0.558051966163369
11111,115.0,71.0,0.0,71.0,e5,PPhtBu2,nI,0.6943756174940648
11112,115.0,72.0,0.0,72.0,e3,PPh2Me,nG,0.0
11113,115.0,73.0,0.0,73.0,e5,X-Phos,nI,0.6595060362188809
11114,115.0,74.0,0.0,74.0,e5,PCy3 HBF4,nE,0.04434804632877687
11115,115.0,75.0,0.0,75.0,e1,CX-FBu,nC,0.027604957748843088
11116,115.0,76.0,0.0,76.0,e4,Cy-BippyPhos,nG,0.015289072522480941
11117,115.0,77.0,0.0,77.0,e10,P(o-Anis)3,nI,0.12648823608270143
11118,115.0,78.0,0.0,78.0,e3,JackiePhos,nG,0.6578858211575712
11119,115.0,79.0,0.0,79.0,e3,Cy-vBRIDP,nB,0.1817917229188569
11120,115.0,80.0,0.0,80.0,e3,PPhtBu2,nI,0.2459288839092893
11121,115.0,81.0,0.0,81.0,e9,A-caPhos,nF,0.3473256083599624
11122,115.0,82.0,0.0,82.0,e1,Kwong,nI,0.017331328917836657
11123,115.0,83.0,0.0,83.0,e10,"P(3,5-CF3-Ph)3",nC,0.6167370746739574
11124,115.0,84.0,0.0,84.0,e3,tBPh-CPhos,nF,0.8810310712945111
11125,115.0,85.0,0.0,85.0,e3,X-Phos,nI,0.43402238114543207
11126,115.0,86.0,0.0,86.0,e4,Cy-DavePhos,nF,0.1085703896725537
11127,115.0,87.0,0.0,87.0,e10,PnBu3 HBF4,nC,0.6529372533584769
11128,115.0,88.0,0.0,88.0,e2,PPhMe2,nF,0.6752763886691495
11129,115.0,89.0,0.0,89.0,e7,PPh3,nE,0.0
11130,115.0,90.0,0.0,90.0,e1,CgMe-PPh,nI,0.33119462408139744
11131,115.0,91.0,0.0,91.0,e2,BrettPhos,nF,0.3409853317756659
11132,115.0,92.0,0.0,92.0,e3,tBPh-CPhos,nA,0.5729071695707448
11133,115.0,93.0,0.0,93.0,e5,JackiePhos,nI,0.6882070592144776
11134,115.0,94.0,0.0,94.0,e5,Et-PhenCar-Phos,nG,0.4088272163752651
11135,115.0,95.0,0.0,95.0,e10,PnBu3 HBF4,nB,0.005351613760340478
11136,116.0,0.0,0.0,0.0,e7,A-caPhos,nC,0.6204517712369704
11137,116.0,1.0,0.0,1.0,e4,BrettPhos,nC,0.2081868974382628
11138,116.0,2.0,0.0,2.0,e2,CX-FBu,nD,0.6240221969248974
11139,116.0,3.0,0.0,3.0,e3,CX-PICy,nC,0.42737783545851454
11140,116.0,4.0,0.0,4.0,e7,Cy-DavePhos,nF,0.07212456406365218
11141,116.0,5.0,0.0,5.0,e1,Cy-vBRIDP,nE,0.10273481023694789
11142,116.0,6.0,0.0,6.0,e7,Kwong,nE,0.004040419088719778
11143,116.0,7.0,0.0,7.0,e10,MeO-KITPHOS,nB,0.3900451840459689
11144,116.0,8.0,0.0,8.0,e5,P(o-Anis)3,nE,0.08503037414620321
11145,116.0,9.0,0.0,9.0,e4,Et-PhenCar-Phos,nE,0.006684621137560202
11146,116.0,10.0,0.0,10.0,e10,JackiePhos,nA,0.7329517075696806
11147,116.0,11.0,0.0,11.0,e9,"P(3,5-CF3-Ph)3",nC,0.26228444595483447
11148,116.0,12.0,0.0,12.0,e4,P(fur)3,nF,0.07182384377127193
11149,116.0,13.0,0.0,13.0,e7,Ph-PhenCar-Phos,nA,0.20865958976807292
11150,116.0,14.0,0.0,14.0,e2,PPh2Me,nF,0.0
11151,116.0,15.0,0.0,15.0,e5,PPhtBu2,nC,0.7698254349858591
11152,116.0,16.0,0.0,16.0,e2,tBPh-CPhos,nI,0.6559331228280183
11153,116.0,17.0,0.0,17.0,e1,PPhMe2,nI,0.04119451536413164
11154,116.0,18.0,0.0,18.0,e3,Cy-BippyPhos,nC,0.4701158020102052
11155,116.0,19.0,0.0,19.0,e5,PCy3 HBF4,nA,0.0615440146382004
11156,116.0,20.0,0.0,20.0,e7,CgMe-PPh,nF,0.8590504388988899
11157,116.0,21.0,0.0,21.0,e1,PPh3,nA,0.2870639417300373
11158,116.0,22.0,0.0,22.0,e9,X-Phos,nG,0.4940245596014306
11159,116.0,23.0,0.0,23.0,e7,PnBu3 HBF4,nB,0.027547310407485818
11160,116.0,24.0,0.0,24.0,e9,CgMe-PPh,nC,0.40356850702768715
11161,116.0,25.0,0.0,25.0,e10,PPhtBu2,nA,0.7009303126601298
11162,116.0,26.0,0.0,26.0,e1,JackiePhos,nI,0.23164589492729465
11163,116.0,27.0,0.0,27.0,e5,tBPh-CPhos,nB,0.28432749904894056
11164,116.0,28.0,0.0,28.0,e7,CX-FBu,nI,0.008436723887765887
11165,116.0,29.0,0.0,29.0,e1,A-caPhos,nB,0.04609606229142198
11166,116.0,30.0,0.0,30.0,e9,X-Phos,nE,0.11576466040964467
11167,116.0,31.0,0.0,31.0,e7,Cy-BippyPhos,nF,0.8908823040179712
11168,116.0,32.0,0.0,32.0,e4,CX-PICy,nD,0.04718150893102839
11169,116.0,33.0,0.0,33.0,e3,MeO-KITPHOS,nB,0.16832752828316924
11170,116.0,34.0,0.0,34.0,e4,PPh3,nI,0.04426360801913863
11171,116.0,35.0,0.0,35.0,e2,"P(3,5-CF3-Ph)3",nD,0.8356393853580697
11172,116.0,36.0,0.0,36.0,e1,Ph-PhenCar-Phos,nF,0.03399207920306404
11173,116.0,37.0,0.0,37.0,e9,BrettPhos,nI,0.032611559012961096
11174,116.0,38.0,0.0,38.0,e1,PPhtBu2,nB,0.03618479220380419
11175,116.0,39.0,0.0,39.0,e7,Cy-vBRIDP,nB,0.18834091750393028
11176,116.0,40.0,0.0,40.0,e10,Cy-BippyPhos,nB,0.44442545396979233
11177,116.0,41.0,0.0,41.0,e7,P(o-Anis)3,nG,0.04483783011499854
11178,116.0,42.0,0.0,42.0,e5,Cy-DavePhos,nI,0.8413366058756354
11179,116.0,43.0,0.0,43.0,e10,P(fur)3,nI,0.900708416999593
11180,116.0,44.0,0.0,44.0,e2,PCy3 HBF4,nD,0.7652714503735659
11181,116.0,45.0,0.0,45.0,e10,CgMe-PPh,nD,0.9667080207978768
11182,116.0,46.0,0.0,46.0,e10,PPhMe2,nC,0.711717873982058
11183,116.0,47.0,0.0,47.0,e10,PnBu3 HBF4,nD,1.0
11184,116.0,48.0,0.0,48.0,e10,Et-PhenCar-Phos,nF,0.9128845279878604
11185,116.0,49.0,0.0,49.0,e9,Kwong,nD,0.7637773250800808
11186,116.0,50.0,0.0,50.0,e9,PPh2Me,nG,0.32077678172887275
11187,116.0,51.0,0.0,51.0,e2,"P(3,5-CF3-Ph)3",nA,0.7596387385382168
11188,116.0,52.0,0.0,52.0,e7,PnBu3 HBF4,nI,0.07769044425257474
11189,116.0,53.0,0.0,53.0,e2,P(fur)3,nI,0.8026402936862348
11190,116.0,54.0,0.0,54.0,e9,CgMe-PPh,nF,1.0
11191,116.0,55.0,0.0,55.0,e2,JackiePhos,nD,0.8885726039005069
11192,116.0,56.0,0.0,56.0,e10,tBPh-CPhos,nG,0.1872202584239755
11193,116.0,57.0,0.0,57.0,e3,Et-PhenCar-Phos,nG,0.7493850028763238
11194,116.0,58.0,0.0,58.0,e7,Cy-DavePhos,nC,0.43870094090204687
11195,116.0,59.0,0.0,59.0,e2,PCy3 HBF4,nC,0.7514550742860919
11196,116.0,60.0,0.0,60.0,e2,CgMe-PPh,nE,0.14444129012752938
11197,116.0,61.0,0.0,61.0,e10,Kwong,nB,0.3444954378360332
11198,116.0,62.0,0.0,62.0,e5,PPhMe2,nB,0.33576273461927086
11199,116.0,63.0,0.0,63.0,e7,"P(3,5-CF3-Ph)3",nI,0.4348939297275991
11200,116.0,64.0,0.0,64.0,e7,JackiePhos,nG,0.19131726696005422
11201,116.0,65.0,0.0,65.0,e9,Cy-BippyPhos,nD,0.7312870661515999
11202,116.0,66.0,0.0,66.0,e1,A-caPhos,nD,0.0
11203,116.0,67.0,0.0,67.0,e4,P(fur)3,nB,0.04357911135254303
11204,116.0,68.0,0.0,68.0,e7,CX-FBu,nG,0.0
11205,116.0,69.0,0.0,69.0,e10,X-Phos,nA,0.70292121771995
11206,116.0,70.0,0.0,70.0,e5,Et-PhenCar-Phos,nB,0.3409079497861161
11207,116.0,71.0,0.0,71.0,e2,MeO-KITPHOS,nE,0.14157346928450873
11208,116.0,72.0,0.0,72.0,e2,PCy3 HBF4,nE,0.0
11209,116.0,73.0,0.0,73.0,e3,PPhtBu2,nI,0.2459288839092893
11210,116.0,74.0,0.0,74.0,e10,CX-PICy,nF,0.8753267029656862
11211,116.0,75.0,0.0,75.0,e9,Cy-BippyPhos,nC,0.4093298004131833
11212,116.0,76.0,0.0,76.0,e3,Cy-DavePhos,nA,0.4587692631158191
11213,116.0,77.0,0.0,77.0,e1,CX-PICy,nE,0.08929455529222792
11214,116.0,78.0,0.0,78.0,e9,X-Phos,nD,0.745297985783962
11215,116.0,79.0,0.0,79.0,e4,PPh3,nC,0.31241818275827216
11216,116.0,80.0,0.0,80.0,e9,PPh2Me,nC,0.2914145670907849
11217,116.0,81.0,0.0,81.0,e1,"P(3,5-CF3-Ph)3",nE,0.02574746723401784
11218,116.0,82.0,0.0,82.0,e1,CgMe-PPh,nC,0.11816325573626481
11219,116.0,83.0,0.0,83.0,e9,Cy-vBRIDP,nF,0.6967928130282119
11220,116.0,84.0,0.0,84.0,e5,Ph-PhenCar-Phos,nA,0.0
11221,116.0,85.0,0.0,85.0,e2,BrettPhos,nI,0.27240859666650985
11222,116.0,86.0,0.0,86.0,e10,tBPh-CPhos,nA,0.738775541606104
11223,116.0,87.0,0.0,87.0,e3,Kwong,nG,0.6379955567259125
11224,116.0,88.0,0.0,88.0,e10,PnBu3 HBF4,nC,0.6529372533584769
11225,116.0,89.0,0.0,89.0,e2,PPhMe2,nB,0.34830416803640063
11226,116.0,90.0,0.0,90.0,e4,X-Phos,nC,0.34258955436774835
11227,116.0,91.0,0.0,91.0,e4,JackiePhos,nA,0.01378290721008047
11228,116.0,92.0,0.0,92.0,e2,Et-PhenCar-Phos,nG,0.21586957617119734
11229,116.0,93.0,0.0,93.0,e4,Cy-vBRIDP,nG,0.011887141708792338
11230,116.0,94.0,0.0,94.0,e1,Cy-BippyPhos,nE,0.08360289329221145
11231,116.0,95.0,0.0,95.0,e4,P(o-Anis)3,nD,0.02538658500885957
11232,117.0,0.0,0.0,0.0,e7,A-caPhos,nC,0.6204517712369704
11233,117.0,1.0,0.0,1.0,e9,BrettPhos,nB,0.015005675905422431
11234,117.0,2.0,0.0,2.0,e7,CX-FBu,nE,0.001217827266805761
11235,117.0,3.0,0.0,3.0,e9,CX-PICy,nG,0.3105609528066332
11236,117.0,4.0,0.0,4.0,e10,Cy-DavePhos,nA,0.6290037488957982
11237,117.0,5.0,0.0,5.0,e9,Cy-vBRIDP,nE,0.2118361653644355
11238,117.0,6.0,0.0,6.0,e4,Kwong,nB,0.0
11239,117.0,7.0,0.0,7.0,e5,MeO-KITPHOS,nD,0.7150014599477411
11240,117.0,8.0,0.0,8.0,e7,P(o-Anis)3,nE,0.02835275518299585
11241,117.0,9.0,0.0,9.0,e4,Et-PhenCar-Phos,nD,0.045517695769122665
11242,117.0,10.0,0.0,10.0,e7,JackiePhos,nB,0.2780363157049384
11243,117.0,11.0,0.0,11.0,e10,"P(3,5-CF3-Ph)3",nI,0.941711710784077
11244,117.0,12.0,0.0,12.0,e7,P(fur)3,nB,0.171267964584971
11245,117.0,13.0,0.0,13.0,e2,Ph-PhenCar-Phos,nB,0.0
11246,117.0,14.0,0.0,14.0,e7,PPh2Me,nI,0.05866681747449082
11247,117.0,15.0,0.0,15.0,e3,PPhtBu2,nA,0.3650613273843325
11248,117.0,16.0,0.0,16.0,e1,tBPh-CPhos,nD,0.47671112549978
11249,117.0,17.0,0.0,17.0,e3,PPhMe2,nF,0.8232012369865152
11250,117.0,18.0,0.0,18.0,e9,Cy-BippyPhos,nE,0.1706050823301135
11251,117.0,19.0,0.0,19.0,e7,PCy3 HBF4,nE,0.012884298674100353
11252,117.0,20.0,0.0,20.0,e4,CgMe-PPh,nB,0.010586928381835779
11253,117.0,21.0,0.0,21.0,e2,PPh3,nE,0.08087648972572638
11254,117.0,22.0,0.0,22.0,e10,X-Phos,nD,0.9917865678194812
11255,117.0,23.0,0.0,23.0,e9,PnBu3 HBF4,nC,0.29786886006957153
11256,117.0,24.0,0.0,24.0,e9,X-Phos,nD,0.745297985783962
11257,117.0,25.0,0.0,25.0,e2,"P(3,5-CF3-Ph)3",nD,0.8356393853580697
11258,117.0,26.0,0.0,26.0,e1,PPhMe2,nI,0.04119451536413164
11259,117.0,27.0,0.0,27.0,e3,MeO-KITPHOS,nG,0.3259921382962992
11260,117.0,28.0,0.0,28.0,e4,Cy-DavePhos,nD,0.03141453777755875
11261,117.0,29.0,0.0,29.0,e1,A-caPhos,nA,0.24027073531882212
11262,117.0,30.0,0.0,30.0,e9,tBPh-CPhos,nA,0.5070576131604569
11263,117.0,31.0,0.0,31.0,e1,PPhtBu2,nI,0.0
11264,117.0,32.0,0.0,32.0,e10,CX-PICy,nG,0.3377488314799635
11265,117.0,33.0,0.0,33.0,e2,"P(3,5-CF3-Ph)3",nG,0.292311804161314
11266,117.0,34.0,0.0,34.0,e1,PnBu3 HBF4,nI,0.09337979085237404
11267,117.0,35.0,0.0,35.0,e2,X-Phos,nC,0.40642389315255095
11268,117.0,36.0,0.0,36.0,e10,JackiePhos,nC,0.7413507792095948
11269,117.0,37.0,0.0,37.0,e10,Cy-vBRIDP,nA,0.6642431458921436
11270,117.0,38.0,0.0,38.0,e4,P(fur)3,nE,0.000437879828488327
11271,117.0,39.0,0.0,39.0,e1,Cy-BippyPhos,nC,0.12530079881726516
11272,117.0,40.0,0.0,40.0,e5,PPh3,nD,0.7503383283607225
11273,117.0,41.0,0.0,41.0,e1,PPh2Me,nE,0.04666252615313038
11274,117.0,42.0,0.0,42.0,e5,Et-PhenCar-Phos,nA,0.7577678491226976
11275,117.0,43.0,0.0,43.0,e2,P(o-Anis)3,nD,0.4223619633611157
11276,117.0,44.0,0.0,44.0,e3,BrettPhos,nI,0.03009704001424225
11277,117.0,45.0,0.0,45.0,e9,PCy3 HBF4,nB,0.0
11278,117.0,46.0,0.0,46.0,e10,CgMe-PPh,nD,0.9667080207978768
11279,117.0,47.0,0.0,47.0,e9,CX-FBu,nG,0.0
11280,117.0,48.0,0.0,48.0,e9,Kwong,nC,0.3519968307033692
11281,117.0,49.0,0.0,49.0,e4,Ph-PhenCar-Phos,nI,0.03672891692050217
11282,117.0,50.0,0.0,50.0,e5,MeO-KITPHOS,nF,0.6717033584808797
11283,117.0,51.0,0.0,51.0,e3,JackiePhos,nA,0.49532594634296395
11284,117.0,52.0,0.0,52.0,e3,tBPh-CPhos,nB,0.2201396278511609
11285,117.0,53.0,0.0,53.0,e9,CgMe-PPh,nF,1.0
11286,117.0,54.0,0.0,54.0,e9,X-Phos,nB,0.1353117060763067
11287,117.0,55.0,0.0,55.0,e7,Cy-vBRIDP,nE,0.0285055968883504
11288,117.0,56.0,0.0,56.0,e2,PPhMe2,nB,0.34830416803640063
11289,117.0,57.0,0.0,57.0,e9,"P(3,5-CF3-Ph)3",nA,0.28248248720696867
11290,117.0,58.0,0.0,58.0,e9,A-caPhos,nG,0.4248789034782635
11291,117.0,59.0,0.0,59.0,e9,PPh3,nI,0.45913414385457335
11292,117.0,60.0,0.0,60.0,e7,Et-PhenCar-Phos,nA,0.46105828561415296
11293,117.0,61.0,0.0,61.0,e5,CgMe-PPh,nG,0.5263762443562906
11294,117.0,62.0,0.0,62.0,e9,Cy-DavePhos,nF,0.869939977523386
11295,117.0,63.0,0.0,63.0,e2,CX-PICy,nB,0.019159777876378164
11296,117.0,64.0,0.0,64.0,e1,MeO-KITPHOS,nI,0.08070327614437922
11297,117.0,65.0,0.0,65.0,e1,Cy-DavePhos,nG,0.10033053889692384
11298,117.0,66.0,0.0,66.0,e1,JackiePhos,nI,0.23164589492729465
11299,117.0,67.0,0.0,67.0,e10,P(o-Anis)3,nD,0.21473020833290504
11300,117.0,68.0,0.0,68.0,e7,CgMe-PPh,nB,0.11466820021189443
11301,117.0,69.0,0.0,69.0,e10,PnBu3 HBF4,nD,1.0
11302,117.0,70.0,0.0,70.0,e3,PnBu3 HBF4,nE,0.07267279002281227
11303,117.0,71.0,0.0,71.0,e2,PPhtBu2,nB,0.2956916574075555
11304,117.0,72.0,0.0,72.0,e3,Kwong,nA,0.52844484704448
11305,117.0,73.0,0.0,73.0,e5,"P(3,5-CF3-Ph)3",nG,0.33880240957433805
11306,117.0,74.0,0.0,74.0,e2,PPh3,nF,0.46094142786882736
11307,117.0,75.0,0.0,75.0,e7,A-caPhos,nG,0.06965150777591327
11308,117.0,76.0,0.0,76.0,e4,Et-PhenCar-Phos,nF,0.10620274724550914
11309,117.0,77.0,0.0,77.0,e1,X-Phos,nB,0.13808085610167717
11310,117.0,78.0,0.0,78.0,e10,Cy-BippyPhos,nE,0.15176129512938982
11311,117.0,79.0,0.0,79.0,e1,PPhMe2,nD,0.0
11312,117.0,80.0,0.0,80.0,e5,tBPh-CPhos,nB,0.28432749904894056
11313,117.0,81.0,0.0,81.0,e7,P(fur)3,nC,0.4312782068921491
11314,117.0,82.0,0.0,82.0,e4,PPh2Me,nD,0.017873792875666726
11315,117.0,83.0,0.0,83.0,e1,Cy-vBRIDP,nC,0.021046518566206512
11316,117.0,84.0,0.0,84.0,e9,MeO-KITPHOS,nF,0.2069173517749973
11317,117.0,85.0,0.0,85.0,e1,Kwong,nC,0.006793877228623898
11318,117.0,86.0,0.0,86.0,e7,PPh3,nI,0.24779538065626336
11319,117.0,87.0,0.0,87.0,e10,BrettPhos,nG,0.0697610559568269
11320,117.0,88.0,0.0,88.0,e10,JackiePhos,nB,0.3412973722922598
11321,117.0,89.0,0.0,89.0,e4,"P(3,5-CF3-Ph)3",nF,0.12460832905550522
11322,117.0,90.0,0.0,90.0,e4,Ph-PhenCar-Phos,nB,0.004535315989053302
11323,117.0,91.0,0.0,91.0,e7,PCy3 HBF4,nG,0.0
11324,117.0,92.0,0.0,92.0,e10,CgMe-PPh,nA,0.1556727410455523
11325,117.0,93.0,0.0,93.0,e2,CX-FBu,nG,0.0
11326,117.0,94.0,0.0,94.0,e7,Cy-DavePhos,nB,0.2152450446486366
11327,117.0,95.0,0.0,95.0,e10,X-Phos,nF,0.9068098364152221
11328,118.0,0.0,0.0,0.0,e5,A-caPhos,nG,0.04136408895956248
11329,118.0,1.0,0.0,1.0,e7,BrettPhos,nD,0.0
11330,118.0,2.0,0.0,2.0,e1,CX-FBu,nG,0.0
11331,118.0,3.0,0.0,3.0,e1,CX-PICy,nE,0.08929455529222792
11332,118.0,4.0,0.0,4.0,e10,Cy-DavePhos,nF,0.8813598639667193
11333,118.0,5.0,0.0,5.0,e3,Cy-vBRIDP,nG,0.6350943239493974
11334,118.0,6.0,0.0,6.0,e5,Kwong,nE,0.16336084003327056
11335,118.0,7.0,0.0,7.0,e9,MeO-KITPHOS,nA,0.3102142356694695
11336,118.0,8.0,0.0,8.0,e2,P(o-Anis)3,nD,0.4223619633611157
11337,118.0,9.0,0.0,9.0,e9,Et-PhenCar-Phos,nA,0.4931113401041398
11338,118.0,10.0,0.0,10.0,e1,JackiePhos,nC,0.10916790305363006
11339,118.0,11.0,0.0,11.0,e9,"P(3,5-CF3-Ph)3",nG,0.3475054757161358
11340,118.0,12.0,0.0,12.0,e10,P(fur)3,nI,0.900708416999593
11341,118.0,13.0,0.0,13.0,e4,Ph-PhenCar-Phos,nE,0.0
11342,118.0,14.0,0.0,14.0,e10,PPh2Me,nB,0.020868406358790646
11343,118.0,15.0,0.0,15.0,e7,PPhtBu2,nA,0.22643925135847556
11344,118.0,16.0,0.0,16.0,e10,tBPh-CPhos,nC,0.7154205799800839
11345,118.0,17.0,0.0,17.0,e1,PPhMe2,nC,0.04178685204173926
11346,118.0,18.0,0.0,18.0,e10,Cy-BippyPhos,nB,0.44442545396979233
11347,118.0,19.0,0.0,19.0,e2,PCy3 HBF4,nG,0.00663833998076357
11348,118.0,20.0,0.0,20.0,e10,CgMe-PPh,nA,0.1556727410455523
11349,118.0,21.0,0.0,21.0,e3,PPh3,nG,0.5441952440189306
11350,118.0,22.0,0.0,22.0,e4,X-Phos,nI,0.009934677799407795
11351,118.0,23.0,0.0,23.0,e5,PnBu3 HBF4,nB,0.017097729724094155
11352,118.0,24.0,0.0,24.0,e10,P(fur)3,nD,0.986548910086449
11353,118.0,25.0,0.0,25.0,e4,Cy-DavePhos,nG,0.04776203346339624
11354,118.0,26.0,0.0,26.0,e2,tBPh-CPhos,nD,0.9627817421488892
11355,118.0,27.0,0.0,27.0,e10,Cy-vBRIDP,nC,0.6923970246236064
11356,118.0,28.0,0.0,28.0,e7,PPh3,nF,0.578123168434268
11357,118.0,29.0,0.0,29.0,e7,Et-PhenCar-Phos,nG,0.27193527624521374
11358,118.0,30.0,0.0,30.0,e4,Cy-BippyPhos,nF,0.16766741748867858
11359,118.0,31.0,0.0,31.0,e9,P(o-Anis)3,nE,0.015334735124532104
11360,118.0,32.0,0.0,32.0,e2,P(fur)3,nI,0.8026402936862348
11361,118.0,33.0,0.0,33.0,e10,"P(3,5-CF3-Ph)3",nB,0.3248401714816362
11362,118.0,34.0,0.0,34.0,e2,MeO-KITPHOS,nG,0.2917340042609233
11363,118.0,35.0,0.0,35.0,e2,tBPh-CPhos,nA,0.8502272930334943
11364,118.0,36.0,0.0,36.0,e4,PPhtBu2,nB,0.0
11365,118.0,37.0,0.0,37.0,e5,Kwong,nF,0.007071092684467668
11366,118.0,38.0,0.0,38.0,e3,CgMe-PPh,nE,0.13080909557688172
11367,118.0,39.0,0.0,39.0,e7,JackiePhos,nA,0.507068550436567
11368,118.0,40.0,0.0,40.0,e4,CX-PICy,nD,0.04718150893102839
11369,118.0,41.0,0.0,41.0,e7,Cy-vBRIDP,nI,0.27806549204654124
11370,118.0,42.0,0.0,42.0,e1,P(fur)3,nC,0.13064801328706593
11371,118.0,43.0,0.0,43.0,e1,PPhMe2,nA,0.08091432237840718
11372,118.0,44.0,0.0,44.0,e3,A-caPhos,nD,0.6490888057244365
11373,118.0,45.0,0.0,45.0,e3,PPh2Me,nE,0.10038963691603196
11374,118.0,46.0,0.0,46.0,e1,PnBu3 HBF4,nE,0.0
11375,118.0,47.0,0.0,47.0,e9,X-Phos,nD,0.745297985783962
11376,118.0,48.0,0.0,48.0,e7,PCy3 HBF4,nE,0.012884298674100353
11377,118.0,49.0,0.0,49.0,e5,BrettPhos,nI,0.25661642729485107
11378,118.0,50.0,0.0,50.0,e2,CX-FBu,nI,0.26811246651325454
11379,118.0,51.0,0.0,51.0,e9,Ph-PhenCar-Phos,nG,0.441238259560321
11380,118.0,52.0,0.0,52.0,e9,tBPh-CPhos,nE,0.2128966624664455
11381,118.0,53.0,0.0,53.0,e3,PPh3,nD,0.558051966163369
11382,118.0,54.0,0.0,54.0,e9,Cy-DavePhos,nB,0.10197404268440335
11383,118.0,55.0,0.0,55.0,e10,Et-PhenCar-Phos,nI,0.8978098811886851
11384,118.0,56.0,0.0,56.0,e7,X-Phos,nF,0.15361466712198887
11385,118.0,57.0,0.0,57.0,e5,A-caPhos,nA,0.2812843970957228
11386,118.0,58.0,0.0,58.0,e3,"P(3,5-CF3-Ph)3",nA,0.08371816344615461
11387,118.0,59.0,0.0,59.0,e4,JackiePhos,nF,0.14143573352899122
11388,118.0,60.0,0.0,60.0,e1,Cy-BippyPhos,nC,0.12530079881726516
11389,118.0,61.0,0.0,61.0,e5,MeO-KITPHOS,nE,0.20090081346750718
11390,118.0,62.0,0.0,62.0,e4,PPh3,nE,0.0
11391,118.0,63.0,0.0,63.0,e10,Et-PhenCar-Phos,nE,0.1423623971693994
11392,118.0,64.0,0.0,64.0,e2,P(fur)3,nG,0.26823050789231057
11393,118.0,65.0,0.0,65.0,e1,Cy-vBRIDP,nI,0.10345030861489754
11394,118.0,66.0,0.0,66.0,e7,tBPh-CPhos,nE,0.0
11395,118.0,67.0,0.0,67.0,e7,Ph-PhenCar-Phos,nG,0.014831130594019472
11396,118.0,68.0,0.0,68.0,e1,P(o-Anis)3,nB,0.11943131203109891
11397,118.0,69.0,0.0,69.0,e3,CgMe-PPh,nF,0.8647744195298661
11398,118.0,70.0,0.0,70.0,e4,CX-FBu,nI,0.026545433452423287
11399,118.0,71.0,0.0,71.0,e9,BrettPhos,nD,0.116949762005874
11400,118.0,72.0,0.0,72.0,e3,CgMe-PPh,nI,0.37696044105126186
11401,118.0,73.0,0.0,73.0,e1,PPhtBu2,nE,0.04945600408311233
11402,118.0,74.0,0.0,74.0,e1,P(fur)3,nI,0.0
11403,118.0,75.0,0.0,75.0,e3,Kwong,nG,0.6379955567259125
11404,118.0,76.0,0.0,76.0,e9,Cy-DavePhos,nA,0.4785669589162221
11405,118.0,77.0,0.0,77.0,e5,CX-PICy,nI,0.7387768863355436
11406,118.0,78.0,0.0,78.0,e10,A-caPhos,nE,0.06369465752083445
11407,118.0,79.0,0.0,79.0,e4,PPhMe2,nD,0.03789710444075946
11408,118.0,80.0,0.0,80.0,e4,PPh2Me,nA,0.012250195356626198
11409,118.0,81.0,0.0,81.0,e5,X-Phos,nF,0.5612705116717954
11410,118.0,82.0,0.0,82.0,e5,Et-PhenCar-Phos,nA,0.7577678491226976
11411,118.0,83.0,0.0,83.0,e4,CX-PICy,nE,0.044118367259479443
11412,118.0,84.0,0.0,84.0,e1,tBPh-CPhos,nD,0.47671112549978
11413,118.0,85.0,0.0,85.0,e9,Cy-vBRIDP,nA,0.003827159412294159
11414,118.0,86.0,0.0,86.0,e3,Kwong,nB,0.13828352718505904
11415,118.0,87.0,0.0,87.0,e9,PCy3 HBF4,nA,0.39949447947915445
11416,118.0,88.0,0.0,88.0,e10,PnBu3 HBF4,nC,0.6529372533584769
11417,118.0,89.0,0.0,89.0,e2,MeO-KITPHOS,nB,0.2471450614128532
11418,118.0,90.0,0.0,90.0,e7,PPh3,nA,0.39316365606983517
11419,118.0,91.0,0.0,91.0,e4,JackiePhos,nB,0.0
11420,118.0,92.0,0.0,92.0,e3,Et-PhenCar-Phos,nF,0.7168147526183698
11421,118.0,93.0,0.0,93.0,e7,"P(3,5-CF3-Ph)3",nF,0.4547323879793554
11422,118.0,94.0,0.0,94.0,e4,Cy-BippyPhos,nE,0.0
11423,118.0,95.0,0.0,95.0,e4,CgMe-PPh,nG,0.03040429412851897
11424,119.0,0.0,0.0,0.0,e5,A-caPhos,nD,0.7956086691618747
11425,119.0,1.0,0.0,1.0,e5,BrettPhos,nG,0.07790157669115998
11426,119.0,2.0,0.0,2.0,e7,CX-FBu,nC,0.015254117622773431
11427,119.0,3.0,0.0,3.0,e10,CX-PICy,nI,0.8294011628993512
11428,119.0,4.0,0.0,4.0,e10,Cy-DavePhos,nE,0.14634029717947056
11429,119.0,5.0,0.0,5.0,e4,Cy-vBRIDP,nA,0.021399040085944364
11430,119.0,6.0,0.0,6.0,e2,Kwong,nB,0.28740360301809015
11431,119.0,7.0,0.0,7.0,e10,MeO-KITPHOS,nE,0.08167116258886992
11432,119.0,8.0,0.0,8.0,e10,P(o-Anis)3,nF,0.06384265359275798
11433,119.0,9.0,0.0,9.0,e1,Et-PhenCar-Phos,nB,0.04532172338475905
11434,119.0,10.0,0.0,10.0,e9,JackiePhos,nC,0.3402888306071797
11435,119.0,11.0,0.0,11.0,e5,"P(3,5-CF3-Ph)3",nB,0.24568271742359823
11436,119.0,12.0,0.0,12.0,e2,P(fur)3,nC,0.531364471158177
11437,119.0,13.0,0.0,13.0,e5,Ph-PhenCar-Phos,nE,0.0
11438,119.0,14.0,0.0,14.0,e9,PPh2Me,nE,0.1405880999819467
11439,119.0,15.0,0.0,15.0,e5,PPhtBu2,nC,0.7698254349858591
11440,119.0,16.0,0.0,16.0,e1,tBPh-CPhos,nA,0.9415665821167656
11441,119.0,17.0,0.0,17.0,e4,PPhMe2,nF,0.05675807339476563
11442,119.0,18.0,0.0,18.0,e2,Cy-BippyPhos,nD,0.899766462439471
11443,119.0,19.0,0.0,19.0,e4,PCy3 HBF4,nB,0.0
11444,119.0,20.0,0.0,20.0,e9,CgMe-PPh,nC,0.40356850702768715
11445,119.0,21.0,0.0,21.0,e1,PPh3,nG,0.03305769806250671
11446,119.0,22.0,0.0,22.0,e2,X-Phos,nE,0.05720851394385538
11447,119.0,23.0,0.0,23.0,e1,PnBu3 HBF4,nF,0.01643119627071477
11448,119.0,24.0,0.0,24.0,e10,tBPh-CPhos,nB,0.34684817142606866
11449,119.0,25.0,0.0,25.0,e4,Cy-BippyPhos,nB,0.001309200773603058
11450,119.0,26.0,0.0,26.0,e2,CX-PICy,nA,0.6627082272144782
11451,119.0,27.0,0.0,27.0,e5,A-caPhos,nA,0.2812843970957228
11452,119.0,28.0,0.0,28.0,e3,PPhtBu2,nI,0.2459288839092893
11453,119.0,29.0,0.0,29.0,e5,P(fur)3,nA,0.7422450479697658
11454,119.0,30.0,0.0,30.0,e4,CgMe-PPh,nB,0.010586928381835779
11455,119.0,31.0,0.0,31.0,e4,JackiePhos,nB,0.0
11456,119.0,32.0,0.0,32.0,e7,Kwong,nA,0.07567394742364385
11457,119.0,33.0,0.0,33.0,e10,"P(3,5-CF3-Ph)3",nC,0.6167370746739574
11458,119.0,34.0,0.0,34.0,e10,CX-PICy,nC,0.7614827627405488
11459,119.0,35.0,0.0,35.0,e5,Cy-DavePhos,nE,0.20379204247564497
11460,119.0,36.0,0.0,36.0,e1,PPh2Me,nE,0.04666252615313038
11461,119.0,37.0,0.0,37.0,e1,MeO-KITPHOS,nG,0.05772455406029879
11462,119.0,38.0,0.0,38.0,e7,BrettPhos,nA,0.0124654631537221
11463,119.0,39.0,0.0,39.0,e3,P(o-Anis)3,nB,0.08812842587343037
11464,119.0,40.0,0.0,40.0,e1,tBPh-CPhos,nE,0.10531846896621012
11465,119.0,41.0,0.0,41.0,e1,X-Phos,nG,0.030496859953677565
11466,119.0,42.0,0.0,42.0,e9,PPhMe2,nD,0.18559600333835125
11467,119.0,43.0,0.0,43.0,e5,P(fur)3,nF,0.766688957978976
11468,119.0,44.0,0.0,44.0,e4,Et-PhenCar-Phos,nA,0.02363360610342534
11469,119.0,45.0,0.0,45.0,e3,PPh3,nI,0.029763654521305326
11470,119.0,46.0,0.0,46.0,e7,Cy-vBRIDP,nA,0.4856539808134513
11471,119.0,47.0,0.0,47.0,e9,PnBu3 HBF4,nB,0.05641430852865334
11472,119.0,48.0,0.0,48.0,e4,CX-FBu,nE,0.0
11473,119.0,49.0,0.0,49.0,e2,Ph-PhenCar-Phos,nB,0.0
11474,119.0,50.0,0.0,50.0,e2,PCy3 HBF4,nA,0.001570789934535926
11475,119.0,51.0,0.0,51.0,e9,A-caPhos,nD,0.5903907562753792
11476,119.0,52.0,0.0,52.0,e9,PPhtBu2,nA,0.22969981648958007
11477,119.0,53.0,0.0,53.0,e7,CX-PICy,nA,0.4849023858174712
11478,119.0,54.0,0.0,54.0,e1,Cy-BippyPhos,nI,0.2211067826223972
11479,119.0,55.0,0.0,55.0,e1,"P(3,5-CF3-Ph)3",nI,0.05907258173862887
11480,119.0,56.0,0.0,56.0,e10,P(fur)3,nC,0.7314440607369128
11481,119.0,57.0,0.0,57.0,e2,A-caPhos,nG,0.08718212432149915
11482,119.0,58.0,0.0,58.0,e4,P(fur)3,nC,0.5121985356201784
11483,119.0,59.0,0.0,59.0,e3,CX-PICy,nF,0.6497944840300122
11484,119.0,60.0,0.0,60.0,e5,Cy-vBRIDP,nA,0.7556883724207524
11485,119.0,61.0,0.0,61.0,e2,CgMe-PPh,nF,0.42403845111744487
11486,119.0,62.0,0.0,62.0,e3,tBPh-CPhos,nB,0.2201396278511609
11487,119.0,63.0,0.0,63.0,e7,Kwong,nG,0.1256424423170876
11488,119.0,64.0,0.0,64.0,e9,Cy-DavePhos,nI,0.6237855110018449
11489,119.0,65.0,0.0,65.0,e10,JackiePhos,nI,0.6404668815291216
11490,119.0,66.0,0.0,66.0,e7,Cy-vBRIDP,nB,0.18834091750393028
11491,119.0,67.0,0.0,67.0,e7,CX-PICy,nE,0.02553348260378032
11492,119.0,68.0,0.0,68.0,e3,PPhtBu2,nC,0.47844610654360165
11493,119.0,69.0,0.0,69.0,e9,P(fur)3,nF,0.14474013927612028
11494,119.0,70.0,0.0,70.0,e7,PPhMe2,nB,0.0
11495,119.0,71.0,0.0,71.0,e10,Cy-BippyPhos,nF,0.9551634913355087
11496,119.0,72.0,0.0,72.0,e5,Cy-BippyPhos,nC,0.7310324837389857
11497,119.0,73.0,0.0,73.0,e5,PPh2Me,nF,0.0
11498,119.0,74.0,0.0,74.0,e5,P(o-Anis)3,nF,0.05262122919976672
11499,119.0,75.0,0.0,75.0,e10,MeO-KITPHOS,nF,0.8931997261223513
11500,119.0,76.0,0.0,76.0,e9,MeO-KITPHOS,nG,0.30072675877618354
11501,119.0,77.0,0.0,77.0,e1,JackiePhos,nA,0.8639833503359745
11502,119.0,78.0,0.0,78.0,e5,Cy-DavePhos,nI,0.8413366058756354
11503,119.0,79.0,0.0,79.0,e1,"P(3,5-CF3-Ph)3",nE,0.02574746723401784
11504,119.0,80.0,0.0,80.0,e9,JackiePhos,nF,0.9465936072978836
11505,119.0,81.0,0.0,81.0,e10,BrettPhos,nF,0.391560381174903
11506,119.0,82.0,0.0,82.0,e7,X-Phos,nC,0.7699443054600407
11507,119.0,83.0,0.0,83.0,e7,Cy-BippyPhos,nF,0.8908823040179712
11508,119.0,84.0,0.0,84.0,e3,Cy-DavePhos,nE,0.1655425072853271
11509,119.0,85.0,0.0,85.0,e9,JackiePhos,nB,0.12673454703525938
11510,119.0,86.0,0.0,86.0,e7,PnBu3 HBF4,nC,0.08381330857807825
11511,119.0,87.0,0.0,87.0,e10,Et-PhenCar-Phos,nB,0.46335999806419
11512,119.0,88.0,0.0,88.0,e2,PPh3,nB,0.06113101017244386
11513,119.0,89.0,0.0,89.0,e9,X-Phos,nD,0.745297985783962
11514,119.0,90.0,0.0,90.0,e7,A-caPhos,nE,0.0
11515,119.0,91.0,0.0,91.0,e7,CgMe-PPh,nC,0.4527219927063775
11516,119.0,92.0,0.0,92.0,e2,Cy-BippyPhos,nA,0.947422522089135
11517,119.0,93.0,0.0,93.0,e7,PPhtBu2,nB,0.048302790354388385
11518,119.0,94.0,0.0,94.0,e2,CX-FBu,nE,0.044215580612420015
11519,119.0,95.0,0.0,95.0,e1,Cy-BippyPhos,nG,0.15976408278590903
11520,120.0,0.0,0.0,0.0,e3,A-caPhos,nE,0.07288605180469757
11521,120.0,1.0,0.0,1.0,e4,BrettPhos,nC,0.2081868974382628
11522,120.0,2.0,0.0,2.0,e10,CX-FBu,nF,0.19352259897861
11523,120.0,3.0,0.0,3.0,e3,CX-PICy,nG,0.45815090380182744
11524,120.0,4.0,0.0,4.0,e7,Cy-DavePhos,nG,0.22461200392146816
11525,120.0,5.0,0.0,5.0,e2,Cy-vBRIDP,nF,0.6290075171930294
11526,120.0,6.0,0.0,6.0,e3,Kwong,nC,0.49266490533355695
11527,120.0,7.0,0.0,7.0,e4,MeO-KITPHOS,nD,0.01764759420350764
11528,120.0,8.0,0.0,8.0,e10,P(o-Anis)3,nI,0.12648823608270143
11529,120.0,9.0,0.0,9.0,e2,Et-PhenCar-Phos,nB,0.30781579365006
11530,120.0,10.0,0.0,10.0,e7,JackiePhos,nE,0.0
11531,120.0,11.0,0.0,11.0,e5,"P(3,5-CF3-Ph)3",nA,0.6652219449652172
11532,120.0,12.0,0.0,12.0,e2,P(fur)3,nD,0.8273907264709449
11533,120.0,13.0,0.0,13.0,e5,Ph-PhenCar-Phos,nD,0.05973892971813824
11534,120.0,14.0,0.0,14.0,e10,PPh2Me,nF,0.9442102793927251
11535,120.0,15.0,0.0,15.0,e4,PPhtBu2,nA,0.03055984955910126
11536,120.0,16.0,0.0,16.0,e9,tBPh-CPhos,nF,0.9724754898127265
11537,120.0,17.0,0.0,17.0,e7,PPhMe2,nE,0.04656087399550363
11538,120.0,18.0,0.0,18.0,e5,Cy-BippyPhos,nE,0.276087915044034
11539,120.0,19.0,0.0,19.0,e4,PCy3 HBF4,nF,0.1806752523043707
11540,120.0,20.0,0.0,20.0,e2,CgMe-PPh,nD,0.9061905699119336
11541,120.0,21.0,0.0,21.0,e10,PPh3,nG,0.1393167968001149
11542,120.0,22.0,0.0,22.0,e3,X-Phos,nB,0.2000064287326038
11543,120.0,23.0,0.0,23.0,e10,PnBu3 HBF4,nA,0.145126946063475
11544,120.0,24.0,0.0,24.0,e4,tBPh-CPhos,nA,0.0348084285544355
11545,120.0,25.0,0.0,25.0,e3,PPh2Me,nA,0.009003872028159892
11546,120.0,26.0,0.0,26.0,e1,CgMe-PPh,nB,0.12558127711891434
11547,120.0,27.0,0.0,27.0,e4,P(fur)3,nC,0.5121985356201784
11548,120.0,28.0,0.0,28.0,e10,"P(3,5-CF3-Ph)3",nI,0.941711710784077
11549,120.0,29.0,0.0,29.0,e7,Cy-vBRIDP,nE,0.0285055968883504
11550,120.0,30.0,0.0,30.0,e4,Kwong,nC,0.13664049521331256
11551,120.0,31.0,0.0,31.0,e3,CX-PICy,nF,0.6497944840300122
11552,120.0,32.0,0.0,32.0,e1,Et-PhenCar-Phos,nF,0.09483902946857867
11553,120.0,33.0,0.0,33.0,e9,Cy-BippyPhos,nB,0.19614551978344988
11554,120.0,34.0,0.0,34.0,e9,Cy-DavePhos,nD,0.7064770155795914
11555,120.0,35.0,0.0,35.0,e5,"P(3,5-CF3-Ph)3",nG,0.33880240957433805
11556,120.0,36.0,0.0,36.0,e5,BrettPhos,nA,0.2635639912874397
11557,120.0,37.0,0.0,37.0,e5,X-Phos,nE,0.10922716180611192
11558,120.0,38.0,0.0,38.0,e10,CX-FBu,nD,0.021025961968080993
11559,120.0,39.0,0.0,39.0,e3,PCy3 HBF4,nE,0.06067622810866836
11560,120.0,40.0,0.0,40.0,e7,PnBu3 HBF4,nE,0.0
11561,120.0,41.0,0.0,41.0,e10,PPh3,nD,0.9785597434506366
11562,120.0,42.0,0.0,42.0,e5,P(o-Anis)3,nD,0.2673691817698943
11563,120.0,43.0,0.0,43.0,e7,P(fur)3,nD,0.371885023964237
11564,120.0,44.0,0.0,44.0,e4,A-caPhos,nC,0.22300559618283194
11565,120.0,45.0,0.0,45.0,e7,Ph-PhenCar-Phos,nG,0.014831130594019472
11566,120.0,46.0,0.0,46.0,e7,PPhMe2,nA,0.24213550852685992
11567,120.0,47.0,0.0,47.0,e2,PPhtBu2,nB,0.2956916574075555
11568,120.0,48.0,0.0,48.0,e5,MeO-KITPHOS,nD,0.7150014599477411
11569,120.0,49.0,0.0,49.0,e9,JackiePhos,nC,0.3402888306071797
11570,120.0,50.0,0.0,50.0,e2,PPh3,nG,0.1371811438806168
11571,120.0,51.0,0.0,51.0,e4,CX-PICy,nD,0.04718150893102839
11572,120.0,52.0,0.0,52.0,e7,CgMe-PPh,nC,0.4527219927063775
11573,120.0,53.0,0.0,53.0,e4,tBPh-CPhos,nC,0.29898547506383855
11574,120.0,54.0,0.0,54.0,e7,PPh2Me,nG,0.01761201016057301
11575,120.0,55.0,0.0,55.0,e10,Cy-DavePhos,nC,0.6949319682872127
11576,120.0,56.0,0.0,56.0,e9,"P(3,5-CF3-Ph)3",nF,0.3243416897405247
11577,120.0,57.0,0.0,57.0,e9,MeO-KITPHOS,nE,0.1247527709304835
11578,120.0,58.0,0.0,58.0,e9,Cy-vBRIDP,nD,0.702991104041341
11579,120.0,59.0,0.0,59.0,e10,Kwong,nA,0.5880136022074371
11580,120.0,60.0,0.0,60.0,e1,P(fur)3,nA,0.13903094918195189
11581,120.0,61.0,0.0,61.0,e10,Cy-DavePhos,nG,0.3684434306199855
11582,120.0,62.0,0.0,62.0,e3,Cy-BippyPhos,nE,0.21120990283036814
11583,120.0,63.0,0.0,63.0,e4,BrettPhos,nA,0.0
11584,120.0,64.0,0.0,64.0,e4,CgMe-PPh,nD,0.08321089559018727
11585,120.0,65.0,0.0,65.0,e5,Et-PhenCar-Phos,nC,0.7420550241578128
11586,120.0,66.0,0.0,66.0,e7,P(o-Anis)3,nD,0.20661863979261372
11587,120.0,67.0,0.0,67.0,e9,Cy-vBRIDP,nA,0.003827159412294159
11588,120.0,68.0,0.0,68.0,e9,tBPh-CPhos,nB,0.15300473080796315
11589,120.0,69.0,0.0,69.0,e4,JackiePhos,nG,0.011497397001572884
11590,120.0,70.0,0.0,70.0,e3,PPhtBu2,nF,0.8177480761316681
11591,120.0,71.0,0.0,71.0,e9,PPh3,nA,0.4432722730662406
11592,120.0,72.0,0.0,72.0,e4,X-Phos,nD,0.016269680027475288
11593,120.0,73.0,0.0,73.0,e7,"P(3,5-CF3-Ph)3",nD,0.7248719169293781
11594,120.0,74.0,0.0,74.0,e1,A-caPhos,nI,0.03722071252473063
11595,120.0,75.0,0.0,75.0,e2,Kwong,nE,0.15385645810893028
11596,120.0,76.0,0.0,76.0,e1,PPhMe2,nE,0.005912635036959193
11597,120.0,77.0,0.0,77.0,e5,CX-PICy,nD,0.7367636173787823
11598,120.0,78.0,0.0,78.0,e4,Et-PhenCar-Phos,nB,0.016893387098010963
11599,120.0,79.0,0.0,79.0,e10,PPhtBu2,nI,0.8224211337896827
11600,120.0,80.0,0.0,80.0,e3,PCy3 HBF4,nA,0.026603552105440537
11601,120.0,81.0,0.0,81.0,e5,CX-FBu,nA,0.036929391233255865
11602,120.0,82.0,0.0,82.0,e7,Cy-DavePhos,nE,0.07737987898288086
11603,120.0,83.0,0.0,83.0,e9,"P(3,5-CF3-Ph)3",nD,0.44318159981050437
11604,120.0,84.0,0.0,84.0,e3,PPhtBu2,nG,0.42214668793427734
11605,120.0,85.0,0.0,85.0,e5,PnBu3 HBF4,nI,0.39796639204159534
11606,120.0,86.0,0.0,86.0,e10,PPh2Me,nA,0.7312605481380088
11607,120.0,87.0,0.0,87.0,e5,CX-PICy,nG,0.35909736921031543
11608,120.0,88.0,0.0,88.0,e1,P(fur)3,nF,0.0
11609,120.0,89.0,0.0,89.0,e10,Ph-PhenCar-Phos,nA,0.4084319710624149
11610,120.0,90.0,0.0,90.0,e9,MeO-KITPHOS,nD,0.6506971208307475
11611,120.0,91.0,0.0,91.0,e2,PPh2Me,nG,0.0
11612,120.0,92.0,0.0,92.0,e3,PPh3,nF,0.7331009521150271
11613,120.0,93.0,0.0,93.0,e9,CgMe-PPh,nE,0.1783004774895902
11614,120.0,94.0,0.0,94.0,e4,"P(3,5-CF3-Ph)3",nE,0.022865395605389537
11615,120.0,95.0,0.0,95.0,e10,Cy-BippyPhos,nF,0.9551634913355087
11616,121.0,0.0,0.0,0.0,e4,A-caPhos,nC,0.22300559618283194
11617,121.0,1.0,0.0,1.0,e10,BrettPhos,nC,0.17130482447828083
11618,121.0,2.0,0.0,2.0,e7,CX-FBu,nA,0.026781225321877523
11619,121.0,3.0,0.0,3.0,e2,CX-PICy,nE,0.1112468268031635
11620,121.0,4.0,0.0,4.0,e10,Cy-DavePhos,nA,0.6290037488957982
11621,121.0,5.0,0.0,5.0,e1,Cy-vBRIDP,nE,0.10273481023694789
11622,121.0,6.0,0.0,6.0,e4,Kwong,nE,0.0
11623,121.0,7.0,0.0,7.0,e7,MeO-KITPHOS,nC,0.1818058238116577
11624,121.0,8.0,0.0,8.0,e5,P(o-Anis)3,nF,0.05262122919976672
11625,121.0,9.0,0.0,9.0,e1,Et-PhenCar-Phos,nA,0.5211070217161989
11626,121.0,10.0,0.0,10.0,e7,JackiePhos,nD,0.9134460718332484
11627,121.0,11.0,0.0,11.0,e10,"P(3,5-CF3-Ph)3",nI,0.941711710784077
11628,121.0,12.0,0.0,12.0,e4,P(fur)3,nE,0.000437879828488327
11629,121.0,13.0,0.0,13.0,e7,Ph-PhenCar-Phos,nG,0.014831130594019472
11630,121.0,14.0,0.0,14.0,e1,PPh2Me,nB,0.01727201608687613
11631,121.0,15.0,0.0,15.0,e7,PPhtBu2,nF,0.006345526298723309
11632,121.0,16.0,0.0,16.0,e3,tBPh-CPhos,nG,0.6694190600721208
11633,121.0,17.0,0.0,17.0,e2,PPhMe2,nA,0.9184295688785155
11634,121.0,18.0,0.0,18.0,e5,Cy-BippyPhos,nB,0.35550155976803
11635,121.0,19.0,0.0,19.0,e2,PCy3 HBF4,nE,0.0
11636,121.0,20.0,0.0,20.0,e5,CgMe-PPh,nF,0.4710660416220753
11637,121.0,21.0,0.0,21.0,e9,PPh3,nG,0.4180674835896047
11638,121.0,22.0,0.0,22.0,e2,X-Phos,nI,0.5461500672967297
11639,121.0,23.0,0.0,23.0,e5,PnBu3 HBF4,nG,0.0346467819695208
11640,121.0,24.0,0.0,24.0,e9,"P(3,5-CF3-Ph)3",nG,0.3475054757161358
11641,121.0,25.0,0.0,25.0,e3,PPhMe2,nC,0.45752334695304314
11642,121.0,26.0,0.0,26.0,e1,JackiePhos,nC,0.10916790305363006
11643,121.0,27.0,0.0,27.0,e5,tBPh-CPhos,nB,0.28432749904894056
11644,121.0,28.0,0.0,28.0,e3,Cy-DavePhos,nE,0.1655425072853271
11645,121.0,29.0,0.0,29.0,e4,X-Phos,nD,0.016269680027475288
11646,121.0,30.0,0.0,30.0,e10,Et-PhenCar-Phos,nD,0.9813444766852435
11647,121.0,31.0,0.0,31.0,e7,CgMe-PPh,nC,0.4527219927063775
11648,121.0,32.0,0.0,32.0,e3,PPh3,nC,0.5766867841866626
11649,121.0,33.0,0.0,33.0,e10,Cy-BippyPhos,nE,0.15176129512938982
11650,121.0,34.0,0.0,34.0,e3,A-caPhos,nI,0.251402716237195
11651,121.0,35.0,0.0,35.0,e2,MeO-KITPHOS,nF,0.6735229847545438
11652,121.0,36.0,0.0,36.0,e1,BrettPhos,nB,0.023933086062199235
11653,121.0,37.0,0.0,37.0,e7,Et-PhenCar-Phos,nB,0.3099147672836797
11654,121.0,38.0,0.0,38.0,e2,CX-PICy,nB,0.019159777876378164
11655,121.0,39.0,0.0,39.0,e7,Cy-vBRIDP,nB,0.18834091750393028
11656,121.0,40.0,0.0,40.0,e9,PPhMe2,nF,0.0
11657,121.0,41.0,0.0,41.0,e4,"P(3,5-CF3-Ph)3",nB,0.027212247580631236
11658,121.0,42.0,0.0,42.0,e5,P(o-Anis)3,nD,0.2673691817698943
11659,121.0,43.0,0.0,43.0,e10,PnBu3 HBF4,nG,0.03445540105517488
11660,121.0,44.0,0.0,44.0,e3,CX-FBu,nA,0.034590175407777715
11661,121.0,45.0,0.0,45.0,e1,PPh2Me,nI,0.05859619006636522
11662,121.0,46.0,0.0,46.0,e4,Ph-PhenCar-Phos,nA,0.0
11663,121.0,47.0,0.0,47.0,e9,PPhtBu2,nC,0.22719482142551736
11664,121.0,48.0,0.0,48.0,e5,P(fur)3,nE,0.1658371632512746
11665,121.0,49.0,0.0,49.0,e1,Kwong,nG,0.02109424691555194
11666,121.0,50.0,0.0,50.0,e5,PCy3 HBF4,nG,0.056653910463520696
11667,121.0,51.0,0.0,51.0,e5,JackiePhos,nC,0.6733815385706186
11668,121.0,52.0,0.0,52.0,e1,PPh3,nB,0.1440608266906695
11669,121.0,53.0,0.0,53.0,e9,tBPh-CPhos,nC,0.363549380851319
11670,121.0,54.0,0.0,54.0,e1,CgMe-PPh,nC,0.11816325573626481
11671,121.0,55.0,0.0,55.0,e5,MeO-KITPHOS,nD,0.7150014599477411
11672,121.0,56.0,0.0,56.0,e4,Cy-DavePhos,nA,0.030639879401734644
11673,121.0,57.0,0.0,57.0,e4,Et-PhenCar-Phos,nD,0.045517695769122665
11674,121.0,58.0,0.0,58.0,e10,JackiePhos,nD,0.9619894282107424
11675,121.0,59.0,0.0,59.0,e10,X-Phos,nC,0.732411484160166
11676,121.0,60.0,0.0,60.0,e7,MeO-KITPHOS,nE,0.012124358784725389
11677,121.0,61.0,0.0,61.0,e3,Cy-BippyPhos,nD,0.7257486948775891
11678,121.0,62.0,0.0,62.0,e2,JackiePhos,nE,0.14951065589537862
11679,121.0,63.0,0.0,63.0,e4,A-caPhos,nA,0.066015799846542
11680,121.0,64.0,0.0,64.0,e1,PPhMe2,nF,0.0
11681,121.0,65.0,0.0,65.0,e5,tBPh-CPhos,nA,0.7026512612569452
11682,121.0,66.0,0.0,66.0,e5,"P(3,5-CF3-Ph)3",nI,0.9667861636236104
11683,121.0,67.0,0.0,67.0,e1,X-Phos,nI,0.05873515318530329
11684,121.0,68.0,0.0,68.0,e2,P(o-Anis)3,nI,0.27775277390949565
11685,121.0,69.0,0.0,69.0,e4,"P(3,5-CF3-Ph)3",nF,0.12460832905550522
11686,121.0,70.0,0.0,70.0,e4,Cy-BippyPhos,nI,0.01506826698150689
11687,121.0,71.0,0.0,71.0,e5,Cy-vBRIDP,nA,0.7556883724207524
11688,121.0,72.0,0.0,72.0,e5,PPh3,nG,0.0842244348649542
11689,121.0,73.0,0.0,73.0,e5,PPhtBu2,nC,0.7698254349858591
11690,121.0,74.0,0.0,74.0,e2,BrettPhos,nC,0.18745960828809252
11691,121.0,75.0,0.0,75.0,e5,tBPh-CPhos,nD,0.8244748174600138
11692,121.0,76.0,0.0,76.0,e4,Cy-vBRIDP,nC,0.20302461670836117
11693,121.0,77.0,0.0,77.0,e10,CgMe-PPh,nG,0.4450058594793389
11694,121.0,78.0,0.0,78.0,e10,P(fur)3,nF,0.9483400902675492
11695,121.0,79.0,0.0,79.0,e9,P(fur)3,nF,0.14474013927612028
11696,121.0,80.0,0.0,80.0,e9,PPhtBu2,nI,0.6362211015918549
11697,121.0,81.0,0.0,81.0,e7,CX-PICy,nA,0.4849023858174712
11698,121.0,82.0,0.0,82.0,e3,Et-PhenCar-Phos,nF,0.7168147526183698
11699,121.0,83.0,0.0,83.0,e1,tBPh-CPhos,nA,0.9415665821167656
11700,121.0,84.0,0.0,84.0,e9,JackiePhos,nC,0.3402888306071797
11701,121.0,85.0,0.0,85.0,e5,PPh2Me,nB,0.24852294716245807
11702,121.0,86.0,0.0,86.0,e9,PnBu3 HBF4,nE,0.13881752224258265
11703,121.0,87.0,0.0,87.0,e3,tBPh-CPhos,nF,0.8810310712945111
11704,121.0,88.0,0.0,88.0,e7,CX-FBu,nE,0.001217827266805761
11705,121.0,89.0,0.0,89.0,e3,PCy3 HBF4,nD,0.6525316662080763
11706,121.0,90.0,0.0,90.0,e9,Cy-DavePhos,nI,0.6237855110018449
11707,121.0,91.0,0.0,91.0,e10,Kwong,nD,0.9695200020757685
11708,121.0,92.0,0.0,92.0,e4,Kwong,nC,0.13664049521331256
11709,121.0,93.0,0.0,93.0,e1,tBPh-CPhos,nB,0.13846077071822055
11710,121.0,94.0,0.0,94.0,e9,Ph-PhenCar-Phos,nD,0.6767072029805355
11711,121.0,95.0,0.0,95.0,e3,PPhtBu2,nA,0.3650613273843325
11712,122.0,0.0,0.0,0.0,e1,A-caPhos,nF,0.010702303143673455
11713,122.0,1.0,0.0,1.0,e3,BrettPhos,nE,0.012327416789753938
11714,122.0,2.0,0.0,2.0,e9,CX-FBu,nE,0.04355822240680955
11715,122.0,3.0,0.0,3.0,e3,CX-PICy,nC,0.42737783545851454
11716,122.0,4.0,0.0,4.0,e9,Cy-DavePhos,nG,0.4021743761051082
11717,122.0,5.0,0.0,5.0,e4,Cy-vBRIDP,nE,0.012274316478209889
11718,122.0,6.0,0.0,6.0,e5,Kwong,nI,0.605127225193205
11719,122.0,7.0,0.0,7.0,e10,MeO-KITPHOS,nI,0.8474236030258523
11720,122.0,8.0,0.0,8.0,e9,P(o-Anis)3,nD,0.27540950106892115
11721,122.0,9.0,0.0,9.0,e4,Et-PhenCar-Phos,nI,0.02371214570587278
11722,122.0,10.0,0.0,10.0,e5,JackiePhos,nC,0.6733815385706186
11723,122.0,11.0,0.0,11.0,e3,"P(3,5-CF3-Ph)3",nG,0.13026635301464337
11724,122.0,12.0,0.0,12.0,e10,P(fur)3,nA,0.6938329241091595
11725,122.0,13.0,0.0,13.0,e1,Ph-PhenCar-Phos,nD,0.0693435439672117
11726,122.0,14.0,0.0,14.0,e5,PPh2Me,nF,0.0
11727,122.0,15.0,0.0,15.0,e1,PPhtBu2,nF,0.0
11728,122.0,16.0,0.0,16.0,e9,tBPh-CPhos,nI,0.8988852901963119
11729,122.0,17.0,0.0,17.0,e10,PPhMe2,nD,0.9998377684127633
11730,122.0,18.0,0.0,18.0,e4,Cy-BippyPhos,nG,0.015289072522480941
11731,122.0,19.0,0.0,19.0,e9,PCy3 HBF4,nG,0.4351271395358285
11732,122.0,20.0,0.0,20.0,e2,CgMe-PPh,nF,0.42403845111744487
11733,122.0,21.0,0.0,21.0,e7,PPh3,nD,0.9958253430037467
11734,122.0,22.0,0.0,22.0,e5,X-Phos,nA,0.7308372177455247
11735,122.0,23.0,0.0,23.0,e9,PnBu3 HBF4,nG,0.39354534074743824
11736,122.0,24.0,0.0,24.0,e1,PPhMe2,nD,0.0
11737,122.0,25.0,0.0,25.0,e4,PPh3,nB,0.04245983275840727
11738,122.0,26.0,0.0,26.0,e3,tBPh-CPhos,nF,0.8810310712945111
11739,122.0,27.0,0.0,27.0,e10,MeO-KITPHOS,nB,0.3900451840459689
11740,122.0,28.0,0.0,28.0,e1,X-Phos,nG,0.030496859953677565
11741,122.0,29.0,0.0,29.0,e3,P(fur)3,nA,0.16816044846520725
11742,122.0,30.0,0.0,30.0,e10,JackiePhos,nB,0.3412973722922598
11743,122.0,31.0,0.0,31.0,e9,Kwong,nF,0.6183071390945252
11744,122.0,32.0,0.0,32.0,e4,PCy3 HBF4,nC,0.08261648826420669
11745,122.0,33.0,0.0,33.0,e5,CX-PICy,nE,0.19791536280621153
11746,122.0,34.0,0.0,34.0,e7,CgMe-PPh,nF,0.8590504388988899
11747,122.0,35.0,0.0,35.0,e2,Cy-DavePhos,nG,0.27117001204677615
11748,122.0,36.0,0.0,36.0,e7,PnBu3 HBF4,nI,0.07769044425257474
11749,122.0,37.0,0.0,37.0,e1,tBPh-CPhos,nI,0.239947127680601
11750,122.0,38.0,0.0,38.0,e1,P(o-Anis)3,nB,0.11943131203109891
11751,122.0,39.0,0.0,39.0,e7,"P(3,5-CF3-Ph)3",nF,0.4547323879793554
11752,122.0,40.0,0.0,40.0,e5,Ph-PhenCar-Phos,nD,0.05973892971813824
11753,122.0,41.0,0.0,41.0,e9,CgMe-PPh,nI,0.9133569283838853
11754,122.0,42.0,0.0,42.0,e10,CX-FBu,nA,0.11933660384887412
11755,122.0,43.0,0.0,43.0,e7,MeO-KITPHOS,nA,0.11368563470080227
11756,122.0,44.0,0.0,44.0,e9,Kwong,nC,0.3519968307033692
11757,122.0,45.0,0.0,45.0,e3,Et-PhenCar-Phos,nD,0.6274812834141975
11758,122.0,46.0,0.0,46.0,e4,Cy-BippyPhos,nF,0.16766741748867858
11759,122.0,47.0,0.0,47.0,e1,BrettPhos,nB,0.023933086062199235
11760,122.0,48.0,0.0,48.0,e4,Cy-vBRIDP,nD,0.0814370688803937
11761,122.0,49.0,0.0,49.0,e1,A-caPhos,nA,0.24027073531882212
11762,122.0,50.0,0.0,50.0,e3,PPh2Me,nC,0.4855178301327266
11763,122.0,51.0,0.0,51.0,e5,PPhtBu2,nB,0.26686542642109434
11764,122.0,52.0,0.0,52.0,e2,PPh3,nA,0.008904947561475468
11765,122.0,53.0,0.0,53.0,e10,JackiePhos,nD,0.9619894282107424
11766,122.0,54.0,0.0,54.0,e10,PPhMe2,nC,0.711717873982058
11767,122.0,55.0,0.0,55.0,e5,CgMe-PPh,nI,0.8762416176625111
11768,122.0,56.0,0.0,56.0,e1,P(fur)3,nD,0.027849023497232013
11769,122.0,57.0,0.0,57.0,e10,tBPh-CPhos,nA,0.738775541606104
11770,122.0,58.0,0.0,58.0,e9,JackiePhos,nF,0.9465936072978836
11771,122.0,59.0,0.0,59.0,e4,X-Phos,nG,0.014305219597103146
11772,122.0,60.0,0.0,60.0,e5,CgMe-PPh,nB,0.24129886485371901
11773,122.0,61.0,0.0,61.0,e4,Cy-DavePhos,nC,0.365792749214354
11774,122.0,62.0,0.0,62.0,e9,Et-PhenCar-Phos,nB,0.15268768262180096
11775,122.0,63.0,0.0,63.0,e7,JackiePhos,nD,0.9134460718332484
11776,122.0,64.0,0.0,64.0,e4,CX-PICy,nA,0.04719868390618946
11777,122.0,65.0,0.0,65.0,e9,PPhMe2,nG,0.16312105796441556
11778,122.0,66.0,0.0,66.0,e4,"P(3,5-CF3-Ph)3",nB,0.027212247580631236
11779,122.0,67.0,0.0,67.0,e9,tBPh-CPhos,nF,0.9724754898127265
11780,122.0,68.0,0.0,68.0,e2,Kwong,nF,0.7262280592039937
11781,122.0,69.0,0.0,69.0,e3,PCy3 HBF4,nI,0.33946967608816647
11782,122.0,70.0,0.0,70.0,e4,JackiePhos,nG,0.011497397001572884
11783,122.0,71.0,0.0,71.0,e7,PPh2Me,nG,0.01761201016057301
11784,122.0,72.0,0.0,72.0,e9,PnBu3 HBF4,nB,0.05641430852865334
11785,122.0,73.0,0.0,73.0,e2,tBPh-CPhos,nA,0.8502272930334943
11786,122.0,74.0,0.0,74.0,e5,P(o-Anis)3,nB,0.08805288524342034
11787,122.0,75.0,0.0,75.0,e1,MeO-KITPHOS,nF,0.01625313158601373
11788,122.0,76.0,0.0,76.0,e3,tBPh-CPhos,nC,0.4601786928065039
11789,122.0,77.0,0.0,77.0,e9,Kwong,nB,0.11088834300612632
11790,122.0,78.0,0.0,78.0,e4,CgMe-PPh,nF,0.15676724879802045
11791,122.0,79.0,0.0,79.0,e7,PPhtBu2,nD,0.17084686391608417
11792,122.0,80.0,0.0,80.0,e4,A-caPhos,nB,0.0
11793,122.0,81.0,0.0,81.0,e3,Cy-BippyPhos,nB,0.2278488766711775
11794,122.0,82.0,0.0,82.0,e7,PPh3,nB,0.20864817755410225
11795,122.0,83.0,0.0,83.0,e9,Cy-DavePhos,nB,0.10197404268440335
11796,122.0,84.0,0.0,84.0,e2,CX-FBu,nI,0.26811246651325454
11797,122.0,85.0,0.0,85.0,e3,Ph-PhenCar-Phos,nI,0.1932605709368885
11798,122.0,86.0,0.0,86.0,e7,tBPh-CPhos,nB,0.313551181342256
11799,122.0,87.0,0.0,87.0,e4,PPhMe2,nA,0.0
11800,122.0,88.0,0.0,88.0,e3,Cy-vBRIDP,nA,0.6444005049983973
11801,122.0,89.0,0.0,89.0,e7,JackiePhos,nI,0.6032624128682527
11802,122.0,90.0,0.0,90.0,e9,P(fur)3,nD,0.6308820906080369
11803,122.0,91.0,0.0,91.0,e10,PCy3 HBF4,nI,0.2597424074177721
11804,122.0,92.0,0.0,92.0,e3,BrettPhos,nD,0.19688586421207319
11805,122.0,93.0,0.0,93.0,e9,Et-PhenCar-Phos,nG,0.46505962614221114
11806,122.0,94.0,0.0,94.0,e2,X-Phos,nF,0.2803025402995705
11807,122.0,95.0,0.0,95.0,e10,Cy-vBRIDP,nD,0.9843096018311139
11808,123.0,0.0,0.0,0.0,e10,A-caPhos,nD,1.0
11809,123.0,1.0,0.0,1.0,e2,BrettPhos,nG,0.08281407991024353
11810,123.0,2.0,0.0,2.0,e9,CX-FBu,nC,0.07578393225824319
11811,123.0,3.0,0.0,3.0,e3,CX-PICy,nD,0.6575942693885647
11812,123.0,4.0,0.0,4.0,e1,Cy-DavePhos,nF,0.0
11813,123.0,5.0,0.0,5.0,e4,Cy-vBRIDP,nB,0.0
11814,123.0,6.0,0.0,6.0,e4,Kwong,nB,0.0
11815,123.0,7.0,0.0,7.0,e5,MeO-KITPHOS,nI,0.7966198404456795
11816,123.0,8.0,0.0,8.0,e3,P(o-Anis)3,nC,0.5299247414529387
11817,123.0,9.0,0.0,9.0,e4,Et-PhenCar-Phos,nC,0.5137778282322677
11818,123.0,10.0,0.0,10.0,e5,JackiePhos,nF,0.046842070771333566
11819,123.0,11.0,0.0,11.0,e5,"P(3,5-CF3-Ph)3",nC,0.6576198548980737
11820,123.0,12.0,0.0,12.0,e5,P(fur)3,nD,0.7206680265827334
11821,123.0,13.0,0.0,13.0,e7,Ph-PhenCar-Phos,nA,0.20865958976807292
11822,123.0,14.0,0.0,14.0,e7,PPh2Me,nI,0.05866681747449082
11823,123.0,15.0,0.0,15.0,e1,PPhtBu2,nE,0.04945600408311233
11824,123.0,16.0,0.0,16.0,e9,tBPh-CPhos,nG,0.5841317864497397
11825,123.0,17.0,0.0,17.0,e9,PPhMe2,nA,0.1450743291828029
11826,123.0,18.0,0.0,18.0,e1,Cy-BippyPhos,nD,0.19322800249768834
11827,123.0,19.0,0.0,19.0,e7,PCy3 HBF4,nD,0.14803355669666612
11828,123.0,20.0,0.0,20.0,e9,CgMe-PPh,nC,0.40356850702768715
11829,123.0,21.0,0.0,21.0,e9,PPh3,nA,0.4432722730662406
11830,123.0,22.0,0.0,22.0,e3,X-Phos,nE,0.1548016728315108
11831,123.0,23.0,0.0,23.0,e2,PnBu3 HBF4,nF,0.09742653300738942
11832,123.0,24.0,0.0,24.0,e2,A-caPhos,nA,0.007619382274939298
11833,123.0,25.0,0.0,25.0,e4,MeO-KITPHOS,nD,0.01764759420350764
11834,123.0,26.0,0.0,26.0,e9,P(fur)3,nG,0.3593925605569053
11835,123.0,27.0,0.0,27.0,e4,"P(3,5-CF3-Ph)3",nI,0.07226229178364636
11836,123.0,28.0,0.0,28.0,e5,CX-PICy,nB,0.25414471887183276
11837,123.0,29.0,0.0,29.0,e3,tBPh-CPhos,nC,0.4601786928065039
11838,123.0,30.0,0.0,30.0,e9,P(o-Anis)3,nE,0.015334735124532104
11839,123.0,31.0,0.0,31.0,e4,Et-PhenCar-Phos,nB,0.016893387098010963
11840,123.0,32.0,0.0,32.0,e2,PPh3,nF,0.46094142786882736
11841,123.0,33.0,0.0,33.0,e3,CgMe-PPh,nE,0.13080909557688172
11842,123.0,34.0,0.0,34.0,e5,Ph-PhenCar-Phos,nG,0.0
11843,123.0,35.0,0.0,35.0,e2,Cy-BippyPhos,nA,0.947422522089135
11844,123.0,36.0,0.0,36.0,e7,X-Phos,nD,0.3829370574937559
11845,123.0,37.0,0.0,37.0,e3,PCy3 HBF4,nI,0.33946967608816647
11846,123.0,38.0,0.0,38.0,e2,PPhMe2,nF,0.6752763886691495
11847,123.0,39.0,0.0,39.0,e9,PnBu3 HBF4,nC,0.29786886006957153
11848,123.0,40.0,0.0,40.0,e3,BrettPhos,nE,0.012327416789753938
11849,123.0,41.0,0.0,41.0,e1,CX-FBu,nC,0.027604957748843088
11850,123.0,42.0,0.0,42.0,e3,PPh2Me,nE,0.10038963691603196
11851,123.0,43.0,0.0,43.0,e4,PPhtBu2,nA,0.03055984955910126
11852,123.0,44.0,0.0,44.0,e3,JackiePhos,nG,0.6578858211575712
11853,123.0,45.0,0.0,45.0,e9,Cy-DavePhos,nI,0.6237855110018449
11854,123.0,46.0,0.0,46.0,e1,Cy-vBRIDP,nE,0.10273481023694789
11855,123.0,47.0,0.0,47.0,e2,Kwong,nC,0.5542025006813295
11856,123.0,48.0,0.0,48.0,e1,Cy-BippyPhos,nB,0.16085798150695332
11857,123.0,49.0,0.0,49.0,e7,P(fur)3,nF,0.003960698397596189
11858,123.0,50.0,0.0,50.0,e3,tBPh-CPhos,nE,0.18973560206253479
11859,123.0,51.0,0.0,51.0,e2,A-caPhos,nC,0.6792763491019146
11860,123.0,52.0,0.0,52.0,e2,CX-PICy,nD,0.844934148288056
11861,123.0,53.0,0.0,53.0,e4,PPh3,nC,0.31241818275827216
11862,123.0,54.0,0.0,54.0,e7,PPhMe2,nC,0.45538465088279884
11863,123.0,55.0,0.0,55.0,e5,MeO-KITPHOS,nE,0.20090081346750718
11864,123.0,56.0,0.0,56.0,e1,"P(3,5-CF3-Ph)3",nD,0.1717712180634414
11865,123.0,57.0,0.0,57.0,e4,JackiePhos,nD,0.03756510618398426
11866,123.0,58.0,0.0,58.0,e2,CX-PICy,nA,0.6627082272144782
11867,123.0,59.0,0.0,59.0,e2,Cy-DavePhos,nD,0.8600984767103315
11868,123.0,60.0,0.0,60.0,e10,A-caPhos,nB,0.05297439210885078
11869,123.0,61.0,0.0,61.0,e3,Kwong,nF,0.751341990836228
11870,123.0,62.0,0.0,62.0,e9,P(o-Anis)3,nA,0.15362948073366284
11871,123.0,63.0,0.0,63.0,e3,X-Phos,nI,0.43402238114543207
11872,123.0,64.0,0.0,64.0,e2,CgMe-PPh,nF,0.42403845111744487
11873,123.0,65.0,0.0,65.0,e7,Et-PhenCar-Phos,nC,0.7443135007935773
11874,123.0,66.0,0.0,66.0,e2,PCy3 HBF4,nC,0.7514550742860919
11875,123.0,67.0,0.0,67.0,e3,Cy-DavePhos,nA,0.4587692631158191
11876,123.0,68.0,0.0,68.0,e3,PnBu3 HBF4,nG,0.28320116621218205
11877,123.0,69.0,0.0,69.0,e10,CX-PICy,nD,0.8614801884008014
11878,123.0,70.0,0.0,70.0,e3,Kwong,nA,0.52844484704448
11879,123.0,71.0,0.0,71.0,e4,Cy-BippyPhos,nD,0.0
11880,123.0,72.0,0.0,72.0,e10,PPhMe2,nI,0.5272307031167799
11881,123.0,73.0,0.0,73.0,e10,Et-PhenCar-Phos,nD,0.9813444766852435
11882,123.0,74.0,0.0,74.0,e7,PCy3 HBF4,nF,0.11910164690015072
11883,123.0,75.0,0.0,75.0,e5,tBPh-CPhos,nD,0.8244748174600138
11884,123.0,76.0,0.0,76.0,e1,Et-PhenCar-Phos,nA,0.5211070217161989
11885,123.0,77.0,0.0,77.0,e10,PPh3,nC,0.8555703332989744
11886,123.0,78.0,0.0,78.0,e5,CX-PICy,nF,0.5063471923786179
11887,123.0,79.0,0.0,79.0,e1,Ph-PhenCar-Phos,nD,0.0693435439672117
11888,123.0,80.0,0.0,80.0,e2,PPh3,nB,0.06113101017244386
11889,123.0,81.0,0.0,81.0,e4,P(fur)3,nG,0.003303003899865808
11890,123.0,82.0,0.0,82.0,e10,tBPh-CPhos,nD,1.0
11891,123.0,83.0,0.0,83.0,e7,tBPh-CPhos,nI,0.3070094849804215
11892,123.0,84.0,0.0,84.0,e1,PPh2Me,nB,0.01727201608687613
11893,123.0,85.0,0.0,85.0,e7,MeO-KITPHOS,nE,0.012124358784725389
11894,123.0,86.0,0.0,86.0,e3,Cy-DavePhos,nE,0.1655425072853271
11895,123.0,87.0,0.0,87.0,e9,X-Phos,nB,0.1353117060763067
11896,123.0,88.0,0.0,88.0,e7,CgMe-PPh,nG,0.20467687014770913
11897,123.0,89.0,0.0,89.0,e10,CX-FBu,nF,0.19352259897861
11898,123.0,90.0,0.0,90.0,e3,Cy-vBRIDP,nC,0.48120632702460653
11899,123.0,91.0,0.0,91.0,e5,BrettPhos,nA,0.2635639912874397
11900,123.0,92.0,0.0,92.0,e3,Kwong,nI,0.27368874204771254
11901,123.0,93.0,0.0,93.0,e5,"P(3,5-CF3-Ph)3",nA,0.6652219449652172
11902,123.0,94.0,0.0,94.0,e7,PPhtBu2,nA,0.22643925135847556
11903,123.0,95.0,0.0,95.0,e9,PPhMe2,nC,0.30440801781180693
11904,124.0,0.0,0.0,0.0,e9,A-caPhos,nD,0.5903907562753792
11905,124.0,1.0,0.0,1.0,e4,BrettPhos,nE,0.020587634820407864
11906,124.0,2.0,0.0,2.0,e1,CX-FBu,nA,0.06728168343034004
11907,124.0,3.0,0.0,3.0,e9,CX-PICy,nA,0.22214179192108488
11908,124.0,4.0,0.0,4.0,e7,Cy-DavePhos,nC,0.43870094090204687
11909,124.0,5.0,0.0,5.0,e1,Cy-vBRIDP,nC,0.021046518566206512
11910,124.0,6.0,0.0,6.0,e1,Kwong,nF,0.04076651100940088
11911,124.0,7.0,0.0,7.0,e5,MeO-KITPHOS,nG,0.5037716636607265
11912,124.0,8.0,0.0,8.0,e2,P(o-Anis)3,nI,0.27775277390949565
11913,124.0,9.0,0.0,9.0,e9,Et-PhenCar-Phos,nC,0.3799408105497681
11914,124.0,10.0,0.0,10.0,e9,JackiePhos,nE,0.1414633901753113
11915,124.0,11.0,0.0,11.0,e9,"P(3,5-CF3-Ph)3",nB,0.06814180345199915
11916,124.0,12.0,0.0,12.0,e5,P(fur)3,nF,0.766688957978976
11917,124.0,13.0,0.0,13.0,e3,Ph-PhenCar-Phos,nF,0.5701705660870041
11918,124.0,14.0,0.0,14.0,e7,PPh2Me,nI,0.05866681747449082
11919,124.0,15.0,0.0,15.0,e2,PPhtBu2,nB,0.2956916574075555
11920,124.0,16.0,0.0,16.0,e9,tBPh-CPhos,nG,0.5841317864497397
11921,124.0,17.0,0.0,17.0,e10,PPhMe2,nE,0.1008193657573415
11922,124.0,18.0,0.0,18.0,e2,Cy-BippyPhos,nD,0.899766462439471
11923,124.0,19.0,0.0,19.0,e4,PCy3 HBF4,nC,0.08261648826420669
11924,124.0,20.0,0.0,20.0,e5,CgMe-PPh,nF,0.4710660416220753
11925,124.0,21.0,0.0,21.0,e1,PPh3,nF,0.033638963742203404
11926,124.0,22.0,0.0,22.0,e2,X-Phos,nA,0.7289375568068931
11927,124.0,23.0,0.0,23.0,e7,PnBu3 HBF4,nE,0.0
11928,124.0,24.0,0.0,24.0,e10,Cy-BippyPhos,nD,1.0
11929,124.0,25.0,0.0,25.0,e10,P(fur)3,nD,0.986548910086449
11930,124.0,26.0,0.0,26.0,e9,X-Phos,nF,0.7946437444937127
11931,124.0,27.0,0.0,27.0,e2,A-caPhos,nF,0.09240764466838348
11932,124.0,28.0,0.0,28.0,e1,tBPh-CPhos,nE,0.10531846896621012
11933,124.0,29.0,0.0,29.0,e3,Ph-PhenCar-Phos,nI,0.1932605709368885
11934,124.0,30.0,0.0,30.0,e5,MeO-KITPHOS,nF,0.6717033584808797
11935,124.0,31.0,0.0,31.0,e3,CgMe-PPh,nB,0.2170305015470435
11936,124.0,32.0,0.0,32.0,e7,Cy-DavePhos,nD,0.7185111182227426
11937,124.0,33.0,0.0,33.0,e5,Et-PhenCar-Phos,nE,0.1555337724688785
11938,124.0,34.0,0.0,34.0,e5,Cy-BippyPhos,nB,0.35550155976803
11939,124.0,35.0,0.0,35.0,e7,PPhtBu2,nC,0.30473655831052726
11940,124.0,36.0,0.0,36.0,e3,P(fur)3,nB,0.048815786923134194
11941,124.0,37.0,0.0,37.0,e1,P(o-Anis)3,nG,0.06451864020112658
11942,124.0,38.0,0.0,38.0,e9,CX-PICy,nG,0.3105609528066332
11943,124.0,39.0,0.0,39.0,e2,X-Phos,nI,0.5461500672967297
11944,124.0,40.0,0.0,40.0,e3,JackiePhos,nI,0.44377710899114275
11945,124.0,41.0,0.0,41.0,e1,PPhMe2,nB,0.028702661498009253
11946,124.0,42.0,0.0,42.0,e1,PCy3 HBF4,nF,0.0936542572430908
11947,124.0,43.0,0.0,43.0,e7,"P(3,5-CF3-Ph)3",nA,0.10610513723257087
11948,124.0,44.0,0.0,44.0,e4,CX-FBu,nG,0.020464891268564923
11949,124.0,45.0,0.0,45.0,e7,PPh2Me,nD,0.1229873725585538
11950,124.0,46.0,0.0,46.0,e9,Kwong,nE,0.16023618350267255
11951,124.0,47.0,0.0,47.0,e7,PPh3,nA,0.39316365606983517
11952,124.0,48.0,0.0,48.0,e9,Cy-vBRIDP,nC,0.3462977628869725
11953,124.0,49.0,0.0,49.0,e3,BrettPhos,nE,0.012327416789753938
11954,124.0,50.0,0.0,50.0,e4,MeO-KITPHOS,nC,0.5583920453812025
11955,124.0,51.0,0.0,51.0,e5,PnBu3 HBF4,nB,0.017097729724094155
11956,124.0,52.0,0.0,52.0,e10,Cy-DavePhos,nD,0.9577552674723959
11957,124.0,53.0,0.0,53.0,e2,Cy-BippyPhos,nF,0.5159368139266189
11958,124.0,54.0,0.0,54.0,e10,Cy-DavePhos,nI,0.7834423636635293
11959,124.0,55.0,0.0,55.0,e7,X-Phos,nG,0.0
11960,124.0,56.0,0.0,56.0,e2,Ph-PhenCar-Phos,nF,0.02360378244278219
11961,124.0,57.0,0.0,57.0,e3,tBPh-CPhos,nC,0.4601786928065039
11962,124.0,58.0,0.0,58.0,e10,CgMe-PPh,nE,0.0683436736393753
11963,124.0,59.0,0.0,59.0,e9,A-caPhos,nC,0.3325995428251358
11964,124.0,60.0,0.0,60.0,e4,P(fur)3,nC,0.5121985356201784
11965,124.0,61.0,0.0,61.0,e1,MeO-KITPHOS,nE,0.04671760971453625
11966,124.0,62.0,0.0,62.0,e5,Cy-DavePhos,nA,0.7763833572037856
11967,124.0,63.0,0.0,63.0,e10,PPhtBu2,nC,0.7230058104876745
11968,124.0,64.0,0.0,64.0,e5,JackiePhos,nI,0.6882070592144776
11969,124.0,65.0,0.0,65.0,e1,Cy-BippyPhos,nF,0.042463401107959806
11970,124.0,66.0,0.0,66.0,e1,Et-PhenCar-Phos,nB,0.04532172338475905
11971,124.0,67.0,0.0,67.0,e4,CX-PICy,nF,0.11376981015319125
11972,124.0,68.0,0.0,68.0,e10,Cy-DavePhos,nB,0.3746301004551704
11973,124.0,69.0,0.0,69.0,e10,PPh3,nD,0.9785597434506366
11974,124.0,70.0,0.0,70.0,e3,PPh3,nI,0.029763654521305326
11975,124.0,71.0,0.0,71.0,e4,Cy-vBRIDP,nI,0.08512605466614513
11976,124.0,72.0,0.0,72.0,e9,PPhtBu2,nG,0.2561213944420894
11977,124.0,73.0,0.0,73.0,e1,P(o-Anis)3,nC,0.2646743135782516
11978,124.0,74.0,0.0,74.0,e9,JackiePhos,nB,0.12673454703525938
11979,124.0,75.0,0.0,75.0,e10,P(fur)3,nI,0.900708416999593
11980,124.0,76.0,0.0,76.0,e9,tBPh-CPhos,nA,0.5070576131604569
11981,124.0,77.0,0.0,77.0,e1,P(fur)3,nE,0.030488115443860403
11982,124.0,78.0,0.0,78.0,e3,X-Phos,nE,0.1548016728315108
11983,124.0,79.0,0.0,79.0,e2,Kwong,nE,0.15385645810893028
11984,124.0,80.0,0.0,80.0,e4,PPh2Me,nG,0.04035626265938144
11985,124.0,81.0,0.0,81.0,e4,PCy3 HBF4,nI,0.08784137609541397
11986,124.0,82.0,0.0,82.0,e7,"P(3,5-CF3-Ph)3",nD,0.7248719169293781
11987,124.0,83.0,0.0,83.0,e3,A-caPhos,nB,0.12487445849811245
11988,124.0,84.0,0.0,84.0,e2,Cy-DavePhos,nI,0.6644450399368388
11989,124.0,85.0,0.0,85.0,e3,PPhMe2,nD,0.17694079610526336
11990,124.0,86.0,0.0,86.0,e7,CX-FBu,nF,0.0
11991,124.0,87.0,0.0,87.0,e3,Cy-BippyPhos,nD,0.7257486948775891
11992,124.0,88.0,0.0,88.0,e4,"P(3,5-CF3-Ph)3",nB,0.027212247580631236
11993,124.0,89.0,0.0,89.0,e10,MeO-KITPHOS,nF,0.8931997261223513
11994,124.0,90.0,0.0,90.0,e4,BrettPhos,nI,0.0
11995,124.0,91.0,0.0,91.0,e9,Cy-DavePhos,nE,0.11425610500152658
11996,124.0,92.0,0.0,92.0,e4,MeO-KITPHOS,nD,0.01764759420350764
11997,124.0,93.0,0.0,93.0,e10,PnBu3 HBF4,nE,0.04185113905030638
11998,124.0,94.0,0.0,94.0,e9,Ph-PhenCar-Phos,nG,0.441238259560321
11999,124.0,95.0,0.0,95.0,e10,tBPh-CPhos,nI,0.7208013397621875
12000,125.0,0.0,0.0,0.0,e3,A-caPhos,nF,0.7082011417231325
12001,125.0,1.0,0.0,1.0,e3,BrettPhos,nD,0.19688586421207319
12002,125.0,2.0,0.0,2.0,e3,CX-FBu,nC,0.10650096099207426
12003,125.0,3.0,0.0,3.0,e7,CX-PICy,nC,0.5896946040296001
12004,125.0,4.0,0.0,4.0,e9,Cy-DavePhos,nG,0.4021743761051082
12005,125.0,5.0,0.0,5.0,e4,Cy-vBRIDP,nD,0.0814370688803937
12006,125.0,6.0,0.0,6.0,e1,Kwong,nD,0.08645291673067909
12007,125.0,7.0,0.0,7.0,e3,MeO-KITPHOS,nE,0.10167919655151128
12008,125.0,8.0,0.0,8.0,e3,P(o-Anis)3,nE,0.0347685138498739
12009,125.0,9.0,0.0,9.0,e7,Et-PhenCar-Phos,nD,1.0
12010,125.0,10.0,0.0,10.0,e1,JackiePhos,nB,0.15130453997269813
12011,125.0,11.0,0.0,11.0,e9,"P(3,5-CF3-Ph)3",nB,0.06814180345199915
12012,125.0,12.0,0.0,12.0,e7,P(fur)3,nE,0.0
12013,125.0,13.0,0.0,13.0,e10,Ph-PhenCar-Phos,nA,0.4084319710624149
12014,125.0,14.0,0.0,14.0,e4,PPh2Me,nI,0.011948259243086866
12015,125.0,15.0,0.0,15.0,e9,PPhtBu2,nA,0.22969981648958007
12016,125.0,16.0,0.0,16.0,e3,tBPh-CPhos,nD,0.7179271330497705
12017,125.0,17.0,0.0,17.0,e5,PPhMe2,nA,0.6471944961567562
12018,125.0,18.0,0.0,18.0,e7,Cy-BippyPhos,nG,0.3885701449233445
12019,125.0,19.0,0.0,19.0,e3,PCy3 HBF4,nI,0.33946967608816647
12020,125.0,20.0,0.0,20.0,e4,CgMe-PPh,nC,0.07729202271014396
12021,125.0,21.0,0.0,21.0,e1,PPh3,nG,0.03305769806250671
12022,125.0,22.0,0.0,22.0,e5,X-Phos,nA,0.7308372177455247
12023,125.0,23.0,0.0,23.0,e10,PnBu3 HBF4,nD,1.0
12024,125.0,24.0,0.0,24.0,e3,Et-PhenCar-Phos,nD,0.6274812834141975
12025,125.0,25.0,0.0,25.0,e5,PnBu3 HBF4,nD,0.7923101429985819
12026,125.0,26.0,0.0,26.0,e2,X-Phos,nF,0.2803025402995705
12027,125.0,27.0,0.0,27.0,e1,tBPh-CPhos,nE,0.10531846896621012
12028,125.0,28.0,0.0,28.0,e1,A-caPhos,nC,0.08326557611388505
12029,125.0,29.0,0.0,29.0,e9,PPhMe2,nF,0.0
12030,125.0,30.0,0.0,30.0,e3,CX-PICy,nG,0.45815090380182744
12031,125.0,31.0,0.0,31.0,e7,Ph-PhenCar-Phos,nF,0.17977391419077005
12032,125.0,32.0,0.0,32.0,e7,Cy-DavePhos,nB,0.2152450446486366
12033,125.0,33.0,0.0,33.0,e1,Cy-BippyPhos,nC,0.12530079881726516
12034,125.0,34.0,0.0,34.0,e10,PCy3 HBF4,nI,0.2597424074177721
12035,125.0,35.0,0.0,35.0,e5,PnBu3 HBF4,nB,0.017097729724094155
12036,125.0,36.0,0.0,36.0,e9,PPhtBu2,nE,0.15317274654488514
12037,125.0,37.0,0.0,37.0,e4,Et-PhenCar-Phos,nE,0.006684621137560202
12038,125.0,38.0,0.0,38.0,e10,BrettPhos,nD,0.9370714187232184
12039,125.0,39.0,0.0,39.0,e3,JackiePhos,nC,0.5634096118513189
12040,125.0,40.0,0.0,40.0,e4,CX-FBu,nD,0.01181462181211995
12041,125.0,41.0,0.0,41.0,e5,MeO-KITPHOS,nB,0.28637906683057796
12042,125.0,42.0,0.0,42.0,e4,Kwong,nD,0.07279928824098204
12043,125.0,43.0,0.0,43.0,e3,Cy-vBRIDP,nC,0.48120632702460653
12044,125.0,44.0,0.0,44.0,e7,CgMe-PPh,nB,0.11466820021189443
12045,125.0,45.0,0.0,45.0,e9,"P(3,5-CF3-Ph)3",nD,0.44318159981050437
12046,125.0,46.0,0.0,46.0,e10,P(o-Anis)3,nI,0.12648823608270143
12047,125.0,47.0,0.0,47.0,e9,PPh3,nI,0.45913414385457335
12048,125.0,48.0,0.0,48.0,e1,PPh2Me,nF,0.03516179379382025
12049,125.0,49.0,0.0,49.0,e1,P(fur)3,nF,0.0
12050,125.0,50.0,0.0,50.0,e9,BrettPhos,nB,0.015005675905422431
12051,125.0,51.0,0.0,51.0,e4,CX-PICy,nE,0.044118367259479443
12052,125.0,52.0,0.0,52.0,e4,X-Phos,nB,0.0
12053,125.0,53.0,0.0,53.0,e9,tBPh-CPhos,nI,0.8988852901963119
12054,125.0,54.0,0.0,54.0,e1,A-caPhos,nE,0.03499297317844621
12055,125.0,55.0,0.0,55.0,e1,JackiePhos,nG,0.16044985000151907
12056,125.0,56.0,0.0,56.0,e3,PnBu3 HBF4,nA,0.08612679775706653
12057,125.0,57.0,0.0,57.0,e5,PPhMe2,nD,0.7767748774157355
12058,125.0,58.0,0.0,58.0,e7,tBPh-CPhos,nB,0.313551181342256
12059,125.0,59.0,0.0,59.0,e3,Cy-DavePhos,nF,0.8181899294726043
12060,125.0,60.0,0.0,60.0,e1,PCy3 HBF4,nC,0.12548596697694442
12061,125.0,61.0,0.0,61.0,e9,Ph-PhenCar-Phos,nD,0.6767072029805355
12062,125.0,62.0,0.0,62.0,e7,Et-PhenCar-Phos,nA,0.46105828561415296
12063,125.0,63.0,0.0,63.0,e7,Cy-vBRIDP,nD,0.5488733534623731
12064,125.0,64.0,0.0,64.0,e4,Cy-BippyPhos,nB,0.001309200773603058
12065,125.0,65.0,0.0,65.0,e5,"P(3,5-CF3-Ph)3",nE,0.16245071334673533
12066,125.0,66.0,0.0,66.0,e3,PPh3,nA,0.08557652021695743
12067,125.0,67.0,0.0,67.0,e5,Cy-DavePhos,nB,0.24820523727080449
12068,125.0,68.0,0.0,68.0,e2,PPhMe2,nE,0.206575885338896
12069,125.0,69.0,0.0,69.0,e10,MeO-KITPHOS,nI,0.8474236030258523
12070,125.0,70.0,0.0,70.0,e4,PPhtBu2,nG,0.010529758099421742
12071,125.0,71.0,0.0,71.0,e1,Ph-PhenCar-Phos,nF,0.03399207920306404
12072,125.0,72.0,0.0,72.0,e3,MeO-KITPHOS,nF,0.6190014842829609
12073,125.0,73.0,0.0,73.0,e7,BrettPhos,nG,0.0
12074,125.0,74.0,0.0,74.0,e5,Cy-vBRIDP,nG,0.40071151817911255
12075,125.0,75.0,0.0,75.0,e7,Et-PhenCar-Phos,nE,0.05718031328307803
12076,125.0,76.0,0.0,76.0,e3,CX-PICy,nE,0.1788347445386581
12077,125.0,77.0,0.0,77.0,e10,CgMe-PPh,nB,0.26208153455778976
12078,125.0,78.0,0.0,78.0,e2,tBPh-CPhos,nC,0.6045475370510676
12079,125.0,79.0,0.0,79.0,e5,P(o-Anis)3,nE,0.08503037414620321
12080,125.0,80.0,0.0,80.0,e1,Kwong,nE,0.07063982159185266
12081,125.0,81.0,0.0,81.0,e10,X-Phos,nD,0.9917865678194812
12082,125.0,82.0,0.0,82.0,e7,X-Phos,nG,0.0
12083,125.0,83.0,0.0,83.0,e5,PnBu3 HBF4,nI,0.39796639204159534
12084,125.0,84.0,0.0,84.0,e9,CX-FBu,nE,0.04355822240680955
12085,125.0,85.0,0.0,85.0,e2,MeO-KITPHOS,nG,0.2917340042609233
12086,125.0,86.0,0.0,86.0,e2,JackiePhos,nD,0.8885726039005069
12087,125.0,87.0,0.0,87.0,e9,JackiePhos,nE,0.1414633901753113
12088,125.0,88.0,0.0,88.0,e10,PPh2Me,nE,0.052986997437251694
12089,125.0,89.0,0.0,89.0,e10,A-caPhos,nG,0.030747624704373516
12090,125.0,90.0,0.0,90.0,e5,tBPh-CPhos,nI,0.8432755599410124
12091,125.0,91.0,0.0,91.0,e9,Cy-DavePhos,nF,0.869939977523386
12092,125.0,92.0,0.0,92.0,e7,P(fur)3,nI,0.30508908766736764
12093,125.0,93.0,0.0,93.0,e4,PPhMe2,nI,0.0
12094,125.0,94.0,0.0,94.0,e4,Cy-DavePhos,nA,0.030639879401734644
12095,125.0,95.0,0.0,95.0,e1,tBPh-CPhos,nG,0.12674104413371357
12096,126.0,0.0,0.0,0.0,e7,A-caPhos,nD,0.45969276976080437
12097,126.0,1.0,0.0,1.0,e3,BrettPhos,nC,0.13197723746779189
12098,126.0,2.0,0.0,2.0,e5,CX-FBu,nE,0.034021070951704015
12099,126.0,3.0,0.0,3.0,e1,CX-PICy,nF,0.035498905100854815
12100,126.0,4.0,0.0,4.0,e2,Cy-DavePhos,nE,0.13508476980027337
12101,126.0,5.0,0.0,5.0,e3,Cy-vBRIDP,nC,0.48120632702460653
12102,126.0,6.0,0.0,6.0,e2,Kwong,nE,0.15385645810893028
12103,126.0,7.0,0.0,7.0,e4,MeO-KITPHOS,nG,0.028037897530188406
12104,126.0,8.0,0.0,8.0,e10,P(o-Anis)3,nB,0.07857661737600978
12105,126.0,9.0,0.0,9.0,e1,Et-PhenCar-Phos,nB,0.04532172338475905
12106,126.0,10.0,0.0,10.0,e3,JackiePhos,nB,0.1608694107669877
12107,126.0,11.0,0.0,11.0,e3,"P(3,5-CF3-Ph)3",nI,0.34124947817961754
12108,126.0,12.0,0.0,12.0,e10,P(fur)3,nE,0.041148408288671126
12109,126.0,13.0,0.0,13.0,e5,Ph-PhenCar-Phos,nA,0.0
12110,126.0,14.0,0.0,14.0,e4,PPh2Me,nA,0.012250195356626198
12111,126.0,15.0,0.0,15.0,e3,PPhtBu2,nE,0.13875537672279908
12112,126.0,16.0,0.0,16.0,e9,tBPh-CPhos,nI,0.8988852901963119
12113,126.0,17.0,0.0,17.0,e2,PPhMe2,nB,0.34830416803640063
12114,126.0,18.0,0.0,18.0,e5,Cy-BippyPhos,nA,0.7454640568896914
12115,126.0,19.0,0.0,19.0,e9,PCy3 HBF4,nG,0.4351271395358285
12116,126.0,20.0,0.0,20.0,e9,CgMe-PPh,nF,1.0
12117,126.0,21.0,0.0,21.0,e1,PPh3,nG,0.03305769806250671
12118,126.0,22.0,0.0,22.0,e3,X-Phos,nB,0.2000064287326038
12119,126.0,23.0,0.0,23.0,e3,PnBu3 HBF4,nF,0.742670929975428
12120,126.0,24.0,0.0,24.0,e2,CgMe-PPh,nF,0.42403845111744487
12121,126.0,25.0,0.0,25.0,e4,tBPh-CPhos,nE,0.08334191795338486
12122,126.0,26.0,0.0,26.0,e1,Cy-BippyPhos,nF,0.042463401107959806
12123,126.0,27.0,0.0,27.0,e1,PnBu3 HBF4,nA,0.033538713814707063
12124,126.0,28.0,0.0,28.0,e3,Cy-vBRIDP,nE,0.22456888388015206
12125,126.0,29.0,0.0,29.0,e1,A-caPhos,nD,0.0
12126,126.0,30.0,0.0,30.0,e9,PCy3 HBF4,nB,0.0
12127,126.0,31.0,0.0,31.0,e2,PPhMe2,nI,0.5671887226956333
12128,126.0,32.0,0.0,32.0,e5,"P(3,5-CF3-Ph)3",nB,0.24568271742359823
12129,126.0,33.0,0.0,33.0,e2,X-Phos,nI,0.5461500672967297
12130,126.0,34.0,0.0,34.0,e9,JackiePhos,nI,0.7924680013442614
12131,126.0,35.0,0.0,35.0,e9,Kwong,nA,0.4209461322156132
12132,126.0,36.0,0.0,36.0,e2,PPhtBu2,nC,0.5884787341556109
12133,126.0,37.0,0.0,37.0,e7,Cy-DavePhos,nD,0.7185111182227426
12134,126.0,38.0,0.0,38.0,e1,BrettPhos,nA,0.0
12135,126.0,39.0,0.0,39.0,e3,CgMe-PPh,nD,0.6746435408754137
12136,126.0,40.0,0.0,40.0,e4,P(o-Anis)3,nB,0.028651564710375093
12137,126.0,41.0,0.0,41.0,e9,Et-PhenCar-Phos,nD,0.6763905107050712
12138,126.0,42.0,0.0,42.0,e2,P(fur)3,nI,0.8026402936862348
12139,126.0,43.0,0.0,43.0,e3,CX-PICy,nC,0.42737783545851454
12140,126.0,44.0,0.0,44.0,e2,CX-FBu,nA,0.0
12141,126.0,45.0,0.0,45.0,e10,PPh3,nG,0.1393167968001149
12142,126.0,46.0,0.0,46.0,e9,MeO-KITPHOS,nA,0.3102142356694695
12143,126.0,47.0,0.0,47.0,e7,PPh2Me,nA,0.2157458754143766
12144,126.0,48.0,0.0,48.0,e10,Ph-PhenCar-Phos,nB,0.010682786436433955
12145,126.0,49.0,0.0,49.0,e2,tBPh-CPhos,nI,0.6559331228280183
12146,126.0,50.0,0.0,50.0,e4,JackiePhos,nD,0.03756510618398426
12147,126.0,51.0,0.0,51.0,e4,PPhMe2,nI,0.0
12148,126.0,52.0,0.0,52.0,e2,CgMe-PPh,nA,0.6670880102879697
12149,126.0,53.0,0.0,53.0,e3,Cy-DavePhos,nI,0.3888644156671869
12150,126.0,54.0,0.0,54.0,e1,P(fur)3,nG,0.026494931502405453
12151,126.0,55.0,0.0,55.0,e10,Cy-BippyPhos,nG,0.2525135394449507
12152,126.0,56.0,0.0,56.0,e7,PnBu3 HBF4,nE,0.0
12153,126.0,57.0,0.0,57.0,e3,X-Phos,nF,0.8295848550156448
12154,126.0,58.0,0.0,58.0,e4,PPhtBu2,nF,0.0
12155,126.0,59.0,0.0,59.0,e2,Et-PhenCar-Phos,nI,0.6430834035717605
12156,126.0,60.0,0.0,60.0,e2,Cy-vBRIDP,nG,0.27869962157058037
12157,126.0,61.0,0.0,61.0,e3,"P(3,5-CF3-Ph)3",nA,0.08371816344615461
12158,126.0,62.0,0.0,62.0,e3,Kwong,nE,0.12194116840481971
12159,126.0,63.0,0.0,63.0,e1,tBPh-CPhos,nE,0.10531846896621012
12160,126.0,64.0,0.0,64.0,e1,CgMe-PPh,nC,0.11816325573626481
12161,126.0,65.0,0.0,65.0,e5,X-Phos,nF,0.5612705116717954
12162,126.0,66.0,0.0,66.0,e1,CX-PICy,nB,0.158428631262488
12163,126.0,67.0,0.0,67.0,e2,A-caPhos,nD,0.8459561333315676
12164,126.0,68.0,0.0,68.0,e4,PCy3 HBF4,nC,0.08261648826420669
12165,126.0,69.0,0.0,69.0,e2,Et-PhenCar-Phos,nF,0.516942514891109
12166,126.0,70.0,0.0,70.0,e9,A-caPhos,nA,0.04128507835913788
12167,126.0,71.0,0.0,71.0,e1,MeO-KITPHOS,nB,0.015845697854694092
12168,126.0,72.0,0.0,72.0,e2,Cy-DavePhos,nC,0.5482191793404829
12169,126.0,73.0,0.0,73.0,e7,X-Phos,nI,0.10875787618113172
12170,126.0,74.0,0.0,74.0,e9,PPh2Me,nD,0.09858496056367311
12171,126.0,75.0,0.0,75.0,e2,Cy-BippyPhos,nA,0.947422522089135
12172,126.0,76.0,0.0,76.0,e4,PPh3,nG,0.07172298480230663
12173,126.0,77.0,0.0,77.0,e10,Cy-BippyPhos,nD,1.0
12174,126.0,78.0,0.0,78.0,e1,Cy-BippyPhos,nE,0.08360289329221145
12175,126.0,79.0,0.0,79.0,e10,JackiePhos,nG,0.19943476808224297
12176,126.0,80.0,0.0,80.0,e7,Cy-vBRIDP,nD,0.5488733534623731
12177,126.0,81.0,0.0,81.0,e7,BrettPhos,nD,0.0
12178,126.0,82.0,0.0,82.0,e2,CgMe-PPh,nI,0.7692361366046242
12179,126.0,83.0,0.0,83.0,e5,Et-PhenCar-Phos,nD,0.7835996088615103
12180,126.0,84.0,0.0,84.0,e9,P(o-Anis)3,nI,0.23316176458179774
12181,126.0,85.0,0.0,85.0,e5,PPhMe2,nC,0.6973280420518365
12182,126.0,86.0,0.0,86.0,e4,Cy-DavePhos,nE,0.0
12183,126.0,87.0,0.0,87.0,e5,P(fur)3,nF,0.766688957978976
12184,126.0,88.0,0.0,88.0,e3,tBPh-CPhos,nD,0.7179271330497705
12185,126.0,89.0,0.0,89.0,e1,CX-FBu,nI,0.04050100920735508
12186,126.0,90.0,0.0,90.0,e2,Et-PhenCar-Phos,nD,0.9214853157259724
12187,126.0,91.0,0.0,91.0,e2,CgMe-PPh,nG,0.416125825549032
12188,126.0,92.0,0.0,92.0,e3,Ph-PhenCar-Phos,nE,0.000513778510005651
12189,126.0,93.0,0.0,93.0,e5,Et-PhenCar-Phos,nI,0.8679590234640545
12190,126.0,94.0,0.0,94.0,e7,PnBu3 HBF4,nB,0.027547310407485818
12191,126.0,95.0,0.0,95.0,e3,P(fur)3,nF,0.44484850798719355
12192,127.0,0.0,0.0,0.0,e9,A-caPhos,nC,0.3325995428251358
12193,127.0,1.0,0.0,1.0,e4,BrettPhos,nI,0.0
12194,127.0,2.0,0.0,2.0,e7,CX-FBu,nD,0.017505922127010028
12195,127.0,3.0,0.0,3.0,e1,CX-PICy,nF,0.035498905100854815
12196,127.0,4.0,0.0,4.0,e2,Cy-DavePhos,nD,0.8600984767103315
12197,127.0,5.0,0.0,5.0,e10,Cy-vBRIDP,nD,0.9843096018311139
12198,127.0,6.0,0.0,6.0,e3,Kwong,nE,0.12194116840481971
12199,127.0,7.0,0.0,7.0,e10,MeO-KITPHOS,nA,0.5040049303765105
12200,127.0,8.0,0.0,8.0,e2,P(o-Anis)3,nF,0.0020685938468024733
12201,127.0,9.0,0.0,9.0,e3,Et-PhenCar-Phos,nC,0.528155852189567
12202,127.0,10.0,0.0,10.0,e2,JackiePhos,nF,0.547298687249777
12203,127.0,11.0,0.0,11.0,e5,"P(3,5-CF3-Ph)3",nG,0.33880240957433805
12204,127.0,12.0,0.0,12.0,e4,P(fur)3,nA,0.0
12205,127.0,13.0,0.0,13.0,e5,Ph-PhenCar-Phos,nC,0.6706487930795781
12206,127.0,14.0,0.0,14.0,e9,PPh2Me,nE,0.1405880999819467
12207,127.0,15.0,0.0,15.0,e2,PPhtBu2,nE,0.2141985283033928
12208,127.0,16.0,0.0,16.0,e2,tBPh-CPhos,nC,0.6045475370510676
12209,127.0,17.0,0.0,17.0,e7,PPhMe2,nB,0.0
12210,127.0,18.0,0.0,18.0,e3,Cy-BippyPhos,nB,0.2278488766711775
12211,127.0,19.0,0.0,19.0,e9,PCy3 HBF4,nB,0.0
12212,127.0,20.0,0.0,20.0,e5,CgMe-PPh,nG,0.5263762443562906
12213,127.0,21.0,0.0,21.0,e5,PPh3,nD,0.7503383283607225
12214,127.0,22.0,0.0,22.0,e4,X-Phos,nC,0.34258955436774835
12215,127.0,23.0,0.0,23.0,e4,PnBu3 HBF4,nE,0.0
12216,127.0,24.0,0.0,24.0,e3,Cy-vBRIDP,nG,0.6350943239493974
12217,127.0,25.0,0.0,25.0,e5,Cy-DavePhos,nD,0.7566333942731113
12218,127.0,26.0,0.0,26.0,e9,PPh3,nE,0.09067760339083293
12219,127.0,27.0,0.0,27.0,e9,Ph-PhenCar-Phos,nA,0.2063595645670517
12220,127.0,28.0,0.0,28.0,e2,tBPh-CPhos,nG,0.21498121859438568
12221,127.0,29.0,0.0,29.0,e1,JackiePhos,nF,0.21427092007990234
12222,127.0,30.0,0.0,30.0,e1,Et-PhenCar-Phos,nB,0.04532172338475905
12223,127.0,31.0,0.0,31.0,e1,CgMe-PPh,nG,0.16657970973424252
12224,127.0,32.0,0.0,32.0,e3,MeO-KITPHOS,nE,0.10167919655151128
12225,127.0,33.0,0.0,33.0,e2,X-Phos,nD,0.810292693921554
12226,127.0,34.0,0.0,34.0,e5,"P(3,5-CF3-Ph)3",nA,0.6652219449652172
12227,127.0,35.0,0.0,35.0,e1,A-caPhos,nD,0.0
12228,127.0,36.0,0.0,36.0,e10,Cy-BippyPhos,nC,0.6737699231822453
12229,127.0,37.0,0.0,37.0,e3,Cy-vBRIDP,nE,0.22456888388015206
12230,127.0,38.0,0.0,38.0,e1,Cy-DavePhos,nF,0.0
12231,127.0,39.0,0.0,39.0,e5,PPhtBu2,nD,0.7431815841843207
12232,127.0,40.0,0.0,40.0,e2,PPh2Me,nC,0.6126561714426878
12233,127.0,41.0,0.0,41.0,e10,Kwong,nG,0.24923381383602894
12234,127.0,42.0,0.0,42.0,e4,CX-PICy,nB,0.013717757670572962
12235,127.0,43.0,0.0,43.0,e2,CX-FBu,nA,0.0
12236,127.0,44.0,0.0,44.0,e2,P(o-Anis)3,nD,0.4223619633611157
12237,127.0,45.0,0.0,45.0,e9,BrettPhos,nA,0.05897317034300215
12238,127.0,46.0,0.0,46.0,e9,P(fur)3,nC,0.31559252353476763
12239,127.0,47.0,0.0,47.0,e4,PPhMe2,nI,0.0
12240,127.0,48.0,0.0,48.0,e7,PCy3 HBF4,nF,0.11910164690015072
12241,127.0,49.0,0.0,49.0,e3,PnBu3 HBF4,nA,0.08612679775706653
12242,127.0,50.0,0.0,50.0,e5,X-Phos,nA,0.7308372177455247
12243,127.0,51.0,0.0,51.0,e9,"P(3,5-CF3-Ph)3",nG,0.3475054757161358
12244,127.0,52.0,0.0,52.0,e10,PPhtBu2,nC,0.7230058104876745
12245,127.0,53.0,0.0,53.0,e1,Cy-BippyPhos,nA,0.6371489847313551
12246,127.0,54.0,0.0,54.0,e2,Ph-PhenCar-Phos,nD,0.16891370076688705
12247,127.0,55.0,0.0,55.0,e4,PPh3,nC,0.31241818275827216
12248,127.0,56.0,0.0,56.0,e5,tBPh-CPhos,nA,0.7026512612569452
12249,127.0,57.0,0.0,57.0,e1,JackiePhos,nI,0.23164589492729465
12250,127.0,58.0,0.0,58.0,e7,PPh2Me,nF,0.03319774188221985
12251,127.0,59.0,0.0,59.0,e7,X-Phos,nD,0.3829370574937559
12252,127.0,60.0,0.0,60.0,e5,Cy-vBRIDP,nG,0.40071151817911255
12253,127.0,61.0,0.0,61.0,e7,CgMe-PPh,nA,0.6062121514347315
12254,127.0,62.0,0.0,62.0,e10,MeO-KITPHOS,nD,0.8998197521786309
12255,127.0,63.0,0.0,63.0,e5,PPhtBu2,nF,0.03204541377761061
12256,127.0,64.0,0.0,64.0,e5,Et-PhenCar-Phos,nD,0.7835996088615103
12257,127.0,65.0,0.0,65.0,e2,Cy-DavePhos,nA,0.890605834039087
12258,127.0,66.0,0.0,66.0,e1,Cy-BippyPhos,nI,0.2211067826223972
12259,127.0,67.0,0.0,67.0,e5,tBPh-CPhos,nE,0.21985955173112223
12260,127.0,68.0,0.0,68.0,e1,MeO-KITPHOS,nE,0.04671760971453625
12261,127.0,69.0,0.0,69.0,e4,Cy-DavePhos,nE,0.0
12262,127.0,70.0,0.0,70.0,e5,P(o-Anis)3,nA,0.20637391159055976
12263,127.0,71.0,0.0,71.0,e10,Et-PhenCar-Phos,nG,0.4986371729738086
12264,127.0,72.0,0.0,72.0,e7,"P(3,5-CF3-Ph)3",nE,0.01373661617423656
12265,127.0,73.0,0.0,73.0,e7,Kwong,nG,0.1256424423170876
12266,127.0,74.0,0.0,74.0,e10,CgMe-PPh,nF,0.9345922792122748
12267,127.0,75.0,0.0,75.0,e9,A-caPhos,nD,0.5903907562753792
12268,127.0,76.0,0.0,76.0,e1,P(fur)3,nG,0.026494931502405453
12269,127.0,77.0,0.0,77.0,e1,X-Phos,nB,0.13808085610167717
12270,127.0,78.0,0.0,78.0,e10,Cy-vBRIDP,nB,0.4380455887344343
12271,127.0,79.0,0.0,79.0,e3,CgMe-PPh,nD,0.6746435408754137
12272,127.0,80.0,0.0,80.0,e7,PPh3,nG,0.09330503580192609
12273,127.0,81.0,0.0,81.0,e7,Ph-PhenCar-Phos,nD,0.1799508601397997
12274,127.0,82.0,0.0,82.0,e5,JackiePhos,nG,0.338261501637445
12275,127.0,83.0,0.0,83.0,e9,CgMe-PPh,nB,0.16201116259216772
12276,127.0,84.0,0.0,84.0,e1,PCy3 HBF4,nC,0.12548596697694442
12277,127.0,85.0,0.0,85.0,e2,Et-PhenCar-Phos,nB,0.30781579365006
12278,127.0,86.0,0.0,86.0,e10,A-caPhos,nG,0.030747624704373516
12279,127.0,87.0,0.0,87.0,e3,PnBu3 HBF4,nI,0.3077263161434331
12280,127.0,88.0,0.0,88.0,e4,BrettPhos,nA,0.0
12281,127.0,89.0,0.0,89.0,e2,Cy-BippyPhos,nE,0.15754944548975836
12282,127.0,90.0,0.0,90.0,e3,CX-PICy,nA,0.3216556256640709
12283,127.0,91.0,0.0,91.0,e7,tBPh-CPhos,nD,0.9555589604373731
12284,127.0,92.0,0.0,92.0,e5,tBPh-CPhos,nI,0.8432755599410124
12285,127.0,93.0,0.0,93.0,e5,Cy-vBRIDP,nB,0.24691256669659825
12286,127.0,94.0,0.0,94.0,e1,PPhtBu2,nD,0.03363179088885197
12287,127.0,95.0,0.0,95.0,e4,CX-FBu,nF,0.0037689635802445258
12288,128.0,0.0,0.0,0.0,e4,A-caPhos,nF,0.177284613811449
12289,128.0,1.0,0.0,1.0,e3,BrettPhos,nF,0.00688372893582114
12290,128.0,2.0,0.0,2.0,e1,CX-FBu,nB,0.02185844190568017
12291,128.0,3.0,0.0,3.0,e7,CX-PICy,nG,0.27831617102194695
12292,128.0,4.0,0.0,4.0,e4,Cy-DavePhos,nD,0.03141453777755875
12293,128.0,5.0,0.0,5.0,e4,Cy-vBRIDP,nB,0.0
12294,128.0,6.0,0.0,6.0,e4,Kwong,nB,0.0
12295,128.0,7.0,0.0,7.0,e1,MeO-KITPHOS,nA,0.198940849951651
12296,128.0,8.0,0.0,8.0,e7,P(o-Anis)3,nI,0.13909608509581536
12297,128.0,9.0,0.0,9.0,e1,Et-PhenCar-Phos,nI,0.05407119647865783
12298,128.0,10.0,0.0,10.0,e4,JackiePhos,nB,0.0
12299,128.0,11.0,0.0,11.0,e7,"P(3,5-CF3-Ph)3",nG,0.004136174060489153
12300,128.0,12.0,0.0,12.0,e1,P(fur)3,nD,0.027849023497232013
12301,128.0,13.0,0.0,13.0,e1,Ph-PhenCar-Phos,nA,0.18568024853139675
12302,128.0,14.0,0.0,14.0,e3,PPh2Me,nF,0.4801900206505367
12303,128.0,15.0,0.0,15.0,e7,PPhtBu2,nC,0.30473655831052726
12304,128.0,16.0,0.0,16.0,e1,tBPh-CPhos,nG,0.12674104413371357
12305,128.0,17.0,0.0,17.0,e5,PPhMe2,nG,0.32039585377097946
12306,128.0,18.0,0.0,18.0,e1,Cy-BippyPhos,nI,0.2211067826223972
12307,128.0,19.0,0.0,19.0,e9,PCy3 HBF4,nE,0.09422828034713238
12308,128.0,20.0,0.0,20.0,e5,CgMe-PPh,nC,0.7463019251283864
12309,128.0,21.0,0.0,21.0,e1,PPh3,nC,0.1159616122174597
12310,128.0,22.0,0.0,22.0,e5,X-Phos,nG,0.36700316278880124
12311,128.0,23.0,0.0,23.0,e3,PnBu3 HBF4,nI,0.3077263161434331
12312,128.0,24.0,0.0,24.0,e7,CgMe-PPh,nE,0.023295783669163114
12313,128.0,25.0,0.0,25.0,e7,PPh2Me,nE,0.014703352842934232
12314,128.0,26.0,0.0,26.0,e9,X-Phos,nE,0.11576466040964467
12315,128.0,27.0,0.0,27.0,e10,PPhMe2,nD,0.9998377684127633
12316,128.0,28.0,0.0,28.0,e9,PnBu3 HBF4,nD,0.3392198605455525
12317,128.0,29.0,0.0,29.0,e9,PPhtBu2,nD,0.2526686520906297
12318,128.0,30.0,0.0,30.0,e5,CX-PICy,nE,0.19791536280621153
12319,128.0,31.0,0.0,31.0,e7,Cy-BippyPhos,nE,0.06477068053323384
12320,128.0,32.0,0.0,32.0,e10,MeO-KITPHOS,nI,0.8474236030258523
12321,128.0,33.0,0.0,33.0,e9,Ph-PhenCar-Phos,nG,0.441238259560321
12322,128.0,34.0,0.0,34.0,e3,A-caPhos,nB,0.12487445849811245
12323,128.0,35.0,0.0,35.0,e1,P(o-Anis)3,nB,0.11943131203109891
12324,128.0,36.0,0.0,36.0,e10,tBPh-CPhos,nF,0.955503603321246
12325,128.0,37.0,0.0,37.0,e7,PPh3,nA,0.39316365606983517
12326,128.0,38.0,0.0,38.0,e2,PCy3 HBF4,nB,0.029838368623291776
12327,128.0,39.0,0.0,39.0,e9,PPhMe2,nE,0.20376038691379747
12328,128.0,40.0,0.0,40.0,e1,Et-PhenCar-Phos,nB,0.04532172338475905
12329,128.0,41.0,0.0,41.0,e1,Cy-DavePhos,nC,0.07922994530801464
12330,128.0,42.0,0.0,42.0,e4,P(fur)3,nB,0.04357911135254303
12331,128.0,43.0,0.0,43.0,e2,CX-FBu,nI,0.26811246651325454
12332,128.0,44.0,0.0,44.0,e7,BrettPhos,nG,0.0
12333,128.0,45.0,0.0,45.0,e10,"P(3,5-CF3-Ph)3",nG,0.420516226306976
12334,128.0,46.0,0.0,46.0,e4,Cy-vBRIDP,nC,0.20302461670836117
12335,128.0,47.0,0.0,47.0,e2,Kwong,nF,0.7262280592039937
12336,128.0,48.0,0.0,48.0,e10,JackiePhos,nE,0.13231340139379136
12337,128.0,49.0,0.0,49.0,e3,tBPh-CPhos,nD,0.7179271330497705
12338,128.0,50.0,0.0,50.0,e7,MeO-KITPHOS,nD,0.27695472336861027
12339,128.0,51.0,0.0,51.0,e3,CgMe-PPh,nB,0.2170305015470435
12340,128.0,52.0,0.0,52.0,e5,Kwong,nB,0.19563904085240036
12341,128.0,53.0,0.0,53.0,e5,tBPh-CPhos,nG,0.3364545940088557
12342,128.0,54.0,0.0,54.0,e4,PnBu3 HBF4,nC,0.0
12343,128.0,55.0,0.0,55.0,e9,Ph-PhenCar-Phos,nC,0.36327049578373294
12344,128.0,56.0,0.0,56.0,e5,PPhtBu2,nE,0.26560222932504995
12345,128.0,57.0,0.0,57.0,e9,PPh3,nC,0.36576356638393287
12346,128.0,58.0,0.0,58.0,e7,PPhMe2,nE,0.04656087399550363
12347,128.0,59.0,0.0,59.0,e5,PPh2Me,nA,0.7070873722688659
12348,128.0,60.0,0.0,60.0,e9,X-Phos,nF,0.7946437444937127
12349,128.0,61.0,0.0,61.0,e1,CX-PICy,nB,0.158428631262488
12350,128.0,62.0,0.0,62.0,e4,"P(3,5-CF3-Ph)3",nC,0.20935389087716724
12351,128.0,63.0,0.0,63.0,e3,MeO-KITPHOS,nE,0.10167919655151128
12352,128.0,64.0,0.0,64.0,e10,X-Phos,nA,0.70292121771995
12353,128.0,65.0,0.0,65.0,e1,A-caPhos,nI,0.03722071252473063
12354,128.0,66.0,0.0,66.0,e4,CX-FBu,nA,0.0
12355,128.0,67.0,0.0,67.0,e7,Cy-BippyPhos,nD,1.0
12356,128.0,68.0,0.0,68.0,e10,Cy-BippyPhos,nI,0.8194571896084138
12357,128.0,69.0,0.0,69.0,e1,PPh2Me,nG,0.046182417331377484
12358,128.0,70.0,0.0,70.0,e7,P(o-Anis)3,nD,0.20661863979261372
12359,128.0,71.0,0.0,71.0,e9,tBPh-CPhos,nG,0.5841317864497397
12360,128.0,72.0,0.0,72.0,e7,Cy-BippyPhos,nC,0.8232211000009824
12361,128.0,73.0,0.0,73.0,e3,Cy-vBRIDP,nA,0.6444005049983973
12362,128.0,74.0,0.0,74.0,e7,X-Phos,nC,0.7699443054600407
12363,128.0,75.0,0.0,75.0,e4,Ph-PhenCar-Phos,nI,0.03672891692050217
12364,128.0,76.0,0.0,76.0,e5,CgMe-PPh,nI,0.8762416176625111
12365,128.0,77.0,0.0,77.0,e9,JackiePhos,nE,0.1414633901753113
12366,128.0,78.0,0.0,78.0,e1,Cy-BippyPhos,nA,0.6371489847313551
12367,128.0,79.0,0.0,79.0,e1,PCy3 HBF4,nE,0.06933003441095552
12368,128.0,80.0,0.0,80.0,e7,Cy-DavePhos,nC,0.43870094090204687
12369,128.0,81.0,0.0,81.0,e4,CgMe-PPh,nE,0.0309977877786149
12370,128.0,82.0,0.0,82.0,e9,Et-PhenCar-Phos,nI,0.47387538169056964
12371,128.0,83.0,0.0,83.0,e5,Kwong,nC,0.7139078067166453
12372,128.0,84.0,0.0,84.0,e3,P(fur)3,nB,0.048815786923134194
12373,128.0,85.0,0.0,85.0,e5,PPh3,nD,0.7503383283607225
12374,128.0,86.0,0.0,86.0,e5,X-Phos,nF,0.5612705116717954
12375,128.0,87.0,0.0,87.0,e1,tBPh-CPhos,nI,0.239947127680601
12376,128.0,88.0,0.0,88.0,e4,Cy-vBRIDP,nD,0.0814370688803937
12377,128.0,89.0,0.0,89.0,e5,PPhtBu2,nA,0.6662908668048635
12378,128.0,90.0,0.0,90.0,e10,BrettPhos,nF,0.391560381174903
12379,128.0,91.0,0.0,91.0,e7,Cy-BippyPhos,nA,0.5454537179950174
12380,128.0,92.0,0.0,92.0,e1,Kwong,nA,0.11345641456119931
12381,128.0,93.0,0.0,93.0,e5,PPh3,nF,0.459106585899356
12382,128.0,94.0,0.0,94.0,e4,PPhMe2,nG,0.0
12383,128.0,95.0,0.0,95.0,e5,PPhtBu2,nB,0.26686542642109434
12384,129.0,0.0,0.0,0.0,e5,A-caPhos,nE,0.037864613831533826
12385,129.0,1.0,0.0,1.0,e1,BrettPhos,nE,0.0
12386,129.0,2.0,0.0,2.0,e5,CX-FBu,nF,0.0
12387,129.0,3.0,0.0,3.0,e1,CX-PICy,nF,0.035498905100854815
12388,129.0,4.0,0.0,4.0,e5,Cy-DavePhos,nE,0.20379204247564497
12389,129.0,5.0,0.0,5.0,e1,Cy-vBRIDP,nC,0.021046518566206512
12390,129.0,6.0,0.0,6.0,e7,Kwong,nA,0.07567394742364385
12391,129.0,7.0,0.0,7.0,e10,MeO-KITPHOS,nD,0.8998197521786309
12392,129.0,8.0,0.0,8.0,e4,P(o-Anis)3,nI,0.02548894148634491
12393,129.0,9.0,0.0,9.0,e5,Et-PhenCar-Phos,nC,0.7420550241578128
12394,129.0,10.0,0.0,10.0,e3,JackiePhos,nC,0.5634096118513189
12395,129.0,11.0,0.0,11.0,e2,"P(3,5-CF3-Ph)3",nB,0.3077541564280736
12396,129.0,12.0,0.0,12.0,e7,P(fur)3,nB,0.171267964584971
12397,129.0,13.0,0.0,13.0,e10,Ph-PhenCar-Phos,nA,0.4084319710624149
12398,129.0,14.0,0.0,14.0,e4,PPh2Me,nD,0.017873792875666726
12399,129.0,15.0,0.0,15.0,e1,PPhtBu2,nC,0.04142482366500885
12400,129.0,16.0,0.0,16.0,e1,tBPh-CPhos,nI,0.239947127680601
12401,129.0,17.0,0.0,17.0,e4,PPhMe2,nB,0.0
12402,129.0,18.0,0.0,18.0,e9,Cy-BippyPhos,nF,0.9242970629259212
12403,129.0,19.0,0.0,19.0,e4,PCy3 HBF4,nF,0.1806752523043707
12404,129.0,20.0,0.0,20.0,e9,CgMe-PPh,nF,1.0
12405,129.0,21.0,0.0,21.0,e4,PPh3,nF,0.23217627507948946
12406,129.0,22.0,0.0,22.0,e4,X-Phos,nC,0.34258955436774835
12407,129.0,23.0,0.0,23.0,e10,PnBu3 HBF4,nB,0.005351613760340478
12408,129.0,24.0,0.0,24.0,e1,CgMe-PPh,nC,0.11816325573626481
12409,129.0,25.0,0.0,25.0,e4,Cy-BippyPhos,nG,0.015289072522480941
12410,129.0,26.0,0.0,26.0,e2,MeO-KITPHOS,nE,0.14157346928450873
12411,129.0,27.0,0.0,27.0,e7,Et-PhenCar-Phos,nF,0.8005855615874519
12412,129.0,28.0,0.0,28.0,e9,JackiePhos,nI,0.7924680013442614
12413,129.0,29.0,0.0,29.0,e3,Ph-PhenCar-Phos,nF,0.5701705660870041
12414,129.0,30.0,0.0,30.0,e9,X-Phos,nI,0.48640092936162965
12415,129.0,31.0,0.0,31.0,e5,"P(3,5-CF3-Ph)3",nA,0.6652219449652172
12416,129.0,32.0,0.0,32.0,e10,tBPh-CPhos,nG,0.1872202584239755
12417,129.0,33.0,0.0,33.0,e3,PPh3,nF,0.7331009521150271
12418,129.0,34.0,0.0,34.0,e7,Cy-DavePhos,nC,0.43870094090204687
12419,129.0,35.0,0.0,35.0,e4,Et-PhenCar-Phos,nC,0.5137778282322677
12420,129.0,36.0,0.0,36.0,e1,PCy3 HBF4,nC,0.12548596697694442
12421,129.0,37.0,0.0,37.0,e9,P(fur)3,nD,0.6308820906080369
12422,129.0,38.0,0.0,38.0,e2,JackiePhos,nE,0.14951065589537862
12423,129.0,39.0,0.0,39.0,e9,Kwong,nE,0.16023618350267255
12424,129.0,40.0,0.0,40.0,e1,PPhtBu2,nG,0.0
12425,129.0,41.0,0.0,41.0,e5,A-caPhos,nI,0.4554510371693582
12426,129.0,42.0,0.0,42.0,e10,CX-PICy,nF,0.8753267029656862
12427,129.0,43.0,0.0,43.0,e5,P(o-Anis)3,nI,0.25524773080664775
12428,129.0,44.0,0.0,44.0,e2,Cy-vBRIDP,nD,0.9350385282324228
12429,129.0,45.0,0.0,45.0,e1,PPh2Me,nG,0.046182417331377484
12430,129.0,46.0,0.0,46.0,e7,PnBu3 HBF4,nB,0.027547310407485818
12431,129.0,47.0,0.0,47.0,e4,BrettPhos,nE,0.020587634820407864
12432,129.0,48.0,0.0,48.0,e9,CX-FBu,nA,0.026568437497950775
12433,129.0,49.0,0.0,49.0,e3,PPhMe2,nG,0.3443466389164857
12434,129.0,50.0,0.0,50.0,e10,CgMe-PPh,nE,0.0683436736393753
12435,129.0,51.0,0.0,51.0,e7,MeO-KITPHOS,nA,0.11368563470080227
12436,129.0,52.0,0.0,52.0,e3,Ph-PhenCar-Phos,nB,0.02500979360624822
12437,129.0,53.0,0.0,53.0,e4,"P(3,5-CF3-Ph)3",nD,0.021077110506758236
12438,129.0,54.0,0.0,54.0,e5,PPh3,nG,0.0842244348649542
12439,129.0,55.0,0.0,55.0,e1,Cy-vBRIDP,nD,0.12134762347017049
12440,129.0,56.0,0.0,56.0,e9,Cy-BippyPhos,nB,0.19614551978344988
12441,129.0,57.0,0.0,57.0,e7,CX-PICy,nF,0.22737199353381096
12442,129.0,58.0,0.0,58.0,e3,Et-PhenCar-Phos,nF,0.7168147526183698
12443,129.0,59.0,0.0,59.0,e2,X-Phos,nG,0.15427681870136029
12444,129.0,60.0,0.0,60.0,e10,P(fur)3,nA,0.6938329241091595
12445,129.0,61.0,0.0,61.0,e3,Cy-DavePhos,nI,0.3888644156671869
12446,129.0,62.0,0.0,62.0,e10,Et-PhenCar-Phos,nF,0.9128845279878604
12447,129.0,63.0,0.0,63.0,e7,A-caPhos,nD,0.45969276976080437
12448,129.0,64.0,0.0,64.0,e10,JackiePhos,nF,0.9125036644148156
12449,129.0,65.0,0.0,65.0,e5,P(fur)3,nC,0.706763204366684
12450,129.0,66.0,0.0,66.0,e5,Et-PhenCar-Phos,nG,0.4088272163752651
12451,129.0,67.0,0.0,67.0,e10,tBPh-CPhos,nD,1.0
12452,129.0,68.0,0.0,68.0,e9,tBPh-CPhos,nA,0.5070576131604569
12453,129.0,69.0,0.0,69.0,e1,JackiePhos,nE,0.07879071157202047
12454,129.0,70.0,0.0,70.0,e4,PPhMe2,nC,0.05076454644852316
12455,129.0,71.0,0.0,71.0,e1,PCy3 HBF4,nG,0.011446303846680505
12456,129.0,72.0,0.0,72.0,e1,P(o-Anis)3,nA,0.30722554215143316
12457,129.0,73.0,0.0,73.0,e4,P(fur)3,nD,0.03673341810204701
12458,129.0,74.0,0.0,74.0,e1,CgMe-PPh,nD,0.47486974841558166
12459,129.0,75.0,0.0,75.0,e10,MeO-KITPHOS,nA,0.5040049303765105
12460,129.0,76.0,0.0,76.0,e3,CX-PICy,nE,0.1788347445386581
12461,129.0,77.0,0.0,77.0,e5,Cy-BippyPhos,nI,0.8909978993536253
12462,129.0,78.0,0.0,78.0,e7,Kwong,nD,0.7352375479541646
12463,129.0,79.0,0.0,79.0,e4,Cy-vBRIDP,nB,0.0
12464,129.0,80.0,0.0,80.0,e2,Cy-BippyPhos,nI,0.67187359635982
12465,129.0,81.0,0.0,81.0,e1,PPh3,nC,0.1159616122174597
12466,129.0,82.0,0.0,82.0,e7,Et-PhenCar-Phos,nE,0.05718031328307803
12467,129.0,83.0,0.0,83.0,e4,Cy-DavePhos,nG,0.04776203346339624
12468,129.0,84.0,0.0,84.0,e3,Ph-PhenCar-Phos,nE,0.000513778510005651
12469,129.0,85.0,0.0,85.0,e2,"P(3,5-CF3-Ph)3",nG,0.292311804161314
12470,129.0,86.0,0.0,86.0,e7,tBPh-CPhos,nI,0.3070094849804215
12471,129.0,87.0,0.0,87.0,e1,X-Phos,nA,0.8789499411781446
12472,129.0,88.0,0.0,88.0,e4,Kwong,nA,0.0
12473,129.0,89.0,0.0,89.0,e10,A-caPhos,nE,0.06369465752083445
12474,129.0,90.0,0.0,90.0,e5,X-Phos,nA,0.7308372177455247
12475,129.0,91.0,0.0,91.0,e10,PPh2Me,nA,0.7312605481380088
12476,129.0,92.0,0.0,92.0,e10,PPhtBu2,nA,0.7009303126601298
12477,129.0,93.0,0.0,93.0,e7,Cy-BippyPhos,nD,1.0
12478,129.0,94.0,0.0,94.0,e1,Cy-BippyPhos,nB,0.16085798150695332
12479,129.0,95.0,0.0,95.0,e2,PnBu3 HBF4,nC,0.6344642168342858
12480,130.0,0.0,0.0,0.0,e4,A-caPhos,nA,0.066015799846542
12481,130.0,1.0,0.0,1.0,e4,BrettPhos,nF,0.08545068709718086
12482,130.0,2.0,0.0,2.0,e4,CX-FBu,nF,0.0037689635802445258
12483,130.0,3.0,0.0,3.0,e10,CX-PICy,nB,0.2511008312299279
12484,130.0,4.0,0.0,4.0,e7,Cy-DavePhos,nE,0.07737987898288086
12485,130.0,5.0,0.0,5.0,e1,Cy-vBRIDP,nD,0.12134762347017049
12486,130.0,6.0,0.0,6.0,e5,Kwong,nC,0.7139078067166453
12487,130.0,7.0,0.0,7.0,e3,MeO-KITPHOS,nA,0.3689090985734202
12488,130.0,8.0,0.0,8.0,e10,P(o-Anis)3,nE,0.04630473114446367
12489,130.0,9.0,0.0,9.0,e5,Et-PhenCar-Phos,nE,0.1555337724688785
12490,130.0,10.0,0.0,10.0,e4,JackiePhos,nA,0.01378290721008047
12491,130.0,11.0,0.0,11.0,e2,"P(3,5-CF3-Ph)3",nG,0.292311804161314
12492,130.0,12.0,0.0,12.0,e1,P(fur)3,nI,0.0
12493,130.0,13.0,0.0,13.0,e5,Ph-PhenCar-Phos,nA,0.0
12494,130.0,14.0,0.0,14.0,e9,PPh2Me,nE,0.1405880999819467
12495,130.0,15.0,0.0,15.0,e2,PPhtBu2,nF,0.8558293094709153
12496,130.0,16.0,0.0,16.0,e2,tBPh-CPhos,nE,0.13432593614456043
12497,130.0,17.0,0.0,17.0,e1,PPhMe2,nA,0.08091432237840718
12498,130.0,18.0,0.0,18.0,e9,Cy-BippyPhos,nG,0.46478882021105844
12499,130.0,19.0,0.0,19.0,e9,PCy3 HBF4,nI,0.5233205929895026
12500,130.0,20.0,0.0,20.0,e2,CgMe-PPh,nF,0.42403845111744487
12501,130.0,21.0,0.0,21.0,e7,PPh3,nC,0.8376892636395048
12502,130.0,22.0,0.0,22.0,e7,X-Phos,nI,0.10875787618113172
12503,130.0,23.0,0.0,23.0,e9,PnBu3 HBF4,nG,0.39354534074743824
12504,130.0,24.0,0.0,24.0,e5,PPhtBu2,nA,0.6662908668048635
12505,130.0,25.0,0.0,25.0,e10,PPh3,nG,0.1393167968001149
12506,130.0,26.0,0.0,26.0,e4,Kwong,nD,0.07279928824098204
12507,130.0,27.0,0.0,27.0,e3,PCy3 HBF4,nG,0.21655404349373675
12508,130.0,28.0,0.0,28.0,e4,Cy-BippyPhos,nF,0.16766741748867858
12509,130.0,29.0,0.0,29.0,e4,CgMe-PPh,nD,0.08321089559018727
12510,130.0,30.0,0.0,30.0,e9,PnBu3 HBF4,nE,0.13881752224258265
12511,130.0,31.0,0.0,31.0,e7,MeO-KITPHOS,nI,0.21783562748931537
12512,130.0,32.0,0.0,32.0,e7,"P(3,5-CF3-Ph)3",nB,0.14407814391298038
12513,130.0,33.0,0.0,33.0,e3,CX-PICy,nE,0.1788347445386581
12514,130.0,34.0,0.0,34.0,e1,PPhtBu2,nC,0.04142482366500885
12515,130.0,35.0,0.0,35.0,e1,Et-PhenCar-Phos,nI,0.05407119647865783
12516,130.0,36.0,0.0,36.0,e5,PPh2Me,nD,0.8364467095225078
12517,130.0,37.0,0.0,37.0,e10,tBPh-CPhos,nD,1.0
12518,130.0,38.0,0.0,38.0,e5,Cy-vBRIDP,nA,0.7556883724207524
12519,130.0,39.0,0.0,39.0,e10,X-Phos,nF,0.9068098364152221
12520,130.0,40.0,0.0,40.0,e10,BrettPhos,nD,0.9370714187232184
12521,130.0,41.0,0.0,41.0,e4,PPhMe2,nI,0.0
12522,130.0,42.0,0.0,42.0,e1,Cy-DavePhos,nD,0.0801309667245095
12523,130.0,43.0,0.0,43.0,e2,A-caPhos,nB,0.050816766328986455
12524,130.0,44.0,0.0,44.0,e9,P(o-Anis)3,nA,0.15362948073366284
12525,130.0,45.0,0.0,45.0,e1,JackiePhos,nF,0.21427092007990234
12526,130.0,46.0,0.0,46.0,e5,CX-FBu,nG,0.012379252545960754
12527,130.0,47.0,0.0,47.0,e2,P(fur)3,nE,0.12109249824231177
12528,130.0,48.0,0.0,48.0,e4,Ph-PhenCar-Phos,nA,0.0
12529,130.0,49.0,0.0,49.0,e10,tBPh-CPhos,nC,0.7154205799800839
12530,130.0,50.0,0.0,50.0,e4,BrettPhos,nG,0.0
12531,130.0,51.0,0.0,51.0,e7,X-Phos,nC,0.7699443054600407
12532,130.0,52.0,0.0,52.0,e10,PPh2Me,nF,0.9442102793927251
12533,130.0,53.0,0.0,53.0,e9,PPh3,nB,0.08611579146274333
12534,130.0,54.0,0.0,54.0,e1,Cy-vBRIDP,nE,0.10273481023694789
12535,130.0,55.0,0.0,55.0,e2,Kwong,nA,0.60729628561042
12536,130.0,56.0,0.0,56.0,e10,PPh2Me,nI,0.054332685778400516
12537,130.0,57.0,0.0,57.0,e1,PCy3 HBF4,nD,0.10789505494394104
12538,130.0,58.0,0.0,58.0,e9,tBPh-CPhos,nC,0.363549380851319
12539,130.0,59.0,0.0,59.0,e10,X-Phos,nI,0.7187458586231107
12540,130.0,60.0,0.0,60.0,e7,Cy-BippyPhos,nF,0.8908823040179712
12541,130.0,61.0,0.0,61.0,e1,MeO-KITPHOS,nG,0.05772455406029879
12542,130.0,62.0,0.0,62.0,e2,PnBu3 HBF4,nG,0.05240835785700971
12543,130.0,63.0,0.0,63.0,e9,PPhtBu2,nD,0.2526686520906297
12544,130.0,64.0,0.0,64.0,e7,CgMe-PPh,nG,0.20467687014770913
12545,130.0,65.0,0.0,65.0,e7,Cy-BippyPhos,nA,0.5454537179950174
12546,130.0,66.0,0.0,66.0,e3,"P(3,5-CF3-Ph)3",nD,0.5723115602287895
12547,130.0,67.0,0.0,67.0,e1,CX-PICy,nA,0.5817574646717254
12548,130.0,68.0,0.0,68.0,e9,X-Phos,nC,0.3631647018503177
12549,130.0,69.0,0.0,69.0,e2,Kwong,nD,0.9496089484429554
12550,130.0,70.0,0.0,70.0,e9,Kwong,nI,0.4493156931018429
12551,130.0,71.0,0.0,71.0,e1,tBPh-CPhos,nC,0.20431204836192307
12552,130.0,72.0,0.0,72.0,e10,JackiePhos,nI,0.6404668815291216
12553,130.0,73.0,0.0,73.0,e5,Et-PhenCar-Phos,nI,0.8679590234640545
12554,130.0,74.0,0.0,74.0,e3,Cy-BippyPhos,nC,0.4701158020102052
12555,130.0,75.0,0.0,75.0,e1,P(o-Anis)3,nG,0.06451864020112658
12556,130.0,76.0,0.0,76.0,e3,Et-PhenCar-Phos,nF,0.7168147526183698
12557,130.0,77.0,0.0,77.0,e9,PPh3,nA,0.4432722730662406
12558,130.0,78.0,0.0,78.0,e9,BrettPhos,nC,0.1761979943768592
12559,130.0,79.0,0.0,79.0,e2,PPh2Me,nG,0.0
12560,130.0,80.0,0.0,80.0,e7,Cy-DavePhos,nA,0.4507264804831017
12561,130.0,81.0,0.0,81.0,e5,CX-PICy,nG,0.35909736921031543
12562,130.0,82.0,0.0,82.0,e4,"P(3,5-CF3-Ph)3",nC,0.20935389087716724
12563,130.0,83.0,0.0,83.0,e7,Cy-vBRIDP,nI,0.27806549204654124
12564,130.0,84.0,0.0,84.0,e2,P(fur)3,nA,0.7855864152365213
12565,130.0,85.0,0.0,85.0,e5,A-caPhos,nA,0.2812843970957228
12566,130.0,86.0,0.0,86.0,e7,X-Phos,nE,0.009747915997314067
12567,130.0,87.0,0.0,87.0,e5,P(fur)3,nI,0.9167660385918296
12568,130.0,88.0,0.0,88.0,e1,P(fur)3,nF,0.0
12569,130.0,89.0,0.0,89.0,e4,PPhMe2,nB,0.0
12570,130.0,90.0,0.0,90.0,e4,PPhtBu2,nI,0.0
12571,130.0,91.0,0.0,91.0,e10,Kwong,nB,0.3444954378360332
12572,130.0,92.0,0.0,92.0,e9,Et-PhenCar-Phos,nE,0.09970326563233488
12573,130.0,93.0,0.0,93.0,e3,JackiePhos,nE,0.19804717134717115
12574,130.0,94.0,0.0,94.0,e7,PCy3 HBF4,nG,0.0
12575,130.0,95.0,0.0,95.0,e1,CX-FBu,nA,0.06728168343034004
12576,131.0,0.0,0.0,0.0,e4,A-caPhos,nE,0.0
12577,131.0,1.0,0.0,1.0,e3,BrettPhos,nD,0.19688586421207319
12578,131.0,2.0,0.0,2.0,e4,CX-FBu,nF,0.0037689635802445258
12579,131.0,3.0,0.0,3.0,e10,CX-PICy,nF,0.8753267029656862
12580,131.0,4.0,0.0,4.0,e3,Cy-DavePhos,nC,0.37215812981068086
12581,131.0,5.0,0.0,5.0,e4,Cy-vBRIDP,nA,0.021399040085944364
12582,131.0,6.0,0.0,6.0,e2,Kwong,nF,0.7262280592039937
12583,131.0,7.0,0.0,7.0,e4,MeO-KITPHOS,nG,0.028037897530188406
12584,131.0,8.0,0.0,8.0,e10,P(o-Anis)3,nA,0.13685257205098517
12585,131.0,9.0,0.0,9.0,e7,Et-PhenCar-Phos,nD,1.0
12586,131.0,10.0,0.0,10.0,e3,JackiePhos,nD,0.6652224475203186
12587,131.0,11.0,0.0,11.0,e3,"P(3,5-CF3-Ph)3",nI,0.34124947817961754
12588,131.0,12.0,0.0,12.0,e2,P(fur)3,nG,0.26823050789231057
12589,131.0,13.0,0.0,13.0,e5,Ph-PhenCar-Phos,nB,0.007649551127788808
12590,131.0,14.0,0.0,14.0,e4,PPh2Me,nF,0.0800684130861383
12591,131.0,15.0,0.0,15.0,e3,PPhtBu2,nE,0.13875537672279908
12592,131.0,16.0,0.0,16.0,e4,tBPh-CPhos,nI,0.022633316819564778
12593,131.0,17.0,0.0,17.0,e1,PPhMe2,nE,0.005912635036959193
12594,131.0,18.0,0.0,18.0,e7,Cy-BippyPhos,nD,1.0
12595,131.0,19.0,0.0,19.0,e5,PCy3 HBF4,nA,0.0615440146382004
12596,131.0,20.0,0.0,20.0,e5,CgMe-PPh,nC,0.7463019251283864
12597,131.0,21.0,0.0,21.0,e7,PPh3,nD,0.9958253430037467
12598,131.0,22.0,0.0,22.0,e2,X-Phos,nF,0.2803025402995705
12599,131.0,23.0,0.0,23.0,e10,PnBu3 HBF4,nA,0.145126946063475
12600,131.0,24.0,0.0,24.0,e10,Et-PhenCar-Phos,nF,0.9128845279878604
12601,131.0,25.0,0.0,25.0,e3,Cy-BippyPhos,nG,0.6656541362855952
12602,131.0,26.0,0.0,26.0,e5,PPh3,nI,0.7008002329516867
12603,131.0,27.0,0.0,27.0,e7,CX-PICy,nI,0.5099042814136777
12604,131.0,28.0,0.0,28.0,e1,CgMe-PPh,nI,0.33119462408139744
12605,131.0,29.0,0.0,29.0,e10,Kwong,nC,0.6516586410089802
12606,131.0,30.0,0.0,30.0,e5,JackiePhos,nB,0.3749398944667019
12607,131.0,31.0,0.0,31.0,e4,Cy-DavePhos,nC,0.365792749214354
12608,131.0,32.0,0.0,32.0,e10,Et-PhenCar-Phos,nC,0.7283750489168687
12609,131.0,33.0,0.0,33.0,e10,"P(3,5-CF3-Ph)3",nA,0.546272038278152
12610,131.0,34.0,0.0,34.0,e7,X-Phos,nD,0.3829370574937559
12611,131.0,35.0,0.0,35.0,e1,P(fur)3,nG,0.026494931502405453
12612,131.0,36.0,0.0,36.0,e4,PPh3,nD,0.001865175726413785
12613,131.0,37.0,0.0,37.0,e1,Cy-BippyPhos,nE,0.08360289329221145
12614,131.0,38.0,0.0,38.0,e3,BrettPhos,nC,0.13197723746779189
12615,131.0,39.0,0.0,39.0,e1,PnBu3 HBF4,nA,0.033538713814707063
12616,131.0,40.0,0.0,40.0,e9,PPhtBu2,nE,0.15317274654488514
12617,131.0,41.0,0.0,41.0,e5,P(o-Anis)3,nG,0.042964931261074535
12618,131.0,42.0,0.0,42.0,e3,CX-PICy,nB,0.0849376627257103
12619,131.0,43.0,0.0,43.0,e5,Kwong,nF,0.007071092684467668
12620,131.0,44.0,0.0,44.0,e1,PPh2Me,nA,0.02658164171473438
12621,131.0,45.0,0.0,45.0,e9,PCy3 HBF4,nD,0.675233270214635
12622,131.0,46.0,0.0,46.0,e4,Et-PhenCar-Phos,nC,0.5137778282322677
12623,131.0,47.0,0.0,47.0,e1,MeO-KITPHOS,nG,0.05772455406029879
12624,131.0,48.0,0.0,48.0,e7,tBPh-CPhos,nG,0.06459244912713331
12625,131.0,49.0,0.0,49.0,e5,Cy-vBRIDP,nC,0.6808973298430087
12626,131.0,50.0,0.0,50.0,e2,Ph-PhenCar-Phos,nG,0.0
12627,131.0,51.0,0.0,51.0,e7,PPhMe2,nE,0.04656087399550363
12628,131.0,52.0,0.0,52.0,e7,CX-FBu,nE,0.001217827266805761
12629,131.0,53.0,0.0,53.0,e5,A-caPhos,nD,0.7956086691618747
12630,131.0,54.0,0.0,54.0,e1,CgMe-PPh,nG,0.16657970973424252
12631,131.0,55.0,0.0,55.0,e10,JackiePhos,nF,0.9125036644148156
12632,131.0,56.0,0.0,56.0,e1,"P(3,5-CF3-Ph)3",nG,0.0
12633,131.0,57.0,0.0,57.0,e7,A-caPhos,nD,0.45969276976080437
12634,131.0,58.0,0.0,58.0,e4,JackiePhos,nI,0.0
12635,131.0,59.0,0.0,59.0,e5,Et-PhenCar-Phos,nI,0.8679590234640545
12636,131.0,60.0,0.0,60.0,e2,Cy-DavePhos,nC,0.5482191793404829
12637,131.0,61.0,0.0,61.0,e9,PCy3 HBF4,nB,0.0
12638,131.0,62.0,0.0,62.0,e3,Cy-vBRIDP,nC,0.48120632702460653
12639,131.0,63.0,0.0,63.0,e5,X-Phos,nI,0.6595060362188809
12640,131.0,64.0,0.0,64.0,e2,Cy-BippyPhos,nC,0.565819186487617
12641,131.0,65.0,0.0,65.0,e4,PPh3,nA,0.08894444044781374
12642,131.0,66.0,0.0,66.0,e3,Et-PhenCar-Phos,nF,0.7168147526183698
12643,131.0,67.0,0.0,67.0,e9,CX-PICy,nG,0.3105609528066332
12644,131.0,68.0,0.0,68.0,e9,Kwong,nB,0.11088834300612632
12645,131.0,69.0,0.0,69.0,e2,Et-PhenCar-Phos,nB,0.30781579365006
12646,131.0,70.0,0.0,70.0,e10,X-Phos,nC,0.732411484160166
12647,131.0,71.0,0.0,71.0,e2,Cy-DavePhos,nD,0.8600984767103315
12648,131.0,72.0,0.0,72.0,e9,Cy-BippyPhos,nI,0.7811843865330459
12649,131.0,73.0,0.0,73.0,e4,BrettPhos,nI,0.0
12650,131.0,74.0,0.0,74.0,e7,A-caPhos,nC,0.6204517712369704
12651,131.0,75.0,0.0,75.0,e9,CgMe-PPh,nB,0.16201116259216772
12652,131.0,76.0,0.0,76.0,e3,P(fur)3,nD,0.517468751935307
12653,131.0,77.0,0.0,77.0,e3,PPhtBu2,nC,0.47844610654360165
12654,131.0,78.0,0.0,78.0,e1,Cy-vBRIDP,nE,0.10273481023694789
12655,131.0,79.0,0.0,79.0,e10,Cy-DavePhos,nF,0.8813598639667193
12656,131.0,80.0,0.0,80.0,e4,X-Phos,nA,0.026820456479429548
12657,131.0,81.0,0.0,81.0,e5,Cy-BippyPhos,nI,0.8909978993536253
12658,131.0,82.0,0.0,82.0,e1,P(o-Anis)3,nA,0.30722554215143316
12659,131.0,83.0,0.0,83.0,e3,PnBu3 HBF4,nI,0.3077263161434331
12660,131.0,84.0,0.0,84.0,e4,Cy-DavePhos,nG,0.04776203346339624
12661,131.0,85.0,0.0,85.0,e5,JackiePhos,nI,0.6882070592144776
12662,131.0,86.0,0.0,86.0,e5,Cy-BippyPhos,nB,0.35550155976803
12663,131.0,87.0,0.0,87.0,e4,Et-PhenCar-Phos,nG,0.0029966288441688137
12664,131.0,88.0,0.0,88.0,e9,A-caPhos,nB,0.040633394833466153
12665,131.0,89.0,0.0,89.0,e3,PPh2Me,nC,0.4855178301327266
12666,131.0,90.0,0.0,90.0,e1,tBPh-CPhos,nG,0.12674104413371357
12667,131.0,91.0,0.0,91.0,e2,MeO-KITPHOS,nE,0.14157346928450873
12668,131.0,92.0,0.0,92.0,e10,"P(3,5-CF3-Ph)3",nG,0.420516226306976
12669,131.0,93.0,0.0,93.0,e10,PPh3,nE,0.026002383851906816
12670,131.0,94.0,0.0,94.0,e7,CX-PICy,nA,0.4849023858174712
12671,131.0,95.0,0.0,95.0,e10,PPhMe2,nA,0.6773210798547121
12672,132.0,0.0,0.0,0.0,e4,A-caPhos,nG,0.029990371767592245
12673,132.0,1.0,0.0,1.0,e2,BrettPhos,nC,0.18745960828809252
12674,132.0,2.0,0.0,2.0,e2,CX-FBu,nA,0.0
12675,132.0,3.0,0.0,3.0,e9,CX-PICy,nA,0.22214179192108488
12676,132.0,4.0,0.0,4.0,e3,Cy-DavePhos,nC,0.37215812981068086
12677,132.0,5.0,0.0,5.0,e1,Cy-vBRIDP,nC,0.021046518566206512
12678,132.0,6.0,0.0,6.0,e9,Kwong,nE,0.16023618350267255
12679,132.0,7.0,0.0,7.0,e1,MeO-KITPHOS,nE,0.04671760971453625
12680,132.0,8.0,0.0,8.0,e1,P(o-Anis)3,nB,0.11943131203109891
12681,132.0,9.0,0.0,9.0,e5,Et-PhenCar-Phos,nF,0.9721268742833418
12682,132.0,10.0,0.0,10.0,e4,JackiePhos,nF,0.14143573352899122
12683,132.0,11.0,0.0,11.0,e5,"P(3,5-CF3-Ph)3",nB,0.24568271742359823
12684,132.0,12.0,0.0,12.0,e3,P(fur)3,nB,0.048815786923134194
12685,132.0,13.0,0.0,13.0,e9,Ph-PhenCar-Phos,nC,0.36327049578373294
12686,132.0,14.0,0.0,14.0,e5,PPh2Me,nI,0.18805503621177608
12687,132.0,15.0,0.0,15.0,e1,PPhtBu2,nG,0.0
12688,132.0,16.0,0.0,16.0,e2,tBPh-CPhos,nB,0.3113430630612205
12689,132.0,17.0,0.0,17.0,e9,PPhMe2,nC,0.30440801781180693
12690,132.0,18.0,0.0,18.0,e1,Cy-BippyPhos,nD,0.19322800249768834
12691,132.0,19.0,0.0,19.0,e2,PCy3 HBF4,nI,0.23165741554044078
12692,132.0,20.0,0.0,20.0,e9,CgMe-PPh,nI,0.9133569283838853
12693,132.0,21.0,0.0,21.0,e5,PPh3,nC,0.8123421522885619
12694,132.0,22.0,0.0,22.0,e9,X-Phos,nB,0.1353117060763067
12695,132.0,23.0,0.0,23.0,e7,PnBu3 HBF4,nC,0.08381330857807825
12696,132.0,24.0,0.0,24.0,e9,Et-PhenCar-Phos,nF,0.7233050105292524
12697,132.0,25.0,0.0,25.0,e7,CgMe-PPh,nG,0.20467687014770913
12698,132.0,26.0,0.0,26.0,e3,PPh3,nA,0.08557652021695743
12699,132.0,27.0,0.0,27.0,e7,Cy-DavePhos,nA,0.4507264804831017
12700,132.0,28.0,0.0,28.0,e5,Ph-PhenCar-Phos,nA,0.0
12701,132.0,29.0,0.0,29.0,e1,tBPh-CPhos,nF,0.2236049471858116
12702,132.0,30.0,0.0,30.0,e3,PPhMe2,nD,0.17694079610526336
12703,132.0,31.0,0.0,31.0,e3,Et-PhenCar-Phos,nE,0.16222416431861286
12704,132.0,32.0,0.0,32.0,e5,"P(3,5-CF3-Ph)3",nD,0.7269615014964179
12705,132.0,33.0,0.0,33.0,e2,PCy3 HBF4,nE,0.0
12706,132.0,34.0,0.0,34.0,e1,CX-PICy,nI,0.16332586594833928
12707,132.0,35.0,0.0,35.0,e4,Cy-BippyPhos,nA,0.014200695922544622
12708,132.0,36.0,0.0,36.0,e7,PPh2Me,nE,0.014703352842934232
12709,132.0,37.0,0.0,37.0,e4,BrettPhos,nG,0.0
12710,132.0,38.0,0.0,38.0,e3,Kwong,nG,0.6379955567259125
12711,132.0,39.0,0.0,39.0,e10,JackiePhos,nB,0.3412973722922598
12712,132.0,40.0,0.0,40.0,e3,X-Phos,nG,0.7317723957408664
12713,132.0,41.0,0.0,41.0,e5,P(o-Anis)3,nC,0.2597060555559565
12714,132.0,42.0,0.0,42.0,e1,PnBu3 HBF4,nI,0.09337979085237404
12715,132.0,43.0,0.0,43.0,e7,P(fur)3,nI,0.30508908766736764
12716,132.0,44.0,0.0,44.0,e3,MeO-KITPHOS,nE,0.10167919655151128
12717,132.0,45.0,0.0,45.0,e10,A-caPhos,nF,0.7955510503185635
12718,132.0,46.0,0.0,46.0,e5,Cy-vBRIDP,nA,0.7556883724207524
12719,132.0,47.0,0.0,47.0,e1,CX-FBu,nA,0.06728168343034004
12720,132.0,48.0,0.0,48.0,e4,PPhtBu2,nD,0.015477322861925848
12721,132.0,49.0,0.0,49.0,e3,CgMe-PPh,nC,0.5573433814229866
12722,132.0,50.0,0.0,50.0,e4,"P(3,5-CF3-Ph)3",nG,0.02206633089938497
12723,132.0,51.0,0.0,51.0,e7,PPh3,nE,0.0
12724,132.0,52.0,0.0,52.0,e2,X-Phos,nE,0.05720851394385538
12725,132.0,53.0,0.0,53.0,e1,A-caPhos,nB,0.04609606229142198
12726,132.0,54.0,0.0,54.0,e1,Cy-DavePhos,nD,0.0801309667245095
12727,132.0,55.0,0.0,55.0,e7,Kwong,nA,0.07567394742364385
12728,132.0,56.0,0.0,56.0,e3,Cy-vBRIDP,nC,0.48120632702460653
12729,132.0,57.0,0.0,57.0,e5,Et-PhenCar-Phos,nG,0.4088272163752651
12730,132.0,58.0,0.0,58.0,e2,CgMe-PPh,nE,0.14444129012752938
12731,132.0,59.0,0.0,59.0,e5,tBPh-CPhos,nG,0.3364545940088557
12732,132.0,60.0,0.0,60.0,e4,JackiePhos,nA,0.01378290721008047
12733,132.0,61.0,0.0,61.0,e1,PPhMe2,nD,0.0
12734,132.0,62.0,0.0,62.0,e7,CX-PICy,nA,0.4849023858174712
12735,132.0,63.0,0.0,63.0,e7,P(o-Anis)3,nF,0.166780622805447
12736,132.0,64.0,0.0,64.0,e10,Ph-PhenCar-Phos,nI,0.19493888256788205
12737,132.0,65.0,0.0,65.0,e7,P(fur)3,nF,0.003960698397596189
12738,132.0,66.0,0.0,66.0,e9,Cy-vBRIDP,nC,0.3462977628869725
12739,132.0,67.0,0.0,67.0,e3,Et-PhenCar-Phos,nD,0.6274812834141975
12740,132.0,68.0,0.0,68.0,e4,PCy3 HBF4,nF,0.1806752523043707
12741,132.0,69.0,0.0,69.0,e10,Cy-BippyPhos,nD,1.0
12742,132.0,70.0,0.0,70.0,e1,Cy-BippyPhos,nE,0.08360289329221145
12743,132.0,71.0,0.0,71.0,e4,PPh2Me,nB,0.0
12744,132.0,72.0,0.0,72.0,e5,BrettPhos,nD,0.6392781029757402
12745,132.0,73.0,0.0,73.0,e1,PnBu3 HBF4,nB,0.005892158794976363
12746,132.0,74.0,0.0,74.0,e9,MeO-KITPHOS,nC,0.35851761793533216
12747,132.0,75.0,0.0,75.0,e4,"P(3,5-CF3-Ph)3",nD,0.021077110506758236
12748,132.0,76.0,0.0,76.0,e5,Et-PhenCar-Phos,nI,0.8679590234640545
12749,132.0,77.0,0.0,77.0,e1,X-Phos,nI,0.05873515318530329
12750,132.0,78.0,0.0,78.0,e10,Cy-DavePhos,nC,0.6949319682872127
12751,132.0,79.0,0.0,79.0,e4,CgMe-PPh,nG,0.03040429412851897
12752,132.0,80.0,0.0,80.0,e3,PPh3,nB,0.10579944408648047
12753,132.0,81.0,0.0,81.0,e10,CX-FBu,nG,0.07949868376012764
12754,132.0,82.0,0.0,82.0,e2,Kwong,nF,0.7262280592039937
12755,132.0,83.0,0.0,83.0,e3,A-caPhos,nF,0.7082011417231325
12756,132.0,84.0,0.0,84.0,e3,tBPh-CPhos,nD,0.7179271330497705
12757,132.0,85.0,0.0,85.0,e9,CX-PICy,nC,0.3368172083334284
12758,132.0,86.0,0.0,86.0,e7,Et-PhenCar-Phos,nA,0.46105828561415296
12759,132.0,87.0,0.0,87.0,e7,BrettPhos,nC,0.0
12760,132.0,88.0,0.0,88.0,e7,PPhtBu2,nB,0.048302790354388385
12761,132.0,89.0,0.0,89.0,e4,Cy-vBRIDP,nE,0.012274316478209889
12762,132.0,90.0,0.0,90.0,e9,Kwong,nC,0.3519968307033692
12763,132.0,91.0,0.0,91.0,e4,Cy-DavePhos,nE,0.0
12764,132.0,92.0,0.0,92.0,e10,tBPh-CPhos,nA,0.738775541606104
12765,132.0,93.0,0.0,93.0,e1,A-caPhos,nA,0.24027073531882212
12766,132.0,94.0,0.0,94.0,e1,tBPh-CPhos,nA,0.9415665821167656
12767,132.0,95.0,0.0,95.0,e2,tBPh-CPhos,nI,0.6559331228280183
12768,133.0,0.0,0.0,0.0,e9,A-caPhos,nA,0.04128507835913788
12769,133.0,1.0,0.0,1.0,e4,BrettPhos,nB,0.06659152732740367
12770,133.0,2.0,0.0,2.0,e1,CX-FBu,nF,0.05899310894002479
12771,133.0,3.0,0.0,3.0,e10,CX-PICy,nA,0.6712211737821199
12772,133.0,4.0,0.0,4.0,e7,Cy-DavePhos,nF,0.07212456406365218
12773,133.0,5.0,0.0,5.0,e10,Cy-vBRIDP,nE,0.10818426656909862
12774,133.0,6.0,0.0,6.0,e9,Kwong,nG,0.48310327993375796
12775,133.0,7.0,0.0,7.0,e2,MeO-KITPHOS,nA,0.6953968715197815
12776,133.0,8.0,0.0,8.0,e2,P(o-Anis)3,nF,0.0020685938468024733
12777,133.0,9.0,0.0,9.0,e1,Et-PhenCar-Phos,nB,0.04532172338475905
12778,133.0,10.0,0.0,10.0,e7,JackiePhos,nD,0.9134460718332484
12779,133.0,11.0,0.0,11.0,e10,"P(3,5-CF3-Ph)3",nE,0.08377153804882367
12780,133.0,12.0,0.0,12.0,e3,P(fur)3,nI,0.10333447340607371
12781,133.0,13.0,0.0,13.0,e10,Ph-PhenCar-Phos,nB,0.010682786436433955
12782,133.0,14.0,0.0,14.0,e3,PPh2Me,nG,0.0
12783,133.0,15.0,0.0,15.0,e5,PPhtBu2,nF,0.03204541377761061
12784,133.0,16.0,0.0,16.0,e1,tBPh-CPhos,nA,0.9415665821167656
12785,133.0,17.0,0.0,17.0,e7,PPhMe2,nI,0.12447799772050785
12786,133.0,18.0,0.0,18.0,e1,Cy-BippyPhos,nF,0.042463401107959806
12787,133.0,19.0,0.0,19.0,e5,PCy3 HBF4,nC,0.7610838314818648
12788,133.0,20.0,0.0,20.0,e5,CgMe-PPh,nB,0.24129886485371901
12789,133.0,21.0,0.0,21.0,e4,PPh3,nC,0.31241818275827216
12790,133.0,22.0,0.0,22.0,e10,X-Phos,nB,0.3561245065772018
12791,133.0,23.0,0.0,23.0,e3,PnBu3 HBF4,nI,0.3077263161434331
12792,133.0,24.0,0.0,24.0,e7,tBPh-CPhos,nC,0.6575510344081796
12793,133.0,25.0,0.0,25.0,e2,JackiePhos,nD,0.8885726039005069
12794,133.0,26.0,0.0,26.0,e1,PCy3 HBF4,nG,0.011446303846680505
12795,133.0,27.0,0.0,27.0,e5,MeO-KITPHOS,nF,0.6717033584808797
12796,133.0,28.0,0.0,28.0,e3,CX-PICy,nG,0.45815090380182744
12797,133.0,29.0,0.0,29.0,e10,Kwong,nI,0.44837347162573915
12798,133.0,30.0,0.0,30.0,e1,X-Phos,nC,0.27431091804894675
12799,133.0,31.0,0.0,31.0,e10,JackiePhos,nI,0.6404668815291216
12800,133.0,32.0,0.0,32.0,e3,PPh3,nD,0.558051966163369
12801,133.0,33.0,0.0,33.0,e2,PnBu3 HBF4,nI,0.3422463973419018
12802,133.0,34.0,0.0,34.0,e5,CgMe-PPh,nA,0.19841952843225769
12803,133.0,35.0,0.0,35.0,e7,tBPh-CPhos,nI,0.3070094849804215
12804,133.0,36.0,0.0,36.0,e3,PPhMe2,nF,0.8232012369865152
12805,133.0,37.0,0.0,37.0,e2,Cy-vBRIDP,nG,0.27869962157058037
12806,133.0,38.0,0.0,38.0,e7,P(fur)3,nB,0.171267964584971
12807,133.0,39.0,0.0,39.0,e1,MeO-KITPHOS,nC,0.08497736742087081
12808,133.0,40.0,0.0,40.0,e4,"P(3,5-CF3-Ph)3",nC,0.20935389087716724
12809,133.0,41.0,0.0,41.0,e7,Cy-DavePhos,nI,0.2468203134373269
12810,133.0,42.0,0.0,42.0,e5,BrettPhos,nF,0.4540939165916511
12811,133.0,43.0,0.0,43.0,e7,CX-FBu,nE,0.001217827266805761
12812,133.0,44.0,0.0,44.0,e3,Et-PhenCar-Phos,nC,0.528155852189567
12813,133.0,45.0,0.0,45.0,e7,Cy-BippyPhos,nD,1.0
12814,133.0,46.0,0.0,46.0,e2,A-caPhos,nG,0.08718212432149915
12815,133.0,47.0,0.0,47.0,e1,PPhtBu2,nA,0.4568186881135986
12816,133.0,48.0,0.0,48.0,e3,Ph-PhenCar-Phos,nE,0.000513778510005651
12817,133.0,49.0,0.0,49.0,e10,P(o-Anis)3,nA,0.13685257205098517
12818,133.0,50.0,0.0,50.0,e1,PPh2Me,nA,0.02658164171473438
12819,133.0,51.0,0.0,51.0,e9,CX-PICy,nA,0.22214179192108488
12820,133.0,52.0,0.0,52.0,e4,JackiePhos,nG,0.011497397001572884
12821,133.0,53.0,0.0,53.0,e2,Cy-BippyPhos,nD,0.899766462439471
12822,133.0,54.0,0.0,54.0,e9,PPhMe2,nG,0.16312105796441556
12823,133.0,55.0,0.0,55.0,e10,Kwong,nG,0.24923381383602894
12824,133.0,56.0,0.0,56.0,e3,PPh3,nG,0.5441952440189306
12825,133.0,57.0,0.0,57.0,e10,Cy-BippyPhos,nE,0.15176129512938982
12826,133.0,58.0,0.0,58.0,e2,PCy3 HBF4,nG,0.00663833998076357
12827,133.0,59.0,0.0,59.0,e10,tBPh-CPhos,nE,0.067635101402571
12828,133.0,60.0,0.0,60.0,e1,PnBu3 HBF4,nG,0.02038973512534908
12829,133.0,61.0,0.0,61.0,e1,X-Phos,nE,0.024633332147110165
12830,133.0,62.0,0.0,62.0,e2,Et-PhenCar-Phos,nI,0.6430834035717605
12831,133.0,63.0,0.0,63.0,e10,BrettPhos,nA,0.3672528507287323
12832,133.0,64.0,0.0,64.0,e5,PPhtBu2,nG,0.3392981528661412
12833,133.0,65.0,0.0,65.0,e3,MeO-KITPHOS,nG,0.3259921382962992
12834,133.0,66.0,0.0,66.0,e7,CgMe-PPh,nC,0.4527219927063775
12835,133.0,67.0,0.0,67.0,e9,PPh3,nB,0.08611579146274333
12836,133.0,68.0,0.0,68.0,e3,JackiePhos,nE,0.19804717134717115
12837,133.0,69.0,0.0,69.0,e1,Cy-vBRIDP,nG,0.040219882770202414
12838,133.0,70.0,0.0,70.0,e4,CX-PICy,nF,0.11376981015319125
12839,133.0,71.0,0.0,71.0,e5,Cy-DavePhos,nG,0.4296099762008142
12840,133.0,72.0,0.0,72.0,e2,"P(3,5-CF3-Ph)3",nF,0.5553423767091952
12841,133.0,73.0,0.0,73.0,e1,Et-PhenCar-Phos,nE,0.038240826794146296
12842,133.0,74.0,0.0,74.0,e10,P(fur)3,nI,0.900708416999593
12843,133.0,75.0,0.0,75.0,e5,Kwong,nD,0.6710162824432446
12844,133.0,76.0,0.0,76.0,e3,P(fur)3,nG,0.19737875966328072
12845,133.0,77.0,0.0,77.0,e5,PPhMe2,nI,0.7440098607047809
12846,133.0,78.0,0.0,78.0,e9,Cy-BippyPhos,nB,0.19614551978344988
12847,133.0,79.0,0.0,79.0,e3,tBPh-CPhos,nE,0.18973560206253479
12848,133.0,80.0,0.0,80.0,e2,P(o-Anis)3,nA,0.25800548866225337
12849,133.0,81.0,0.0,81.0,e1,A-caPhos,nC,0.08326557611388505
12850,133.0,82.0,0.0,82.0,e10,PPhMe2,nF,0.9662268038122928
12851,133.0,83.0,0.0,83.0,e7,Kwong,nI,0.05676228224132744
12852,133.0,84.0,0.0,84.0,e1,PPhMe2,nD,0.0
12853,133.0,85.0,0.0,85.0,e9,CgMe-PPh,nI,0.9133569283838853
12854,133.0,86.0,0.0,86.0,e5,CgMe-PPh,nF,0.4710660416220753
12855,133.0,87.0,0.0,87.0,e2,BrettPhos,nF,0.3409853317756659
12856,133.0,88.0,0.0,88.0,e9,MeO-KITPHOS,nA,0.3102142356694695
12857,133.0,89.0,0.0,89.0,e3,CX-FBu,nI,0.0
12858,133.0,90.0,0.0,90.0,e10,"P(3,5-CF3-Ph)3",nF,0.8478546310824894
12859,133.0,91.0,0.0,91.0,e2,PPhtBu2,nE,0.2141985283033928
12860,133.0,92.0,0.0,92.0,e1,PPh2Me,nB,0.01727201608687613
12861,133.0,93.0,0.0,93.0,e7,JackiePhos,nE,0.0
12862,133.0,94.0,0.0,94.0,e7,"P(3,5-CF3-Ph)3",nD,0.7248719169293781
12863,133.0,95.0,0.0,95.0,e5,Ph-PhenCar-Phos,nC,0.6706487930795781
12864,134.0,0.0,0.0,0.0,e9,A-caPhos,nE,0.1264609747923346
12865,134.0,1.0,0.0,1.0,e3,BrettPhos,nA,0.051040990235073004
12866,134.0,2.0,0.0,2.0,e4,CX-FBu,nE,0.0
12867,134.0,3.0,0.0,3.0,e3,CX-PICy,nB,0.0849376627257103
12868,134.0,4.0,0.0,4.0,e1,Cy-DavePhos,nG,0.10033053889692384
12869,134.0,5.0,0.0,5.0,e4,Cy-vBRIDP,nC,0.20302461670836117
12870,134.0,6.0,0.0,6.0,e5,Kwong,nB,0.19563904085240036
12871,134.0,7.0,0.0,7.0,e2,MeO-KITPHOS,nD,0.8301285778461426
12872,134.0,8.0,0.0,8.0,e9,P(o-Anis)3,nC,0.3510501736587359
12873,134.0,9.0,0.0,9.0,e3,Et-PhenCar-Phos,nA,0.6402198562439387
12874,134.0,10.0,0.0,10.0,e1,JackiePhos,nE,0.07879071157202047
12875,134.0,11.0,0.0,11.0,e4,"P(3,5-CF3-Ph)3",nG,0.02206633089938497
12876,134.0,12.0,0.0,12.0,e2,P(fur)3,nE,0.12109249824231177
12877,134.0,13.0,0.0,13.0,e10,Ph-PhenCar-Phos,nF,0.15722965933724983
12878,134.0,14.0,0.0,14.0,e1,PPh2Me,nD,0.033096066833962406
12879,134.0,15.0,0.0,15.0,e7,PPhtBu2,nG,0.019417998587740952
12880,134.0,16.0,0.0,16.0,e7,tBPh-CPhos,nA,0.42655708759840044
12881,134.0,17.0,0.0,17.0,e4,PPhMe2,nI,0.0
12882,134.0,18.0,0.0,18.0,e2,Cy-BippyPhos,nI,0.67187359635982
12883,134.0,19.0,0.0,19.0,e5,PCy3 HBF4,nE,0.04434804632877687
12884,134.0,20.0,0.0,20.0,e4,CgMe-PPh,nC,0.07729202271014396
12885,134.0,21.0,0.0,21.0,e1,PPh3,nG,0.03305769806250671
12886,134.0,22.0,0.0,22.0,e9,X-Phos,nB,0.1353117060763067
12887,134.0,23.0,0.0,23.0,e5,PnBu3 HBF4,nB,0.017097729724094155
12888,134.0,24.0,0.0,24.0,e5,MeO-KITPHOS,nA,0.677313943864531
12889,134.0,25.0,0.0,25.0,e4,Cy-BippyPhos,nC,0.45425693534735095
12890,134.0,26.0,0.0,26.0,e10,Et-PhenCar-Phos,nA,0.7401699862842729
12891,134.0,27.0,0.0,27.0,e10,tBPh-CPhos,nG,0.1872202584239755
12892,134.0,28.0,0.0,28.0,e1,P(o-Anis)3,nI,0.05879365689573417
12893,134.0,29.0,0.0,29.0,e2,Cy-vBRIDP,nE,0.13496463293382222
12894,134.0,30.0,0.0,30.0,e7,Kwong,nD,0.7352375479541646
12895,134.0,31.0,0.0,31.0,e10,MeO-KITPHOS,nC,0.6485009952102284
12896,134.0,32.0,0.0,32.0,e3,Ph-PhenCar-Phos,nA,0.09713443673361893
12897,134.0,33.0,0.0,33.0,e1,X-Phos,nB,0.13808085610167717
12898,134.0,34.0,0.0,34.0,e4,A-caPhos,nD,0.005914580833647114
12899,134.0,35.0,0.0,35.0,e3,P(fur)3,nI,0.10333447340607371
12900,134.0,36.0,0.0,36.0,e5,Et-PhenCar-Phos,nE,0.1555337724688785
12901,134.0,37.0,0.0,37.0,e3,Cy-DavePhos,nA,0.4587692631158191
12902,134.0,38.0,0.0,38.0,e1,CX-PICy,nD,0.26178759539722174
12903,134.0,39.0,0.0,39.0,e7,JackiePhos,nG,0.19131726696005422
12904,134.0,40.0,0.0,40.0,e2,CgMe-PPh,nB,0.2326183566176621
12905,134.0,41.0,0.0,41.0,e2,BrettPhos,nC,0.18745960828809252
12906,134.0,42.0,0.0,42.0,e7,PCy3 HBF4,nC,0.4444113627763342
12907,134.0,43.0,0.0,43.0,e7,PPh2Me,nI,0.05866681747449082
12908,134.0,44.0,0.0,44.0,e3,PPh3,nG,0.5441952440189306
12909,134.0,45.0,0.0,45.0,e5,"P(3,5-CF3-Ph)3",nC,0.6576198548980737
12910,134.0,46.0,0.0,46.0,e10,PPhtBu2,nC,0.7230058104876745
12911,134.0,47.0,0.0,47.0,e3,PnBu3 HBF4,nB,0.061021062497356005
12912,134.0,48.0,0.0,48.0,e7,CX-FBu,nB,0.0925326789625629
12913,134.0,49.0,0.0,49.0,e4,PPhMe2,nF,0.05675807339476563
12914,134.0,50.0,0.0,50.0,e5,Cy-BippyPhos,nD,0.7452121533478554
12915,134.0,51.0,0.0,51.0,e7,Kwong,nB,0.020383918157043737
12916,134.0,52.0,0.0,52.0,e7,MeO-KITPHOS,nC,0.1818058238116577
12917,134.0,53.0,0.0,53.0,e9,PPhtBu2,nG,0.2561213944420894
12918,134.0,54.0,0.0,54.0,e7,Cy-BippyPhos,nE,0.06477068053323384
12919,134.0,55.0,0.0,55.0,e3,"P(3,5-CF3-Ph)3",nI,0.34124947817961754
12920,134.0,56.0,0.0,56.0,e4,tBPh-CPhos,nB,0.008677035710621023
12921,134.0,57.0,0.0,57.0,e5,PPh3,nG,0.0842244348649542
12922,134.0,58.0,0.0,58.0,e7,Cy-DavePhos,nE,0.07737987898288086
12923,134.0,59.0,0.0,59.0,e5,Et-PhenCar-Phos,nA,0.7577678491226976
12924,134.0,60.0,0.0,60.0,e9,PCy3 HBF4,nD,0.675233270214635
12925,134.0,61.0,0.0,61.0,e1,P(o-Anis)3,nA,0.30722554215143316
12926,134.0,62.0,0.0,62.0,e5,CX-PICy,nF,0.5063471923786179
12927,134.0,63.0,0.0,63.0,e9,MeO-KITPHOS,nF,0.2069173517749973
12928,134.0,64.0,0.0,64.0,e5,Cy-vBRIDP,nI,0.7979626994163204
12929,134.0,65.0,0.0,65.0,e7,Et-PhenCar-Phos,nF,0.8005855615874519
12930,134.0,66.0,0.0,66.0,e9,CgMe-PPh,nD,0.6700037753165438
12931,134.0,67.0,0.0,67.0,e7,X-Phos,nE,0.009747915997314067
12932,134.0,68.0,0.0,68.0,e1,JackiePhos,nA,0.8639833503359745
12933,134.0,69.0,0.0,69.0,e10,PCy3 HBF4,nI,0.2597424074177721
12934,134.0,70.0,0.0,70.0,e5,Ph-PhenCar-Phos,nG,0.0
12935,134.0,71.0,0.0,71.0,e2,BrettPhos,nB,0.018712271806066737
12936,134.0,72.0,0.0,72.0,e4,Cy-vBRIDP,nI,0.08512605466614513
12937,134.0,73.0,0.0,73.0,e10,JackiePhos,nD,0.9619894282107424
12938,134.0,74.0,0.0,74.0,e5,P(fur)3,nA,0.7422450479697658
12939,134.0,75.0,0.0,75.0,e9,JackiePhos,nI,0.7924680013442614
12940,134.0,76.0,0.0,76.0,e10,Et-PhenCar-Phos,nC,0.7283750489168687
12941,134.0,77.0,0.0,77.0,e5,"P(3,5-CF3-Ph)3",nF,0.7449177693369221
12942,134.0,78.0,0.0,78.0,e2,PPhtBu2,nG,0.1723789943659194
12943,134.0,79.0,0.0,79.0,e4,Cy-BippyPhos,nA,0.014200695922544622
12944,134.0,80.0,0.0,80.0,e5,CgMe-PPh,nF,0.4710660416220753
12945,134.0,81.0,0.0,81.0,e4,A-caPhos,nC,0.22300559618283194
12946,134.0,82.0,0.0,82.0,e4,P(fur)3,nF,0.07182384377127193
12947,134.0,83.0,0.0,83.0,e2,JackiePhos,nB,0.27751512392797617
12948,134.0,84.0,0.0,84.0,e10,Kwong,nG,0.24923381383602894
12949,134.0,85.0,0.0,85.0,e5,CX-FBu,nD,0.14004055706710997
12950,134.0,86.0,0.0,86.0,e3,PPh2Me,nB,0.018469886419135415
12951,134.0,87.0,0.0,87.0,e9,Et-PhenCar-Phos,nC,0.3799408105497681
12952,134.0,88.0,0.0,88.0,e3,PnBu3 HBF4,nD,0.43543108377583073
12953,134.0,89.0,0.0,89.0,e5,PPhMe2,nG,0.32039585377097946
12954,134.0,90.0,0.0,90.0,e9,"P(3,5-CF3-Ph)3",nA,0.28248248720696867
12955,134.0,91.0,0.0,91.0,e1,CX-PICy,nB,0.158428631262488
12956,134.0,92.0,0.0,92.0,e4,MeO-KITPHOS,nG,0.028037897530188406
12957,134.0,93.0,0.0,93.0,e9,P(o-Anis)3,nE,0.015334735124532104
12958,134.0,94.0,0.0,94.0,e10,PPh3,nB,0.027379747986006113
12959,134.0,95.0,0.0,95.0,e5,Cy-DavePhos,nE,0.20379204247564497
12960,135.0,0.0,0.0,0.0,e4,A-caPhos,nI,0.026305895987815804
12961,135.0,1.0,0.0,1.0,e9,BrettPhos,nF,0.16808056792906734
12962,135.0,2.0,0.0,2.0,e7,CX-FBu,nC,0.015254117622773431
12963,135.0,3.0,0.0,3.0,e2,CX-PICy,nI,0.5114221648973126
12964,135.0,4.0,0.0,4.0,e2,Cy-DavePhos,nB,0.3895783251678055
12965,135.0,5.0,0.0,5.0,e9,Cy-vBRIDP,nI,0.6700718714523624
12966,135.0,6.0,0.0,6.0,e5,Kwong,nD,0.6710162824432446
12967,135.0,7.0,0.0,7.0,e1,MeO-KITPHOS,nB,0.015845697854694092
12968,135.0,8.0,0.0,8.0,e5,P(o-Anis)3,nA,0.20637391159055976
12969,135.0,9.0,0.0,9.0,e5,Et-PhenCar-Phos,nI,0.8679590234640545
12970,135.0,10.0,0.0,10.0,e7,JackiePhos,nI,0.6032624128682527
12971,135.0,11.0,0.0,11.0,e9,"P(3,5-CF3-Ph)3",nE,0.0796317150343979
12972,135.0,12.0,0.0,12.0,e10,P(fur)3,nF,0.9483400902675492
12973,135.0,13.0,0.0,13.0,e3,Ph-PhenCar-Phos,nC,0.4884283173094792
12974,135.0,14.0,0.0,14.0,e5,PPh2Me,nF,0.0
12975,135.0,15.0,0.0,15.0,e5,PPhtBu2,nF,0.03204541377761061
12976,135.0,16.0,0.0,16.0,e4,tBPh-CPhos,nA,0.0348084285544355
12977,135.0,17.0,0.0,17.0,e3,PPhMe2,nD,0.17694079610526336
12978,135.0,18.0,0.0,18.0,e3,Cy-BippyPhos,nI,0.4880124029547394
12979,135.0,19.0,0.0,19.0,e2,PCy3 HBF4,nD,0.7652714503735659
12980,135.0,20.0,0.0,20.0,e1,CgMe-PPh,nG,0.16657970973424252
12981,135.0,21.0,0.0,21.0,e3,PPh3,nG,0.5441952440189306
12982,135.0,22.0,0.0,22.0,e5,X-Phos,nB,0.22803797881095858
12983,135.0,23.0,0.0,23.0,e10,PnBu3 HBF4,nI,0.26729288053977013
12984,135.0,24.0,0.0,24.0,e3,P(fur)3,nI,0.10333447340607371
12985,135.0,25.0,0.0,25.0,e10,Et-PhenCar-Phos,nA,0.7401699862842729
12986,135.0,26.0,0.0,26.0,e2,PCy3 HBF4,nG,0.00663833998076357
12987,135.0,27.0,0.0,27.0,e2,Kwong,nA,0.60729628561042
12988,135.0,28.0,0.0,28.0,e1,Cy-vBRIDP,nD,0.12134762347017049
12989,135.0,29.0,0.0,29.0,e9,JackiePhos,nA,0.4878435591523317
12990,135.0,30.0,0.0,30.0,e5,PPh3,nA,0.2549508068127627
12991,135.0,31.0,0.0,31.0,e3,CX-PICy,nC,0.42737783545851454
12992,135.0,32.0,0.0,32.0,e4,Ph-PhenCar-Phos,nF,0.06641743274856524
12993,135.0,33.0,0.0,33.0,e10,Cy-BippyPhos,nA,0.7528860791443422
12994,135.0,34.0,0.0,34.0,e7,Cy-DavePhos,nA,0.4507264804831017
12995,135.0,35.0,0.0,35.0,e9,PnBu3 HBF4,nE,0.13881752224258265
12996,135.0,36.0,0.0,36.0,e5,X-Phos,nC,0.7137664796412143
12997,135.0,37.0,0.0,37.0,e3,Et-PhenCar-Phos,nB,0.2232542389845771
12998,135.0,38.0,0.0,38.0,e9,P(o-Anis)3,nC,0.3510501736587359
12999,135.0,39.0,0.0,39.0,e10,PPhMe2,nB,0.36471787230730734
13000,135.0,40.0,0.0,40.0,e5,BrettPhos,nB,0.12946958176386614
13001,135.0,41.0,0.0,41.0,e5,CgMe-PPh,nI,0.8762416176625111
13002,135.0,42.0,0.0,42.0,e5,"P(3,5-CF3-Ph)3",nF,0.7449177693369221
13003,135.0,43.0,0.0,43.0,e7,Kwong,nG,0.1256424423170876
13004,135.0,44.0,0.0,44.0,e2,tBPh-CPhos,nB,0.3113430630612205
13005,135.0,45.0,0.0,45.0,e5,Cy-BippyPhos,nE,0.276087915044034
13006,135.0,46.0,0.0,46.0,e1,PPhtBu2,nE,0.04945600408311233
13007,135.0,47.0,0.0,47.0,e1,A-caPhos,nB,0.04609606229142198
13008,135.0,48.0,0.0,48.0,e4,MeO-KITPHOS,nA,0.009388644305479189
13009,135.0,49.0,0.0,49.0,e10,CX-FBu,nG,0.07949868376012764
13010,135.0,50.0,0.0,50.0,e1,PPh2Me,nB,0.01727201608687613
13011,135.0,51.0,0.0,51.0,e5,JackiePhos,nB,0.3749398944667019
13012,135.0,52.0,0.0,52.0,e1,P(fur)3,nI,0.0
13013,135.0,53.0,0.0,53.0,e1,CgMe-PPh,nI,0.33119462408139744
13014,135.0,54.0,0.0,54.0,e1,X-Phos,nE,0.024633332147110165
13015,135.0,55.0,0.0,55.0,e4,CX-PICy,nA,0.04719868390618946
13016,135.0,56.0,0.0,56.0,e7,Cy-DavePhos,nG,0.22461200392146816
13017,135.0,57.0,0.0,57.0,e9,"P(3,5-CF3-Ph)3",nC,0.26228444595483447
13018,135.0,58.0,0.0,58.0,e10,PPh3,nB,0.027379747986006113
13019,135.0,59.0,0.0,59.0,e3,Cy-vBRIDP,nB,0.1817917229188569
13020,135.0,60.0,0.0,60.0,e9,PCy3 HBF4,nG,0.4351271395358285
13021,135.0,61.0,0.0,61.0,e4,Et-PhenCar-Phos,nD,0.045517695769122665
13022,135.0,62.0,0.0,62.0,e1,P(o-Anis)3,nB,0.11943131203109891
13023,135.0,63.0,0.0,63.0,e9,Ph-PhenCar-Phos,nF,0.6256618485697769
13024,135.0,64.0,0.0,64.0,e1,PPhMe2,nE,0.005912635036959193
13025,135.0,65.0,0.0,65.0,e2,Cy-BippyPhos,nA,0.947422522089135
13026,135.0,66.0,0.0,66.0,e5,JackiePhos,nD,0.7857626907983566
13027,135.0,67.0,0.0,67.0,e4,Kwong,nA,0.0
13028,135.0,68.0,0.0,68.0,e9,PnBu3 HBF4,nF,0.06976139513202796
13029,135.0,69.0,0.0,69.0,e5,Cy-BippyPhos,nA,0.7454640568896914
13030,135.0,70.0,0.0,70.0,e7,CgMe-PPh,nE,0.023295783669163114
13031,135.0,71.0,0.0,71.0,e7,tBPh-CPhos,nG,0.06459244912713331
13032,135.0,72.0,0.0,72.0,e7,BrettPhos,nC,0.0
13033,135.0,73.0,0.0,73.0,e5,JackiePhos,nG,0.338261501637445
13034,135.0,74.0,0.0,74.0,e4,PCy3 HBF4,nF,0.1806752523043707
13035,135.0,75.0,0.0,75.0,e3,Ph-PhenCar-Phos,nI,0.1932605709368885
13036,135.0,76.0,0.0,76.0,e7,Cy-BippyPhos,nG,0.3885701449233445
13037,135.0,77.0,0.0,77.0,e3,"P(3,5-CF3-Ph)3",nC,0.5560644999980037
13038,135.0,78.0,0.0,78.0,e10,Cy-DavePhos,nF,0.8813598639667193
13039,135.0,79.0,0.0,79.0,e3,P(fur)3,nB,0.048815786923134194
13040,135.0,80.0,0.0,80.0,e2,Cy-DavePhos,nD,0.8600984767103315
13041,135.0,81.0,0.0,81.0,e3,CX-PICy,nI,0.3147352706817098
13042,135.0,82.0,0.0,82.0,e1,Cy-vBRIDP,nC,0.021046518566206512
13043,135.0,83.0,0.0,83.0,e7,X-Phos,nI,0.10875787618113172
13044,135.0,84.0,0.0,84.0,e3,Et-PhenCar-Phos,nE,0.16222416431861286
13045,135.0,85.0,0.0,85.0,e9,CX-FBu,nE,0.04355822240680955
13046,135.0,86.0,0.0,86.0,e4,Cy-DavePhos,nF,0.1085703896725537
13047,135.0,87.0,0.0,87.0,e9,PPhtBu2,nG,0.2561213944420894
13048,135.0,88.0,0.0,88.0,e5,A-caPhos,nA,0.2812843970957228
13049,135.0,89.0,0.0,89.0,e2,PPh3,nI,0.5983316480220364
13050,135.0,90.0,0.0,90.0,e7,MeO-KITPHOS,nE,0.012124358784725389
13051,135.0,91.0,0.0,91.0,e2,PPh2Me,nF,0.0
13052,135.0,92.0,0.0,92.0,e9,Cy-BippyPhos,nB,0.19614551978344988
13053,135.0,93.0,0.0,93.0,e3,JackiePhos,nG,0.6578858211575712
13054,135.0,94.0,0.0,94.0,e5,"P(3,5-CF3-Ph)3",nE,0.16245071334673533
13055,135.0,95.0,0.0,95.0,e2,P(o-Anis)3,nF,0.0020685938468024733
13056,136.0,0.0,0.0,0.0,e5,A-caPhos,nC,0.7479428186239185
13057,136.0,1.0,0.0,1.0,e3,BrettPhos,nI,0.03009704001424225
13058,136.0,2.0,0.0,2.0,e10,CX-FBu,nF,0.19352259897861
13059,136.0,3.0,0.0,3.0,e2,CX-PICy,nA,0.6627082272144782
13060,136.0,4.0,0.0,4.0,e3,Cy-DavePhos,nI,0.3888644156671869
13061,136.0,5.0,0.0,5.0,e1,Cy-vBRIDP,nI,0.10345030861489754
13062,136.0,6.0,0.0,6.0,e4,Kwong,nC,0.13664049521331256
13063,136.0,7.0,0.0,7.0,e5,MeO-KITPHOS,nG,0.5037716636607265
13064,136.0,8.0,0.0,8.0,e7,P(o-Anis)3,nI,0.13909608509581536
13065,136.0,9.0,0.0,9.0,e2,Et-PhenCar-Phos,nI,0.6430834035717605
13066,136.0,10.0,0.0,10.0,e2,JackiePhos,nE,0.14951065589537862
13067,136.0,11.0,0.0,11.0,e10,"P(3,5-CF3-Ph)3",nI,0.941711710784077
13068,136.0,12.0,0.0,12.0,e2,P(fur)3,nA,0.7855864152365213
13069,136.0,13.0,0.0,13.0,e2,Ph-PhenCar-Phos,nB,0.0
13070,136.0,14.0,0.0,14.0,e3,PPh2Me,nI,0.0
13071,136.0,15.0,0.0,15.0,e10,PPhtBu2,nF,0.9293464786587261
13072,136.0,16.0,0.0,16.0,e3,tBPh-CPhos,nG,0.6694190600721208
13073,136.0,17.0,0.0,17.0,e7,PPhMe2,nF,0.0
13074,136.0,18.0,0.0,18.0,e4,Cy-BippyPhos,nI,0.01506826698150689
13075,136.0,19.0,0.0,19.0,e2,PCy3 HBF4,nA,0.001570789934535926
13076,136.0,20.0,0.0,20.0,e5,CgMe-PPh,nE,0.0
13077,136.0,21.0,0.0,21.0,e10,PPh3,nC,0.8555703332989744
13078,136.0,22.0,0.0,22.0,e3,X-Phos,nG,0.7317723957408664
13079,136.0,23.0,0.0,23.0,e3,PnBu3 HBF4,nG,0.28320116621218205
13080,136.0,24.0,0.0,24.0,e5,"P(3,5-CF3-Ph)3",nB,0.24568271742359823
13081,136.0,25.0,0.0,25.0,e4,PPhtBu2,nF,0.0
13082,136.0,26.0,0.0,26.0,e2,PPh3,nC,0.7202319507090823
13083,136.0,27.0,0.0,27.0,e7,P(fur)3,nF,0.003960698397596189
13084,136.0,28.0,0.0,28.0,e10,A-caPhos,nI,0.4049690202102659
13085,136.0,29.0,0.0,29.0,e4,X-Phos,nA,0.026820456479429548
13086,136.0,30.0,0.0,30.0,e3,tBPh-CPhos,nC,0.4601786928065039
13087,136.0,31.0,0.0,31.0,e4,CX-PICy,nC,0.6506137028615483
13088,136.0,32.0,0.0,32.0,e1,Et-PhenCar-Phos,nI,0.05407119647865783
13089,136.0,33.0,0.0,33.0,e3,MeO-KITPHOS,nF,0.6190014842829609
13090,136.0,34.0,0.0,34.0,e9,Cy-DavePhos,nD,0.7064770155795914
13091,136.0,35.0,0.0,35.0,e9,PnBu3 HBF4,nI,0.364306479041637
13092,136.0,36.0,0.0,36.0,e1,PPh3,nC,0.1159616122174597
13093,136.0,37.0,0.0,37.0,e3,CX-FBu,nC,0.10650096099207426
13094,136.0,38.0,0.0,38.0,e2,JackiePhos,nG,0.226362632584802
13095,136.0,39.0,0.0,39.0,e7,P(o-Anis)3,nD,0.20661863979261372
13096,136.0,40.0,0.0,40.0,e7,Kwong,nG,0.1256424423170876
13097,136.0,41.0,0.0,41.0,e7,Cy-vBRIDP,nC,0.6820459911323365
13098,136.0,42.0,0.0,42.0,e3,CX-PICy,nF,0.6497944840300122
13099,136.0,43.0,0.0,43.0,e3,BrettPhos,nE,0.012327416789753938
13100,136.0,44.0,0.0,44.0,e4,Cy-BippyPhos,nA,0.014200695922544622
13101,136.0,45.0,0.0,45.0,e3,"P(3,5-CF3-Ph)3",nD,0.5723115602287895
13102,136.0,46.0,0.0,46.0,e9,PCy3 HBF4,nF,0.8209377552949729
13103,136.0,47.0,0.0,47.0,e9,Ph-PhenCar-Phos,nB,0.058803717942506314
13104,136.0,48.0,0.0,48.0,e7,PPh2Me,nI,0.05866681747449082
13105,136.0,49.0,0.0,49.0,e1,PPhMe2,nE,0.005912635036959193
13106,136.0,50.0,0.0,50.0,e1,CgMe-PPh,nF,0.16030992191406224
13107,136.0,51.0,0.0,51.0,e2,A-caPhos,nG,0.08718212432149915
13108,136.0,52.0,0.0,52.0,e5,tBPh-CPhos,nG,0.3364545940088557
13109,136.0,53.0,0.0,53.0,e9,MeO-KITPHOS,nD,0.6506971208307475
13110,136.0,54.0,0.0,54.0,e1,Cy-DavePhos,nF,0.0
13111,136.0,55.0,0.0,55.0,e1,PPhtBu2,nG,0.0
13112,136.0,56.0,0.0,56.0,e10,PCy3 HBF4,nB,0.0
13113,136.0,57.0,0.0,57.0,e4,CX-PICy,nF,0.11376981015319125
13114,136.0,58.0,0.0,58.0,e1,P(fur)3,nB,0.0419340920396758
13115,136.0,59.0,0.0,59.0,e1,Cy-vBRIDP,nC,0.021046518566206512
13116,136.0,60.0,0.0,60.0,e3,X-Phos,nD,0.6499890415739124
13117,136.0,61.0,0.0,61.0,e2,Et-PhenCar-Phos,nC,0.5743678887703998
13118,136.0,62.0,0.0,62.0,e7,MeO-KITPHOS,nE,0.012124358784725389
13119,136.0,63.0,0.0,63.0,e9,"P(3,5-CF3-Ph)3",nI,0.5060174107510581
13120,136.0,64.0,0.0,64.0,e3,PnBu3 HBF4,nI,0.3077263161434331
13121,136.0,65.0,0.0,65.0,e7,PPh3,nA,0.39316365606983517
13122,136.0,66.0,0.0,66.0,e4,tBPh-CPhos,nD,0.08322824487277797
13123,136.0,67.0,0.0,67.0,e7,X-Phos,nB,0.24145251337028
13124,136.0,68.0,0.0,68.0,e4,JackiePhos,nB,0.0
13125,136.0,69.0,0.0,69.0,e5,P(o-Anis)3,nA,0.20637391159055976
13126,136.0,70.0,0.0,70.0,e4,Et-PhenCar-Phos,nA,0.02363360610342534
13127,136.0,71.0,0.0,71.0,e1,A-caPhos,nB,0.04609606229142198
13128,136.0,72.0,0.0,72.0,e3,"P(3,5-CF3-Ph)3",nA,0.08371816344615461
13129,136.0,73.0,0.0,73.0,e10,CX-FBu,nI,0.11326772664660484
13130,136.0,74.0,0.0,74.0,e5,Kwong,nI,0.605127225193205
13131,136.0,75.0,0.0,75.0,e5,PPh3,nC,0.8123421522885619
13132,136.0,76.0,0.0,76.0,e5,Cy-DavePhos,nB,0.24820523727080449
13133,136.0,77.0,0.0,77.0,e2,CX-PICy,nC,0.311164980503549
13134,136.0,78.0,0.0,78.0,e7,CgMe-PPh,nI,0.6142759277683246
13135,136.0,79.0,0.0,79.0,e9,PPh3,nC,0.36576356638393287
13136,136.0,80.0,0.0,80.0,e2,PnBu3 HBF4,nA,0.0
13137,136.0,81.0,0.0,81.0,e3,PPhtBu2,nC,0.47844610654360165
13138,136.0,82.0,0.0,82.0,e2,MeO-KITPHOS,nD,0.8301285778461426
13139,136.0,83.0,0.0,83.0,e2,Kwong,nI,0.5869140300450231
13140,136.0,84.0,0.0,84.0,e4,Ph-PhenCar-Phos,nB,0.004535315989053302
13141,136.0,85.0,0.0,85.0,e2,PPh2Me,nA,0.027726601641446406
13142,136.0,86.0,0.0,86.0,e9,BrettPhos,nB,0.015005675905422431
13143,136.0,87.0,0.0,87.0,e2,P(fur)3,nI,0.8026402936862348
13144,136.0,88.0,0.0,88.0,e3,PCy3 HBF4,nB,0.006581360557928457
13145,136.0,89.0,0.0,89.0,e3,Cy-BippyPhos,nE,0.21120990283036814
13146,136.0,90.0,0.0,90.0,e9,Cy-vBRIDP,nF,0.6967928130282119
13147,136.0,91.0,0.0,91.0,e2,MeO-KITPHOS,nI,0.6167813320248422
13148,136.0,92.0,0.0,92.0,e7,PPhMe2,nI,0.12447799772050785
13149,136.0,93.0,0.0,93.0,e10,CgMe-PPh,nB,0.26208153455778976
13150,136.0,94.0,0.0,94.0,e4,X-Phos,nC,0.34258955436774835
13151,136.0,95.0,0.0,95.0,e10,P(fur)3,nE,0.041148408288671126
13152,137.0,0.0,0.0,0.0,e1,A-caPhos,nA,0.24027073531882212
13153,137.0,1.0,0.0,1.0,e5,BrettPhos,nA,0.2635639912874397
13154,137.0,2.0,0.0,2.0,e9,CX-FBu,nC,0.07578393225824319
13155,137.0,3.0,0.0,3.0,e3,CX-PICy,nD,0.6575942693885647
13156,137.0,4.0,0.0,4.0,e5,Cy-DavePhos,nD,0.7566333942731113
13157,137.0,5.0,0.0,5.0,e7,Cy-vBRIDP,nD,0.5488733534623731
13158,137.0,6.0,0.0,6.0,e5,Kwong,nG,0.24931580024802266
13159,137.0,7.0,0.0,7.0,e4,MeO-KITPHOS,nG,0.028037897530188406
13160,137.0,8.0,0.0,8.0,e2,P(o-Anis)3,nA,0.25800548866225337
13161,137.0,9.0,0.0,9.0,e7,Et-PhenCar-Phos,nB,0.3099147672836797
13162,137.0,10.0,0.0,10.0,e4,JackiePhos,nC,0.28682741874775813
13163,137.0,11.0,0.0,11.0,e9,"P(3,5-CF3-Ph)3",nF,0.3243416897405247
13164,137.0,12.0,0.0,12.0,e5,P(fur)3,nI,0.9167660385918296
13165,137.0,13.0,0.0,13.0,e9,Ph-PhenCar-Phos,nB,0.058803717942506314
13166,137.0,14.0,0.0,14.0,e1,PPh2Me,nB,0.01727201608687613
13167,137.0,15.0,0.0,15.0,e5,PPhtBu2,nC,0.7698254349858591
13168,137.0,16.0,0.0,16.0,e1,tBPh-CPhos,nC,0.20431204836192307
13169,137.0,17.0,0.0,17.0,e9,PPhMe2,nF,0.0
13170,137.0,18.0,0.0,18.0,e5,Cy-BippyPhos,nA,0.7454640568896914
13171,137.0,19.0,0.0,19.0,e3,PCy3 HBF4,nI,0.33946967608816647
13172,137.0,20.0,0.0,20.0,e3,CgMe-PPh,nE,0.13080909557688172
13173,137.0,21.0,0.0,21.0,e2,PPh3,nE,0.08087648972572638
13174,137.0,22.0,0.0,22.0,e4,X-Phos,nE,0.0
13175,137.0,23.0,0.0,23.0,e2,PnBu3 HBF4,nI,0.3422463973419018
13176,137.0,24.0,0.0,24.0,e4,P(fur)3,nB,0.04357911135254303
13177,137.0,25.0,0.0,25.0,e1,PPhtBu2,nB,0.03618479220380419
13178,137.0,26.0,0.0,26.0,e5,Cy-DavePhos,nI,0.8413366058756354
13179,137.0,27.0,0.0,27.0,e9,Cy-BippyPhos,nG,0.46478882021105844
13180,137.0,28.0,0.0,28.0,e1,CX-PICy,nI,0.16332586594833928
13181,137.0,29.0,0.0,29.0,e4,Cy-vBRIDP,nG,0.011887141708792338
13182,137.0,30.0,0.0,30.0,e3,PnBu3 HBF4,nD,0.43543108377583073
13183,137.0,31.0,0.0,31.0,e1,PCy3 HBF4,nD,0.10789505494394104
13184,137.0,32.0,0.0,32.0,e10,"P(3,5-CF3-Ph)3",nE,0.08377153804882367
13185,137.0,33.0,0.0,33.0,e10,Et-PhenCar-Phos,nC,0.7283750489168687
13186,137.0,34.0,0.0,34.0,e7,JackiePhos,nF,0.01228824735837601
13187,137.0,35.0,0.0,35.0,e2,BrettPhos,nC,0.18745960828809252
13188,137.0,36.0,0.0,36.0,e7,P(o-Anis)3,nC,0.3570385417934203
13189,137.0,37.0,0.0,37.0,e9,Kwong,nI,0.4493156931018429
13190,137.0,38.0,0.0,38.0,e9,A-caPhos,nB,0.040633394833466153
13191,137.0,39.0,0.0,39.0,e2,Cy-DavePhos,nC,0.5482191793404829
13192,137.0,40.0,0.0,40.0,e4,tBPh-CPhos,nE,0.08334191795338486
13193,137.0,41.0,0.0,41.0,e1,CgMe-PPh,nB,0.12558127711891434
13194,137.0,42.0,0.0,42.0,e2,PPh3,nC,0.7202319507090823
13195,137.0,43.0,0.0,43.0,e7,CX-FBu,nB,0.0925326789625629
13196,137.0,44.0,0.0,44.0,e9,Ph-PhenCar-Phos,nG,0.441238259560321
13197,137.0,45.0,0.0,45.0,e3,MeO-KITPHOS,nI,0.3078359504421801
13198,137.0,46.0,0.0,46.0,e3,Cy-BippyPhos,nF,0.818115739608698
13199,137.0,47.0,0.0,47.0,e3,PPh2Me,nE,0.10038963691603196
13200,137.0,48.0,0.0,48.0,e5,PPhMe2,nF,0.0
13201,137.0,49.0,0.0,49.0,e9,X-Phos,nE,0.11576466040964467
13202,137.0,50.0,0.0,50.0,e5,Et-PhenCar-Phos,nD,0.7835996088615103
13203,137.0,51.0,0.0,51.0,e7,P(fur)3,nF,0.003960698397596189
13204,137.0,52.0,0.0,52.0,e7,Cy-DavePhos,nA,0.4507264804831017
13205,137.0,53.0,0.0,53.0,e4,Cy-BippyPhos,nD,0.0
13206,137.0,54.0,0.0,54.0,e2,CX-PICy,nD,0.844934148288056
13207,137.0,55.0,0.0,55.0,e4,PPhtBu2,nI,0.0
13208,137.0,56.0,0.0,56.0,e3,PPh3,nI,0.029763654521305326
13209,137.0,57.0,0.0,57.0,e9,PnBu3 HBF4,nD,0.3392198605455525
13210,137.0,58.0,0.0,58.0,e1,Kwong,nA,0.11345641456119931
13211,137.0,59.0,0.0,59.0,e2,Et-PhenCar-Phos,nC,0.5743678887703998
13212,137.0,60.0,0.0,60.0,e1,P(o-Anis)3,nC,0.2646743135782516
13213,137.0,61.0,0.0,61.0,e4,CX-PICy,nC,0.6506137028615483
13214,137.0,62.0,0.0,62.0,e7,Cy-vBRIDP,nG,0.2559159577514194
13215,137.0,63.0,0.0,63.0,e9,Ph-PhenCar-Phos,nF,0.6256618485697769
13216,137.0,64.0,0.0,64.0,e1,Cy-DavePhos,nB,0.14325304895448931
13217,137.0,65.0,0.0,65.0,e10,BrettPhos,nD,0.9370714187232184
13218,137.0,66.0,0.0,66.0,e2,PCy3 HBF4,nC,0.7514550742860919
13219,137.0,67.0,0.0,67.0,e4,"P(3,5-CF3-Ph)3",nD,0.021077110506758236
13220,137.0,68.0,0.0,68.0,e9,BrettPhos,nE,0.04085862990218846
13221,137.0,69.0,0.0,69.0,e2,Et-PhenCar-Phos,nD,0.9214853157259724
13222,137.0,70.0,0.0,70.0,e10,MeO-KITPHOS,nF,0.8931997261223513
13223,137.0,71.0,0.0,71.0,e10,CX-PICy,nF,0.8753267029656862
13224,137.0,72.0,0.0,72.0,e5,MeO-KITPHOS,nG,0.5037716636607265
13225,137.0,73.0,0.0,73.0,e2,JackiePhos,nB,0.27751512392797617
13226,137.0,74.0,0.0,74.0,e3,tBPh-CPhos,nE,0.18973560206253479
13227,137.0,75.0,0.0,75.0,e7,Et-PhenCar-Phos,nA,0.46105828561415296
13228,137.0,76.0,0.0,76.0,e9,A-caPhos,nD,0.5903907562753792
13229,137.0,77.0,0.0,77.0,e4,PCy3 HBF4,nF,0.1806752523043707
13230,137.0,78.0,0.0,78.0,e5,CgMe-PPh,nF,0.4710660416220753
13231,137.0,79.0,0.0,79.0,e9,CX-PICy,nB,0.017548782295091724
13232,137.0,80.0,0.0,80.0,e7,Ph-PhenCar-Phos,nB,0.09789100504054042
13233,137.0,81.0,0.0,81.0,e5,PnBu3 HBF4,nF,0.10989187551048998
13234,137.0,82.0,0.0,82.0,e1,Cy-BippyPhos,nF,0.042463401107959806
13235,137.0,83.0,0.0,83.0,e1,CX-FBu,nD,0.04874487002483518
13236,137.0,84.0,0.0,84.0,e10,P(fur)3,nC,0.7314440607369128
13237,137.0,85.0,0.0,85.0,e5,PPh2Me,nI,0.18805503621177608
13238,137.0,86.0,0.0,86.0,e10,X-Phos,nG,0.26909978021938563
13239,137.0,87.0,0.0,87.0,e1,P(o-Anis)3,nE,0.0726200206341357
13240,137.0,88.0,0.0,88.0,e10,Et-PhenCar-Phos,nI,0.8978098811886851
13241,137.0,89.0,0.0,89.0,e10,A-caPhos,nF,0.7955510503185635
13242,137.0,90.0,0.0,90.0,e9,Cy-DavePhos,nF,0.869939977523386
13243,137.0,91.0,0.0,91.0,e1,MeO-KITPHOS,nI,0.08070327614437922
13244,137.0,92.0,0.0,92.0,e5,PPh3,nB,0.10428974023151304
13245,137.0,93.0,0.0,93.0,e7,Cy-vBRIDP,nA,0.4856539808134513
13246,137.0,94.0,0.0,94.0,e10,Kwong,nA,0.5880136022074371
13247,137.0,95.0,0.0,95.0,e2,Et-PhenCar-Phos,nF,0.516942514891109
13248,138.0,0.0,0.0,0.0,e2,A-caPhos,nF,0.09240764466838348
13249,138.0,1.0,0.0,1.0,e5,BrettPhos,nE,0.03441463508665893
13250,138.0,2.0,0.0,2.0,e3,CX-FBu,nD,0.0
13251,138.0,3.0,0.0,3.0,e9,CX-PICy,nF,0.47170454735693496
13252,138.0,4.0,0.0,4.0,e3,Cy-DavePhos,nG,0.582883480820361
13253,138.0,5.0,0.0,5.0,e7,Cy-vBRIDP,nC,0.6820459911323365
13254,138.0,6.0,0.0,6.0,e5,Kwong,nG,0.24931580024802266
13255,138.0,7.0,0.0,7.0,e9,MeO-KITPHOS,nB,0.10548391557053341
13256,138.0,8.0,0.0,8.0,e10,P(o-Anis)3,nF,0.06384265359275798
13257,138.0,9.0,0.0,9.0,e9,Et-PhenCar-Phos,nB,0.15268768262180096
13258,138.0,10.0,0.0,10.0,e9,JackiePhos,nF,0.9465936072978836
13259,138.0,11.0,0.0,11.0,e3,"P(3,5-CF3-Ph)3",nI,0.34124947817961754
13260,138.0,12.0,0.0,12.0,e9,P(fur)3,nE,0.042314138706189254
13261,138.0,13.0,0.0,13.0,e9,Ph-PhenCar-Phos,nA,0.2063595645670517
13262,138.0,14.0,0.0,14.0,e7,PPh2Me,nB,0.022176359893621114
13263,138.0,15.0,0.0,15.0,e10,PPhtBu2,nF,0.9293464786587261
13264,138.0,16.0,0.0,16.0,e9,tBPh-CPhos,nE,0.2128966624664455
13265,138.0,17.0,0.0,17.0,e7,PPhMe2,nF,0.0
13266,138.0,18.0,0.0,18.0,e4,Cy-BippyPhos,nF,0.16766741748867858
13267,138.0,19.0,0.0,19.0,e1,PCy3 HBF4,nG,0.011446303846680505
13268,138.0,20.0,0.0,20.0,e9,CgMe-PPh,nG,0.5466105607265662
13269,138.0,21.0,0.0,21.0,e9,PPh3,nA,0.4432722730662406
13270,138.0,22.0,0.0,22.0,e4,X-Phos,nC,0.34258955436774835
13271,138.0,23.0,0.0,23.0,e1,PnBu3 HBF4,nD,0.07093393667529567
13272,138.0,24.0,0.0,24.0,e1,JackiePhos,nE,0.07879071157202047
13273,138.0,25.0,0.0,25.0,e5,PPhtBu2,nE,0.26560222932504995
13274,138.0,26.0,0.0,26.0,e1,Cy-vBRIDP,nC,0.021046518566206512
13275,138.0,27.0,0.0,27.0,e5,Cy-DavePhos,nC,0.6945846341087276
13276,138.0,28.0,0.0,28.0,e4,CgMe-PPh,nI,0.07791399926072878
13277,138.0,29.0,0.0,29.0,e7,CX-PICy,nC,0.5896946040296001
13278,138.0,30.0,0.0,30.0,e2,PPh3,nD,0.829809282023606
13279,138.0,31.0,0.0,31.0,e7,X-Phos,nB,0.24145251337028
13280,138.0,32.0,0.0,32.0,e5,"P(3,5-CF3-Ph)3",nE,0.16245071334673533
13281,138.0,33.0,0.0,33.0,e7,Kwong,nE,0.004040419088719778
13282,138.0,34.0,0.0,34.0,e5,tBPh-CPhos,nD,0.8244748174600138
13283,138.0,35.0,0.0,35.0,e10,Ph-PhenCar-Phos,nA,0.4084319710624149
13284,138.0,36.0,0.0,36.0,e10,Cy-BippyPhos,nI,0.8194571896084138
13285,138.0,37.0,0.0,37.0,e3,Et-PhenCar-Phos,nD,0.6274812834141975
13286,138.0,38.0,0.0,38.0,e3,MeO-KITPHOS,nG,0.3259921382962992
13287,138.0,39.0,0.0,39.0,e7,A-caPhos,nB,0.19570168231689697
13288,138.0,40.0,0.0,40.0,e7,PnBu3 HBF4,nD,0.08555081309162699
13289,138.0,41.0,0.0,41.0,e1,P(o-Anis)3,nE,0.0726200206341357
13290,138.0,42.0,0.0,42.0,e10,Cy-DavePhos,nF,0.8813598639667193
13291,138.0,43.0,0.0,43.0,e10,PPh3,nB,0.027379747986006113
13292,138.0,44.0,0.0,44.0,e1,P(fur)3,nG,0.026494931502405453
13293,138.0,45.0,0.0,45.0,e1,BrettPhos,nG,0.0081874030607583
13294,138.0,46.0,0.0,46.0,e1,PPh2Me,nA,0.02658164171473438
13295,138.0,47.0,0.0,47.0,e9,PPhtBu2,nC,0.22719482142551736
13296,138.0,48.0,0.0,48.0,e9,PCy3 HBF4,nD,0.675233270214635
13297,138.0,49.0,0.0,49.0,e2,CX-FBu,nF,0.02464263660395492
13298,138.0,50.0,0.0,50.0,e7,PPhMe2,nE,0.04656087399550363
13299,138.0,51.0,0.0,51.0,e4,CX-PICy,nC,0.6506137028615483
13300,138.0,52.0,0.0,52.0,e1,tBPh-CPhos,nE,0.10531846896621012
13301,138.0,53.0,0.0,53.0,e7,JackiePhos,nF,0.01228824735837601
13302,138.0,54.0,0.0,54.0,e1,Cy-BippyPhos,nD,0.19322800249768834
13303,138.0,55.0,0.0,55.0,e7,Cy-DavePhos,nF,0.07212456406365218
13304,138.0,56.0,0.0,56.0,e10,Et-PhenCar-Phos,nE,0.1423623971693994
13305,138.0,57.0,0.0,57.0,e10,Cy-vBRIDP,nF,0.8737297326167234
13306,138.0,58.0,0.0,58.0,e3,PCy3 HBF4,nD,0.6525316662080763
13307,138.0,59.0,0.0,59.0,e2,CgMe-PPh,nC,0.6339599379342666
13308,138.0,60.0,0.0,60.0,e7,CX-PICy,nF,0.22737199353381096
13309,138.0,61.0,0.0,61.0,e10,Ph-PhenCar-Phos,nI,0.19493888256788205
13310,138.0,62.0,0.0,62.0,e3,X-Phos,nA,0.5260046217897938
13311,138.0,63.0,0.0,63.0,e10,Cy-vBRIDP,nD,0.9843096018311139
13312,138.0,64.0,0.0,64.0,e1,"P(3,5-CF3-Ph)3",nF,0.0
13313,138.0,65.0,0.0,65.0,e5,Cy-vBRIDP,nB,0.24691256669659825
13314,138.0,66.0,0.0,66.0,e7,MeO-KITPHOS,nI,0.21783562748931537
13315,138.0,67.0,0.0,67.0,e1,PPhtBu2,nF,0.0
13316,138.0,68.0,0.0,68.0,e5,PCy3 HBF4,nB,0.02481060011325073
13317,138.0,69.0,0.0,69.0,e5,PPh3,nD,0.7503383283607225
13318,138.0,70.0,0.0,70.0,e4,CgMe-PPh,nA,0.05836143390317885
13319,138.0,71.0,0.0,71.0,e3,A-caPhos,nE,0.07288605180469757
13320,138.0,72.0,0.0,72.0,e1,Cy-DavePhos,nI,0.007578802183845745
13321,138.0,73.0,0.0,73.0,e10,Cy-BippyPhos,nE,0.15176129512938982
13322,138.0,74.0,0.0,74.0,e3,Kwong,nF,0.751341990836228
13323,138.0,75.0,0.0,75.0,e1,tBPh-CPhos,nI,0.239947127680601
13324,138.0,76.0,0.0,76.0,e5,X-Phos,nD,0.8408611369475726
13325,138.0,77.0,0.0,77.0,e1,PPh3,nI,0.04621439454240948
13326,138.0,78.0,0.0,78.0,e1,JackiePhos,nI,0.23164589492729465
13327,138.0,79.0,0.0,79.0,e10,PnBu3 HBF4,nB,0.005351613760340478
13328,138.0,80.0,0.0,80.0,e4,Kwong,nG,0.0
13329,138.0,81.0,0.0,81.0,e5,X-Phos,nA,0.7308372177455247
13330,138.0,82.0,0.0,82.0,e1,CX-PICy,nG,0.10103394714922777
13331,138.0,83.0,0.0,83.0,e5,P(o-Anis)3,nA,0.20637391159055976
13332,138.0,84.0,0.0,84.0,e1,Et-PhenCar-Phos,nI,0.05407119647865783
13333,138.0,85.0,0.0,85.0,e7,Cy-vBRIDP,nA,0.4856539808134513
13334,138.0,86.0,0.0,86.0,e7,P(fur)3,nG,0.09582881459800867
13335,138.0,87.0,0.0,87.0,e1,PPh2Me,nC,0.03975950169843254
13336,138.0,88.0,0.0,88.0,e4,PPhMe2,nG,0.0
13337,138.0,89.0,0.0,89.0,e2,BrettPhos,nC,0.18745960828809252
13338,138.0,90.0,0.0,90.0,e7,X-Phos,nC,0.7699443054600407
13339,138.0,91.0,0.0,91.0,e10,CX-FBu,nD,0.021025961968080993
13340,138.0,92.0,0.0,92.0,e3,Ph-PhenCar-Phos,nI,0.1932605709368885
13341,138.0,93.0,0.0,93.0,e5,X-Phos,nB,0.22803797881095858
13342,138.0,94.0,0.0,94.0,e1,MeO-KITPHOS,nE,0.04671760971453625
13343,138.0,95.0,0.0,95.0,e10,Cy-vBRIDP,nI,0.8380507759186263
13344,139.0,0.0,0.0,0.0,e5,A-caPhos,nA,0.2812843970957228
13345,139.0,1.0,0.0,1.0,e9,BrettPhos,nA,0.05897317034300215
13346,139.0,2.0,0.0,2.0,e1,CX-FBu,nC,0.027604957748843088
13347,139.0,3.0,0.0,3.0,e10,CX-PICy,nD,0.8614801884008014
13348,139.0,4.0,0.0,4.0,e2,Cy-DavePhos,nD,0.8600984767103315
13349,139.0,5.0,0.0,5.0,e7,Cy-vBRIDP,nA,0.4856539808134513
13350,139.0,6.0,0.0,6.0,e10,Kwong,nC,0.6516586410089802
13351,139.0,7.0,0.0,7.0,e2,MeO-KITPHOS,nF,0.6735229847545438
13352,139.0,8.0,0.0,8.0,e5,P(o-Anis)3,nB,0.08805288524342034
13353,139.0,9.0,0.0,9.0,e3,Et-PhenCar-Phos,nD,0.6274812834141975
13354,139.0,10.0,0.0,10.0,e3,JackiePhos,nB,0.1608694107669877
13355,139.0,11.0,0.0,11.0,e1,"P(3,5-CF3-Ph)3",nB,0.03740009874424654
13356,139.0,12.0,0.0,12.0,e3,P(fur)3,nC,0.46239361820179303
13357,139.0,13.0,0.0,13.0,e9,Ph-PhenCar-Phos,nI,0.46896060545395385
13358,139.0,14.0,0.0,14.0,e7,PPh2Me,nG,0.01761201016057301
13359,139.0,15.0,0.0,15.0,e2,PPhtBu2,nB,0.2956916574075555
13360,139.0,16.0,0.0,16.0,e9,tBPh-CPhos,nC,0.363549380851319
13361,139.0,17.0,0.0,17.0,e7,PPhMe2,nE,0.04656087399550363
13362,139.0,18.0,0.0,18.0,e1,Cy-BippyPhos,nI,0.2211067826223972
13363,139.0,19.0,0.0,19.0,e2,PCy3 HBF4,nF,0.06006001678298359
13364,139.0,20.0,0.0,20.0,e7,CgMe-PPh,nD,1.0
13365,139.0,21.0,0.0,21.0,e9,PPh3,nC,0.36576356638393287
13366,139.0,22.0,0.0,22.0,e3,X-Phos,nA,0.5260046217897938
13367,139.0,23.0,0.0,23.0,e9,PnBu3 HBF4,nC,0.29786886006957153
13368,139.0,24.0,0.0,24.0,e10,CgMe-PPh,nA,0.1556727410455523
13369,139.0,25.0,0.0,25.0,e3,CX-PICy,nA,0.3216556256640709
13370,139.0,26.0,0.0,26.0,e3,Cy-DavePhos,nB,0.16485335147347094
13371,139.0,27.0,0.0,27.0,e4,MeO-KITPHOS,nG,0.028037897530188406
13372,139.0,28.0,0.0,28.0,e9,Kwong,nG,0.48310327993375796
13373,139.0,29.0,0.0,29.0,e5,Et-PhenCar-Phos,nD,0.7835996088615103
13374,139.0,30.0,0.0,30.0,e3,X-Phos,nE,0.1548016728315108
13375,139.0,31.0,0.0,31.0,e2,Cy-vBRIDP,nE,0.13496463293382222
13376,139.0,32.0,0.0,32.0,e9,Ph-PhenCar-Phos,nF,0.6256618485697769
13377,139.0,33.0,0.0,33.0,e7,P(fur)3,nF,0.003960698397596189
13378,139.0,34.0,0.0,34.0,e9,PPh3,nG,0.4180674835896047
13379,139.0,35.0,0.0,35.0,e9,tBPh-CPhos,nI,0.8988852901963119
13380,139.0,36.0,0.0,36.0,e3,PnBu3 HBF4,nB,0.061021062497356005
13381,139.0,37.0,0.0,37.0,e4,PPhtBu2,nG,0.010529758099421742
13382,139.0,38.0,0.0,38.0,e2,A-caPhos,nI,0.27907445871147873
13383,139.0,39.0,0.0,39.0,e1,Cy-BippyPhos,nB,0.16085798150695332
13384,139.0,40.0,0.0,40.0,e5,JackiePhos,nG,0.338261501637445
13385,139.0,41.0,0.0,41.0,e4,Et-PhenCar-Phos,nE,0.006684621137560202
13386,139.0,42.0,0.0,42.0,e7,P(o-Anis)3,nG,0.04483783011499854
13387,139.0,43.0,0.0,43.0,e1,PCy3 HBF4,nD,0.10789505494394104
13388,139.0,44.0,0.0,44.0,e2,BrettPhos,nC,0.18745960828809252
13389,139.0,45.0,0.0,45.0,e7,PPhMe2,nI,0.12447799772050785
13390,139.0,46.0,0.0,46.0,e7,tBPh-CPhos,nA,0.42655708759840044
13391,139.0,47.0,0.0,47.0,e4,"P(3,5-CF3-Ph)3",nB,0.027212247580631236
13392,139.0,48.0,0.0,48.0,e5,CX-FBu,nC,0.07791633633204394
13393,139.0,49.0,0.0,49.0,e1,PPh2Me,nF,0.03516179379382025
13394,139.0,50.0,0.0,50.0,e1,CX-PICy,nC,0.17448452116943244
13395,139.0,51.0,0.0,51.0,e10,CgMe-PPh,nD,0.9667080207978768
13396,139.0,52.0,0.0,52.0,e1,Kwong,nD,0.08645291673067909
13397,139.0,53.0,0.0,53.0,e9,Ph-PhenCar-Phos,nD,0.6767072029805355
13398,139.0,54.0,0.0,54.0,e9,Cy-DavePhos,nI,0.6237855110018449
13399,139.0,55.0,0.0,55.0,e7,CgMe-PPh,nI,0.6142759277683246
13400,139.0,56.0,0.0,56.0,e5,PPh3,nC,0.8123421522885619
13401,139.0,57.0,0.0,57.0,e1,MeO-KITPHOS,nF,0.01625313158601373
13402,139.0,58.0,0.0,58.0,e2,X-Phos,nA,0.7289375568068931
13403,139.0,59.0,0.0,59.0,e7,Ph-PhenCar-Phos,nI,0.1595207097498683
13404,139.0,60.0,0.0,60.0,e5,Cy-vBRIDP,nG,0.40071151817911255
13405,139.0,61.0,0.0,61.0,e2,tBPh-CPhos,nE,0.13432593614456043
13406,139.0,62.0,0.0,62.0,e3,Cy-DavePhos,nF,0.8181899294726043
13407,139.0,63.0,0.0,63.0,e9,A-caPhos,nA,0.04128507835913788
13408,139.0,64.0,0.0,64.0,e5,PPh3,nE,0.07040432961461064
13409,139.0,65.0,0.0,65.0,e1,CgMe-PPh,nC,0.11816325573626481
13410,139.0,66.0,0.0,66.0,e10,JackiePhos,nG,0.19943476808224297
13411,139.0,67.0,0.0,67.0,e9,P(fur)3,nD,0.6308820906080369
13412,139.0,68.0,0.0,68.0,e10,Et-PhenCar-Phos,nD,0.9813444766852435
13413,139.0,69.0,0.0,69.0,e3,X-Phos,nG,0.7317723957408664
13414,139.0,70.0,0.0,70.0,e2,Cy-DavePhos,nB,0.3895783251678055
13415,139.0,71.0,0.0,71.0,e2,CX-PICy,nD,0.844934148288056
13416,139.0,72.0,0.0,72.0,e9,Cy-BippyPhos,nG,0.46478882021105844
13417,139.0,73.0,0.0,73.0,e10,Et-PhenCar-Phos,nA,0.7401699862842729
13418,139.0,74.0,0.0,74.0,e9,PnBu3 HBF4,nE,0.13881752224258265
13419,139.0,75.0,0.0,75.0,e1,PPhtBu2,nA,0.4568186881135986
13420,139.0,76.0,0.0,76.0,e3,Kwong,nE,0.12194116840481971
13421,139.0,77.0,0.0,77.0,e10,CX-PICy,nC,0.7614827627405488
13422,139.0,78.0,0.0,78.0,e3,BrettPhos,nF,0.00688372893582114
13423,139.0,79.0,0.0,79.0,e7,X-Phos,nD,0.3829370574937559
13424,139.0,80.0,0.0,80.0,e4,Et-PhenCar-Phos,nD,0.045517695769122665
13425,139.0,81.0,0.0,81.0,e1,P(fur)3,nA,0.13903094918195189
13426,139.0,82.0,0.0,82.0,e1,PPhMe2,nE,0.005912635036959193
13427,139.0,83.0,0.0,83.0,e4,PCy3 HBF4,nD,0.07881380061232132
13428,139.0,84.0,0.0,84.0,e1,Cy-vBRIDP,nA,0.2888460681891715
13429,139.0,85.0,0.0,85.0,e7,CX-PICy,nG,0.27831617102194695
13430,139.0,86.0,0.0,86.0,e1,Ph-PhenCar-Phos,nI,0.08752687001474006
13431,139.0,87.0,0.0,87.0,e3,P(o-Anis)3,nF,0.2839833546931981
13432,139.0,88.0,0.0,88.0,e4,CX-FBu,nA,0.0
13433,139.0,89.0,0.0,89.0,e1,Cy-DavePhos,nD,0.0801309667245095
13434,139.0,90.0,0.0,90.0,e9,CgMe-PPh,nF,1.0
13435,139.0,91.0,0.0,91.0,e2,CgMe-PPh,nD,0.9061905699119336
13436,139.0,92.0,0.0,92.0,e7,tBPh-CPhos,nC,0.6575510344081796
13437,139.0,93.0,0.0,93.0,e1,"P(3,5-CF3-Ph)3",nC,0.0
13438,139.0,94.0,0.0,94.0,e1,PPh2Me,nB,0.01727201608687613
13439,139.0,95.0,0.0,95.0,e4,Cy-BippyPhos,nE,0.0
13440,140.0,0.0,0.0,0.0,e10,A-caPhos,nI,0.4049690202102659
13441,140.0,1.0,0.0,1.0,e7,BrettPhos,nE,0.0
13442,140.0,2.0,0.0,2.0,e7,CX-FBu,nD,0.017505922127010028
13443,140.0,3.0,0.0,3.0,e10,CX-PICy,nI,0.8294011628993512
13444,140.0,4.0,0.0,4.0,e2,Cy-DavePhos,nB,0.3895783251678055
13445,140.0,5.0,0.0,5.0,e4,Cy-vBRIDP,nC,0.20302461670836117
13446,140.0,6.0,0.0,6.0,e5,Kwong,nC,0.7139078067166453
13447,140.0,7.0,0.0,7.0,e4,MeO-KITPHOS,nA,0.009388644305479189
13448,140.0,8.0,0.0,8.0,e5,P(o-Anis)3,nG,0.042964931261074535
13449,140.0,9.0,0.0,9.0,e9,Et-PhenCar-Phos,nE,0.09970326563233488
13450,140.0,10.0,0.0,10.0,e5,JackiePhos,nG,0.338261501637445
13451,140.0,11.0,0.0,11.0,e5,"P(3,5-CF3-Ph)3",nA,0.6652219449652172
13452,140.0,12.0,0.0,12.0,e5,P(fur)3,nB,0.1834224346309997
13453,140.0,13.0,0.0,13.0,e9,Ph-PhenCar-Phos,nB,0.058803717942506314
13454,140.0,14.0,0.0,14.0,e10,PPh2Me,nF,0.9442102793927251
13455,140.0,15.0,0.0,15.0,e9,PPhtBu2,nC,0.22719482142551736
13456,140.0,16.0,0.0,16.0,e1,tBPh-CPhos,nI,0.239947127680601
13457,140.0,17.0,0.0,17.0,e9,PPhMe2,nD,0.18559600333835125
13458,140.0,18.0,0.0,18.0,e4,Cy-BippyPhos,nG,0.015289072522480941
13459,140.0,19.0,0.0,19.0,e3,PCy3 HBF4,nC,0.5344164665084931
13460,140.0,20.0,0.0,20.0,e4,CgMe-PPh,nC,0.07729202271014396
13461,140.0,21.0,0.0,21.0,e4,PPh3,nI,0.04426360801913863
13462,140.0,22.0,0.0,22.0,e9,X-Phos,nG,0.4940245596014306
13463,140.0,23.0,0.0,23.0,e1,PnBu3 HBF4,nG,0.02038973512534908
13464,140.0,24.0,0.0,24.0,e3,PPh2Me,nC,0.4855178301327266
13465,140.0,25.0,0.0,25.0,e7,CX-PICy,nC,0.5896946040296001
13466,140.0,26.0,0.0,26.0,e1,Kwong,nF,0.04076651100940088
13467,140.0,27.0,0.0,27.0,e5,"P(3,5-CF3-Ph)3",nF,0.7449177693369221
13468,140.0,28.0,0.0,28.0,e3,PCy3 HBF4,nG,0.21655404349373675
13469,140.0,29.0,0.0,29.0,e9,X-Phos,nD,0.745297985783962
13470,140.0,30.0,0.0,30.0,e4,A-caPhos,nB,0.0
13471,140.0,31.0,0.0,31.0,e4,Cy-DavePhos,nD,0.03141453777755875
13472,140.0,32.0,0.0,32.0,e7,JackiePhos,nF,0.01228824735837601
13473,140.0,33.0,0.0,33.0,e7,tBPh-CPhos,nG,0.06459244912713331
13474,140.0,34.0,0.0,34.0,e4,PPhtBu2,nG,0.010529758099421742
13475,140.0,35.0,0.0,35.0,e9,Cy-vBRIDP,nC,0.3462977628869725
13476,140.0,36.0,0.0,36.0,e4,PPhMe2,nA,0.0
13477,140.0,37.0,0.0,37.0,e7,P(fur)3,nC,0.4312782068921491
13478,140.0,38.0,0.0,38.0,e4,PPh2Me,nI,0.011948259243086866
13479,140.0,39.0,0.0,39.0,e3,CX-PICy,nD,0.6575942693885647
13480,140.0,40.0,0.0,40.0,e9,"P(3,5-CF3-Ph)3",nF,0.3243416897405247
13481,140.0,41.0,0.0,41.0,e10,Et-PhenCar-Phos,nF,0.9128845279878604
13482,140.0,42.0,0.0,42.0,e7,CgMe-PPh,nI,0.6142759277683246
13483,140.0,43.0,0.0,43.0,e7,Ph-PhenCar-Phos,nB,0.09789100504054042
13484,140.0,44.0,0.0,44.0,e1,PPh3,nG,0.03305769806250671
13485,140.0,45.0,0.0,45.0,e10,P(o-Anis)3,nF,0.06384265359275798
13486,140.0,46.0,0.0,46.0,e3,X-Phos,nA,0.5260046217897938
13487,140.0,47.0,0.0,47.0,e1,PnBu3 HBF4,nI,0.09337979085237404
13488,140.0,48.0,0.0,48.0,e10,CX-FBu,nC,0.09554429852233287
13489,140.0,49.0,0.0,49.0,e10,Cy-BippyPhos,nB,0.44442545396979233
13490,140.0,50.0,0.0,50.0,e5,MeO-KITPHOS,nB,0.28637906683057796
13491,140.0,51.0,0.0,51.0,e1,BrettPhos,nG,0.0081874030607583
13492,140.0,52.0,0.0,52.0,e7,Et-PhenCar-Phos,nD,1.0
13493,140.0,53.0,0.0,53.0,e10,CX-PICy,nG,0.3377488314799635
13494,140.0,54.0,0.0,54.0,e7,Et-PhenCar-Phos,nI,0.6075049737560246
13495,140.0,55.0,0.0,55.0,e3,Kwong,nC,0.49266490533355695
13496,140.0,56.0,0.0,56.0,e9,PCy3 HBF4,nG,0.4351271395358285
13497,140.0,57.0,0.0,57.0,e1,CgMe-PPh,nF,0.16030992191406224
13498,140.0,58.0,0.0,58.0,e7,X-Phos,nA,0.3860138905078492
13499,140.0,59.0,0.0,59.0,e4,"P(3,5-CF3-Ph)3",nI,0.07226229178364636
13500,140.0,60.0,0.0,60.0,e2,P(fur)3,nF,0.4799987068628782
13501,140.0,61.0,0.0,61.0,e2,Cy-vBRIDP,nA,0.9280139562522538
13502,140.0,62.0,0.0,62.0,e3,Et-PhenCar-Phos,nF,0.7168147526183698
13503,140.0,63.0,0.0,63.0,e10,Cy-vBRIDP,nI,0.8380507759186263
13504,140.0,64.0,0.0,64.0,e9,Cy-BippyPhos,nD,0.7312870661515999
13505,140.0,65.0,0.0,65.0,e2,PPh2Me,nG,0.0
13506,140.0,66.0,0.0,66.0,e7,Cy-DavePhos,nA,0.4507264804831017
13507,140.0,67.0,0.0,67.0,e3,A-caPhos,nD,0.6490888057244365
13508,140.0,68.0,0.0,68.0,e9,CX-PICy,nF,0.47170454735693496
13509,140.0,69.0,0.0,69.0,e3,JackiePhos,nB,0.1608694107669877
13510,140.0,70.0,0.0,70.0,e4,Cy-vBRIDP,nA,0.021399040085944364
13511,140.0,71.0,0.0,71.0,e3,Kwong,nA,0.52844484704448
13512,140.0,72.0,0.0,72.0,e7,tBPh-CPhos,nI,0.3070094849804215
13513,140.0,73.0,0.0,73.0,e4,MeO-KITPHOS,nD,0.01764759420350764
13514,140.0,74.0,0.0,74.0,e9,Et-PhenCar-Phos,nI,0.47387538169056964
13515,140.0,75.0,0.0,75.0,e5,Cy-BippyPhos,nD,0.7452121533478554
13516,140.0,76.0,0.0,76.0,e3,PCy3 HBF4,nD,0.6525316662080763
13517,140.0,77.0,0.0,77.0,e9,X-Phos,nA,0.4653132921969271
13518,140.0,78.0,0.0,78.0,e5,PPhtBu2,nE,0.26560222932504995
13519,140.0,79.0,0.0,79.0,e2,P(fur)3,nE,0.12109249824231177
13520,140.0,80.0,0.0,80.0,e3,PPhMe2,nA,0.3195986379275633
13521,140.0,81.0,0.0,81.0,e1,A-caPhos,nE,0.03499297317844621
13522,140.0,82.0,0.0,82.0,e1,Ph-PhenCar-Phos,nG,0.02135338003989251
13523,140.0,83.0,0.0,83.0,e9,Cy-BippyPhos,nE,0.1706050823301135
13524,140.0,84.0,0.0,84.0,e7,CX-PICy,nE,0.02553348260378032
13525,140.0,85.0,0.0,85.0,e2,PnBu3 HBF4,nG,0.05240835785700971
13526,140.0,86.0,0.0,86.0,e5,CX-FBu,nF,0.0
13527,140.0,87.0,0.0,87.0,e2,P(o-Anis)3,nG,0.12131880345908684
13528,140.0,88.0,0.0,88.0,e9,PCy3 HBF4,nF,0.8209377552949729
13529,140.0,89.0,0.0,89.0,e7,PPh3,nD,0.9958253430037467
13530,140.0,90.0,0.0,90.0,e5,PPh3,nG,0.0842244348649542
13531,140.0,91.0,0.0,91.0,e4,"P(3,5-CF3-Ph)3",nD,0.021077110506758236
13532,140.0,92.0,0.0,92.0,e4,Et-PhenCar-Phos,nI,0.02371214570587278
13533,140.0,93.0,0.0,93.0,e7,Cy-DavePhos,nI,0.2468203134373269
13534,140.0,94.0,0.0,94.0,e9,Kwong,nC,0.3519968307033692
13535,140.0,95.0,0.0,95.0,e10,CgMe-PPh,nE,0.0683436736393753
13536,141.0,0.0,0.0,0.0,e7,A-caPhos,nD,0.45969276976080437
13537,141.0,1.0,0.0,1.0,e4,BrettPhos,nF,0.08545068709718086
13538,141.0,2.0,0.0,2.0,e4,CX-FBu,nE,0.0
13539,141.0,3.0,0.0,3.0,e4,CX-PICy,nC,0.6506137028615483
13540,141.0,4.0,0.0,4.0,e2,Cy-DavePhos,nD,0.8600984767103315
13541,141.0,5.0,0.0,5.0,e2,Cy-vBRIDP,nG,0.27869962157058037
13542,141.0,6.0,0.0,6.0,e2,Kwong,nG,0.197472465219982
13543,141.0,7.0,0.0,7.0,e9,MeO-KITPHOS,nC,0.35851761793533216
13544,141.0,8.0,0.0,8.0,e3,P(o-Anis)3,nG,0.21909794334000537
13545,141.0,9.0,0.0,9.0,e4,Et-PhenCar-Phos,nE,0.006684621137560202
13546,141.0,10.0,0.0,10.0,e7,JackiePhos,nA,0.507068550436567
13547,141.0,11.0,0.0,11.0,e3,"P(3,5-CF3-Ph)3",nG,0.13026635301464337
13548,141.0,12.0,0.0,12.0,e7,P(fur)3,nD,0.371885023964237
13549,141.0,13.0,0.0,13.0,e2,Ph-PhenCar-Phos,nC,0.6114139698966943
13550,141.0,14.0,0.0,14.0,e2,PPh2Me,nG,0.0
13551,141.0,15.0,0.0,15.0,e4,PPhtBu2,nA,0.03055984955910126
13552,141.0,16.0,0.0,16.0,e10,tBPh-CPhos,nF,0.955503603321246
13553,141.0,17.0,0.0,17.0,e4,PPhMe2,nG,0.0
13554,141.0,18.0,0.0,18.0,e10,Cy-BippyPhos,nC,0.6737699231822453
13555,141.0,19.0,0.0,19.0,e1,PCy3 HBF4,nC,0.12548596697694442
13556,141.0,20.0,0.0,20.0,e10,CgMe-PPh,nD,0.9667080207978768
13557,141.0,21.0,0.0,21.0,e2,PPh3,nG,0.1371811438806168
13558,141.0,22.0,0.0,22.0,e4,X-Phos,nE,0.0
13559,141.0,23.0,0.0,23.0,e3,PnBu3 HBF4,nB,0.061021062497356005
13560,141.0,24.0,0.0,24.0,e10,CgMe-PPh,nI,0.992612378842541
13561,141.0,25.0,0.0,25.0,e9,tBPh-CPhos,nG,0.5841317864497397
13562,141.0,26.0,0.0,26.0,e4,Cy-DavePhos,nE,0.0
13563,141.0,27.0,0.0,27.0,e4,Cy-BippyPhos,nE,0.0
13564,141.0,28.0,0.0,28.0,e7,CX-PICy,nC,0.5896946040296001
13565,141.0,29.0,0.0,29.0,e5,Ph-PhenCar-Phos,nA,0.0
13566,141.0,30.0,0.0,30.0,e7,JackiePhos,nI,0.6032624128682527
13567,141.0,31.0,0.0,31.0,e10,A-caPhos,nE,0.06369465752083445
13568,141.0,32.0,0.0,32.0,e3,CgMe-PPh,nE,0.13080909557688172
13569,141.0,33.0,0.0,33.0,e4,P(fur)3,nE,0.000437879828488327
13570,141.0,34.0,0.0,34.0,e4,MeO-KITPHOS,nA,0.009388644305479189
13571,141.0,35.0,0.0,35.0,e3,Cy-vBRIDP,nB,0.1817917229188569
13572,141.0,36.0,0.0,36.0,e5,P(o-Anis)3,nC,0.2597060555559565
13573,141.0,37.0,0.0,37.0,e9,Kwong,nD,0.7637773250800808
13574,141.0,38.0,0.0,38.0,e9,tBPh-CPhos,nI,0.8988852901963119
13575,141.0,39.0,0.0,39.0,e10,PPh3,nE,0.026002383851906816
13576,141.0,40.0,0.0,40.0,e5,"P(3,5-CF3-Ph)3",nC,0.6576198548980737
13577,141.0,41.0,0.0,41.0,e4,PCy3 HBF4,nF,0.1806752523043707
13578,141.0,42.0,0.0,42.0,e7,BrettPhos,nD,0.0
13579,141.0,43.0,0.0,43.0,e9,PnBu3 HBF4,nD,0.3392198605455525
13580,141.0,44.0,0.0,44.0,e9,CX-PICy,nG,0.3105609528066332
13581,141.0,45.0,0.0,45.0,e4,PPhtBu2,nB,0.0
13582,141.0,46.0,0.0,46.0,e4,Et-PhenCar-Phos,nG,0.0029966288441688137
13583,141.0,47.0,0.0,47.0,e2,CX-FBu,nD,0.6240221969248974
13584,141.0,48.0,0.0,48.0,e4,PPh2Me,nE,0.0
13585,141.0,49.0,0.0,49.0,e7,PPhMe2,nE,0.04656087399550363
13586,141.0,50.0,0.0,50.0,e3,X-Phos,nI,0.43402238114543207
13587,141.0,51.0,0.0,51.0,e4,JackiePhos,nC,0.28682741874775813
13588,141.0,52.0,0.0,52.0,e10,tBPh-CPhos,nD,1.0
13589,141.0,53.0,0.0,53.0,e7,Kwong,nE,0.004040419088719778
13590,141.0,54.0,0.0,54.0,e2,tBPh-CPhos,nC,0.6045475370510676
13591,141.0,55.0,0.0,55.0,e9,CgMe-PPh,nB,0.16201116259216772
13592,141.0,56.0,0.0,56.0,e10,Cy-DavePhos,nB,0.3746301004551704
13593,141.0,57.0,0.0,57.0,e2,"P(3,5-CF3-Ph)3",nF,0.5553423767091952
13594,141.0,58.0,0.0,58.0,e7,Cy-BippyPhos,nA,0.5454537179950174
13595,141.0,59.0,0.0,59.0,e5,CX-FBu,nF,0.0
13596,141.0,60.0,0.0,60.0,e1,Ph-PhenCar-Phos,nC,0.12082905001684137
13597,141.0,61.0,0.0,61.0,e2,tBPh-CPhos,nF,0.9180522305589233
13598,141.0,62.0,0.0,62.0,e2,A-caPhos,nC,0.6792763491019146
13599,141.0,63.0,0.0,63.0,e4,CX-PICy,nA,0.04719868390618946
13600,141.0,64.0,0.0,64.0,e1,P(o-Anis)3,nI,0.05879365689573417
13601,141.0,65.0,0.0,65.0,e4,Cy-vBRIDP,nA,0.021399040085944364
13602,141.0,66.0,0.0,66.0,e4,tBPh-CPhos,nB,0.008677035710621023
13603,141.0,67.0,0.0,67.0,e1,X-Phos,nG,0.030496859953677565
13604,141.0,68.0,0.0,68.0,e3,JackiePhos,nD,0.6652224475203186
13605,141.0,69.0,0.0,69.0,e9,PnBu3 HBF4,nB,0.05641430852865334
13606,141.0,70.0,0.0,70.0,e7,"P(3,5-CF3-Ph)3",nI,0.4348939297275991
13607,141.0,71.0,0.0,71.0,e5,P(fur)3,nB,0.1834224346309997
13608,141.0,72.0,0.0,72.0,e9,MeO-KITPHOS,nE,0.1247527709304835
13609,141.0,73.0,0.0,73.0,e3,PCy3 HBF4,nB,0.006581360557928457
13610,141.0,74.0,0.0,74.0,e2,Cy-DavePhos,nG,0.27117001204677615
13611,141.0,75.0,0.0,75.0,e5,CgMe-PPh,nA,0.19841952843225769
13612,141.0,76.0,0.0,76.0,e7,Cy-BippyPhos,nG,0.3885701449233445
13613,141.0,77.0,0.0,77.0,e10,A-caPhos,nG,0.030747624704373516
13614,141.0,78.0,0.0,78.0,e10,JackiePhos,nB,0.3412973722922598
13615,141.0,79.0,0.0,79.0,e1,PPh3,nD,0.08191408146836389
13616,141.0,80.0,0.0,80.0,e1,Kwong,nA,0.11345641456119931
13617,141.0,81.0,0.0,81.0,e5,tBPh-CPhos,nG,0.3364545940088557
13618,141.0,82.0,0.0,82.0,e1,BrettPhos,nF,0.02959502704843433
13619,141.0,83.0,0.0,83.0,e4,"P(3,5-CF3-Ph)3",nD,0.021077110506758236
13620,141.0,84.0,0.0,84.0,e9,PPhMe2,nA,0.1450743291828029
13621,141.0,85.0,0.0,85.0,e3,PPhtBu2,nA,0.3650613273843325
13622,141.0,86.0,0.0,86.0,e1,Et-PhenCar-Phos,nD,0.07952442668374339
13623,141.0,87.0,0.0,87.0,e4,PPh2Me,nF,0.0800684130861383
13624,141.0,88.0,0.0,88.0,e10,Cy-BippyPhos,nD,1.0
13625,141.0,89.0,0.0,89.0,e2,Cy-BippyPhos,nI,0.67187359635982
13626,141.0,90.0,0.0,90.0,e10,CX-PICy,nA,0.6712211737821199
13627,141.0,91.0,0.0,91.0,e3,Ph-PhenCar-Phos,nI,0.1932605709368885
13628,141.0,92.0,0.0,92.0,e7,CgMe-PPh,nB,0.11466820021189443
13629,141.0,93.0,0.0,93.0,e4,Cy-DavePhos,nI,0.09721557254928792
13630,141.0,94.0,0.0,94.0,e1,JackiePhos,nE,0.07879071157202047
13631,141.0,95.0,0.0,95.0,e2,tBPh-CPhos,nB,0.3113430630612205
13632,142.0,0.0,0.0,0.0,e10,A-caPhos,nB,0.05297439210885078
13633,142.0,1.0,0.0,1.0,e7,BrettPhos,nG,0.0
13634,142.0,2.0,0.0,2.0,e7,CX-FBu,nC,0.015254117622773431
13635,142.0,3.0,0.0,3.0,e5,CX-PICy,nA,0.6723589540000653
13636,142.0,4.0,0.0,4.0,e10,Cy-DavePhos,nF,0.8813598639667193
13637,142.0,5.0,0.0,5.0,e5,Cy-vBRIDP,nB,0.24691256669659825
13638,142.0,6.0,0.0,6.0,e7,Kwong,nC,0.618033573890117
13639,142.0,7.0,0.0,7.0,e9,MeO-KITPHOS,nF,0.2069173517749973
13640,142.0,8.0,0.0,8.0,e5,P(o-Anis)3,nG,0.042964931261074535
13641,142.0,9.0,0.0,9.0,e2,Et-PhenCar-Phos,nI,0.6430834035717605
13642,142.0,10.0,0.0,10.0,e7,JackiePhos,nD,0.9134460718332484
13643,142.0,11.0,0.0,11.0,e9,"P(3,5-CF3-Ph)3",nD,0.44318159981050437
13644,142.0,12.0,0.0,12.0,e3,P(fur)3,nB,0.048815786923134194
13645,142.0,13.0,0.0,13.0,e10,Ph-PhenCar-Phos,nC,0.6466673885416775
13646,142.0,14.0,0.0,14.0,e9,PPh2Me,nA,0.1862919698404241
13647,142.0,15.0,0.0,15.0,e3,PPhtBu2,nF,0.8177480761316681
13648,142.0,16.0,0.0,16.0,e7,tBPh-CPhos,nF,0.04219969859241317
13649,142.0,17.0,0.0,17.0,e5,PPhMe2,nC,0.6973280420518365
13650,142.0,18.0,0.0,18.0,e4,Cy-BippyPhos,nF,0.16766741748867858
13651,142.0,19.0,0.0,19.0,e4,PCy3 HBF4,nG,0.0
13652,142.0,20.0,0.0,20.0,e1,CgMe-PPh,nD,0.47486974841558166
13653,142.0,21.0,0.0,21.0,e1,PPh3,nA,0.2870639417300373
13654,142.0,22.0,0.0,22.0,e10,X-Phos,nE,0.0935959226806929
13655,142.0,23.0,0.0,23.0,e7,PnBu3 HBF4,nD,0.08555081309162699
13656,142.0,24.0,0.0,24.0,e4,JackiePhos,nG,0.011497397001572884
13657,142.0,25.0,0.0,25.0,e10,Cy-DavePhos,nG,0.3684434306199855
13658,142.0,26.0,0.0,26.0,e3,PPhtBu2,nE,0.13875537672279908
13659,142.0,27.0,0.0,27.0,e3,PPhMe2,nD,0.17694079610526336
13660,142.0,28.0,0.0,28.0,e9,CX-PICy,nE,0.11110502362494325
13661,142.0,29.0,0.0,29.0,e3,Ph-PhenCar-Phos,nF,0.5701705660870041
13662,142.0,30.0,0.0,30.0,e2,Et-PhenCar-Phos,nE,0.039995288671309644
13663,142.0,31.0,0.0,31.0,e4,Kwong,nC,0.13664049521331256
13664,142.0,32.0,0.0,32.0,e2,CgMe-PPh,nC,0.6339599379342666
13665,142.0,33.0,0.0,33.0,e9,"P(3,5-CF3-Ph)3",nA,0.28248248720696867
13666,142.0,34.0,0.0,34.0,e4,PPh3,nA,0.08894444044781374
13667,142.0,35.0,0.0,35.0,e10,Cy-vBRIDP,nE,0.10818426656909862
13668,142.0,36.0,0.0,36.0,e9,MeO-KITPHOS,nB,0.10548391557053341
13669,142.0,37.0,0.0,37.0,e5,PPh2Me,nB,0.24852294716245807
13670,142.0,38.0,0.0,38.0,e9,Cy-BippyPhos,nA,0.5551684100530536
13671,142.0,39.0,0.0,39.0,e4,X-Phos,nE,0.0
13672,142.0,40.0,0.0,40.0,e1,PnBu3 HBF4,nF,0.01643119627071477
13673,142.0,41.0,0.0,41.0,e10,A-caPhos,nF,0.7955510503185635
13674,142.0,42.0,0.0,42.0,e7,P(fur)3,nG,0.09582881459800867
13675,142.0,43.0,0.0,43.0,e7,P(o-Anis)3,nB,0.09494681712924612
13676,142.0,44.0,0.0,44.0,e5,tBPh-CPhos,nC,0.7175681052805551
13677,142.0,45.0,0.0,45.0,e1,Cy-DavePhos,nG,0.10033053889692384
13678,142.0,46.0,0.0,46.0,e2,Ph-PhenCar-Phos,nD,0.16891370076688705
13679,142.0,47.0,0.0,47.0,e5,CX-FBu,nD,0.14004055706710997
13680,142.0,48.0,0.0,48.0,e1,BrettPhos,nF,0.02959502704843433
13681,142.0,49.0,0.0,49.0,e9,PCy3 HBF4,nI,0.5233205929895026
13682,142.0,50.0,0.0,50.0,e1,CgMe-PPh,nG,0.16657970973424252
13683,142.0,51.0,0.0,51.0,e10,PPhtBu2,nD,0.9552227828319847
13684,142.0,52.0,0.0,52.0,e7,JackiePhos,nI,0.6032624128682527
13685,142.0,53.0,0.0,53.0,e4,PPhMe2,nG,0.0
13686,142.0,54.0,0.0,54.0,e2,A-caPhos,nG,0.08718212432149915
13687,142.0,55.0,0.0,55.0,e10,CX-PICy,nE,0.06128630570259782
13688,142.0,56.0,0.0,56.0,e1,tBPh-CPhos,nG,0.12674104413371357
13689,142.0,57.0,0.0,57.0,e2,PPhtBu2,nE,0.2141985283033928
13690,142.0,58.0,0.0,58.0,e9,Kwong,nI,0.4493156931018429
13691,142.0,59.0,0.0,59.0,e10,"P(3,5-CF3-Ph)3",nB,0.3248401714816362
13692,142.0,60.0,0.0,60.0,e2,Cy-BippyPhos,nI,0.67187359635982
13693,142.0,61.0,0.0,61.0,e5,Et-PhenCar-Phos,nB,0.3409079497861161
13694,142.0,62.0,0.0,62.0,e1,PCy3 HBF4,nA,0.3323423832967356
13695,142.0,63.0,0.0,63.0,e10,JackiePhos,nD,0.9619894282107424
13696,142.0,64.0,0.0,64.0,e9,PPh2Me,nE,0.1405880999819467
13697,142.0,65.0,0.0,65.0,e10,JackiePhos,nC,0.7413507792095948
13698,142.0,66.0,0.0,66.0,e7,Cy-BippyPhos,nD,1.0
13699,142.0,67.0,0.0,67.0,e2,Ph-PhenCar-Phos,nB,0.0
13700,142.0,68.0,0.0,68.0,e3,Cy-DavePhos,nC,0.37215812981068086
13701,142.0,69.0,0.0,69.0,e7,PPh3,nD,0.9958253430037467
13702,142.0,70.0,0.0,70.0,e7,PPh3,nA,0.39316365606983517
13703,142.0,71.0,0.0,71.0,e5,Cy-BippyPhos,nD,0.7452121533478554
13704,142.0,72.0,0.0,72.0,e3,Cy-vBRIDP,nA,0.6444005049983973
13705,142.0,73.0,0.0,73.0,e9,CgMe-PPh,nI,0.9133569283838853
13706,142.0,74.0,0.0,74.0,e10,MeO-KITPHOS,nC,0.6485009952102284
13707,142.0,75.0,0.0,75.0,e9,Kwong,nD,0.7637773250800808
13708,142.0,76.0,0.0,76.0,e4,CgMe-PPh,nG,0.03040429412851897
13709,142.0,77.0,0.0,77.0,e1,JackiePhos,nE,0.07879071157202047
13710,142.0,78.0,0.0,78.0,e1,PPhtBu2,nA,0.4568186881135986
13711,142.0,79.0,0.0,79.0,e3,Cy-BippyPhos,nD,0.7257486948775891
13712,142.0,80.0,0.0,80.0,e1,"P(3,5-CF3-Ph)3",nG,0.0
13713,142.0,81.0,0.0,81.0,e1,Et-PhenCar-Phos,nF,0.09483902946857867
13714,142.0,82.0,0.0,82.0,e1,Kwong,nF,0.04076651100940088
13715,142.0,83.0,0.0,83.0,e10,CX-FBu,nI,0.11326772664660484
13716,142.0,84.0,0.0,84.0,e7,Cy-vBRIDP,nD,0.5488733534623731
13717,142.0,85.0,0.0,85.0,e10,P(fur)3,nG,0.5091625405710212
13718,142.0,86.0,0.0,86.0,e7,P(o-Anis)3,nD,0.20661863979261372
13719,142.0,87.0,0.0,87.0,e1,MeO-KITPHOS,nE,0.04671760971453625
13720,142.0,88.0,0.0,88.0,e4,A-caPhos,nD,0.005914580833647114
13721,142.0,89.0,0.0,89.0,e10,PnBu3 HBF4,nD,1.0
13722,142.0,90.0,0.0,90.0,e5,PnBu3 HBF4,nA,0.048714441027052635
13723,142.0,91.0,0.0,91.0,e3,X-Phos,nI,0.43402238114543207
13724,142.0,92.0,0.0,92.0,e1,Cy-BippyPhos,nG,0.15976408278590903
13725,142.0,93.0,0.0,93.0,e10,tBPh-CPhos,nB,0.34684817142606866
13726,142.0,94.0,0.0,94.0,e4,PPhMe2,nF,0.05675807339476563
13727,142.0,95.0,0.0,95.0,e10,PPh3,nI,0.6602505435133692
13728,143.0,0.0,0.0,0.0,e5,A-caPhos,nE,0.037864613831533826
13729,143.0,1.0,0.0,1.0,e2,BrettPhos,nB,0.018712271806066737
13730,143.0,2.0,0.0,2.0,e3,CX-FBu,nE,0.0
13731,143.0,3.0,0.0,3.0,e9,CX-PICy,nF,0.47170454735693496
13732,143.0,4.0,0.0,4.0,e10,Cy-DavePhos,nC,0.6949319682872127
13733,143.0,5.0,0.0,5.0,e3,Cy-vBRIDP,nF,0.7389650558356956
13734,143.0,6.0,0.0,6.0,e3,Kwong,nC,0.49266490533355695
13735,143.0,7.0,0.0,7.0,e5,MeO-KITPHOS,nG,0.5037716636607265
13736,143.0,8.0,0.0,8.0,e5,P(o-Anis)3,nB,0.08805288524342034
13737,143.0,9.0,0.0,9.0,e5,Et-PhenCar-Phos,nA,0.7577678491226976
13738,143.0,10.0,0.0,10.0,e5,JackiePhos,nD,0.7857626907983566
13739,143.0,11.0,0.0,11.0,e2,"P(3,5-CF3-Ph)3",nC,0.5485762544154528
13740,143.0,12.0,0.0,12.0,e10,P(fur)3,nB,0.29107612738736705
13741,143.0,13.0,0.0,13.0,e4,Ph-PhenCar-Phos,nF,0.06641743274856524
13742,143.0,14.0,0.0,14.0,e5,PPh2Me,nG,0.02908266774080822
13743,143.0,15.0,0.0,15.0,e10,PPhtBu2,nG,0.2854037571220982
13744,143.0,16.0,0.0,16.0,e5,tBPh-CPhos,nE,0.21985955173112223
13745,143.0,17.0,0.0,17.0,e9,PPhMe2,nA,0.1450743291828029
13746,143.0,18.0,0.0,18.0,e5,Cy-BippyPhos,nD,0.7452121533478554
13747,143.0,19.0,0.0,19.0,e10,PCy3 HBF4,nE,0.04178712243346533
13748,143.0,20.0,0.0,20.0,e2,CgMe-PPh,nB,0.2326183566176621
13749,143.0,21.0,0.0,21.0,e5,PPh3,nG,0.0842244348649542
13750,143.0,22.0,0.0,22.0,e2,X-Phos,nB,0.20337122330638152
13751,143.0,23.0,0.0,23.0,e7,PnBu3 HBF4,nB,0.027547310407485818
13752,143.0,24.0,0.0,24.0,e1,JackiePhos,nG,0.16044985000151907
13753,143.0,25.0,0.0,25.0,e2,Et-PhenCar-Phos,nI,0.6430834035717605
13754,143.0,26.0,0.0,26.0,e9,Cy-BippyPhos,nD,0.7312870661515999
13755,143.0,27.0,0.0,27.0,e2,Cy-vBRIDP,nE,0.13496463293382222
13756,143.0,28.0,0.0,28.0,e9,Cy-DavePhos,nG,0.4021743761051082
13757,143.0,29.0,0.0,29.0,e2,"P(3,5-CF3-Ph)3",nG,0.292311804161314
13758,143.0,30.0,0.0,30.0,e10,MeO-KITPHOS,nE,0.08167116258886992
13759,143.0,31.0,0.0,31.0,e3,Kwong,nA,0.52844484704448
13760,143.0,32.0,0.0,32.0,e1,CX-PICy,nI,0.16332586594833928
13761,143.0,33.0,0.0,33.0,e9,P(fur)3,nD,0.6308820906080369
13762,143.0,34.0,0.0,34.0,e7,PPhtBu2,nD,0.17084686391608417
13763,143.0,35.0,0.0,35.0,e10,CgMe-PPh,nC,0.7862446552445246
13764,143.0,36.0,0.0,36.0,e9,tBPh-CPhos,nI,0.8988852901963119
13765,143.0,37.0,0.0,37.0,e3,X-Phos,nD,0.6499890415739124
13766,143.0,38.0,0.0,38.0,e2,Cy-BippyPhos,nF,0.5159368139266189
13767,143.0,39.0,0.0,39.0,e3,PPhMe2,nC,0.45752334695304314
13768,143.0,40.0,0.0,40.0,e3,Et-PhenCar-Phos,nB,0.2232542389845771
13769,143.0,41.0,0.0,41.0,e10,P(o-Anis)3,nB,0.07857661737600978
13770,143.0,42.0,0.0,42.0,e5,PPh3,nC,0.8123421522885619
13771,143.0,43.0,0.0,43.0,e9,Ph-PhenCar-Phos,nE,0.08998609138257692
13772,143.0,44.0,0.0,44.0,e3,PCy3 HBF4,nI,0.33946967608816647
13773,143.0,45.0,0.0,45.0,e2,A-caPhos,nA,0.007619382274939298
13774,143.0,46.0,0.0,46.0,e10,PPh2Me,nA,0.7312605481380088
13775,143.0,47.0,0.0,47.0,e7,PnBu3 HBF4,nC,0.08381330857807825
13776,143.0,48.0,0.0,48.0,e7,BrettPhos,nF,0.05748979531195996
13777,143.0,49.0,0.0,49.0,e5,CX-FBu,nG,0.012379252545960754
13778,143.0,50.0,0.0,50.0,e10,tBPh-CPhos,nB,0.34684817142606866
13779,143.0,51.0,0.0,51.0,e7,Cy-DavePhos,nA,0.4507264804831017
13780,143.0,52.0,0.0,52.0,e1,Kwong,nC,0.006793877228623898
13781,143.0,53.0,0.0,53.0,e1,CgMe-PPh,nC,0.11816325573626481
13782,143.0,54.0,0.0,54.0,e1,JackiePhos,nI,0.23164589492729465
13783,143.0,55.0,0.0,55.0,e3,P(fur)3,nG,0.19737875966328072
13784,143.0,56.0,0.0,56.0,e10,PPh3,nA,0.17893078161194448
13785,143.0,57.0,0.0,57.0,e1,Cy-vBRIDP,nE,0.10273481023694789
13786,143.0,58.0,0.0,58.0,e5,X-Phos,nF,0.5612705116717954
13787,143.0,59.0,0.0,59.0,e7,"P(3,5-CF3-Ph)3",nC,0.37358571629078485
13788,143.0,60.0,0.0,60.0,e10,Cy-BippyPhos,nD,1.0
13789,143.0,61.0,0.0,61.0,e5,PPh2Me,nD,0.8364467095225078
13790,143.0,62.0,0.0,62.0,e7,Cy-BippyPhos,nC,0.8232211000009824
13791,143.0,63.0,0.0,63.0,e3,CX-PICy,nC,0.42737783545851454
13792,143.0,64.0,0.0,64.0,e9,PPhMe2,nD,0.18559600333835125
13793,143.0,65.0,0.0,65.0,e10,MeO-KITPHOS,nC,0.6485009952102284
13794,143.0,66.0,0.0,66.0,e2,Et-PhenCar-Phos,nG,0.21586957617119734
13795,143.0,67.0,0.0,67.0,e10,PPh2Me,nG,0.05238083217686043
13796,143.0,68.0,0.0,68.0,e10,Cy-DavePhos,nA,0.6290037488957982
13797,143.0,69.0,0.0,69.0,e1,Cy-BippyPhos,nC,0.12530079881726516
13798,143.0,70.0,0.0,70.0,e7,tBPh-CPhos,nG,0.06459244912713331
13799,143.0,71.0,0.0,71.0,e9,PPhtBu2,nE,0.15317274654488514
13800,143.0,72.0,0.0,72.0,e4,X-Phos,nD,0.016269680027475288
13801,143.0,73.0,0.0,73.0,e1,PCy3 HBF4,nG,0.011446303846680505
13802,143.0,74.0,0.0,74.0,e1,MeO-KITPHOS,nF,0.01625313158601373
13803,143.0,75.0,0.0,75.0,e10,"P(3,5-CF3-Ph)3",nG,0.420516226306976
13804,143.0,76.0,0.0,76.0,e5,JackiePhos,nI,0.6882070592144776
13805,143.0,77.0,0.0,77.0,e3,Cy-DavePhos,nE,0.1655425072853271
13806,143.0,78.0,0.0,78.0,e1,CgMe-PPh,nA,0.6945948510850428
13807,143.0,79.0,0.0,79.0,e9,P(fur)3,nG,0.3593925605569053
13808,143.0,80.0,0.0,80.0,e4,PPh3,nA,0.08894444044781374
13809,143.0,81.0,0.0,81.0,e7,CX-PICy,nF,0.22737199353381096
13810,143.0,82.0,0.0,82.0,e9,P(o-Anis)3,nI,0.23316176458179774
13811,143.0,83.0,0.0,83.0,e5,Kwong,nB,0.19563904085240036
13812,143.0,84.0,0.0,84.0,e7,Ph-PhenCar-Phos,nG,0.014831130594019472
13813,143.0,85.0,0.0,85.0,e2,Cy-vBRIDP,nD,0.9350385282324228
13814,143.0,86.0,0.0,86.0,e3,Cy-vBRIDP,nG,0.6350943239493974
13815,143.0,87.0,0.0,87.0,e7,Cy-BippyPhos,nA,0.5454537179950174
13816,143.0,88.0,0.0,88.0,e4,PnBu3 HBF4,nD,0.037089716289498115
13817,143.0,89.0,0.0,89.0,e4,JackiePhos,nD,0.03756510618398426
13818,143.0,90.0,0.0,90.0,e4,Et-PhenCar-Phos,nC,0.5137778282322677
13819,143.0,91.0,0.0,91.0,e10,CgMe-PPh,nD,0.9667080207978768
13820,143.0,92.0,0.0,92.0,e4,CgMe-PPh,nG,0.03040429412851897
13821,143.0,93.0,0.0,93.0,e7,BrettPhos,nG,0.0
13822,143.0,94.0,0.0,94.0,e1,A-caPhos,nG,0.017297638901613968
13823,143.0,95.0,0.0,95.0,e7,CX-FBu,nG,0.0
13824,144.0,0.0,0.0,0.0,e5,A-caPhos,nF,0.19177908780741595
13825,144.0,1.0,0.0,1.0,e5,BrettPhos,nG,0.07790157669115998
13826,144.0,2.0,0.0,2.0,e10,CX-FBu,nE,0.0
13827,144.0,3.0,0.0,3.0,e9,CX-PICy,nD,0.7313083836786916
13828,144.0,4.0,0.0,4.0,e10,Cy-DavePhos,nE,0.14634029717947056
13829,144.0,5.0,0.0,5.0,e5,Cy-vBRIDP,nG,0.40071151817911255
13830,144.0,6.0,0.0,6.0,e5,Kwong,nG,0.24931580024802266
13831,144.0,7.0,0.0,7.0,e10,MeO-KITPHOS,nI,0.8474236030258523
13832,144.0,8.0,0.0,8.0,e7,P(o-Anis)3,nG,0.04483783011499854
13833,144.0,9.0,0.0,9.0,e5,Et-PhenCar-Phos,nI,0.8679590234640545
13834,144.0,10.0,0.0,10.0,e4,JackiePhos,nA,0.01378290721008047
13835,144.0,11.0,0.0,11.0,e7,"P(3,5-CF3-Ph)3",nC,0.37358571629078485
13836,144.0,12.0,0.0,12.0,e5,P(fur)3,nA,0.7422450479697658
13837,144.0,13.0,0.0,13.0,e10,Ph-PhenCar-Phos,nG,0.0
13838,144.0,14.0,0.0,14.0,e1,PPh2Me,nD,0.033096066833962406
13839,144.0,15.0,0.0,15.0,e3,PPhtBu2,nI,0.2459288839092893
13840,144.0,16.0,0.0,16.0,e1,tBPh-CPhos,nC,0.20431204836192307
13841,144.0,17.0,0.0,17.0,e5,PPhMe2,nG,0.32039585377097946
13842,144.0,18.0,0.0,18.0,e10,Cy-BippyPhos,nG,0.2525135394449507
13843,144.0,19.0,0.0,19.0,e3,PCy3 HBF4,nC,0.5344164665084931
13844,144.0,20.0,0.0,20.0,e3,CgMe-PPh,nD,0.6746435408754137
13845,144.0,21.0,0.0,21.0,e7,PPh3,nG,0.09330503580192609
13846,144.0,22.0,0.0,22.0,e10,X-Phos,nC,0.732411484160166
13847,144.0,23.0,0.0,23.0,e7,PnBu3 HBF4,nE,0.0
13848,144.0,24.0,0.0,24.0,e9,Et-PhenCar-Phos,nE,0.09970326563233488
13849,144.0,25.0,0.0,25.0,e10,MeO-KITPHOS,nF,0.8931997261223513
13850,144.0,26.0,0.0,26.0,e1,P(fur)3,nF,0.0
13851,144.0,27.0,0.0,27.0,e2,X-Phos,nI,0.5461500672967297
13852,144.0,28.0,0.0,28.0,e4,CX-PICy,nE,0.044118367259479443
13853,144.0,29.0,0.0,29.0,e2,CgMe-PPh,nG,0.416125825549032
13854,144.0,30.0,0.0,30.0,e4,PCy3 HBF4,nE,0.014449000330444188
13855,144.0,31.0,0.0,31.0,e9,Cy-vBRIDP,nG,0.47307553236824745
13856,144.0,32.0,0.0,32.0,e3,"P(3,5-CF3-Ph)3",nF,0.739492776362512
13857,144.0,33.0,0.0,33.0,e9,PPhMe2,nB,0.05685342476548213
13858,144.0,34.0,0.0,34.0,e3,MeO-KITPHOS,nF,0.6190014842829609
13859,144.0,35.0,0.0,35.0,e7,Cy-BippyPhos,nD,1.0
13860,144.0,36.0,0.0,36.0,e4,Kwong,nF,0.026007469320120987
13861,144.0,37.0,0.0,37.0,e7,PPhtBu2,nC,0.30473655831052726
13862,144.0,38.0,0.0,38.0,e7,tBPh-CPhos,nE,0.0
13863,144.0,39.0,0.0,39.0,e4,A-caPhos,nF,0.177284613811449
13864,144.0,40.0,0.0,40.0,e1,Cy-DavePhos,nI,0.007578802183845745
13865,144.0,41.0,0.0,41.0,e4,PPh3,nB,0.04245983275840727
13866,144.0,42.0,0.0,42.0,e2,BrettPhos,nA,0.4002350326194897
13867,144.0,43.0,0.0,43.0,e2,X-Phos,nF,0.2803025402995705
13868,144.0,44.0,0.0,44.0,e5,P(o-Anis)3,nA,0.20637391159055976
13869,144.0,45.0,0.0,45.0,e7,Cy-BippyPhos,nA,0.5454537179950174
13870,144.0,46.0,0.0,46.0,e1,PPh2Me,nI,0.05859619006636522
13871,144.0,47.0,0.0,47.0,e10,JackiePhos,nC,0.7413507792095948
13872,144.0,48.0,0.0,48.0,e5,CX-FBu,nF,0.0
13873,144.0,49.0,0.0,49.0,e5,Ph-PhenCar-Phos,nC,0.6706487930795781
13874,144.0,50.0,0.0,50.0,e1,PnBu3 HBF4,nD,0.07093393667529567
13875,144.0,51.0,0.0,51.0,e3,"P(3,5-CF3-Ph)3",nI,0.34124947817961754
13876,144.0,52.0,0.0,52.0,e4,CgMe-PPh,nG,0.03040429412851897
13877,144.0,53.0,0.0,53.0,e2,MeO-KITPHOS,nG,0.2917340042609233
13878,144.0,54.0,0.0,54.0,e3,Et-PhenCar-Phos,nG,0.7493850028763238
13879,144.0,55.0,0.0,55.0,e3,Cy-vBRIDP,nF,0.7389650558356956
13880,144.0,56.0,0.0,56.0,e7,CX-PICy,nE,0.02553348260378032
13881,144.0,57.0,0.0,57.0,e1,JackiePhos,nD,0.5137263354833275
13882,144.0,58.0,0.0,58.0,e9,P(fur)3,nE,0.042314138706189254
13883,144.0,59.0,0.0,59.0,e9,Cy-BippyPhos,nB,0.19614551978344988
13884,144.0,60.0,0.0,60.0,e5,Ph-PhenCar-Phos,nA,0.0
13885,144.0,61.0,0.0,61.0,e9,Et-PhenCar-Phos,nF,0.7233050105292524
13886,144.0,62.0,0.0,62.0,e5,Cy-vBRIDP,nC,0.6808973298430087
13887,144.0,63.0,0.0,63.0,e5,PPhtBu2,nG,0.3392981528661412
13888,144.0,64.0,0.0,64.0,e1,PCy3 HBF4,nD,0.10789505494394104
13889,144.0,65.0,0.0,65.0,e4,X-Phos,nC,0.34258955436774835
13890,144.0,66.0,0.0,66.0,e4,MeO-KITPHOS,nG,0.028037897530188406
13891,144.0,67.0,0.0,67.0,e5,BrettPhos,nA,0.2635639912874397
13892,144.0,68.0,0.0,68.0,e3,"P(3,5-CF3-Ph)3",nB,0.04364158279813684
13893,144.0,69.0,0.0,69.0,e10,Et-PhenCar-Phos,nD,0.9813444766852435
13894,144.0,70.0,0.0,70.0,e2,PPhMe2,nG,0.1743874382182481
13895,144.0,71.0,0.0,71.0,e1,A-caPhos,nD,0.0
13896,144.0,72.0,0.0,72.0,e3,Et-PhenCar-Phos,nA,0.6402198562439387
13897,144.0,73.0,0.0,73.0,e7,JackiePhos,nC,0.6688604819213119
13898,144.0,74.0,0.0,74.0,e9,Cy-vBRIDP,nD,0.702991104041341
13899,144.0,75.0,0.0,75.0,e3,Kwong,nF,0.751341990836228
13900,144.0,76.0,0.0,76.0,e5,P(o-Anis)3,nE,0.08503037414620321
13901,144.0,77.0,0.0,77.0,e7,CgMe-PPh,nB,0.11466820021189443
13902,144.0,78.0,0.0,78.0,e2,tBPh-CPhos,nE,0.13432593614456043
13903,144.0,79.0,0.0,79.0,e3,Cy-BippyPhos,nF,0.818115739608698
13904,144.0,80.0,0.0,80.0,e1,Kwong,nI,0.017331328917836657
13905,144.0,81.0,0.0,81.0,e3,Cy-vBRIDP,nB,0.1817917229188569
13906,144.0,82.0,0.0,82.0,e10,Et-PhenCar-Phos,nB,0.46335999806419
13907,144.0,83.0,0.0,83.0,e4,Cy-DavePhos,nA,0.030639879401734644
13908,144.0,84.0,0.0,84.0,e7,JackiePhos,nE,0.0
13909,144.0,85.0,0.0,85.0,e7,PPh3,nC,0.8376892636395048
13910,144.0,86.0,0.0,86.0,e7,PPh3,nD,0.9958253430037467
13911,144.0,87.0,0.0,87.0,e5,PPh3,nE,0.07040432961461064
13912,144.0,88.0,0.0,88.0,e1,X-Phos,nI,0.05873515318530329
13913,144.0,89.0,0.0,89.0,e1,PPh2Me,nB,0.01727201608687613
13914,144.0,90.0,0.0,90.0,e1,Cy-BippyPhos,nA,0.6371489847313551
13915,144.0,91.0,0.0,91.0,e3,PPhtBu2,nD,0.6677531336144049
13916,144.0,92.0,0.0,92.0,e2,PnBu3 HBF4,nE,0.09021493672850452
13917,144.0,93.0,0.0,93.0,e9,MeO-KITPHOS,nB,0.10548391557053341
13918,144.0,94.0,0.0,94.0,e3,CX-PICy,nG,0.45815090380182744
13919,144.0,95.0,0.0,95.0,e2,P(fur)3,nI,0.8026402936862348
13920,145.0,0.0,0.0,0.0,e1,A-caPhos,nA,0.24027073531882212
13921,145.0,1.0,0.0,1.0,e4,BrettPhos,nB,0.06659152732740367
13922,145.0,2.0,0.0,2.0,e3,CX-FBu,nI,0.0
13923,145.0,3.0,0.0,3.0,e1,CX-PICy,nF,0.035498905100854815
13924,145.0,4.0,0.0,4.0,e4,Cy-DavePhos,nA,0.030639879401734644
13925,145.0,5.0,0.0,5.0,e3,Cy-vBRIDP,nD,0.6292634271358025
13926,145.0,6.0,0.0,6.0,e4,Kwong,nI,0.0
13927,145.0,7.0,0.0,7.0,e7,MeO-KITPHOS,nI,0.21783562748931537
13928,145.0,8.0,0.0,8.0,e2,P(o-Anis)3,nF,0.0020685938468024733
13929,145.0,9.0,0.0,9.0,e4,Et-PhenCar-Phos,nF,0.10620274724550914
13930,145.0,10.0,0.0,10.0,e7,JackiePhos,nG,0.19131726696005422
13931,145.0,11.0,0.0,11.0,e3,"P(3,5-CF3-Ph)3",nC,0.5560644999980037
13932,145.0,12.0,0.0,12.0,e1,P(fur)3,nB,0.0419340920396758
13933,145.0,13.0,0.0,13.0,e10,Ph-PhenCar-Phos,nF,0.15722965933724983
13934,145.0,14.0,0.0,14.0,e9,PPh2Me,nA,0.1862919698404241
13935,145.0,15.0,0.0,15.0,e10,PPhtBu2,nC,0.7230058104876745
13936,145.0,16.0,0.0,16.0,e5,tBPh-CPhos,nG,0.3364545940088557
13937,145.0,17.0,0.0,17.0,e10,PPhMe2,nE,0.1008193657573415
13938,145.0,18.0,0.0,18.0,e3,Cy-BippyPhos,nA,0.7065412188883603
13939,145.0,19.0,0.0,19.0,e10,PCy3 HBF4,nI,0.2597424074177721
13940,145.0,20.0,0.0,20.0,e4,CgMe-PPh,nE,0.0309977877786149
13941,145.0,21.0,0.0,21.0,e7,PPh3,nF,0.578123168434268
13942,145.0,22.0,0.0,22.0,e9,X-Phos,nD,0.745297985783962
13943,145.0,23.0,0.0,23.0,e3,PnBu3 HBF4,nD,0.43543108377583073
13944,145.0,24.0,0.0,24.0,e7,X-Phos,nD,0.3829370574937559
13945,145.0,25.0,0.0,25.0,e9,PPhtBu2,nD,0.2526686520906297
13946,145.0,26.0,0.0,26.0,e10,Cy-BippyPhos,nA,0.7528860791443422
13947,145.0,27.0,0.0,27.0,e5,Cy-vBRIDP,nB,0.24691256669659825
13948,145.0,28.0,0.0,28.0,e2,PPh3,nG,0.1371811438806168
13949,145.0,29.0,0.0,29.0,e4,"P(3,5-CF3-Ph)3",nA,0.011117148997029924
13950,145.0,30.0,0.0,30.0,e1,PnBu3 HBF4,nC,0.05073636262125162
13951,145.0,31.0,0.0,31.0,e4,tBPh-CPhos,nC,0.29898547506383855
13952,145.0,32.0,0.0,32.0,e1,PCy3 HBF4,nA,0.3323423832967356
13953,145.0,33.0,0.0,33.0,e10,A-caPhos,nF,0.7955510503185635
13954,145.0,34.0,0.0,34.0,e5,MeO-KITPHOS,nB,0.28637906683057796
13955,145.0,35.0,0.0,35.0,e1,JackiePhos,nB,0.15130453997269813
13956,145.0,36.0,0.0,36.0,e5,PPh2Me,nB,0.24852294716245807
13957,145.0,37.0,0.0,37.0,e10,Ph-PhenCar-Phos,nC,0.6466673885416775
13958,145.0,38.0,0.0,38.0,e7,Cy-BippyPhos,nC,0.8232211000009824
13959,145.0,39.0,0.0,39.0,e2,Et-PhenCar-Phos,nA,0.9619512654546682
13960,145.0,40.0,0.0,40.0,e9,PPhMe2,nC,0.30440801781180693
13961,145.0,41.0,0.0,41.0,e5,BrettPhos,nC,0.08695624388826621
13962,145.0,42.0,0.0,42.0,e7,P(fur)3,nC,0.4312782068921491
13963,145.0,43.0,0.0,43.0,e9,CX-PICy,nG,0.3105609528066332
13964,145.0,44.0,0.0,44.0,e2,CgMe-PPh,nA,0.6670880102879697
13965,145.0,45.0,0.0,45.0,e5,Cy-DavePhos,nG,0.4296099762008142
13966,145.0,46.0,0.0,46.0,e4,P(o-Anis)3,nE,0.0
13967,145.0,47.0,0.0,47.0,e5,CX-FBu,nC,0.07791633633204394
13968,145.0,48.0,0.0,48.0,e7,Kwong,nG,0.1256424423170876
13969,145.0,49.0,0.0,49.0,e7,X-Phos,nB,0.24145251337028
13970,145.0,50.0,0.0,50.0,e7,Et-PhenCar-Phos,nE,0.05718031328307803
13971,145.0,51.0,0.0,51.0,e9,A-caPhos,nA,0.04128507835913788
13972,145.0,52.0,0.0,52.0,e4,Cy-BippyPhos,nC,0.45425693534735095
13973,145.0,53.0,0.0,53.0,e4,PPhtBu2,nC,0.0
13974,145.0,54.0,0.0,54.0,e1,Cy-vBRIDP,nB,0.09907844745687962
13975,145.0,55.0,0.0,55.0,e2,Ph-PhenCar-Phos,nC,0.6114139698966943
13976,145.0,56.0,0.0,56.0,e5,PPh3,nF,0.459106585899356
13977,145.0,57.0,0.0,57.0,e1,CgMe-PPh,nE,0.1040741361267055
13978,145.0,58.0,0.0,58.0,e1,tBPh-CPhos,nC,0.20431204836192307
13979,145.0,59.0,0.0,59.0,e10,PCy3 HBF4,nA,0.06858302437999264
13980,145.0,60.0,0.0,60.0,e10,"P(3,5-CF3-Ph)3",nC,0.6167370746739574
13981,145.0,61.0,0.0,61.0,e5,Cy-BippyPhos,nD,0.7452121533478554
13982,145.0,62.0,0.0,62.0,e10,MeO-KITPHOS,nI,0.8474236030258523
13983,145.0,63.0,0.0,63.0,e7,PnBu3 HBF4,nB,0.027547310407485818
13984,145.0,64.0,0.0,64.0,e4,P(fur)3,nA,0.0
13985,145.0,65.0,0.0,65.0,e3,Cy-DavePhos,nA,0.4587692631158191
13986,145.0,66.0,0.0,66.0,e2,PPh2Me,nE,0.1828915699577187
13987,145.0,67.0,0.0,67.0,e10,Ph-PhenCar-Phos,nB,0.010682786436433955
13988,145.0,68.0,0.0,68.0,e5,PPhMe2,nI,0.7440098607047809
13989,145.0,69.0,0.0,69.0,e4,X-Phos,nG,0.014305219597103146
13990,145.0,70.0,0.0,70.0,e2,MeO-KITPHOS,nI,0.6167813320248422
13991,145.0,71.0,0.0,71.0,e5,Cy-BippyPhos,nC,0.7310324837389857
13992,145.0,72.0,0.0,72.0,e4,CX-PICy,nC,0.6506137028615483
13993,145.0,73.0,0.0,73.0,e4,JackiePhos,nF,0.14143573352899122
13994,145.0,74.0,0.0,74.0,e4,"P(3,5-CF3-Ph)3",nF,0.12460832905550522
13995,145.0,75.0,0.0,75.0,e1,PPh3,nF,0.033638963742203404
13996,145.0,76.0,0.0,76.0,e1,PPhMe2,nB,0.028702661498009253
13997,145.0,77.0,0.0,77.0,e5,Et-PhenCar-Phos,nI,0.8679590234640545
13998,145.0,78.0,0.0,78.0,e3,Cy-BippyPhos,nI,0.4880124029547394
13999,145.0,79.0,0.0,79.0,e1,A-caPhos,nG,0.017297638901613968
14000,145.0,80.0,0.0,80.0,e5,Et-PhenCar-Phos,nE,0.1555337724688785
14001,145.0,81.0,0.0,81.0,e2,MeO-KITPHOS,nF,0.6735229847545438
14002,145.0,82.0,0.0,82.0,e3,BrettPhos,nF,0.00688372893582114
14003,145.0,83.0,0.0,83.0,e2,CX-PICy,nC,0.311164980503549
14004,145.0,84.0,0.0,84.0,e4,PPhtBu2,nB,0.0
14005,145.0,85.0,0.0,85.0,e1,Cy-vBRIDP,nI,0.10345030861489754
14006,145.0,86.0,0.0,86.0,e4,Kwong,nB,0.0
14007,145.0,87.0,0.0,87.0,e9,Cy-DavePhos,nG,0.4021743761051082
14008,145.0,88.0,0.0,88.0,e4,CX-FBu,nI,0.026545433452423287
14009,145.0,89.0,0.0,89.0,e1,tBPh-CPhos,nA,0.9415665821167656
14010,145.0,90.0,0.0,90.0,e3,tBPh-CPhos,nD,0.7179271330497705
14011,145.0,91.0,0.0,91.0,e3,Cy-BippyPhos,nD,0.7257486948775891
14012,145.0,92.0,0.0,92.0,e3,MeO-KITPHOS,nG,0.3259921382962992
14013,145.0,93.0,0.0,93.0,e4,CgMe-PPh,nI,0.07791399926072878
14014,145.0,94.0,0.0,94.0,e1,P(o-Anis)3,nD,0.06718965695755724
14015,145.0,95.0,0.0,95.0,e3,tBPh-CPhos,nA,0.5729071695707448
14016,146.0,0.0,0.0,0.0,e4,A-caPhos,nD,0.005914580833647114
14017,146.0,1.0,0.0,1.0,e1,BrettPhos,nC,0.004772581327773339
14018,146.0,2.0,0.0,2.0,e3,CX-FBu,nC,0.10650096099207426
14019,146.0,3.0,0.0,3.0,e2,CX-PICy,nG,0.12786508394705637
14020,146.0,4.0,0.0,4.0,e2,Cy-DavePhos,nB,0.3895783251678055
14021,146.0,5.0,0.0,5.0,e10,Cy-vBRIDP,nE,0.10818426656909862
14022,146.0,6.0,0.0,6.0,e10,Kwong,nF,0.8938930828018169
14023,146.0,7.0,0.0,7.0,e4,MeO-KITPHOS,nA,0.009388644305479189
14024,146.0,8.0,0.0,8.0,e7,P(o-Anis)3,nI,0.13909608509581536
14025,146.0,9.0,0.0,9.0,e3,Et-PhenCar-Phos,nA,0.6402198562439387
14026,146.0,10.0,0.0,10.0,e3,JackiePhos,nG,0.6578858211575712
14027,146.0,11.0,0.0,11.0,e4,"P(3,5-CF3-Ph)3",nA,0.011117148997029924
14028,146.0,12.0,0.0,12.0,e10,P(fur)3,nF,0.9483400902675492
14029,146.0,13.0,0.0,13.0,e7,Ph-PhenCar-Phos,nD,0.1799508601397997
14030,146.0,14.0,0.0,14.0,e10,PPh2Me,nA,0.7312605481380088
14031,146.0,15.0,0.0,15.0,e3,PPhtBu2,nF,0.8177480761316681
14032,146.0,16.0,0.0,16.0,e7,tBPh-CPhos,nI,0.3070094849804215
14033,146.0,17.0,0.0,17.0,e3,PPhMe2,nI,0.20757845982176984
14034,146.0,18.0,0.0,18.0,e10,Cy-BippyPhos,nC,0.6737699231822453
14035,146.0,19.0,0.0,19.0,e10,PCy3 HBF4,nB,0.0
14036,146.0,20.0,0.0,20.0,e1,CgMe-PPh,nB,0.12558127711891434
14037,146.0,21.0,0.0,21.0,e1,PPh3,nE,0.00995882546000144
14038,146.0,22.0,0.0,22.0,e10,X-Phos,nD,0.9917865678194812
14039,146.0,23.0,0.0,23.0,e1,PnBu3 HBF4,nI,0.09337979085237404
14040,146.0,24.0,0.0,24.0,e4,X-Phos,nA,0.026820456479429548
14041,146.0,25.0,0.0,25.0,e9,P(fur)3,nC,0.31559252353476763
14042,146.0,26.0,0.0,26.0,e5,Kwong,nG,0.24931580024802266
14043,146.0,27.0,0.0,27.0,e7,PPhtBu2,nI,0.035471536543272855
14044,146.0,28.0,0.0,28.0,e5,PPh2Me,nC,0.7002906735204408
14045,146.0,29.0,0.0,29.0,e2,Cy-BippyPhos,nB,0.3284195625331717
14046,146.0,30.0,0.0,30.0,e9,JackiePhos,nF,0.9465936072978836
14047,146.0,31.0,0.0,31.0,e2,Et-PhenCar-Phos,nA,0.9619512654546682
14048,146.0,32.0,0.0,32.0,e1,Cy-DavePhos,nF,0.0
14049,146.0,33.0,0.0,33.0,e9,tBPh-CPhos,nD,0.7798623769507976
14050,146.0,34.0,0.0,34.0,e3,JackiePhos,nB,0.1608694107669877
14051,146.0,35.0,0.0,35.0,e3,Et-PhenCar-Phos,nI,0.2910836416236313
14052,146.0,36.0,0.0,36.0,e5,PPhMe2,nF,0.0
14053,146.0,37.0,0.0,37.0,e5,Ph-PhenCar-Phos,nI,0.37255339391005377
14054,146.0,38.0,0.0,38.0,e10,P(o-Anis)3,nE,0.04630473114446367
14055,146.0,39.0,0.0,39.0,e4,PPh2Me,nA,0.012250195356626198
14056,146.0,40.0,0.0,40.0,e5,CX-PICy,nB,0.25414471887183276
14057,146.0,41.0,0.0,41.0,e4,CgMe-PPh,nC,0.07729202271014396
14058,146.0,42.0,0.0,42.0,e2,Cy-vBRIDP,nE,0.13496463293382222
14059,146.0,43.0,0.0,43.0,e9,CX-FBu,nG,0.0
14060,146.0,44.0,0.0,44.0,e7,PnBu3 HBF4,nC,0.08381330857807825
14061,146.0,45.0,0.0,45.0,e3,P(fur)3,nB,0.048815786923134194
14062,146.0,46.0,0.0,46.0,e1,"P(3,5-CF3-Ph)3",nI,0.05907258173862887
14063,146.0,47.0,0.0,47.0,e1,PPh3,nF,0.033638963742203404
14064,146.0,48.0,0.0,48.0,e1,MeO-KITPHOS,nB,0.015845697854694092
14065,146.0,49.0,0.0,49.0,e1,A-caPhos,nC,0.08326557611388505
14066,146.0,50.0,0.0,50.0,e4,BrettPhos,nE,0.020587634820407864
14067,146.0,51.0,0.0,51.0,e10,PCy3 HBF4,nD,0.5416797206056861
14068,146.0,52.0,0.0,52.0,e10,Kwong,nE,0.10609667459949558
14069,146.0,53.0,0.0,53.0,e10,tBPh-CPhos,nF,0.955503603321246
14070,146.0,54.0,0.0,54.0,e5,X-Phos,nG,0.36700316278880124
14071,146.0,55.0,0.0,55.0,e1,Cy-BippyPhos,nC,0.12530079881726516
14072,146.0,56.0,0.0,56.0,e1,PPhtBu2,nA,0.4568186881135986
14073,146.0,57.0,0.0,57.0,e4,tBPh-CPhos,nC,0.29898547506383855
14074,146.0,58.0,0.0,58.0,e5,Et-PhenCar-Phos,nB,0.3409079497861161
14075,146.0,59.0,0.0,59.0,e7,JackiePhos,nB,0.2780363157049384
14076,146.0,60.0,0.0,60.0,e9,Ph-PhenCar-Phos,nB,0.058803717942506314
14077,146.0,61.0,0.0,61.0,e9,PCy3 HBF4,nC,0.37815021126374854
14078,146.0,62.0,0.0,62.0,e7,PPh2Me,nB,0.022176359893621114
14079,146.0,63.0,0.0,63.0,e10,X-Phos,nB,0.3561245065772018
14080,146.0,64.0,0.0,64.0,e10,Cy-DavePhos,nF,0.8813598639667193
14081,146.0,65.0,0.0,65.0,e9,CX-PICy,nF,0.47170454735693496
14082,146.0,66.0,0.0,66.0,e1,P(fur)3,nD,0.027849023497232013
14083,146.0,67.0,0.0,67.0,e4,PPhtBu2,nD,0.015477322861925848
14084,146.0,68.0,0.0,68.0,e2,tBPh-CPhos,nF,0.9180522305589233
14085,146.0,69.0,0.0,69.0,e2,Cy-DavePhos,nI,0.6644450399368388
14086,146.0,70.0,0.0,70.0,e5,Kwong,nA,0.5502353247445788
14087,146.0,71.0,0.0,71.0,e2,Et-PhenCar-Phos,nE,0.039995288671309644
14088,146.0,72.0,0.0,72.0,e5,tBPh-CPhos,nI,0.8432755599410124
14089,146.0,73.0,0.0,73.0,e5,Cy-vBRIDP,nA,0.7556883724207524
14090,146.0,74.0,0.0,74.0,e5,Cy-BippyPhos,nE,0.276087915044034
14091,146.0,75.0,0.0,75.0,e4,PPhMe2,nC,0.05076454644852316
14092,146.0,76.0,0.0,76.0,e2,CgMe-PPh,nE,0.14444129012752938
14093,146.0,77.0,0.0,77.0,e1,JackiePhos,nF,0.21427092007990234
14094,146.0,78.0,0.0,78.0,e4,P(o-Anis)3,nD,0.02538658500885957
14095,146.0,79.0,0.0,79.0,e1,PnBu3 HBF4,nC,0.05073636262125162
14096,146.0,80.0,0.0,80.0,e9,tBPh-CPhos,nE,0.2128966624664455
14097,146.0,81.0,0.0,81.0,e1,Cy-vBRIDP,nE,0.10273481023694789
14098,146.0,82.0,0.0,82.0,e5,Cy-DavePhos,nA,0.7763833572037856
14099,146.0,83.0,0.0,83.0,e4,CX-FBu,nF,0.0037689635802445258
14100,146.0,84.0,0.0,84.0,e10,PCy3 HBF4,nA,0.06858302437999264
14101,146.0,85.0,0.0,85.0,e10,A-caPhos,nC,0.810246096009385
14102,146.0,86.0,0.0,86.0,e9,A-caPhos,nB,0.040633394833466153
14103,146.0,87.0,0.0,87.0,e3,Kwong,nD,0.6707851203385027
14104,146.0,88.0,0.0,88.0,e10,"P(3,5-CF3-Ph)3",nF,0.8478546310824894
14105,146.0,89.0,0.0,89.0,e7,"P(3,5-CF3-Ph)3",nD,0.7248719169293781
14106,146.0,90.0,0.0,90.0,e9,CX-PICy,nI,0.5796467982779039
14107,146.0,91.0,0.0,91.0,e2,Cy-DavePhos,nC,0.5482191793404829
14108,146.0,92.0,0.0,92.0,e1,PPh3,nD,0.08191408146836389
14109,146.0,93.0,0.0,93.0,e7,X-Phos,nI,0.10875787618113172
14110,146.0,94.0,0.0,94.0,e1,BrettPhos,nA,0.0
14111,146.0,95.0,0.0,95.0,e7,MeO-KITPHOS,nG,0.11322968814633767
14112,147.0,0.0,0.0,0.0,e4,A-caPhos,nC,0.22300559618283194
14113,147.0,1.0,0.0,1.0,e9,BrettPhos,nF,0.16808056792906734
14114,147.0,2.0,0.0,2.0,e10,CX-FBu,nD,0.021025961968080993
14115,147.0,3.0,0.0,3.0,e2,CX-PICy,nE,0.1112468268031635
14116,147.0,4.0,0.0,4.0,e5,Cy-DavePhos,nC,0.6945846341087276
14117,147.0,5.0,0.0,5.0,e1,Cy-vBRIDP,nE,0.10273481023694789
14118,147.0,6.0,0.0,6.0,e4,Kwong,nD,0.07279928824098204
14119,147.0,7.0,0.0,7.0,e3,MeO-KITPHOS,nD,0.4375043123935729
14120,147.0,8.0,0.0,8.0,e4,P(o-Anis)3,nC,0.108256170748378
14121,147.0,9.0,0.0,9.0,e10,Et-PhenCar-Phos,nC,0.7283750489168687
14122,147.0,10.0,0.0,10.0,e2,JackiePhos,nD,0.8885726039005069
14123,147.0,11.0,0.0,11.0,e4,"P(3,5-CF3-Ph)3",nF,0.12460832905550522
14124,147.0,12.0,0.0,12.0,e7,P(fur)3,nC,0.4312782068921491
14125,147.0,13.0,0.0,13.0,e1,Ph-PhenCar-Phos,nA,0.18568024853139675
14126,147.0,14.0,0.0,14.0,e4,PPh2Me,nB,0.0
14127,147.0,15.0,0.0,15.0,e2,PPhtBu2,nD,0.9426908215088567
14128,147.0,16.0,0.0,16.0,e9,tBPh-CPhos,nI,0.8988852901963119
14129,147.0,17.0,0.0,17.0,e10,PPhMe2,nD,0.9998377684127633
14130,147.0,18.0,0.0,18.0,e4,Cy-BippyPhos,nB,0.001309200773603058
14131,147.0,19.0,0.0,19.0,e2,PCy3 HBF4,nA,0.001570789934535926
14132,147.0,20.0,0.0,20.0,e5,CgMe-PPh,nF,0.4710660416220753
14133,147.0,21.0,0.0,21.0,e3,PPh3,nB,0.10579944408648047
14134,147.0,22.0,0.0,22.0,e10,X-Phos,nE,0.0935959226806929
14135,147.0,23.0,0.0,23.0,e9,PnBu3 HBF4,nE,0.13881752224258265
14136,147.0,24.0,0.0,24.0,e7,PPhMe2,nD,0.17967402718109338
14137,147.0,25.0,0.0,25.0,e5,PPhtBu2,nE,0.26560222932504995
14138,147.0,26.0,0.0,26.0,e2,tBPh-CPhos,nB,0.3113430630612205
14139,147.0,27.0,0.0,27.0,e7,JackiePhos,nF,0.01228824735837601
14140,147.0,28.0,0.0,28.0,e3,Et-PhenCar-Phos,nC,0.528155852189567
14141,147.0,29.0,0.0,29.0,e3,Cy-DavePhos,nI,0.3888644156671869
14142,147.0,30.0,0.0,30.0,e2,CgMe-PPh,nA,0.6670880102879697
14143,147.0,31.0,0.0,31.0,e2,MeO-KITPHOS,nB,0.2471450614128532
14144,147.0,32.0,0.0,32.0,e9,P(fur)3,nI,0.28711297797323754
14145,147.0,33.0,0.0,33.0,e3,A-caPhos,nB,0.12487445849811245
14146,147.0,34.0,0.0,34.0,e10,Ph-PhenCar-Phos,nD,0.19450431269643761
14147,147.0,35.0,0.0,35.0,e1,BrettPhos,nC,0.004772581327773339
14148,147.0,36.0,0.0,36.0,e5,PnBu3 HBF4,nF,0.10989187551048998
14149,147.0,37.0,0.0,37.0,e9,"P(3,5-CF3-Ph)3",nF,0.3243416897405247
14150,147.0,38.0,0.0,38.0,e1,CX-PICy,nD,0.26178759539722174
14151,147.0,39.0,0.0,39.0,e9,P(o-Anis)3,nC,0.3510501736587359
14152,147.0,40.0,0.0,40.0,e2,PPh3,nB,0.06113101017244386
14153,147.0,41.0,0.0,41.0,e7,Cy-vBRIDP,nI,0.27806549204654124
14154,147.0,42.0,0.0,42.0,e3,X-Phos,nD,0.6499890415739124
14155,147.0,43.0,0.0,43.0,e1,Kwong,nF,0.04076651100940088
14156,147.0,44.0,0.0,44.0,e5,Et-PhenCar-Phos,nC,0.7420550241578128
14157,147.0,45.0,0.0,45.0,e10,CX-FBu,nB,0.1174497941912104
14158,147.0,46.0,0.0,46.0,e1,tBPh-CPhos,nI,0.239947127680601
14159,147.0,47.0,0.0,47.0,e4,PPhtBu2,nI,0.0
14160,147.0,48.0,0.0,48.0,e9,PPhMe2,nI,0.047646357359235086
14161,147.0,49.0,0.0,49.0,e9,PCy3 HBF4,nF,0.8209377552949729
14162,147.0,50.0,0.0,50.0,e7,Cy-BippyPhos,nF,0.8908823040179712
14163,147.0,51.0,0.0,51.0,e5,PPh2Me,nA,0.7070873722688659
14164,147.0,52.0,0.0,52.0,e7,CgMe-PPh,nI,0.6142759277683246
14165,147.0,53.0,0.0,53.0,e9,Cy-DavePhos,nE,0.11425610500152658
14166,147.0,54.0,0.0,54.0,e5,JackiePhos,nG,0.338261501637445
14167,147.0,55.0,0.0,55.0,e9,Cy-BippyPhos,nB,0.19614551978344988
14168,147.0,56.0,0.0,56.0,e1,PCy3 HBF4,nB,0.04339996600929039
14169,147.0,57.0,0.0,57.0,e3,Et-PhenCar-Phos,nI,0.2910836416236313
14170,147.0,58.0,0.0,58.0,e2,X-Phos,nF,0.2803025402995705
14171,147.0,59.0,0.0,59.0,e5,P(fur)3,nF,0.766688957978976
14172,147.0,60.0,0.0,60.0,e4,PPh2Me,nI,0.011948259243086866
14173,147.0,61.0,0.0,61.0,e7,MeO-KITPHOS,nD,0.27695472336861027
14174,147.0,62.0,0.0,62.0,e2,CgMe-PPh,nG,0.416125825549032
14175,147.0,63.0,0.0,63.0,e4,P(fur)3,nC,0.5121985356201784
14176,147.0,64.0,0.0,64.0,e10,P(o-Anis)3,nI,0.12648823608270143
14177,147.0,65.0,0.0,65.0,e9,"P(3,5-CF3-Ph)3",nD,0.44318159981050437
14178,147.0,66.0,0.0,66.0,e4,tBPh-CPhos,nE,0.08334191795338486
14179,147.0,67.0,0.0,67.0,e4,Cy-vBRIDP,nF,0.08710389043025306
14180,147.0,68.0,0.0,68.0,e1,Ph-PhenCar-Phos,nC,0.12082905001684137
14181,147.0,69.0,0.0,69.0,e10,CX-PICy,nA,0.6712211737821199
14182,147.0,70.0,0.0,70.0,e10,A-caPhos,nA,0.2597050084922578
14183,147.0,71.0,0.0,71.0,e5,Et-PhenCar-Phos,nD,0.7835996088615103
14184,147.0,72.0,0.0,72.0,e4,JackiePhos,nG,0.011497397001572884
14185,147.0,73.0,0.0,73.0,e5,PPhMe2,nF,0.0
14186,147.0,74.0,0.0,74.0,e2,PPhtBu2,nB,0.2956916574075555
14187,147.0,75.0,0.0,75.0,e4,Cy-DavePhos,nG,0.04776203346339624
14188,147.0,76.0,0.0,76.0,e7,CgMe-PPh,nB,0.11466820021189443
14189,147.0,77.0,0.0,77.0,e10,PnBu3 HBF4,nG,0.03445540105517488
14190,147.0,78.0,0.0,78.0,e7,Cy-BippyPhos,nC,0.8232211000009824
14191,147.0,79.0,0.0,79.0,e4,Et-PhenCar-Phos,nA,0.02363360610342534
14192,147.0,80.0,0.0,80.0,e9,CX-PICy,nG,0.3105609528066332
14193,147.0,81.0,0.0,81.0,e10,BrettPhos,nI,0.1572445220332629
14194,147.0,82.0,0.0,82.0,e10,P(fur)3,nG,0.5091625405710212
14195,147.0,83.0,0.0,83.0,e1,PPh3,nB,0.1440608266906695
14196,147.0,84.0,0.0,84.0,e1,X-Phos,nA,0.8789499411781446
14197,147.0,85.0,0.0,85.0,e10,CX-FBu,nI,0.11326772664660484
14198,147.0,86.0,0.0,86.0,e4,Cy-BippyPhos,nA,0.014200695922544622
14199,147.0,87.0,0.0,87.0,e1,X-Phos,nF,0.0977093065996311
14200,147.0,88.0,0.0,88.0,e10,MeO-KITPHOS,nD,0.8998197521786309
14201,147.0,89.0,0.0,89.0,e10,Kwong,nE,0.10609667459949558
14202,147.0,90.0,0.0,90.0,e1,MeO-KITPHOS,nC,0.08497736742087081
14203,147.0,91.0,0.0,91.0,e7,"P(3,5-CF3-Ph)3",nD,0.7248719169293781
14204,147.0,92.0,0.0,92.0,e9,PCy3 HBF4,nD,0.675233270214635
14205,147.0,93.0,0.0,93.0,e1,"P(3,5-CF3-Ph)3",nI,0.05907258173862887
14206,147.0,94.0,0.0,94.0,e7,P(fur)3,nA,0.15917780258602543
14207,147.0,95.0,0.0,95.0,e10,PPh2Me,nB,0.020868406358790646
14208,148.0,0.0,0.0,0.0,e2,A-caPhos,nB,0.050816766328986455
14209,148.0,1.0,0.0,1.0,e2,BrettPhos,nD,0.8847296047814194
14210,148.0,2.0,0.0,2.0,e9,CX-FBu,nF,0.005339162336147423
14211,148.0,3.0,0.0,3.0,e9,CX-PICy,nI,0.5796467982779039
14212,148.0,4.0,0.0,4.0,e10,Cy-DavePhos,nG,0.3684434306199855
14213,148.0,5.0,0.0,5.0,e5,Cy-vBRIDP,nA,0.7556883724207524
14214,148.0,6.0,0.0,6.0,e2,Kwong,nD,0.9496089484429554
14215,148.0,7.0,0.0,7.0,e5,MeO-KITPHOS,nI,0.7966198404456795
14216,148.0,8.0,0.0,8.0,e1,P(o-Anis)3,nE,0.0726200206341357
14217,148.0,9.0,0.0,9.0,e4,Et-PhenCar-Phos,nF,0.10620274724550914
14218,148.0,10.0,0.0,10.0,e9,JackiePhos,nI,0.7924680013442614
14219,148.0,11.0,0.0,11.0,e1,"P(3,5-CF3-Ph)3",nC,0.0
14220,148.0,12.0,0.0,12.0,e3,P(fur)3,nE,0.09598414323281666
14221,148.0,13.0,0.0,13.0,e1,Ph-PhenCar-Phos,nG,0.02135338003989251
14222,148.0,14.0,0.0,14.0,e5,PPh2Me,nD,0.8364467095225078
14223,148.0,15.0,0.0,15.0,e2,PPhtBu2,nC,0.5884787341556109
14224,148.0,16.0,0.0,16.0,e10,tBPh-CPhos,nB,0.34684817142606866
14225,148.0,17.0,0.0,17.0,e7,PPhMe2,nB,0.0
14226,148.0,18.0,0.0,18.0,e10,Cy-BippyPhos,nE,0.15176129512938982
14227,148.0,19.0,0.0,19.0,e7,PCy3 HBF4,nF,0.11910164690015072
14228,148.0,20.0,0.0,20.0,e5,CgMe-PPh,nG,0.5263762443562906
14229,148.0,21.0,0.0,21.0,e9,PPh3,nE,0.09067760339083293
14230,148.0,22.0,0.0,22.0,e10,X-Phos,nA,0.70292121771995
14231,148.0,23.0,0.0,23.0,e3,PnBu3 HBF4,nD,0.43543108377583073
14232,148.0,24.0,0.0,24.0,e1,Kwong,nI,0.017331328917836657
14233,148.0,25.0,0.0,25.0,e3,BrettPhos,nA,0.051040990235073004
14234,148.0,26.0,0.0,26.0,e3,PPh2Me,nF,0.4801900206505367
14235,148.0,27.0,0.0,27.0,e7,MeO-KITPHOS,nD,0.27695472336861027
14236,148.0,28.0,0.0,28.0,e3,JackiePhos,nE,0.19804717134717115
14237,148.0,29.0,0.0,29.0,e7,Cy-vBRIDP,nD,0.5488733534623731
14238,148.0,30.0,0.0,30.0,e4,X-Phos,nE,0.0
14239,148.0,31.0,0.0,31.0,e9,PPhtBu2,nG,0.2561213944420894
14240,148.0,32.0,0.0,32.0,e1,CX-PICy,nC,0.17448452116943244
14241,148.0,33.0,0.0,33.0,e10,CgMe-PPh,nI,0.992612378842541
14242,148.0,34.0,0.0,34.0,e3,PnBu3 HBF4,nI,0.3077263161434331
14243,148.0,35.0,0.0,35.0,e4,Cy-DavePhos,nB,0.0
14244,148.0,36.0,0.0,36.0,e5,tBPh-CPhos,nG,0.3364545940088557
14245,148.0,37.0,0.0,37.0,e7,CgMe-PPh,nF,0.8590504388988899
14246,148.0,38.0,0.0,38.0,e1,Cy-BippyPhos,nC,0.12530079881726516
14247,148.0,39.0,0.0,39.0,e3,PCy3 HBF4,nC,0.5344164665084931
14248,148.0,40.0,0.0,40.0,e5,Et-PhenCar-Phos,nE,0.1555337724688785
14249,148.0,41.0,0.0,41.0,e4,P(fur)3,nC,0.5121985356201784
14250,148.0,42.0,0.0,42.0,e4,PPh3,nF,0.23217627507948946
14251,148.0,43.0,0.0,43.0,e7,P(o-Anis)3,nB,0.09494681712924612
14252,148.0,44.0,0.0,44.0,e5,PPh2Me,nA,0.7070873722688659
14253,148.0,45.0,0.0,45.0,e9,Cy-vBRIDP,nF,0.6967928130282119
14254,148.0,46.0,0.0,46.0,e5,A-caPhos,nG,0.04136408895956248
14255,148.0,47.0,0.0,47.0,e5,Ph-PhenCar-Phos,nD,0.05973892971813824
14256,148.0,48.0,0.0,48.0,e10,CX-FBu,nE,0.0
14257,148.0,49.0,0.0,49.0,e2,"P(3,5-CF3-Ph)3",nA,0.7596387385382168
14258,148.0,50.0,0.0,50.0,e1,PPhMe2,nG,0.015753918769731767
14259,148.0,51.0,0.0,51.0,e7,MeO-KITPHOS,nE,0.012124358784725389
14260,148.0,52.0,0.0,52.0,e4,CgMe-PPh,nB,0.010586928381835779
14261,148.0,53.0,0.0,53.0,e9,JackiePhos,nA,0.4878435591523317
14262,148.0,54.0,0.0,54.0,e9,Kwong,nF,0.6183071390945252
14263,148.0,55.0,0.0,55.0,e3,BrettPhos,nC,0.13197723746779189
14264,148.0,56.0,0.0,56.0,e3,PPhtBu2,nB,0.11748362565060226
14265,148.0,57.0,0.0,57.0,e3,PPh2Me,nB,0.018469886419135415
14266,148.0,58.0,0.0,58.0,e7,Cy-vBRIDP,nB,0.18834091750393028
14267,148.0,59.0,0.0,59.0,e2,"P(3,5-CF3-Ph)3",nG,0.292311804161314
14268,148.0,60.0,0.0,60.0,e7,CX-PICy,nG,0.27831617102194695
14269,148.0,61.0,0.0,61.0,e2,PnBu3 HBF4,nD,0.8741353520353085
14270,148.0,62.0,0.0,62.0,e5,X-Phos,nE,0.10922716180611192
14271,148.0,63.0,0.0,63.0,e10,tBPh-CPhos,nA,0.738775541606104
14272,148.0,64.0,0.0,64.0,e1,PCy3 HBF4,nG,0.011446303846680505
14273,148.0,65.0,0.0,65.0,e10,P(fur)3,nD,0.986548910086449
14274,148.0,66.0,0.0,66.0,e9,PnBu3 HBF4,nF,0.06976139513202796
14275,148.0,67.0,0.0,67.0,e3,P(fur)3,nG,0.19737875966328072
14276,148.0,68.0,0.0,68.0,e5,Kwong,nF,0.007071092684467668
14277,148.0,69.0,0.0,69.0,e5,JackiePhos,nF,0.046842070771333566
14278,148.0,70.0,0.0,70.0,e2,tBPh-CPhos,nD,0.9627817421488892
14279,148.0,71.0,0.0,71.0,e1,Cy-DavePhos,nF,0.0
14280,148.0,72.0,0.0,72.0,e2,CgMe-PPh,nG,0.416125825549032
14281,148.0,73.0,0.0,73.0,e9,tBPh-CPhos,nB,0.15300473080796315
14282,148.0,74.0,0.0,74.0,e1,PPh3,nB,0.1440608266906695
14283,148.0,75.0,0.0,75.0,e2,Cy-BippyPhos,nC,0.565819186487617
14284,148.0,76.0,0.0,76.0,e4,Cy-vBRIDP,nA,0.021399040085944364
14285,148.0,77.0,0.0,77.0,e10,Et-PhenCar-Phos,nD,0.9813444766852435
14286,148.0,78.0,0.0,78.0,e1,Et-PhenCar-Phos,nE,0.038240826794146296
14287,148.0,79.0,0.0,79.0,e7,MeO-KITPHOS,nI,0.21783562748931537
14288,148.0,80.0,0.0,80.0,e2,BrettPhos,nE,0.06752498396007568
14289,148.0,81.0,0.0,81.0,e10,PPh2Me,nI,0.054332685778400516
14290,148.0,82.0,0.0,82.0,e4,"P(3,5-CF3-Ph)3",nA,0.011117148997029924
14291,148.0,83.0,0.0,83.0,e3,CX-PICy,nE,0.1788347445386581
14292,148.0,84.0,0.0,84.0,e4,P(o-Anis)3,nA,0.011826348840518159
14293,148.0,85.0,0.0,85.0,e4,PPhtBu2,nG,0.010529758099421742
14294,148.0,86.0,0.0,86.0,e4,A-caPhos,nC,0.22300559618283194
14295,148.0,87.0,0.0,87.0,e3,CgMe-PPh,nE,0.13080909557688172
14296,148.0,88.0,0.0,88.0,e7,Ph-PhenCar-Phos,nA,0.20865958976807292
14297,148.0,89.0,0.0,89.0,e2,P(fur)3,nI,0.8026402936862348
14298,148.0,90.0,0.0,90.0,e4,Cy-BippyPhos,nE,0.0
14299,148.0,91.0,0.0,91.0,e4,X-Phos,nB,0.0
14300,148.0,92.0,0.0,92.0,e1,PPhMe2,nE,0.005912635036959193
14301,148.0,93.0,0.0,93.0,e9,PnBu3 HBF4,nC,0.29786886006957153
14302,148.0,94.0,0.0,94.0,e1,CX-FBu,nD,0.04874487002483518
14303,148.0,95.0,0.0,95.0,e5,P(fur)3,nC,0.706763204366684
14304,149.0,0.0,0.0,0.0,e2,A-caPhos,nB,0.050816766328986455
14305,149.0,1.0,0.0,1.0,e1,BrettPhos,nG,0.0081874030607583
14306,149.0,2.0,0.0,2.0,e7,CX-FBu,nD,0.017505922127010028
14307,149.0,3.0,0.0,3.0,e10,CX-PICy,nC,0.7614827627405488
14308,149.0,4.0,0.0,4.0,e1,Cy-DavePhos,nF,0.0
14309,149.0,5.0,0.0,5.0,e10,Cy-vBRIDP,nB,0.4380455887344343
14310,149.0,6.0,0.0,6.0,e10,Kwong,nA,0.5880136022074371
14311,149.0,7.0,0.0,7.0,e2,MeO-KITPHOS,nE,0.14157346928450873
14312,149.0,8.0,0.0,8.0,e9,P(o-Anis)3,nG,0.16952591679227183
14313,149.0,9.0,0.0,9.0,e10,Et-PhenCar-Phos,nG,0.4986371729738086
14314,149.0,10.0,0.0,10.0,e3,JackiePhos,nF,0.779856233931088
14315,149.0,11.0,0.0,11.0,e2,"P(3,5-CF3-Ph)3",nD,0.8356393853580697
14316,149.0,12.0,0.0,12.0,e4,P(fur)3,nC,0.5121985356201784
14317,149.0,13.0,0.0,13.0,e1,Ph-PhenCar-Phos,nG,0.02135338003989251
14318,149.0,14.0,0.0,14.0,e5,PPh2Me,nB,0.24852294716245807
14319,149.0,15.0,0.0,15.0,e5,PPhtBu2,nC,0.7698254349858591
14320,149.0,16.0,0.0,16.0,e1,tBPh-CPhos,nD,0.47671112549978
14321,149.0,17.0,0.0,17.0,e4,PPhMe2,nA,0.0
14322,149.0,18.0,0.0,18.0,e7,Cy-BippyPhos,nA,0.5454537179950174
14323,149.0,19.0,0.0,19.0,e7,PCy3 HBF4,nF,0.11910164690015072
14324,149.0,20.0,0.0,20.0,e3,CgMe-PPh,nC,0.5573433814229866
14325,149.0,21.0,0.0,21.0,e10,PPh3,nE,0.026002383851906816
14326,149.0,22.0,0.0,22.0,e3,X-Phos,nD,0.6499890415739124
14327,149.0,23.0,0.0,23.0,e10,PnBu3 HBF4,nB,0.005351613760340478
14328,149.0,24.0,0.0,24.0,e10,"P(3,5-CF3-Ph)3",nD,0.9480127354628836
14329,149.0,25.0,0.0,25.0,e9,JackiePhos,nI,0.7924680013442614
14330,149.0,26.0,0.0,26.0,e10,PPhtBu2,nI,0.8224211337896827
14331,149.0,27.0,0.0,27.0,e2,CX-PICy,nB,0.019159777876378164
14332,149.0,28.0,0.0,28.0,e2,X-Phos,nI,0.5461500672967297
14333,149.0,29.0,0.0,29.0,e4,Kwong,nI,0.0
14334,149.0,30.0,0.0,30.0,e5,CgMe-PPh,nF,0.4710660416220753
14335,149.0,31.0,0.0,31.0,e9,Cy-BippyPhos,nF,0.9242970629259212
14336,149.0,32.0,0.0,32.0,e5,P(fur)3,nD,0.7206680265827334
14337,149.0,33.0,0.0,33.0,e7,Et-PhenCar-Phos,nA,0.46105828561415296
14338,149.0,34.0,0.0,34.0,e5,tBPh-CPhos,nI,0.8432755599410124
14339,149.0,35.0,0.0,35.0,e4,Cy-vBRIDP,nB,0.0
14340,149.0,36.0,0.0,36.0,e4,"P(3,5-CF3-Ph)3",nI,0.07226229178364636
14341,149.0,37.0,0.0,37.0,e7,PPh2Me,nG,0.01761201016057301
14342,149.0,38.0,0.0,38.0,e3,PPhtBu2,nG,0.42214668793427734
14343,149.0,39.0,0.0,39.0,e1,JackiePhos,nB,0.15130453997269813
14344,149.0,40.0,0.0,40.0,e10,P(o-Anis)3,nE,0.04630473114446367
14345,149.0,41.0,0.0,41.0,e9,Cy-BippyPhos,nC,0.4093298004131833
14346,149.0,42.0,0.0,42.0,e4,MeO-KITPHOS,nD,0.01764759420350764
14347,149.0,43.0,0.0,43.0,e9,PCy3 HBF4,nI,0.5233205929895026
14348,149.0,44.0,0.0,44.0,e3,tBPh-CPhos,nB,0.2201396278511609
14349,149.0,45.0,0.0,45.0,e3,A-caPhos,nF,0.7082011417231325
14350,149.0,46.0,0.0,46.0,e10,P(fur)3,nF,0.9483400902675492
14351,149.0,47.0,0.0,47.0,e1,PPh3,nC,0.1159616122174597
14352,149.0,48.0,0.0,48.0,e9,Ph-PhenCar-Phos,nC,0.36327049578373294
14353,149.0,49.0,0.0,49.0,e10,CX-FBu,nE,0.0
14354,149.0,50.0,0.0,50.0,e2,X-Phos,nF,0.2803025402995705
14355,149.0,51.0,0.0,51.0,e10,BrettPhos,nA,0.3672528507287323
14356,149.0,52.0,0.0,52.0,e1,PnBu3 HBF4,nE,0.0
14357,149.0,53.0,0.0,53.0,e3,Cy-DavePhos,nC,0.37215812981068086
14358,149.0,54.0,0.0,54.0,e7,PPhMe2,nE,0.04656087399550363
14359,149.0,55.0,0.0,55.0,e2,CgMe-PPh,nF,0.42403845111744487
14360,149.0,56.0,0.0,56.0,e5,Et-PhenCar-Phos,nA,0.7577678491226976
14361,149.0,57.0,0.0,57.0,e10,P(fur)3,nB,0.29107612738736705
14362,149.0,58.0,0.0,58.0,e1,PPhtBu2,nC,0.04142482366500885
14363,149.0,59.0,0.0,59.0,e1,CX-PICy,nI,0.16332586594833928
14364,149.0,60.0,0.0,60.0,e4,A-caPhos,nD,0.005914580833647114
14365,149.0,61.0,0.0,61.0,e10,Cy-BippyPhos,nB,0.44442545396979233
14366,149.0,62.0,0.0,62.0,e9,"P(3,5-CF3-Ph)3",nA,0.28248248720696867
14367,149.0,63.0,0.0,63.0,e3,PCy3 HBF4,nF,0.7927520064501151
14368,149.0,64.0,0.0,64.0,e4,JackiePhos,nC,0.28682741874775813
14369,149.0,65.0,0.0,65.0,e9,Et-PhenCar-Phos,nE,0.09970326563233488
14370,149.0,66.0,0.0,66.0,e5,Kwong,nF,0.007071092684467668
14371,149.0,67.0,0.0,67.0,e3,tBPh-CPhos,nE,0.18973560206253479
14372,149.0,68.0,0.0,68.0,e4,X-Phos,nC,0.34258955436774835
14373,149.0,69.0,0.0,69.0,e7,CgMe-PPh,nD,1.0
14374,149.0,70.0,0.0,70.0,e7,Cy-vBRIDP,nF,0.47929870017773896
14375,149.0,71.0,0.0,71.0,e9,PCy3 HBF4,nA,0.39949447947915445
14376,149.0,72.0,0.0,72.0,e3,P(fur)3,nD,0.517468751935307
14377,149.0,73.0,0.0,73.0,e2,CgMe-PPh,nC,0.6339599379342666
14378,149.0,74.0,0.0,74.0,e10,Ph-PhenCar-Phos,nA,0.4084319710624149
14379,149.0,75.0,0.0,75.0,e1,BrettPhos,nC,0.004772581327773339
14380,149.0,76.0,0.0,76.0,e7,Cy-DavePhos,nB,0.2152450446486366
14381,149.0,77.0,0.0,77.0,e5,Cy-BippyPhos,nF,0.5547253517877193
14382,149.0,78.0,0.0,78.0,e3,PPh2Me,nE,0.10038963691603196
14383,149.0,79.0,0.0,79.0,e9,"P(3,5-CF3-Ph)3",nD,0.44318159981050437
14384,149.0,80.0,0.0,80.0,e9,P(o-Anis)3,nA,0.15362948073366284
14385,149.0,81.0,0.0,81.0,e1,PPhtBu2,nB,0.03618479220380419
14386,149.0,82.0,0.0,82.0,e1,CgMe-PPh,nF,0.16030992191406224
14387,149.0,83.0,0.0,83.0,e4,JackiePhos,nI,0.0
14388,149.0,84.0,0.0,84.0,e4,MeO-KITPHOS,nG,0.028037897530188406
14389,149.0,85.0,0.0,85.0,e2,P(fur)3,nA,0.7855864152365213
14390,149.0,86.0,0.0,86.0,e3,PPh3,nD,0.558051966163369
14391,149.0,87.0,0.0,87.0,e9,Cy-BippyPhos,nA,0.5551684100530536
14392,149.0,88.0,0.0,88.0,e5,CX-PICy,nE,0.19791536280621153
14393,149.0,89.0,0.0,89.0,e5,Cy-vBRIDP,nD,0.7161030534920702
14394,149.0,90.0,0.0,90.0,e2,PCy3 HBF4,nA,0.001570789934535926
14395,149.0,91.0,0.0,91.0,e4,X-Phos,nG,0.014305219597103146
14396,149.0,92.0,0.0,92.0,e7,Et-PhenCar-Phos,nC,0.7443135007935773
14397,149.0,93.0,0.0,93.0,e9,P(fur)3,nC,0.31559252353476763
14398,149.0,94.0,0.0,94.0,e3,PPhMe2,nB,0.03243076392530086
14399,149.0,95.0,0.0,95.0,e5,tBPh-CPhos,nG,0.3364545940088557
14400,150.0,0.0,0.0,0.0,e4,A-caPhos,nD,0.005914580833647114
14401,150.0,1.0,0.0,1.0,e4,BrettPhos,nC,0.2081868974382628
14402,150.0,2.0,0.0,2.0,e2,CX-FBu,nE,0.044215580612420015
14403,150.0,3.0,0.0,3.0,e7,CX-PICy,nB,0.23030477566313212
14404,150.0,4.0,0.0,4.0,e10,Cy-DavePhos,nE,0.14634029717947056
14405,150.0,5.0,0.0,5.0,e3,Cy-vBRIDP,nE,0.22456888388015206
14406,150.0,6.0,0.0,6.0,e1,Kwong,nF,0.04076651100940088
14407,150.0,7.0,0.0,7.0,e3,MeO-KITPHOS,nE,0.10167919655151128
14408,150.0,8.0,0.0,8.0,e7,P(o-Anis)3,nD,0.20661863979261372
14409,150.0,9.0,0.0,9.0,e9,Et-PhenCar-Phos,nB,0.15268768262180096
14410,150.0,10.0,0.0,10.0,e1,JackiePhos,nC,0.10916790305363006
14411,150.0,11.0,0.0,11.0,e7,"P(3,5-CF3-Ph)3",nA,0.10610513723257087
14412,150.0,12.0,0.0,12.0,e9,P(fur)3,nB,0.1017982533025562
14413,150.0,13.0,0.0,13.0,e4,Ph-PhenCar-Phos,nA,0.0
14414,150.0,14.0,0.0,14.0,e9,PPh2Me,nI,0.5231142463877392
14415,150.0,15.0,0.0,15.0,e2,PPhtBu2,nA,0.8784588854057418
14416,150.0,16.0,0.0,16.0,e7,tBPh-CPhos,nB,0.313551181342256
14417,150.0,17.0,0.0,17.0,e9,PPhMe2,nG,0.16312105796441556
14418,150.0,18.0,0.0,18.0,e4,Cy-BippyPhos,nB,0.001309200773603058
14419,150.0,19.0,0.0,19.0,e4,PCy3 HBF4,nG,0.0
14420,150.0,20.0,0.0,20.0,e4,CgMe-PPh,nD,0.08321089559018727
14421,150.0,21.0,0.0,21.0,e10,PPh3,nF,0.9681029779274772
14422,150.0,22.0,0.0,22.0,e5,X-Phos,nA,0.7308372177455247
14423,150.0,23.0,0.0,23.0,e2,PnBu3 HBF4,nC,0.6344642168342858
14424,150.0,24.0,0.0,24.0,e7,PPh3,nI,0.24779538065626336
14425,150.0,25.0,0.0,25.0,e9,PPhtBu2,nF,0.04207540286700265
14426,150.0,26.0,0.0,26.0,e9,X-Phos,nI,0.48640092936162965
14427,150.0,27.0,0.0,27.0,e3,PnBu3 HBF4,nE,0.07267279002281227
14428,150.0,28.0,0.0,28.0,e10,PPh2Me,nI,0.054332685778400516
14429,150.0,29.0,0.0,29.0,e7,tBPh-CPhos,nA,0.42655708759840044
14430,150.0,30.0,0.0,30.0,e3,CX-PICy,nA,0.3216556256640709
14431,150.0,31.0,0.0,31.0,e10,Cy-vBRIDP,nA,0.6642431458921436
14432,150.0,32.0,0.0,32.0,e9,BrettPhos,nB,0.015005675905422431
14433,150.0,33.0,0.0,33.0,e4,P(o-Anis)3,nI,0.02548894148634491
14434,150.0,34.0,0.0,34.0,e2,PPhMe2,nB,0.34830416803640063
14435,150.0,35.0,0.0,35.0,e9,Et-PhenCar-Phos,nF,0.7233050105292524
14436,150.0,36.0,0.0,36.0,e4,Cy-DavePhos,nI,0.09721557254928792
14437,150.0,37.0,0.0,37.0,e5,JackiePhos,nE,0.24549969999845586
14438,150.0,38.0,0.0,38.0,e4,"P(3,5-CF3-Ph)3",nI,0.07226229178364636
14439,150.0,39.0,0.0,39.0,e9,P(fur)3,nG,0.3593925605569053
14440,150.0,40.0,0.0,40.0,e5,MeO-KITPHOS,nB,0.28637906683057796
14441,150.0,41.0,0.0,41.0,e4,CgMe-PPh,nC,0.07729202271014396
14442,150.0,42.0,0.0,42.0,e5,CX-FBu,nA,0.036929391233255865
14443,150.0,43.0,0.0,43.0,e5,Kwong,nB,0.19563904085240036
14444,150.0,44.0,0.0,44.0,e7,X-Phos,nD,0.3829370574937559
14445,150.0,45.0,0.0,45.0,e10,PPh3,nC,0.8555703332989744
14446,150.0,46.0,0.0,46.0,e4,A-caPhos,nC,0.22300559618283194
14447,150.0,47.0,0.0,47.0,e2,Cy-BippyPhos,nD,0.899766462439471
14448,150.0,48.0,0.0,48.0,e10,Ph-PhenCar-Phos,nF,0.15722965933724983
14449,150.0,49.0,0.0,49.0,e7,PCy3 HBF4,nE,0.012884298674100353
14450,150.0,50.0,0.0,50.0,e10,PPhtBu2,nB,0.3350890548052822
14451,150.0,51.0,0.0,51.0,e10,Cy-BippyPhos,nA,0.7528860791443422
14452,150.0,52.0,0.0,52.0,e9,Cy-vBRIDP,nB,0.1653784441959319
14453,150.0,53.0,0.0,53.0,e4,Et-PhenCar-Phos,nD,0.045517695769122665
14454,150.0,54.0,0.0,54.0,e7,PPh3,nG,0.09330503580192609
14455,150.0,55.0,0.0,55.0,e2,tBPh-CPhos,nD,0.9627817421488892
14456,150.0,56.0,0.0,56.0,e7,PnBu3 HBF4,nI,0.07769044425257474
14457,150.0,57.0,0.0,57.0,e4,tBPh-CPhos,nB,0.008677035710621023
14458,150.0,58.0,0.0,58.0,e2,Cy-BippyPhos,nB,0.3284195625331717
14459,150.0,59.0,0.0,59.0,e4,PPh2Me,nG,0.04035626265938144
14460,150.0,60.0,0.0,60.0,e3,CX-PICy,nD,0.6575942693885647
14461,150.0,61.0,0.0,61.0,e1,X-Phos,nB,0.13808085610167717
14462,150.0,62.0,0.0,62.0,e7,PPhMe2,nE,0.04656087399550363
14463,150.0,63.0,0.0,63.0,e5,P(fur)3,nG,0.4460254587435207
14464,150.0,64.0,0.0,64.0,e9,MeO-KITPHOS,nD,0.6506971208307475
14465,150.0,65.0,0.0,65.0,e4,JackiePhos,nE,0.0
14466,150.0,66.0,0.0,66.0,e2,PPhtBu2,nI,0.6066938793729448
14467,150.0,67.0,0.0,67.0,e4,CX-PICy,nG,0.016007987024632152
14468,150.0,68.0,0.0,68.0,e4,PPh3,nA,0.08894444044781374
14469,150.0,69.0,0.0,69.0,e9,Cy-DavePhos,nF,0.869939977523386
14470,150.0,70.0,0.0,70.0,e1,Kwong,nB,0.06453691607178057
14471,150.0,71.0,0.0,71.0,e9,P(o-Anis)3,nG,0.16952591679227183
14472,150.0,72.0,0.0,72.0,e2,A-caPhos,nG,0.08718212432149915
14473,150.0,73.0,0.0,73.0,e10,Cy-DavePhos,nD,0.9577552674723959
14474,150.0,74.0,0.0,74.0,e5,BrettPhos,nI,0.25661642729485107
14475,150.0,75.0,0.0,75.0,e10,Cy-DavePhos,nI,0.7834423636635293
14476,150.0,76.0,0.0,76.0,e2,Cy-vBRIDP,nF,0.6290075171930294
14477,150.0,77.0,0.0,77.0,e7,"P(3,5-CF3-Ph)3",nB,0.14407814391298038
14478,150.0,78.0,0.0,78.0,e10,MeO-KITPHOS,nE,0.08167116258886992
14479,150.0,79.0,0.0,79.0,e2,Cy-BippyPhos,nG,0.21398062661899547
14480,150.0,80.0,0.0,80.0,e1,CgMe-PPh,nA,0.6945948510850428
14481,150.0,81.0,0.0,81.0,e9,Ph-PhenCar-Phos,nA,0.2063595645670517
14482,150.0,82.0,0.0,82.0,e4,PPhtBu2,nF,0.0
14483,150.0,83.0,0.0,83.0,e1,Cy-DavePhos,nA,0.3421517795536883
14484,150.0,84.0,0.0,84.0,e4,Et-PhenCar-Phos,nG,0.0029966288441688137
14485,150.0,85.0,0.0,85.0,e2,P(fur)3,nG,0.26823050789231057
14486,150.0,86.0,0.0,86.0,e2,CX-FBu,nG,0.0
14487,150.0,87.0,0.0,87.0,e10,CgMe-PPh,nG,0.4450058594793389
14488,150.0,88.0,0.0,88.0,e10,X-Phos,nE,0.0935959226806929
14489,150.0,89.0,0.0,89.0,e3,tBPh-CPhos,nC,0.4601786928065039
14490,150.0,90.0,0.0,90.0,e7,Cy-vBRIDP,nD,0.5488733534623731
14491,150.0,91.0,0.0,91.0,e3,PCy3 HBF4,nA,0.026603552105440537
14492,150.0,92.0,0.0,92.0,e1,PnBu3 HBF4,nC,0.05073636262125162
14493,150.0,93.0,0.0,93.0,e4,PPh2Me,nI,0.011948259243086866
14494,150.0,94.0,0.0,94.0,e10,Cy-DavePhos,nA,0.6290037488957982
14495,150.0,95.0,0.0,95.0,e3,PPh3,nD,0.558051966163369
14496,151.0,0.0,0.0,0.0,e1,A-caPhos,nA,0.24027073531882212
14497,151.0,1.0,0.0,1.0,e2,BrettPhos,nE,0.06752498396007568
14498,151.0,2.0,0.0,2.0,e7,CX-FBu,nE,0.001217827266805761
14499,151.0,3.0,0.0,3.0,e10,CX-PICy,nD,0.8614801884008014
14500,151.0,4.0,0.0,4.0,e3,Cy-DavePhos,nB,0.16485335147347094
14501,151.0,5.0,0.0,5.0,e2,Cy-vBRIDP,nG,0.27869962157058037
14502,151.0,6.0,0.0,6.0,e7,Kwong,nB,0.020383918157043737
14503,151.0,7.0,0.0,7.0,e5,MeO-KITPHOS,nC,0.6524320098130438
14504,151.0,8.0,0.0,8.0,e5,P(o-Anis)3,nF,0.05262122919976672
14505,151.0,9.0,0.0,9.0,e1,Et-PhenCar-Phos,nE,0.038240826794146296
14506,151.0,10.0,0.0,10.0,e4,JackiePhos,nB,0.0
14507,151.0,11.0,0.0,11.0,e4,"P(3,5-CF3-Ph)3",nE,0.022865395605389537
14508,151.0,12.0,0.0,12.0,e4,P(fur)3,nB,0.04357911135254303
14509,151.0,13.0,0.0,13.0,e1,Ph-PhenCar-Phos,nA,0.18568024853139675
14510,151.0,14.0,0.0,14.0,e3,PPh2Me,nB,0.018469886419135415
14511,151.0,15.0,0.0,15.0,e2,PPhtBu2,nF,0.8558293094709153
14512,151.0,16.0,0.0,16.0,e10,tBPh-CPhos,nA,0.738775541606104
14513,151.0,17.0,0.0,17.0,e3,PPhMe2,nC,0.45752334695304314
14514,151.0,18.0,0.0,18.0,e4,Cy-BippyPhos,nI,0.01506826698150689
14515,151.0,19.0,0.0,19.0,e1,PCy3 HBF4,nD,0.10789505494394104
14516,151.0,20.0,0.0,20.0,e2,CgMe-PPh,nC,0.6339599379342666
14517,151.0,21.0,0.0,21.0,e9,PPh3,nC,0.36576356638393287
14518,151.0,22.0,0.0,22.0,e2,X-Phos,nE,0.05720851394385538
14519,151.0,23.0,0.0,23.0,e2,PnBu3 HBF4,nD,0.8741353520353085
14520,151.0,24.0,0.0,24.0,e5,PnBu3 HBF4,nG,0.0346467819695208
14521,151.0,25.0,0.0,25.0,e3,CX-PICy,nB,0.0849376627257103
14522,151.0,26.0,0.0,26.0,e4,PPhtBu2,nG,0.010529758099421742
14523,151.0,27.0,0.0,27.0,e3,tBPh-CPhos,nF,0.8810310712945111
14524,151.0,28.0,0.0,28.0,e3,MeO-KITPHOS,nA,0.3689090985734202
14525,151.0,29.0,0.0,29.0,e1,CgMe-PPh,nE,0.1040741361267055
14526,151.0,30.0,0.0,30.0,e7,PPhMe2,nA,0.24213550852685992
14527,151.0,31.0,0.0,31.0,e4,PPh3,nE,0.0
14528,151.0,32.0,0.0,32.0,e1,Cy-vBRIDP,nE,0.10273481023694789
14529,151.0,33.0,0.0,33.0,e1,A-caPhos,nE,0.03499297317844621
14530,151.0,34.0,0.0,34.0,e9,tBPh-CPhos,nB,0.15300473080796315
14531,151.0,35.0,0.0,35.0,e9,Ph-PhenCar-Phos,nF,0.6256618485697769
14532,151.0,36.0,0.0,36.0,e7,Cy-DavePhos,nD,0.7185111182227426
14533,151.0,37.0,0.0,37.0,e1,PCy3 HBF4,nF,0.0936542572430908
14534,151.0,38.0,0.0,38.0,e3,BrettPhos,nF,0.00688372893582114
14535,151.0,39.0,0.0,39.0,e7,X-Phos,nE,0.009747915997314067
14536,151.0,40.0,0.0,40.0,e5,P(o-Anis)3,nA,0.20637391159055976
14537,151.0,41.0,0.0,41.0,e9,P(fur)3,nB,0.1017982533025562
14538,151.0,42.0,0.0,42.0,e9,Et-PhenCar-Phos,nB,0.15268768262180096
14539,151.0,43.0,0.0,43.0,e3,"P(3,5-CF3-Ph)3",nG,0.13026635301464337
14540,151.0,44.0,0.0,44.0,e1,Kwong,nG,0.02109424691555194
14541,151.0,45.0,0.0,45.0,e10,PPh2Me,nE,0.052986997437251694
14542,151.0,46.0,0.0,46.0,e2,Cy-BippyPhos,nI,0.67187359635982
14543,151.0,47.0,0.0,47.0,e1,CX-FBu,nD,0.04874487002483518
14544,151.0,48.0,0.0,48.0,e10,JackiePhos,nI,0.6404668815291216
14545,151.0,49.0,0.0,49.0,e9,MeO-KITPHOS,nF,0.2069173517749973
14546,151.0,50.0,0.0,50.0,e10,CX-PICy,nI,0.8294011628993512
14547,151.0,51.0,0.0,51.0,e1,PnBu3 HBF4,nE,0.0
14548,151.0,52.0,0.0,52.0,e5,Cy-DavePhos,nI,0.8413366058756354
14549,151.0,53.0,0.0,53.0,e3,PPhtBu2,nD,0.6677531336144049
14550,151.0,54.0,0.0,54.0,e10,Ph-PhenCar-Phos,nB,0.010682786436433955
14551,151.0,55.0,0.0,55.0,e7,CgMe-PPh,nI,0.6142759277683246
14552,151.0,56.0,0.0,56.0,e10,PPhMe2,nG,0.29388406090139285
14553,151.0,57.0,0.0,57.0,e2,Cy-BippyPhos,nD,0.899766462439471
14554,151.0,58.0,0.0,58.0,e7,CX-PICy,nB,0.23030477566313212
14555,151.0,59.0,0.0,59.0,e5,tBPh-CPhos,nI,0.8432755599410124
14556,151.0,60.0,0.0,60.0,e9,JackiePhos,nD,0.6112600941230104
14557,151.0,61.0,0.0,61.0,e1,Cy-DavePhos,nI,0.007578802183845745
14558,151.0,62.0,0.0,62.0,e9,Cy-BippyPhos,nI,0.7811843865330459
14559,151.0,63.0,0.0,63.0,e5,PPhtBu2,nC,0.7698254349858591
14560,151.0,64.0,0.0,64.0,e4,tBPh-CPhos,nA,0.0348084285544355
14561,151.0,65.0,0.0,65.0,e3,CgMe-PPh,nC,0.5573433814229866
14562,151.0,66.0,0.0,66.0,e3,Cy-vBRIDP,nB,0.1817917229188569
14563,151.0,67.0,0.0,67.0,e5,PPh3,nG,0.0842244348649542
14564,151.0,68.0,0.0,68.0,e2,Cy-BippyPhos,nA,0.947422522089135
14565,151.0,69.0,0.0,69.0,e2,PPhtBu2,nD,0.9426908215088567
14566,151.0,70.0,0.0,70.0,e10,JackiePhos,nD,0.9619894282107424
14567,151.0,71.0,0.0,71.0,e4,MeO-KITPHOS,nI,0.046668452270735516
14568,151.0,72.0,0.0,72.0,e9,Cy-BippyPhos,nF,0.9242970629259212
14569,151.0,73.0,0.0,73.0,e2,JackiePhos,nC,0.5096826906052602
14570,151.0,74.0,0.0,74.0,e3,A-caPhos,nE,0.07288605180469757
14571,151.0,75.0,0.0,75.0,e10,PPhtBu2,nC,0.7230058104876745
14572,151.0,76.0,0.0,76.0,e2,P(o-Anis)3,nB,0.11086154927683153
14573,151.0,77.0,0.0,77.0,e4,Cy-BippyPhos,nD,0.0
14574,151.0,78.0,0.0,78.0,e5,PCy3 HBF4,nI,0.34482654450171224
14575,151.0,79.0,0.0,79.0,e9,Et-PhenCar-Phos,nD,0.6763905107050712
14576,151.0,80.0,0.0,80.0,e3,CX-PICy,nF,0.6497944840300122
14577,151.0,81.0,0.0,81.0,e10,"P(3,5-CF3-Ph)3",nI,0.941711710784077
14578,151.0,82.0,0.0,82.0,e7,"P(3,5-CF3-Ph)3",nC,0.37358571629078485
14579,151.0,83.0,0.0,83.0,e5,P(fur)3,nA,0.7422450479697658
14580,151.0,84.0,0.0,84.0,e10,PPhMe2,nI,0.5272307031167799
14581,151.0,85.0,0.0,85.0,e5,PPhtBu2,nD,0.7431815841843207
14582,151.0,86.0,0.0,86.0,e9,CgMe-PPh,nB,0.16201116259216772
14583,151.0,87.0,0.0,87.0,e3,PnBu3 HBF4,nE,0.07267279002281227
14584,151.0,88.0,0.0,88.0,e7,BrettPhos,nB,0.006706537467230552
14585,151.0,89.0,0.0,89.0,e5,P(fur)3,nD,0.7206680265827334
14586,151.0,90.0,0.0,90.0,e10,PPh2Me,nG,0.05238083217686043
14587,151.0,91.0,0.0,91.0,e5,X-Phos,nG,0.36700316278880124
14588,151.0,92.0,0.0,92.0,e10,Et-PhenCar-Phos,nD,0.9813444766852435
14589,151.0,93.0,0.0,93.0,e2,Et-PhenCar-Phos,nF,0.516942514891109
14590,151.0,94.0,0.0,94.0,e10,CX-FBu,nG,0.07949868376012764
14591,151.0,95.0,0.0,95.0,e3,JackiePhos,nB,0.1608694107669877
14592,152.0,0.0,0.0,0.0,e9,A-caPhos,nG,0.4248789034782635
14593,152.0,1.0,0.0,1.0,e7,BrettPhos,nI,0.03364948416287573
14594,152.0,2.0,0.0,2.0,e3,CX-FBu,nI,0.0
14595,152.0,3.0,0.0,3.0,e1,CX-PICy,nC,0.17448452116943244
14596,152.0,4.0,0.0,4.0,e3,Cy-DavePhos,nF,0.8181899294726043
14597,152.0,5.0,0.0,5.0,e5,Cy-vBRIDP,nE,0.15014188546666088
14598,152.0,6.0,0.0,6.0,e10,Kwong,nG,0.24923381383602894
14599,152.0,7.0,0.0,7.0,e1,MeO-KITPHOS,nB,0.015845697854694092
14600,152.0,8.0,0.0,8.0,e10,P(o-Anis)3,nG,0.07389015169587047
14601,152.0,9.0,0.0,9.0,e4,Et-PhenCar-Phos,nE,0.006684621137560202
14602,152.0,10.0,0.0,10.0,e3,JackiePhos,nD,0.6652224475203186
14603,152.0,11.0,0.0,11.0,e9,"P(3,5-CF3-Ph)3",nF,0.3243416897405247
14604,152.0,12.0,0.0,12.0,e7,P(fur)3,nE,0.0
14605,152.0,13.0,0.0,13.0,e7,Ph-PhenCar-Phos,nA,0.20865958976807292
14606,152.0,14.0,0.0,14.0,e5,PPh2Me,nI,0.18805503621177608
14607,152.0,15.0,0.0,15.0,e5,PPhtBu2,nI,0.6943756174940648
14608,152.0,16.0,0.0,16.0,e2,tBPh-CPhos,nI,0.6559331228280183
14609,152.0,17.0,0.0,17.0,e10,PPhMe2,nA,0.6773210798547121
14610,152.0,18.0,0.0,18.0,e4,Cy-BippyPhos,nF,0.16766741748867858
14611,152.0,19.0,0.0,19.0,e10,PCy3 HBF4,nD,0.5416797206056861
14612,152.0,20.0,0.0,20.0,e9,CgMe-PPh,nI,0.9133569283838853
14613,152.0,21.0,0.0,21.0,e9,PPh3,nA,0.4432722730662406
14614,152.0,22.0,0.0,22.0,e10,X-Phos,nE,0.0935959226806929
14615,152.0,23.0,0.0,23.0,e10,PnBu3 HBF4,nE,0.04185113905030638
14616,152.0,24.0,0.0,24.0,e1,CgMe-PPh,nE,0.1040741361267055
14617,152.0,25.0,0.0,25.0,e7,Cy-DavePhos,nA,0.4507264804831017
14618,152.0,26.0,0.0,26.0,e3,PPhtBu2,nI,0.2459288839092893
14619,152.0,27.0,0.0,27.0,e7,PPhMe2,nB,0.0
14620,152.0,28.0,0.0,28.0,e10,JackiePhos,nI,0.6404668815291216
14621,152.0,29.0,0.0,29.0,e3,tBPh-CPhos,nC,0.4601786928065039
14622,152.0,30.0,0.0,30.0,e3,PCy3 HBF4,nA,0.026603552105440537
14623,152.0,31.0,0.0,31.0,e9,PPh3,nD,0.6001831529671628
14624,152.0,32.0,0.0,32.0,e9,A-caPhos,nE,0.1264609747923346
14625,152.0,33.0,0.0,33.0,e5,"P(3,5-CF3-Ph)3",nG,0.33880240957433805
14626,152.0,34.0,0.0,34.0,e2,Kwong,nC,0.5542025006813295
14627,152.0,35.0,0.0,35.0,e3,Ph-PhenCar-Phos,nA,0.09713443673361893
14628,152.0,36.0,0.0,36.0,e2,PPh2Me,nG,0.0
14629,152.0,37.0,0.0,37.0,e9,CX-PICy,nF,0.47170454735693496
14630,152.0,38.0,0.0,38.0,e1,Cy-BippyPhos,nD,0.19322800249768834
14631,152.0,39.0,0.0,39.0,e1,Cy-vBRIDP,nE,0.10273481023694789
14632,152.0,40.0,0.0,40.0,e3,X-Phos,nD,0.6499890415739124
14633,152.0,41.0,0.0,41.0,e1,P(o-Anis)3,nD,0.06718965695755724
14634,152.0,42.0,0.0,42.0,e1,JackiePhos,nB,0.15130453997269813
14635,152.0,43.0,0.0,43.0,e5,Cy-DavePhos,nC,0.6945846341087276
14636,152.0,44.0,0.0,44.0,e3,PnBu3 HBF4,nG,0.28320116621218205
14637,152.0,45.0,0.0,45.0,e4,BrettPhos,nC,0.2081868974382628
14638,152.0,46.0,0.0,46.0,e7,MeO-KITPHOS,nA,0.11368563470080227
14639,152.0,47.0,0.0,47.0,e10,Et-PhenCar-Phos,nG,0.4986371729738086
14640,152.0,48.0,0.0,48.0,e7,CX-FBu,nB,0.0925326789625629
14641,152.0,49.0,0.0,49.0,e1,P(fur)3,nG,0.026494931502405453
14642,152.0,50.0,0.0,50.0,e9,tBPh-CPhos,nD,0.7798623769507976
14643,152.0,51.0,0.0,51.0,e5,PPh3,nD,0.7503383283607225
14644,152.0,52.0,0.0,52.0,e1,CgMe-PPh,nF,0.16030992191406224
14645,152.0,53.0,0.0,53.0,e1,PPhtBu2,nF,0.0
14646,152.0,54.0,0.0,54.0,e9,Kwong,nA,0.4209461322156132
14647,152.0,55.0,0.0,55.0,e3,Cy-DavePhos,nA,0.4587692631158191
14648,152.0,56.0,0.0,56.0,e1,tBPh-CPhos,nD,0.47671112549978
14649,152.0,57.0,0.0,57.0,e9,X-Phos,nC,0.3631647018503177
14650,152.0,58.0,0.0,58.0,e4,PPhMe2,nI,0.0
14651,152.0,59.0,0.0,59.0,e5,PPh3,nE,0.07040432961461064
14652,152.0,60.0,0.0,60.0,e3,"P(3,5-CF3-Ph)3",nD,0.5723115602287895
14653,152.0,61.0,0.0,61.0,e5,CX-PICy,nF,0.5063471923786179
14654,152.0,62.0,0.0,62.0,e1,PCy3 HBF4,nC,0.12548596697694442
14655,152.0,63.0,0.0,63.0,e9,A-caPhos,nB,0.040633394833466153
14656,152.0,64.0,0.0,64.0,e3,Et-PhenCar-Phos,nE,0.16222416431861286
14657,152.0,65.0,0.0,65.0,e9,JackiePhos,nD,0.6112600941230104
14658,152.0,66.0,0.0,66.0,e7,Cy-DavePhos,nF,0.07212456406365218
14659,152.0,67.0,0.0,67.0,e9,Cy-BippyPhos,nB,0.19614551978344988
14660,152.0,68.0,0.0,68.0,e2,tBPh-CPhos,nB,0.3113430630612205
14661,152.0,69.0,0.0,69.0,e1,PnBu3 HBF4,nA,0.033538713814707063
14662,152.0,70.0,0.0,70.0,e7,Ph-PhenCar-Phos,nF,0.17977391419077005
14663,152.0,71.0,0.0,71.0,e10,"P(3,5-CF3-Ph)3",nC,0.6167370746739574
14664,152.0,72.0,0.0,72.0,e7,Kwong,nB,0.020383918157043737
14665,152.0,73.0,0.0,73.0,e4,CgMe-PPh,nF,0.15676724879802045
14666,152.0,74.0,0.0,74.0,e7,Cy-vBRIDP,nA,0.4856539808134513
14667,152.0,75.0,0.0,75.0,e9,CX-PICy,nC,0.3368172083334284
14668,152.0,76.0,0.0,76.0,e7,BrettPhos,nE,0.0
14669,152.0,77.0,0.0,77.0,e9,X-Phos,nF,0.7946437444937127
14670,152.0,78.0,0.0,78.0,e7,JackiePhos,nA,0.507068550436567
14671,152.0,79.0,0.0,79.0,e9,PPh2Me,nG,0.32077678172887275
14672,152.0,80.0,0.0,80.0,e3,P(o-Anis)3,nG,0.21909794334000537
14673,152.0,81.0,0.0,81.0,e2,MeO-KITPHOS,nF,0.6735229847545438
14674,152.0,82.0,0.0,82.0,e9,X-Phos,nI,0.48640092936162965
14675,152.0,83.0,0.0,83.0,e4,PPhtBu2,nG,0.010529758099421742
14676,152.0,84.0,0.0,84.0,e10,PPh3,nD,0.9785597434506366
14677,152.0,85.0,0.0,85.0,e5,"P(3,5-CF3-Ph)3",nB,0.24568271742359823
14678,152.0,86.0,0.0,86.0,e1,PPh3,nC,0.1159616122174597
14679,152.0,87.0,0.0,87.0,e5,CX-FBu,nF,0.0
14680,152.0,88.0,0.0,88.0,e1,tBPh-CPhos,nG,0.12674104413371357
14681,152.0,89.0,0.0,89.0,e5,P(fur)3,nD,0.7206680265827334
14682,152.0,90.0,0.0,90.0,e9,MeO-KITPHOS,nB,0.10548391557053341
14683,152.0,91.0,0.0,91.0,e5,JackiePhos,nD,0.7857626907983566
14684,152.0,92.0,0.0,92.0,e9,P(fur)3,nA,0.001325378623256779
14685,152.0,93.0,0.0,93.0,e10,Cy-vBRIDP,nE,0.10818426656909862
14686,152.0,94.0,0.0,94.0,e3,Cy-DavePhos,nE,0.1655425072853271
14687,152.0,95.0,0.0,95.0,e1,PCy3 HBF4,nE,0.06933003441095552
14688,153.0,0.0,0.0,0.0,e5,A-caPhos,nC,0.7479428186239185
14689,153.0,1.0,0.0,1.0,e2,BrettPhos,nA,0.4002350326194897
14690,153.0,2.0,0.0,2.0,e4,CX-FBu,nG,0.020464891268564923
14691,153.0,3.0,0.0,3.0,e4,CX-PICy,nC,0.6506137028615483
14692,153.0,4.0,0.0,4.0,e3,Cy-DavePhos,nE,0.1655425072853271
14693,153.0,5.0,0.0,5.0,e7,Cy-vBRIDP,nI,0.27806549204654124
14694,153.0,6.0,0.0,6.0,e4,Kwong,nI,0.0
14695,153.0,7.0,0.0,7.0,e9,MeO-KITPHOS,nE,0.1247527709304835
14696,153.0,8.0,0.0,8.0,e10,P(o-Anis)3,nB,0.07857661737600978
14697,153.0,9.0,0.0,9.0,e2,Et-PhenCar-Phos,nG,0.21586957617119734
14698,153.0,10.0,0.0,10.0,e4,JackiePhos,nG,0.011497397001572884
14699,153.0,11.0,0.0,11.0,e3,"P(3,5-CF3-Ph)3",nC,0.5560644999980037
14700,153.0,12.0,0.0,12.0,e7,P(fur)3,nB,0.171267964584971
14701,153.0,13.0,0.0,13.0,e5,Ph-PhenCar-Phos,nC,0.6706487930795781
14702,153.0,14.0,0.0,14.0,e2,PPh2Me,nC,0.6126561714426878
14703,153.0,15.0,0.0,15.0,e10,PPhtBu2,nC,0.7230058104876745
14704,153.0,16.0,0.0,16.0,e10,tBPh-CPhos,nB,0.34684817142606866
14705,153.0,17.0,0.0,17.0,e1,PPhMe2,nC,0.04178685204173926
14706,153.0,18.0,0.0,18.0,e1,Cy-BippyPhos,nI,0.2211067826223972
14707,153.0,19.0,0.0,19.0,e10,PCy3 HBF4,nB,0.0
14708,153.0,20.0,0.0,20.0,e10,CgMe-PPh,nF,0.9345922792122748
14709,153.0,21.0,0.0,21.0,e3,PPh3,nI,0.029763654521305326
14710,153.0,22.0,0.0,22.0,e9,X-Phos,nB,0.1353117060763067
14711,153.0,23.0,0.0,23.0,e7,PnBu3 HBF4,nG,0.005323230430891596
14712,153.0,24.0,0.0,24.0,e9,CgMe-PPh,nE,0.1783004774895902
14713,153.0,25.0,0.0,25.0,e1,A-caPhos,nB,0.04609606229142198
14714,153.0,26.0,0.0,26.0,e3,PPhtBu2,nG,0.42214668793427734
14715,153.0,27.0,0.0,27.0,e7,Ph-PhenCar-Phos,nF,0.17977391419077005
14716,153.0,28.0,0.0,28.0,e7,CX-PICy,nI,0.5099042814136777
14717,153.0,29.0,0.0,29.0,e3,PPh2Me,nI,0.0
14718,153.0,30.0,0.0,30.0,e3,"P(3,5-CF3-Ph)3",nB,0.04364158279813684
14719,153.0,31.0,0.0,31.0,e4,BrettPhos,nA,0.0
14720,153.0,32.0,0.0,32.0,e4,tBPh-CPhos,nE,0.08334191795338486
14721,153.0,33.0,0.0,33.0,e4,Cy-vBRIDP,nG,0.011887141708792338
14722,153.0,34.0,0.0,34.0,e10,Cy-BippyPhos,nB,0.44442545396979233
14723,153.0,35.0,0.0,35.0,e5,Et-PhenCar-Phos,nI,0.8679590234640545
14724,153.0,36.0,0.0,36.0,e10,P(fur)3,nC,0.7314440607369128
14725,153.0,37.0,0.0,37.0,e3,Cy-DavePhos,nD,0.6446826086450984
14726,153.0,38.0,0.0,38.0,e1,X-Phos,nF,0.0977093065996311
14727,153.0,39.0,0.0,39.0,e1,MeO-KITPHOS,nB,0.015845697854694092
14728,153.0,40.0,0.0,40.0,e1,P(o-Anis)3,nC,0.2646743135782516
14729,153.0,41.0,0.0,41.0,e2,PPhMe2,nD,0.9665760108651322
14730,153.0,42.0,0.0,42.0,e10,PPh3,nB,0.027379747986006113
14731,153.0,43.0,0.0,43.0,e4,CX-FBu,nD,0.01181462181211995
14732,153.0,44.0,0.0,44.0,e7,JackiePhos,nC,0.6688604819213119
14733,153.0,45.0,0.0,45.0,e10,PnBu3 HBF4,nF,0.9491493979218607
14734,153.0,46.0,0.0,46.0,e10,Kwong,nF,0.8938930828018169
14735,153.0,47.0,0.0,47.0,e4,PCy3 HBF4,nC,0.08261648826420669
14736,153.0,48.0,0.0,48.0,e9,CX-PICy,nC,0.3368172083334284
14737,153.0,49.0,0.0,49.0,e9,PPhtBu2,nD,0.2526686520906297
14738,153.0,50.0,0.0,50.0,e1,CgMe-PPh,nD,0.47486974841558166
14739,153.0,51.0,0.0,51.0,e1,Et-PhenCar-Phos,nD,0.07952442668374339
14740,153.0,52.0,0.0,52.0,e3,PPhMe2,nD,0.17694079610526336
14741,153.0,53.0,0.0,53.0,e9,PnBu3 HBF4,nG,0.39354534074743824
14742,153.0,54.0,0.0,54.0,e7,P(fur)3,nI,0.30508908766736764
14743,153.0,55.0,0.0,55.0,e10,Kwong,nB,0.3444954378360332
14744,153.0,56.0,0.0,56.0,e5,Ph-PhenCar-Phos,nB,0.007649551127788808
14745,153.0,57.0,0.0,57.0,e4,Cy-DavePhos,nE,0.0
14746,153.0,58.0,0.0,58.0,e4,A-caPhos,nG,0.029990371767592245
14747,153.0,59.0,0.0,59.0,e2,JackiePhos,nG,0.226362632584802
14748,153.0,60.0,0.0,60.0,e5,Cy-BippyPhos,nB,0.35550155976803
14749,153.0,61.0,0.0,61.0,e1,PPh2Me,nE,0.04666252615313038
14750,153.0,62.0,0.0,62.0,e1,"P(3,5-CF3-Ph)3",nB,0.03740009874424654
14751,153.0,63.0,0.0,63.0,e4,CgMe-PPh,nF,0.15676724879802045
14752,153.0,64.0,0.0,64.0,e1,CX-PICy,nC,0.17448452116943244
14753,153.0,65.0,0.0,65.0,e3,tBPh-CPhos,nA,0.5729071695707448
14754,153.0,66.0,0.0,66.0,e10,PPhtBu2,nF,0.9293464786587261
14755,153.0,67.0,0.0,67.0,e9,BrettPhos,nB,0.015005675905422431
14756,153.0,68.0,0.0,68.0,e5,PnBu3 HBF4,nA,0.048714441027052635
14757,153.0,69.0,0.0,69.0,e3,P(o-Anis)3,nF,0.2839833546931981
14758,153.0,70.0,0.0,70.0,e3,PPhtBu2,nC,0.47844610654360165
14759,153.0,71.0,0.0,71.0,e3,Kwong,nC,0.49266490533355695
14760,153.0,72.0,0.0,72.0,e1,Cy-vBRIDP,nI,0.10345030861489754
14761,153.0,73.0,0.0,73.0,e1,P(fur)3,nD,0.027849023497232013
14762,153.0,74.0,0.0,74.0,e4,PPhMe2,nG,0.0
14763,153.0,75.0,0.0,75.0,e7,Et-PhenCar-Phos,nF,0.8005855615874519
14764,153.0,76.0,0.0,76.0,e9,X-Phos,nI,0.48640092936162965
14765,153.0,77.0,0.0,77.0,e7,Cy-BippyPhos,nG,0.3885701449233445
14766,153.0,78.0,0.0,78.0,e10,Et-PhenCar-Phos,nD,0.9813444766852435
14767,153.0,79.0,0.0,79.0,e1,tBPh-CPhos,nB,0.13846077071822055
14768,153.0,80.0,0.0,80.0,e4,MeO-KITPHOS,nG,0.028037897530188406
14769,153.0,81.0,0.0,81.0,e7,Et-PhenCar-Phos,nI,0.6075049737560246
14770,153.0,82.0,0.0,82.0,e1,JackiePhos,nG,0.16044985000151907
14771,153.0,83.0,0.0,83.0,e4,PPhtBu2,nC,0.0
14772,153.0,84.0,0.0,84.0,e9,PCy3 HBF4,nI,0.5233205929895026
14773,153.0,85.0,0.0,85.0,e9,PPh3,nC,0.36576356638393287
14774,153.0,86.0,0.0,86.0,e3,Ph-PhenCar-Phos,nD,0.47450746117667053
14775,153.0,87.0,0.0,87.0,e3,CgMe-PPh,nD,0.6746435408754137
14776,153.0,88.0,0.0,88.0,e5,Kwong,nE,0.16336084003327056
14777,153.0,89.0,0.0,89.0,e1,CX-FBu,nD,0.04874487002483518
14778,153.0,90.0,0.0,90.0,e9,A-caPhos,nF,0.3473256083599624
14779,153.0,91.0,0.0,91.0,e5,Cy-DavePhos,nB,0.24820523727080449
14780,153.0,92.0,0.0,92.0,e7,CX-PICy,nD,1.0
14781,153.0,93.0,0.0,93.0,e2,CX-PICy,nI,0.5114221648973126
14782,153.0,94.0,0.0,94.0,e7,Et-PhenCar-Phos,nA,0.46105828561415296
14783,153.0,95.0,0.0,95.0,e4,X-Phos,nA,0.026820456479429548
14784,154.0,0.0,0.0,0.0,e1,A-caPhos,nI,0.03722071252473063
14785,154.0,1.0,0.0,1.0,e4,BrettPhos,nE,0.020587634820407864
14786,154.0,2.0,0.0,2.0,e3,CX-FBu,nG,0.05424980853629999
14787,154.0,3.0,0.0,3.0,e7,CX-PICy,nD,1.0
14788,154.0,4.0,0.0,4.0,e3,Cy-DavePhos,nE,0.1655425072853271
14789,154.0,5.0,0.0,5.0,e5,Cy-vBRIDP,nI,0.7979626994163204
14790,154.0,6.0,0.0,6.0,e10,Kwong,nC,0.6516586410089802
14791,154.0,7.0,0.0,7.0,e4,MeO-KITPHOS,nI,0.046668452270735516
14792,154.0,8.0,0.0,8.0,e5,P(o-Anis)3,nG,0.042964931261074535
14793,154.0,9.0,0.0,9.0,e5,Et-PhenCar-Phos,nA,0.7577678491226976
14794,154.0,10.0,0.0,10.0,e4,JackiePhos,nD,0.03756510618398426
14795,154.0,11.0,0.0,11.0,e10,"P(3,5-CF3-Ph)3",nI,0.941711710784077
14796,154.0,12.0,0.0,12.0,e4,P(fur)3,nC,0.5121985356201784
14797,154.0,13.0,0.0,13.0,e4,Ph-PhenCar-Phos,nA,0.0
14798,154.0,14.0,0.0,14.0,e10,PPh2Me,nI,0.054332685778400516
14799,154.0,15.0,0.0,15.0,e1,PPhtBu2,nD,0.03363179088885197
14800,154.0,16.0,0.0,16.0,e5,tBPh-CPhos,nC,0.7175681052805551
14801,154.0,17.0,0.0,17.0,e7,PPhMe2,nE,0.04656087399550363
14802,154.0,18.0,0.0,18.0,e7,Cy-BippyPhos,nC,0.8232211000009824
14803,154.0,19.0,0.0,19.0,e1,PCy3 HBF4,nC,0.12548596697694442
14804,154.0,20.0,0.0,20.0,e9,CgMe-PPh,nB,0.16201116259216772
14805,154.0,21.0,0.0,21.0,e10,PPh3,nG,0.1393167968001149
14806,154.0,22.0,0.0,22.0,e10,X-Phos,nI,0.7187458586231107
14807,154.0,23.0,0.0,23.0,e10,PnBu3 HBF4,nI,0.26729288053977013
14808,154.0,24.0,0.0,24.0,e9,CX-PICy,nA,0.22214179192108488
14809,154.0,25.0,0.0,25.0,e2,"P(3,5-CF3-Ph)3",nG,0.292311804161314
14810,154.0,26.0,0.0,26.0,e10,Cy-BippyPhos,nE,0.15176129512938982
14811,154.0,27.0,0.0,27.0,e2,Cy-vBRIDP,nI,0.6880605476764962
14812,154.0,28.0,0.0,28.0,e7,Et-PhenCar-Phos,nG,0.27193527624521374
14813,154.0,29.0,0.0,29.0,e1,X-Phos,nF,0.0977093065996311
14814,154.0,30.0,0.0,30.0,e3,tBPh-CPhos,nC,0.4601786928065039
14815,154.0,31.0,0.0,31.0,e2,Kwong,nD,0.9496089484429554
14816,154.0,32.0,0.0,32.0,e3,P(fur)3,nI,0.10333447340607371
14817,154.0,33.0,0.0,33.0,e5,PnBu3 HBF4,nC,0.7038726736579902
14818,154.0,34.0,0.0,34.0,e9,Kwong,nC,0.3519968307033692
14819,154.0,35.0,0.0,35.0,e3,Cy-DavePhos,nB,0.16485335147347094
14820,154.0,36.0,0.0,36.0,e10,CgMe-PPh,nI,0.992612378842541
14821,154.0,37.0,0.0,37.0,e1,Cy-vBRIDP,nD,0.12134762347017049
14822,154.0,38.0,0.0,38.0,e10,PPh3,nF,0.9681029779274772
14823,154.0,39.0,0.0,39.0,e4,PCy3 HBF4,nD,0.07881380061232132
14824,154.0,40.0,0.0,40.0,e3,PPh2Me,nB,0.018469886419135415
14825,154.0,41.0,0.0,41.0,e3,CX-FBu,nA,0.034590175407777715
14826,154.0,42.0,0.0,42.0,e9,MeO-KITPHOS,nI,0.37369206432045404
14827,154.0,43.0,0.0,43.0,e4,PPhMe2,nE,0.0
14828,154.0,44.0,0.0,44.0,e5,P(o-Anis)3,nI,0.25524773080664775
14829,154.0,45.0,0.0,45.0,e5,JackiePhos,nB,0.3749398944667019
14830,154.0,46.0,0.0,46.0,e2,A-caPhos,nA,0.007619382274939298
14831,154.0,47.0,0.0,47.0,e10,PPhtBu2,nF,0.9293464786587261
14832,154.0,48.0,0.0,48.0,e7,"P(3,5-CF3-Ph)3",nB,0.14407814391298038
14833,154.0,49.0,0.0,49.0,e2,CX-PICy,nC,0.311164980503549
14834,154.0,50.0,0.0,50.0,e10,BrettPhos,nF,0.391560381174903
14835,154.0,51.0,0.0,51.0,e10,tBPh-CPhos,nC,0.7154205799800839
14836,154.0,52.0,0.0,52.0,e5,Ph-PhenCar-Phos,nA,0.0
14837,154.0,53.0,0.0,53.0,e5,CgMe-PPh,nI,0.8762416176625111
14838,154.0,54.0,0.0,54.0,e7,PPh3,nE,0.0
14839,154.0,55.0,0.0,55.0,e3,Et-PhenCar-Phos,nD,0.6274812834141975
14840,154.0,56.0,0.0,56.0,e7,Cy-BippyPhos,nF,0.8908823040179712
14841,154.0,57.0,0.0,57.0,e7,PnBu3 HBF4,nG,0.005323230430891596
14842,154.0,58.0,0.0,58.0,e10,PPhtBu2,nA,0.7009303126601298
14843,154.0,59.0,0.0,59.0,e4,CgMe-PPh,nA,0.05836143390317885
14844,154.0,60.0,0.0,60.0,e10,X-Phos,nC,0.732411484160166
14845,154.0,61.0,0.0,61.0,e4,Kwong,nA,0.0
14846,154.0,62.0,0.0,62.0,e7,tBPh-CPhos,nI,0.3070094849804215
14847,154.0,63.0,0.0,63.0,e3,Cy-BippyPhos,nD,0.7257486948775891
14848,154.0,64.0,0.0,64.0,e10,P(fur)3,nF,0.9483400902675492
14849,154.0,65.0,0.0,65.0,e7,PPhtBu2,nC,0.30473655831052726
14850,154.0,66.0,0.0,66.0,e3,Et-PhenCar-Phos,nF,0.7168147526183698
14851,154.0,67.0,0.0,67.0,e10,Cy-vBRIDP,nD,0.9843096018311139
14852,154.0,68.0,0.0,68.0,e2,P(fur)3,nG,0.26823050789231057
14853,154.0,69.0,0.0,69.0,e3,X-Phos,nG,0.7317723957408664
14854,154.0,70.0,0.0,70.0,e7,CX-PICy,nI,0.5099042814136777
14855,154.0,71.0,0.0,71.0,e4,Cy-vBRIDP,nD,0.0814370688803937
14856,154.0,72.0,0.0,72.0,e1,Cy-BippyPhos,nB,0.16085798150695332
14857,154.0,73.0,0.0,73.0,e7,MeO-KITPHOS,nB,0.04698078637689876
14858,154.0,74.0,0.0,74.0,e1,JackiePhos,nC,0.10916790305363006
14859,154.0,75.0,0.0,75.0,e1,BrettPhos,nF,0.02959502704843433
14860,154.0,76.0,0.0,76.0,e10,"P(3,5-CF3-Ph)3",nC,0.6167370746739574
14861,154.0,77.0,0.0,77.0,e2,Et-PhenCar-Phos,nA,0.9619512654546682
14862,154.0,78.0,0.0,78.0,e2,Cy-DavePhos,nC,0.5482191793404829
14863,154.0,79.0,0.0,79.0,e10,X-Phos,nD,0.9917865678194812
14864,154.0,80.0,0.0,80.0,e10,P(o-Anis)3,nB,0.07857661737600978
14865,154.0,81.0,0.0,81.0,e2,Et-PhenCar-Phos,nD,0.9214853157259724
14866,154.0,82.0,0.0,82.0,e9,tBPh-CPhos,nG,0.5841317864497397
14867,154.0,83.0,0.0,83.0,e7,X-Phos,nB,0.24145251337028
14868,154.0,84.0,0.0,84.0,e10,Et-PhenCar-Phos,nD,0.9813444766852435
14869,154.0,85.0,0.0,85.0,e9,PPh3,nE,0.09067760339083293
14870,154.0,86.0,0.0,86.0,e3,CgMe-PPh,nD,0.6746435408754137
14871,154.0,87.0,0.0,87.0,e1,PCy3 HBF4,nB,0.04339996600929039
14872,154.0,88.0,0.0,88.0,e9,CX-PICy,nE,0.11110502362494325
14873,154.0,89.0,0.0,89.0,e1,Et-PhenCar-Phos,nI,0.05407119647865783
14874,154.0,90.0,0.0,90.0,e4,"P(3,5-CF3-Ph)3",nD,0.021077110506758236
14875,154.0,91.0,0.0,91.0,e4,PPhtBu2,nA,0.03055984955910126
14876,154.0,92.0,0.0,92.0,e9,Kwong,nI,0.4493156931018429
14877,154.0,93.0,0.0,93.0,e10,PnBu3 HBF4,nD,1.0
14878,154.0,94.0,0.0,94.0,e3,PnBu3 HBF4,nB,0.061021062497356005
14879,154.0,95.0,0.0,95.0,e5,CX-FBu,nF,0.0
14880,155.0,0.0,0.0,0.0,e1,A-caPhos,nI,0.03722071252473063
14881,155.0,1.0,0.0,1.0,e7,BrettPhos,nD,0.0
14882,155.0,2.0,0.0,2.0,e7,CX-FBu,nC,0.015254117622773431
14883,155.0,3.0,0.0,3.0,e1,CX-PICy,nG,0.10103394714922777
14884,155.0,4.0,0.0,4.0,e10,Cy-DavePhos,nE,0.14634029717947056
14885,155.0,5.0,0.0,5.0,e10,Cy-vBRIDP,nB,0.4380455887344343
14886,155.0,6.0,0.0,6.0,e9,Kwong,nF,0.6183071390945252
14887,155.0,7.0,0.0,7.0,e4,MeO-KITPHOS,nF,0.09857703536485529
14888,155.0,8.0,0.0,8.0,e2,P(o-Anis)3,nD,0.4223619633611157
14889,155.0,9.0,0.0,9.0,e1,Et-PhenCar-Phos,nB,0.04532172338475905
14890,155.0,10.0,0.0,10.0,e7,JackiePhos,nA,0.507068550436567
14891,155.0,11.0,0.0,11.0,e5,"P(3,5-CF3-Ph)3",nE,0.16245071334673533
14892,155.0,12.0,0.0,12.0,e10,P(fur)3,nF,0.9483400902675492
14893,155.0,13.0,0.0,13.0,e4,Ph-PhenCar-Phos,nA,0.0
14894,155.0,14.0,0.0,14.0,e7,PPh2Me,nC,0.3285547341820373
14895,155.0,15.0,0.0,15.0,e2,PPhtBu2,nB,0.2956916574075555
14896,155.0,16.0,0.0,16.0,e3,tBPh-CPhos,nD,0.7179271330497705
14897,155.0,17.0,0.0,17.0,e7,PPhMe2,nE,0.04656087399550363
14898,155.0,18.0,0.0,18.0,e1,Cy-BippyPhos,nG,0.15976408278590903
14899,155.0,19.0,0.0,19.0,e9,PCy3 HBF4,nE,0.09422828034713238
14900,155.0,20.0,0.0,20.0,e1,CgMe-PPh,nD,0.47486974841558166
14901,155.0,21.0,0.0,21.0,e10,PPh3,nI,0.6602505435133692
14902,155.0,22.0,0.0,22.0,e5,X-Phos,nA,0.7308372177455247
14903,155.0,23.0,0.0,23.0,e5,PnBu3 HBF4,nE,0.14499887969779476
14904,155.0,24.0,0.0,24.0,e3,P(fur)3,nC,0.46239361820179303
14905,155.0,25.0,0.0,25.0,e7,X-Phos,nC,0.7699443054600407
14906,155.0,26.0,0.0,26.0,e5,tBPh-CPhos,nG,0.3364545940088557
14907,155.0,27.0,0.0,27.0,e4,PPh3,nB,0.04245983275840727
14908,155.0,28.0,0.0,28.0,e4,Kwong,nI,0.0
14909,155.0,29.0,0.0,29.0,e2,JackiePhos,nE,0.14951065589537862
14910,155.0,30.0,0.0,30.0,e5,CgMe-PPh,nD,0.8391860239024482
14911,155.0,31.0,0.0,31.0,e10,Cy-vBRIDP,nC,0.6923970246236064
14912,155.0,32.0,0.0,32.0,e9,P(o-Anis)3,nF,0.19110058556975276
14913,155.0,33.0,0.0,33.0,e5,PPh2Me,nD,0.8364467095225078
14914,155.0,34.0,0.0,34.0,e3,PPhtBu2,nA,0.3650613273843325
14915,155.0,35.0,0.0,35.0,e7,X-Phos,nE,0.009747915997314067
14916,155.0,36.0,0.0,36.0,e9,"P(3,5-CF3-Ph)3",nB,0.06814180345199915
14917,155.0,37.0,0.0,37.0,e4,Cy-BippyPhos,nE,0.0
14918,155.0,38.0,0.0,38.0,e1,Cy-DavePhos,nI,0.007578802183845745
14919,155.0,39.0,0.0,39.0,e4,PnBu3 HBF4,nD,0.037089716289498115
14920,155.0,40.0,0.0,40.0,e3,P(fur)3,nI,0.10333447340607371
14921,155.0,41.0,0.0,41.0,e10,CX-PICy,nF,0.8753267029656862
14922,155.0,42.0,0.0,42.0,e7,MeO-KITPHOS,nD,0.27695472336861027
14923,155.0,43.0,0.0,43.0,e7,PCy3 HBF4,nE,0.012884298674100353
14924,155.0,44.0,0.0,44.0,e3,CgMe-PPh,nD,0.6746435408754137
14925,155.0,45.0,0.0,45.0,e9,PPhMe2,nF,0.0
14926,155.0,46.0,0.0,46.0,e2,Et-PhenCar-Phos,nE,0.039995288671309644
14927,155.0,47.0,0.0,47.0,e5,A-caPhos,nB,0.05123964518257458
14928,155.0,48.0,0.0,48.0,e5,CX-FBu,nE,0.034021070951704015
14929,155.0,49.0,0.0,49.0,e7,BrettPhos,nF,0.05748979531195996
14930,155.0,50.0,0.0,50.0,e5,Ph-PhenCar-Phos,nI,0.37255339391005377
14931,155.0,51.0,0.0,51.0,e2,PPh2Me,nI,0.2867303573574186
14932,155.0,52.0,0.0,52.0,e3,Cy-vBRIDP,nI,0.34345800467563153
14933,155.0,53.0,0.0,53.0,e1,tBPh-CPhos,nG,0.12674104413371357
14934,155.0,54.0,0.0,54.0,e4,CX-PICy,nB,0.013717757670572962
14935,155.0,55.0,0.0,55.0,e7,CgMe-PPh,nG,0.20467687014770913
14936,155.0,56.0,0.0,56.0,e7,PPh3,nA,0.39316365606983517
14937,155.0,57.0,0.0,57.0,e2,PPhtBu2,nC,0.5884787341556109
14938,155.0,58.0,0.0,58.0,e1,JackiePhos,nI,0.23164589492729465
14939,155.0,59.0,0.0,59.0,e2,Kwong,nG,0.197472465219982
14940,155.0,60.0,0.0,60.0,e7,P(o-Anis)3,nE,0.02835275518299585
14941,155.0,61.0,0.0,61.0,e5,P(fur)3,nD,0.7206680265827334
14942,155.0,62.0,0.0,62.0,e2,X-Phos,nB,0.20337122330638152
14943,155.0,63.0,0.0,63.0,e10,Cy-vBRIDP,nI,0.8380507759186263
14944,155.0,64.0,0.0,64.0,e2,PPh2Me,nG,0.0
14945,155.0,65.0,0.0,65.0,e5,MeO-KITPHOS,nF,0.6717033584808797
14946,155.0,66.0,0.0,66.0,e10,Ph-PhenCar-Phos,nB,0.010682786436433955
14947,155.0,67.0,0.0,67.0,e7,Cy-vBRIDP,nC,0.6820459911323365
14948,155.0,68.0,0.0,68.0,e7,PPhtBu2,nE,0.004287376405646932
14949,155.0,69.0,0.0,69.0,e10,P(fur)3,nI,0.900708416999593
14950,155.0,70.0,0.0,70.0,e5,tBPh-CPhos,nF,0.021215482774025726
14951,155.0,71.0,0.0,71.0,e10,CgMe-PPh,nD,0.9667080207978768
14952,155.0,72.0,0.0,72.0,e7,"P(3,5-CF3-Ph)3",nF,0.4547323879793554
14953,155.0,73.0,0.0,73.0,e7,CgMe-PPh,nI,0.6142759277683246
14954,155.0,74.0,0.0,74.0,e3,P(fur)3,nD,0.517468751935307
14955,155.0,75.0,0.0,75.0,e3,PPh3,nA,0.08557652021695743
14956,155.0,76.0,0.0,76.0,e10,PnBu3 HBF4,nE,0.04185113905030638
14957,155.0,77.0,0.0,77.0,e5,MeO-KITPHOS,nG,0.5037716636607265
14958,155.0,78.0,0.0,78.0,e7,Cy-BippyPhos,nA,0.5454537179950174
14959,155.0,79.0,0.0,79.0,e10,Cy-vBRIDP,nG,0.3608953345580712
14960,155.0,80.0,0.0,80.0,e3,Cy-DavePhos,nF,0.8181899294726043
14961,155.0,81.0,0.0,81.0,e2,CX-PICy,nG,0.12786508394705637
14962,155.0,82.0,0.0,82.0,e1,Cy-DavePhos,nA,0.3421517795536883
14963,155.0,83.0,0.0,83.0,e4,PCy3 HBF4,nA,0.03156483605433674
14964,155.0,84.0,0.0,84.0,e10,A-caPhos,nD,1.0
14965,155.0,85.0,0.0,85.0,e3,A-caPhos,nF,0.7082011417231325
14966,155.0,86.0,0.0,86.0,e10,Et-PhenCar-Phos,nD,0.9813444766852435
14967,155.0,87.0,0.0,87.0,e5,Et-PhenCar-Phos,nF,0.9721268742833418
14968,155.0,88.0,0.0,88.0,e10,Et-PhenCar-Phos,nC,0.7283750489168687
14969,155.0,89.0,0.0,89.0,e2,JackiePhos,nI,0.6460679308159928
14970,155.0,90.0,0.0,90.0,e9,A-caPhos,nD,0.5903907562753792
14971,155.0,91.0,0.0,91.0,e10,Et-PhenCar-Phos,nB,0.46335999806419
14972,155.0,92.0,0.0,92.0,e1,CgMe-PPh,nA,0.6945948510850428
14973,155.0,93.0,0.0,93.0,e4,BrettPhos,nD,0.0055714565905122075
14974,155.0,94.0,0.0,94.0,e4,CX-FBu,nA,0.0
14975,155.0,95.0,0.0,95.0,e5,PPhMe2,nD,0.7767748774157355
14976,156.0,0.0,0.0,0.0,e7,A-caPhos,nF,0.1328274541277745
14977,156.0,1.0,0.0,1.0,e10,BrettPhos,nI,0.1572445220332629
14978,156.0,2.0,0.0,2.0,e1,CX-FBu,nE,0.0
14979,156.0,3.0,0.0,3.0,e10,CX-PICy,nD,0.8614801884008014
14980,156.0,4.0,0.0,4.0,e10,Cy-DavePhos,nG,0.3684434306199855
14981,156.0,5.0,0.0,5.0,e7,Cy-vBRIDP,nA,0.4856539808134513
14982,156.0,6.0,0.0,6.0,e2,Kwong,nD,0.9496089484429554
14983,156.0,7.0,0.0,7.0,e1,MeO-KITPHOS,nG,0.05772455406029879
14984,156.0,8.0,0.0,8.0,e5,P(o-Anis)3,nA,0.20637391159055976
14985,156.0,9.0,0.0,9.0,e3,Et-PhenCar-Phos,nE,0.16222416431861286
14986,156.0,10.0,0.0,10.0,e4,JackiePhos,nG,0.011497397001572884
14987,156.0,11.0,0.0,11.0,e3,"P(3,5-CF3-Ph)3",nF,0.739492776362512
14988,156.0,12.0,0.0,12.0,e5,P(fur)3,nE,0.1658371632512746
14989,156.0,13.0,0.0,13.0,e2,Ph-PhenCar-Phos,nA,0.0
14990,156.0,14.0,0.0,14.0,e1,PPh2Me,nE,0.04666252615313038
14991,156.0,15.0,0.0,15.0,e3,PPhtBu2,nG,0.42214668793427734
14992,156.0,16.0,0.0,16.0,e9,tBPh-CPhos,nI,0.8988852901963119
14993,156.0,17.0,0.0,17.0,e10,PPhMe2,nB,0.36471787230730734
14994,156.0,18.0,0.0,18.0,e10,Cy-BippyPhos,nE,0.15176129512938982
14995,156.0,19.0,0.0,19.0,e5,PCy3 HBF4,nI,0.34482654450171224
14996,156.0,20.0,0.0,20.0,e2,CgMe-PPh,nI,0.7692361366046242
14997,156.0,21.0,0.0,21.0,e4,PPh3,nE,0.0
14998,156.0,22.0,0.0,22.0,e9,X-Phos,nA,0.4653132921969271
14999,156.0,23.0,0.0,23.0,e1,PnBu3 HBF4,nI,0.09337979085237404
15000,156.0,24.0,0.0,24.0,e4,Kwong,nE,0.0
15001,156.0,25.0,0.0,25.0,e2,tBPh-CPhos,nG,0.21498121859438568
15002,156.0,26.0,0.0,26.0,e4,CX-PICy,nE,0.044118367259479443
15003,156.0,27.0,0.0,27.0,e10,CgMe-PPh,nF,0.9345922792122748
15004,156.0,28.0,0.0,28.0,e7,"P(3,5-CF3-Ph)3",nD,0.7248719169293781
15005,156.0,29.0,0.0,29.0,e4,Cy-vBRIDP,nD,0.0814370688803937
15006,156.0,30.0,0.0,30.0,e10,X-Phos,nE,0.0935959226806929
15007,156.0,31.0,0.0,31.0,e4,PPhtBu2,nB,0.0
15008,156.0,32.0,0.0,32.0,e5,Cy-DavePhos,nA,0.7763833572037856
15009,156.0,33.0,0.0,33.0,e10,PPhMe2,nD,0.9998377684127633
15010,156.0,34.0,0.0,34.0,e7,PCy3 HBF4,nB,0.0
15011,156.0,35.0,0.0,35.0,e1,CgMe-PPh,nD,0.47486974841558166
15012,156.0,36.0,0.0,36.0,e3,P(o-Anis)3,nD,0.017049023134240643
15013,156.0,37.0,0.0,37.0,e10,P(fur)3,nB,0.29107612738736705
15014,156.0,38.0,0.0,38.0,e3,Et-PhenCar-Phos,nC,0.528155852189567
15015,156.0,39.0,0.0,39.0,e3,BrettPhos,nA,0.051040990235073004
15016,156.0,40.0,0.0,40.0,e4,Cy-BippyPhos,nB,0.001309200773603058
15017,156.0,41.0,0.0,41.0,e1,"P(3,5-CF3-Ph)3",nG,0.0
15018,156.0,42.0,0.0,42.0,e5,A-caPhos,nF,0.19177908780741595
15019,156.0,43.0,0.0,43.0,e4,PPhMe2,nB,0.0
15020,156.0,44.0,0.0,44.0,e7,PnBu3 HBF4,nG,0.005323230430891596
15021,156.0,45.0,0.0,45.0,e9,MeO-KITPHOS,nF,0.2069173517749973
15022,156.0,46.0,0.0,46.0,e2,PPh2Me,nD,0.945027927055052
15023,156.0,47.0,0.0,47.0,e9,JackiePhos,nC,0.3402888306071797
15024,156.0,48.0,0.0,48.0,e10,CX-FBu,nC,0.09554429852233287
15025,156.0,49.0,0.0,49.0,e4,Ph-PhenCar-Phos,nE,0.0
15026,156.0,50.0,0.0,50.0,e4,PPh3,nI,0.04426360801913863
15027,156.0,51.0,0.0,51.0,e2,Cy-DavePhos,nC,0.5482191793404829
15028,156.0,52.0,0.0,52.0,e9,tBPh-CPhos,nE,0.2128966624664455
15029,156.0,53.0,0.0,53.0,e1,PPh2Me,nG,0.046182417331377484
15030,156.0,54.0,0.0,54.0,e1,Kwong,nD,0.08645291673067909
15031,156.0,55.0,0.0,55.0,e4,CgMe-PPh,nC,0.07729202271014396
15032,156.0,56.0,0.0,56.0,e5,CX-PICy,nD,0.7367636173787823
15033,156.0,57.0,0.0,57.0,e5,Et-PhenCar-Phos,nC,0.7420550241578128
15034,156.0,58.0,0.0,58.0,e1,Cy-DavePhos,nI,0.007578802183845745
15035,156.0,59.0,0.0,59.0,e10,CX-PICy,nB,0.2511008312299279
15036,156.0,60.0,0.0,60.0,e1,Cy-vBRIDP,nF,0.05518931662697358
15037,156.0,61.0,0.0,61.0,e1,X-Phos,nF,0.0977093065996311
15038,156.0,62.0,0.0,62.0,e4,"P(3,5-CF3-Ph)3",nG,0.02206633089938497
15039,156.0,63.0,0.0,63.0,e7,P(fur)3,nA,0.15917780258602543
15040,156.0,64.0,0.0,64.0,e9,Et-PhenCar-Phos,nC,0.3799408105497681
15041,156.0,65.0,0.0,65.0,e5,PPhtBu2,nG,0.3392981528661412
15042,156.0,66.0,0.0,66.0,e3,PPhMe2,nE,0.20156383963737273
15043,156.0,67.0,0.0,67.0,e2,tBPh-CPhos,nD,0.9627817421488892
15044,156.0,68.0,0.0,68.0,e10,JackiePhos,nI,0.6404668815291216
15045,156.0,69.0,0.0,69.0,e7,PCy3 HBF4,nG,0.0
15046,156.0,70.0,0.0,70.0,e3,A-caPhos,nD,0.6490888057244365
15047,156.0,71.0,0.0,71.0,e10,tBPh-CPhos,nI,0.7208013397621875
15048,156.0,72.0,0.0,72.0,e10,CgMe-PPh,nI,0.992612378842541
15049,156.0,73.0,0.0,73.0,e2,MeO-KITPHOS,nE,0.14157346928450873
15050,156.0,74.0,0.0,74.0,e4,CgMe-PPh,nA,0.05836143390317885
15051,156.0,75.0,0.0,75.0,e3,P(o-Anis)3,nG,0.21909794334000537
15052,156.0,76.0,0.0,76.0,e10,BrettPhos,nF,0.391560381174903
15053,156.0,77.0,0.0,77.0,e4,PPh2Me,nI,0.011948259243086866
15054,156.0,78.0,0.0,78.0,e9,Kwong,nA,0.4209461322156132
15055,156.0,79.0,0.0,79.0,e7,tBPh-CPhos,nE,0.0
15056,156.0,80.0,0.0,80.0,e9,Cy-BippyPhos,nB,0.19614551978344988
15057,156.0,81.0,0.0,81.0,e9,JackiePhos,nG,0.542757589383612
15058,156.0,82.0,0.0,82.0,e4,A-caPhos,nB,0.0
15059,156.0,83.0,0.0,83.0,e7,CX-PICy,nE,0.02553348260378032
15060,156.0,84.0,0.0,84.0,e1,PnBu3 HBF4,nA,0.033538713814707063
15061,156.0,85.0,0.0,85.0,e4,CX-FBu,nB,0.003611186330700581
15062,156.0,86.0,0.0,86.0,e5,Et-PhenCar-Phos,nD,0.7835996088615103
15063,156.0,87.0,0.0,87.0,e3,PPh3,nB,0.10579944408648047
15064,156.0,88.0,0.0,88.0,e10,Cy-DavePhos,nE,0.14634029717947056
15065,156.0,89.0,0.0,89.0,e1,Ph-PhenCar-Phos,nB,0.12250680218325506
15066,156.0,90.0,0.0,90.0,e10,Et-PhenCar-Phos,nI,0.8978098811886851
15067,156.0,91.0,0.0,91.0,e3,PPhtBu2,nF,0.8177480761316681
15068,156.0,92.0,0.0,92.0,e7,Et-PhenCar-Phos,nG,0.27193527624521374
15069,156.0,93.0,0.0,93.0,e9,PPhtBu2,nF,0.04207540286700265
15070,156.0,94.0,0.0,94.0,e9,PPhMe2,nA,0.1450743291828029
15071,156.0,95.0,0.0,95.0,e9,JackiePhos,nI,0.7924680013442614
15072,157.0,0.0,0.0,0.0,e2,A-caPhos,nF,0.09240764466838348
15073,157.0,1.0,0.0,1.0,e10,BrettPhos,nA,0.3672528507287323
15074,157.0,2.0,0.0,2.0,e3,CX-FBu,nI,0.0
15075,157.0,3.0,0.0,3.0,e3,CX-PICy,nF,0.6497944840300122
15076,157.0,4.0,0.0,4.0,e1,Cy-DavePhos,nB,0.14325304895448931
15077,157.0,5.0,0.0,5.0,e1,Cy-vBRIDP,nA,0.2888460681891715
15078,157.0,6.0,0.0,6.0,e10,Kwong,nB,0.3444954378360332
15079,157.0,7.0,0.0,7.0,e3,MeO-KITPHOS,nD,0.4375043123935729
15080,157.0,8.0,0.0,8.0,e10,P(o-Anis)3,nD,0.21473020833290504
15081,157.0,9.0,0.0,9.0,e10,Et-PhenCar-Phos,nF,0.9128845279878604
15082,157.0,10.0,0.0,10.0,e10,JackiePhos,nE,0.13231340139379136
15083,157.0,11.0,0.0,11.0,e3,"P(3,5-CF3-Ph)3",nI,0.34124947817961754
15084,157.0,12.0,0.0,12.0,e4,P(fur)3,nD,0.03673341810204701
15085,157.0,13.0,0.0,13.0,e7,Ph-PhenCar-Phos,nE,0.014969722878949149
15086,157.0,14.0,0.0,14.0,e9,PPh2Me,nF,0.31363771031122095
15087,157.0,15.0,0.0,15.0,e5,PPhtBu2,nG,0.3392981528661412
15088,157.0,16.0,0.0,16.0,e2,tBPh-CPhos,nC,0.6045475370510676
15089,157.0,17.0,0.0,17.0,e1,PPhMe2,nB,0.028702661498009253
15090,157.0,18.0,0.0,18.0,e9,Cy-BippyPhos,nE,0.1706050823301135
15091,157.0,19.0,0.0,19.0,e2,PCy3 HBF4,nC,0.7514550742860919
15092,157.0,20.0,0.0,20.0,e7,CgMe-PPh,nE,0.023295783669163114
15093,157.0,21.0,0.0,21.0,e3,PPh3,nG,0.5441952440189306
15094,157.0,22.0,0.0,22.0,e1,X-Phos,nE,0.024633332147110165
15095,157.0,23.0,0.0,23.0,e9,PnBu3 HBF4,nB,0.05641430852865334
15096,157.0,24.0,0.0,24.0,e10,Et-PhenCar-Phos,nA,0.7401699862842729
15097,157.0,25.0,0.0,25.0,e1,PCy3 HBF4,nB,0.04339996600929039
15098,157.0,26.0,0.0,26.0,e7,CX-PICy,nG,0.27831617102194695
15099,157.0,27.0,0.0,27.0,e4,tBPh-CPhos,nI,0.022633316819564778
15100,157.0,28.0,0.0,28.0,e3,PPh3,nA,0.08557652021695743
15101,157.0,29.0,0.0,29.0,e3,MeO-KITPHOS,nB,0.16832752828316924
15102,157.0,30.0,0.0,30.0,e4,BrettPhos,nC,0.2081868974382628
15103,157.0,31.0,0.0,31.0,e10,Kwong,nF,0.8938930828018169
15104,157.0,32.0,0.0,32.0,e7,"P(3,5-CF3-Ph)3",nI,0.4348939297275991
15105,157.0,33.0,0.0,33.0,e10,PPhtBu2,nI,0.8224211337896827
15106,157.0,34.0,0.0,34.0,e5,PPh2Me,nI,0.18805503621177608
15107,157.0,35.0,0.0,35.0,e9,Cy-vBRIDP,nE,0.2118361653644355
15108,157.0,36.0,0.0,36.0,e9,Et-PhenCar-Phos,nD,0.6763905107050712
15109,157.0,37.0,0.0,37.0,e9,P(o-Anis)3,nB,0.014166351731102438
15110,157.0,38.0,0.0,38.0,e5,Cy-BippyPhos,nI,0.8909978993536253
15111,157.0,39.0,0.0,39.0,e4,Cy-DavePhos,nC,0.365792749214354
15112,157.0,40.0,0.0,40.0,e7,JackiePhos,nB,0.2780363157049384
15113,157.0,41.0,0.0,41.0,e7,A-caPhos,nB,0.19570168231689697
15114,157.0,42.0,0.0,42.0,e7,PnBu3 HBF4,nC,0.08381330857807825
15115,157.0,43.0,0.0,43.0,e4,P(fur)3,nE,0.000437879828488327
15116,157.0,44.0,0.0,44.0,e5,Kwong,nB,0.19563904085240036
15117,157.0,45.0,0.0,45.0,e3,PPhMe2,nB,0.03243076392530086
15118,157.0,46.0,0.0,46.0,e10,X-Phos,nD,0.9917865678194812
15119,157.0,47.0,0.0,47.0,e4,CgMe-PPh,nC,0.07729202271014396
15120,157.0,48.0,0.0,48.0,e2,Ph-PhenCar-Phos,nD,0.16891370076688705
15121,157.0,49.0,0.0,49.0,e1,CX-FBu,nC,0.027604957748843088
15122,157.0,50.0,0.0,50.0,e2,PPhtBu2,nB,0.2956916574075555
15123,157.0,51.0,0.0,51.0,e10,Cy-BippyPhos,nE,0.15176129512938982
15124,157.0,52.0,0.0,52.0,e4,Et-PhenCar-Phos,nG,0.0029966288441688137
15125,157.0,53.0,0.0,53.0,e7,X-Phos,nD,0.3829370574937559
15126,157.0,54.0,0.0,54.0,e1,CX-PICy,nG,0.10103394714922777
15127,157.0,55.0,0.0,55.0,e4,PCy3 HBF4,nD,0.07881380061232132
15128,157.0,56.0,0.0,56.0,e3,"P(3,5-CF3-Ph)3",nE,0.07143086362203174
15129,157.0,57.0,0.0,57.0,e3,PPh3,nB,0.10579944408648047
15130,157.0,58.0,0.0,58.0,e1,tBPh-CPhos,nI,0.239947127680601
15131,157.0,59.0,0.0,59.0,e2,MeO-KITPHOS,nF,0.6735229847545438
15132,157.0,60.0,0.0,60.0,e2,BrettPhos,nE,0.06752498396007568
15133,157.0,61.0,0.0,61.0,e10,Cy-DavePhos,nI,0.7834423636635293
15134,157.0,62.0,0.0,62.0,e5,PPh2Me,nB,0.24852294716245807
15135,157.0,63.0,0.0,63.0,e10,Cy-vBRIDP,nA,0.6642431458921436
15136,157.0,64.0,0.0,64.0,e1,PPhtBu2,nG,0.0
15137,157.0,65.0,0.0,65.0,e4,Kwong,nG,0.0
15138,157.0,66.0,0.0,66.0,e10,X-Phos,nG,0.26909978021938563
15139,157.0,67.0,0.0,67.0,e3,JackiePhos,nG,0.6578858211575712
15140,157.0,68.0,0.0,68.0,e7,Cy-DavePhos,nG,0.22461200392146816
15141,157.0,69.0,0.0,69.0,e2,Et-PhenCar-Phos,nE,0.039995288671309644
15142,157.0,70.0,0.0,70.0,e10,MeO-KITPHOS,nF,0.8931997261223513
15143,157.0,71.0,0.0,71.0,e1,Cy-BippyPhos,nD,0.19322800249768834
15144,157.0,72.0,0.0,72.0,e5,A-caPhos,nA,0.2812843970957228
15145,157.0,73.0,0.0,73.0,e4,MeO-KITPHOS,nG,0.028037897530188406
15146,157.0,74.0,0.0,74.0,e2,Cy-vBRIDP,nE,0.13496463293382222
15147,157.0,75.0,0.0,75.0,e5,P(o-Anis)3,nA,0.20637391159055976
15148,157.0,76.0,0.0,76.0,e10,JackiePhos,nG,0.19943476808224297
15149,157.0,77.0,0.0,77.0,e9,Ph-PhenCar-Phos,nI,0.46896060545395385
15150,157.0,78.0,0.0,78.0,e4,CX-PICy,nA,0.04719868390618946
15151,157.0,79.0,0.0,79.0,e5,PnBu3 HBF4,nG,0.0346467819695208
15152,157.0,80.0,0.0,80.0,e5,CgMe-PPh,nD,0.8391860239024482
15153,157.0,81.0,0.0,81.0,e3,CgMe-PPh,nG,0.693870840573733
15154,157.0,82.0,0.0,82.0,e4,PCy3 HBF4,nE,0.014449000330444188
15155,157.0,83.0,0.0,83.0,e9,PPhMe2,nB,0.05685342476548213
15156,157.0,84.0,0.0,84.0,e5,tBPh-CPhos,nF,0.021215482774025726
15157,157.0,85.0,0.0,85.0,e5,"P(3,5-CF3-Ph)3",nC,0.6576198548980737
15158,157.0,86.0,0.0,86.0,e3,P(fur)3,nB,0.048815786923134194
15159,157.0,87.0,0.0,87.0,e3,CX-FBu,nD,0.0
15160,157.0,88.0,0.0,88.0,e2,X-Phos,nE,0.05720851394385538
15161,157.0,89.0,0.0,89.0,e1,CgMe-PPh,nI,0.33119462408139744
15162,157.0,90.0,0.0,90.0,e3,PPh2Me,nD,0.22980567343975122
15163,157.0,91.0,0.0,91.0,e10,PPh3,nI,0.6602505435133692
15164,157.0,92.0,0.0,92.0,e3,Cy-DavePhos,nB,0.16485335147347094
15165,157.0,93.0,0.0,93.0,e5,"P(3,5-CF3-Ph)3",nE,0.16245071334673533
15166,157.0,94.0,0.0,94.0,e2,Ph-PhenCar-Phos,nA,0.0
15167,157.0,95.0,0.0,95.0,e2,BrettPhos,nD,0.8847296047814194
15168,158.0,0.0,0.0,0.0,e2,A-caPhos,nD,0.8459561333315676
15169,158.0,1.0,0.0,1.0,e2,BrettPhos,nF,0.3409853317756659
15170,158.0,2.0,0.0,2.0,e9,CX-FBu,nE,0.04355822240680955
15171,158.0,3.0,0.0,3.0,e7,CX-PICy,nG,0.27831617102194695
15172,158.0,4.0,0.0,4.0,e2,Cy-DavePhos,nF,0.8384971848128893
15173,158.0,5.0,0.0,5.0,e1,Cy-vBRIDP,nD,0.12134762347017049
15174,158.0,6.0,0.0,6.0,e3,Kwong,nA,0.52844484704448
15175,158.0,7.0,0.0,7.0,e7,MeO-KITPHOS,nF,0.14909057955854127
15176,158.0,8.0,0.0,8.0,e5,P(o-Anis)3,nG,0.042964931261074535
15177,158.0,9.0,0.0,9.0,e9,Et-PhenCar-Phos,nC,0.3799408105497681
15178,158.0,10.0,0.0,10.0,e4,JackiePhos,nI,0.0
15179,158.0,11.0,0.0,11.0,e1,"P(3,5-CF3-Ph)3",nA,0.1017122012266687
15180,158.0,12.0,0.0,12.0,e2,P(fur)3,nF,0.4799987068628782
15181,158.0,13.0,0.0,13.0,e9,Ph-PhenCar-Phos,nF,0.6256618485697769
15182,158.0,14.0,0.0,14.0,e1,PPh2Me,nI,0.05859619006636522
15183,158.0,15.0,0.0,15.0,e5,PPhtBu2,nI,0.6943756174940648
15184,158.0,16.0,0.0,16.0,e3,tBPh-CPhos,nA,0.5729071695707448
15185,158.0,17.0,0.0,17.0,e10,PPhMe2,nA,0.6773210798547121
15186,158.0,18.0,0.0,18.0,e10,Cy-BippyPhos,nA,0.7528860791443422
15187,158.0,19.0,0.0,19.0,e9,PCy3 HBF4,nF,0.8209377552949729
15188,158.0,20.0,0.0,20.0,e7,CgMe-PPh,nC,0.4527219927063775
15189,158.0,21.0,0.0,21.0,e3,PPh3,nD,0.558051966163369
15190,158.0,22.0,0.0,22.0,e1,X-Phos,nG,0.030496859953677565
15191,158.0,23.0,0.0,23.0,e4,PnBu3 HBF4,nE,0.0
15192,158.0,24.0,0.0,24.0,e9,A-caPhos,nE,0.1264609747923346
15193,158.0,25.0,0.0,25.0,e4,Cy-DavePhos,nC,0.365792749214354
15194,158.0,26.0,0.0,26.0,e1,PCy3 HBF4,nA,0.3323423832967356
15195,158.0,27.0,0.0,27.0,e1,Cy-BippyPhos,nA,0.6371489847313551
15196,158.0,28.0,0.0,28.0,e1,PPhtBu2,nF,0.0
15197,158.0,29.0,0.0,29.0,e5,PPhMe2,nE,0.2586811210145722
15198,158.0,30.0,0.0,30.0,e4,Ph-PhenCar-Phos,nE,0.0
15199,158.0,31.0,0.0,31.0,e4,tBPh-CPhos,nA,0.0348084285544355
15200,158.0,32.0,0.0,32.0,e2,PPh3,nC,0.7202319507090823
15201,158.0,33.0,0.0,33.0,e4,Kwong,nC,0.13664049521331256
15202,158.0,34.0,0.0,34.0,e7,P(fur)3,nF,0.003960698397596189
15203,158.0,35.0,0.0,35.0,e10,CgMe-PPh,nD,0.9667080207978768
15204,158.0,36.0,0.0,36.0,e7,Et-PhenCar-Phos,nD,1.0
15205,158.0,37.0,0.0,37.0,e10,BrettPhos,nF,0.391560381174903
15206,158.0,38.0,0.0,38.0,e9,CX-PICy,nA,0.22214179192108488
15207,158.0,39.0,0.0,39.0,e2,MeO-KITPHOS,nD,0.8301285778461426
15208,158.0,40.0,0.0,40.0,e9,CgMe-PPh,nG,0.5466105607265662
15209,158.0,41.0,0.0,41.0,e4,Cy-vBRIDP,nG,0.011887141708792338
15210,158.0,42.0,0.0,42.0,e9,Cy-BippyPhos,nE,0.1706050823301135
15211,158.0,43.0,0.0,43.0,e2,Et-PhenCar-Phos,nE,0.039995288671309644
15212,158.0,44.0,0.0,44.0,e1,"P(3,5-CF3-Ph)3",nC,0.0
15213,158.0,45.0,0.0,45.0,e2,PPh2Me,nE,0.1828915699577187
15214,158.0,46.0,0.0,46.0,e1,PPh3,nG,0.03305769806250671
15215,158.0,47.0,0.0,47.0,e7,CX-FBu,nE,0.001217827266805761
15216,158.0,48.0,0.0,48.0,e1,P(o-Anis)3,nG,0.06451864020112658
15217,158.0,49.0,0.0,49.0,e4,X-Phos,nE,0.0
15218,158.0,50.0,0.0,50.0,e2,Cy-DavePhos,nC,0.5482191793404829
15219,158.0,51.0,0.0,51.0,e9,JackiePhos,nA,0.4878435591523317
15220,158.0,52.0,0.0,52.0,e9,PnBu3 HBF4,nE,0.13881752224258265
15221,158.0,53.0,0.0,53.0,e7,PCy3 HBF4,nE,0.012884298674100353
15222,158.0,54.0,0.0,54.0,e9,MeO-KITPHOS,nB,0.10548391557053341
15223,158.0,55.0,0.0,55.0,e3,A-caPhos,nI,0.251402716237195
15224,158.0,56.0,0.0,56.0,e1,PPhMe2,nE,0.005912635036959193
15225,158.0,57.0,0.0,57.0,e7,CgMe-PPh,nB,0.11466820021189443
15226,158.0,58.0,0.0,58.0,e7,BrettPhos,nA,0.0124654631537221
15227,158.0,59.0,0.0,59.0,e3,PPhtBu2,nC,0.47844610654360165
15228,158.0,60.0,0.0,60.0,e1,Kwong,nF,0.04076651100940088
15229,158.0,61.0,0.0,61.0,e10,Cy-DavePhos,nB,0.3746301004551704
15230,158.0,62.0,0.0,62.0,e2,Ph-PhenCar-Phos,nF,0.02360378244278219
15231,158.0,63.0,0.0,63.0,e1,tBPh-CPhos,nI,0.239947127680601
15232,158.0,64.0,0.0,64.0,e9,Cy-BippyPhos,nG,0.46478882021105844
15233,158.0,65.0,0.0,65.0,e2,CX-PICy,nG,0.12786508394705637
15234,158.0,66.0,0.0,66.0,e7,JackiePhos,nB,0.2780363157049384
15235,158.0,67.0,0.0,67.0,e1,P(fur)3,nD,0.027849023497232013
15236,158.0,68.0,0.0,68.0,e2,Et-PhenCar-Phos,nF,0.516942514891109
15237,158.0,69.0,0.0,69.0,e10,PPh3,nI,0.6602505435133692
15238,158.0,70.0,0.0,70.0,e3,A-caPhos,nF,0.7082011417231325
15239,158.0,71.0,0.0,71.0,e7,PPhtBu2,nA,0.22643925135847556
15240,158.0,72.0,0.0,72.0,e10,PCy3 HBF4,nE,0.04178712243346533
15241,158.0,73.0,0.0,73.0,e3,PPh2Me,nF,0.4801900206505367
15242,158.0,74.0,0.0,74.0,e3,Cy-DavePhos,nC,0.37215812981068086
15243,158.0,75.0,0.0,75.0,e3,CgMe-PPh,nF,0.8647744195298661
15244,158.0,76.0,0.0,76.0,e10,MeO-KITPHOS,nE,0.08167116258886992
15245,158.0,77.0,0.0,77.0,e2,Cy-BippyPhos,nC,0.565819186487617
15246,158.0,78.0,0.0,78.0,e4,PPh3,nG,0.07172298480230663
15247,158.0,79.0,0.0,79.0,e3,Et-PhenCar-Phos,nD,0.6274812834141975
15248,158.0,80.0,0.0,80.0,e2,PnBu3 HBF4,nB,0.04474124971849085
15249,158.0,81.0,0.0,81.0,e10,CgMe-PPh,nG,0.4450058594793389
15250,158.0,82.0,0.0,82.0,e10,A-caPhos,nG,0.030747624704373516
15251,158.0,83.0,0.0,83.0,e2,Cy-vBRIDP,nC,0.591401678089823
15252,158.0,84.0,0.0,84.0,e3,PPhMe2,nC,0.45752334695304314
15253,158.0,85.0,0.0,85.0,e5,P(o-Anis)3,nE,0.08503037414620321
15254,158.0,86.0,0.0,86.0,e4,"P(3,5-CF3-Ph)3",nF,0.12460832905550522
15255,158.0,87.0,0.0,87.0,e9,tBPh-CPhos,nI,0.8988852901963119
15256,158.0,88.0,0.0,88.0,e2,tBPh-CPhos,nB,0.3113430630612205
15257,158.0,89.0,0.0,89.0,e3,CX-FBu,nB,0.0717486552554436
15258,158.0,90.0,0.0,90.0,e5,X-Phos,nA,0.7308372177455247
15259,158.0,91.0,0.0,91.0,e5,Cy-BippyPhos,nC,0.7310324837389857
15260,158.0,92.0,0.0,92.0,e10,JackiePhos,nB,0.3412973722922598
15261,158.0,93.0,0.0,93.0,e10,X-Phos,nE,0.0935959226806929
15262,158.0,94.0,0.0,94.0,e4,Et-PhenCar-Phos,nG,0.0029966288441688137
15263,158.0,95.0,0.0,95.0,e5,BrettPhos,nE,0.03441463508665893
15264,159.0,0.0,0.0,0.0,e9,A-caPhos,nD,0.5903907562753792
15265,159.0,1.0,0.0,1.0,e2,BrettPhos,nD,0.8847296047814194
15266,159.0,2.0,0.0,2.0,e7,CX-FBu,nB,0.0925326789625629
15267,159.0,3.0,0.0,3.0,e5,CX-PICy,nD,0.7367636173787823
15268,159.0,4.0,0.0,4.0,e4,Cy-DavePhos,nF,0.1085703896725537
15269,159.0,5.0,0.0,5.0,e1,Cy-vBRIDP,nG,0.040219882770202414
15270,159.0,6.0,0.0,6.0,e7,Kwong,nC,0.618033573890117
15271,159.0,7.0,0.0,7.0,e4,MeO-KITPHOS,nD,0.01764759420350764
15272,159.0,8.0,0.0,8.0,e3,P(o-Anis)3,nF,0.2839833546931981
15273,159.0,9.0,0.0,9.0,e4,Et-PhenCar-Phos,nG,0.0029966288441688137
15274,159.0,10.0,0.0,10.0,e5,JackiePhos,nG,0.338261501637445
15275,159.0,11.0,0.0,11.0,e3,"P(3,5-CF3-Ph)3",nB,0.04364158279813684
15276,159.0,12.0,0.0,12.0,e7,P(fur)3,nC,0.4312782068921491
15277,159.0,13.0,0.0,13.0,e3,Ph-PhenCar-Phos,nB,0.02500979360624822
15278,159.0,14.0,0.0,14.0,e9,PPh2Me,nE,0.1405880999819467
15279,159.0,15.0,0.0,15.0,e7,PPhtBu2,nF,0.006345526298723309
15280,159.0,16.0,0.0,16.0,e9,tBPh-CPhos,nE,0.2128966624664455
15281,159.0,17.0,0.0,17.0,e5,PPhMe2,nD,0.7767748774157355
15282,159.0,18.0,0.0,18.0,e10,Cy-BippyPhos,nG,0.2525135394449507
15283,159.0,19.0,0.0,19.0,e5,PCy3 HBF4,nC,0.7610838314818648
15284,159.0,20.0,0.0,20.0,e2,CgMe-PPh,nF,0.42403845111744487
15285,159.0,21.0,0.0,21.0,e10,PPh3,nD,0.9785597434506366
15286,159.0,22.0,0.0,22.0,e10,X-Phos,nE,0.0935959226806929
15287,159.0,23.0,0.0,23.0,e3,PnBu3 HBF4,nE,0.07267279002281227
15288,159.0,24.0,0.0,24.0,e2,PPh3,nB,0.06113101017244386
15289,159.0,25.0,0.0,25.0,e5,BrettPhos,nE,0.03441463508665893
15290,159.0,26.0,0.0,26.0,e4,PPhMe2,nD,0.03789710444075946
15291,159.0,27.0,0.0,27.0,e9,PCy3 HBF4,nB,0.0
15292,159.0,28.0,0.0,28.0,e3,CX-PICy,nG,0.45815090380182744
15293,159.0,29.0,0.0,29.0,e5,Kwong,nD,0.6710162824432446
15294,159.0,30.0,0.0,30.0,e7,A-caPhos,nI,0.1501933291748367
15295,159.0,31.0,0.0,31.0,e5,P(fur)3,nF,0.766688957978976
15296,159.0,32.0,0.0,32.0,e7,CgMe-PPh,nG,0.20467687014770913
15297,159.0,33.0,0.0,33.0,e7,JackiePhos,nD,0.9134460718332484
15298,159.0,34.0,0.0,34.0,e10,P(o-Anis)3,nC,0.3046850801785095
15299,159.0,35.0,0.0,35.0,e3,Cy-BippyPhos,nB,0.2278488766711775
15300,159.0,36.0,0.0,36.0,e9,tBPh-CPhos,nC,0.363549380851319
15301,159.0,37.0,0.0,37.0,e7,PPh2Me,nD,0.1229873725585538
15302,159.0,38.0,0.0,38.0,e3,Cy-DavePhos,nC,0.37215812981068086
15303,159.0,39.0,0.0,39.0,e1,X-Phos,nA,0.8789499411781446
15304,159.0,40.0,0.0,40.0,e2,CX-FBu,nG,0.0
15305,159.0,41.0,0.0,41.0,e1,PnBu3 HBF4,nB,0.005892158794976363
15306,159.0,42.0,0.0,42.0,e7,Kwong,nI,0.05676228224132744
15307,159.0,43.0,0.0,43.0,e10,"P(3,5-CF3-Ph)3",nB,0.3248401714816362
15308,159.0,44.0,0.0,44.0,e9,Cy-vBRIDP,nD,0.702991104041341
15309,159.0,45.0,0.0,45.0,e2,JackiePhos,nI,0.6460679308159928
15310,159.0,46.0,0.0,46.0,e1,Ph-PhenCar-Phos,nD,0.0693435439672117
15311,159.0,47.0,0.0,47.0,e4,MeO-KITPHOS,nE,0.0
15312,159.0,48.0,0.0,48.0,e2,P(fur)3,nB,0.3160767978375305
15313,159.0,49.0,0.0,49.0,e5,CX-PICy,nI,0.7387768863355436
15314,159.0,50.0,0.0,50.0,e9,PPhtBu2,nB,0.0744540569819119
15315,159.0,51.0,0.0,51.0,e2,Et-PhenCar-Phos,nE,0.039995288671309644
15316,159.0,52.0,0.0,52.0,e5,PPh3,nG,0.0842244348649542
15317,159.0,53.0,0.0,53.0,e1,X-Phos,nI,0.05873515318530329
15318,159.0,54.0,0.0,54.0,e3,BrettPhos,nA,0.051040990235073004
15319,159.0,55.0,0.0,55.0,e10,PPhMe2,nA,0.6773210798547121
15320,159.0,56.0,0.0,56.0,e3,CX-PICy,nF,0.6497944840300122
15321,159.0,57.0,0.0,57.0,e3,PCy3 HBF4,nE,0.06067622810866836
15322,159.0,58.0,0.0,58.0,e4,JackiePhos,nI,0.0
15323,159.0,59.0,0.0,59.0,e10,Cy-vBRIDP,nD,0.9843096018311139
15324,159.0,60.0,0.0,60.0,e4,A-caPhos,nG,0.029990371767592245
15325,159.0,61.0,0.0,61.0,e10,Cy-vBRIDP,nE,0.10818426656909862
15326,159.0,62.0,0.0,62.0,e7,CgMe-PPh,nB,0.11466820021189443
15327,159.0,63.0,0.0,63.0,e1,P(o-Anis)3,nE,0.0726200206341357
15328,159.0,64.0,0.0,64.0,e5,tBPh-CPhos,nG,0.3364545940088557
15329,159.0,65.0,0.0,65.0,e9,P(fur)3,nB,0.1017982533025562
15330,159.0,66.0,0.0,66.0,e3,Cy-DavePhos,nA,0.4587692631158191
15331,159.0,67.0,0.0,67.0,e5,Cy-BippyPhos,nA,0.7454640568896914
15332,159.0,68.0,0.0,68.0,e9,PPhMe2,nE,0.20376038691379747
15333,159.0,69.0,0.0,69.0,e4,CX-PICy,nB,0.013717757670572962
15334,159.0,70.0,0.0,70.0,e2,Kwong,nI,0.5869140300450231
15335,159.0,71.0,0.0,71.0,e2,"P(3,5-CF3-Ph)3",nB,0.3077541564280736
15336,159.0,72.0,0.0,72.0,e7,Cy-BippyPhos,nI,0.8044666768394777
15337,159.0,73.0,0.0,73.0,e9,PPh2Me,nD,0.09858496056367311
15338,159.0,74.0,0.0,74.0,e2,PPh3,nI,0.5983316480220364
15339,159.0,75.0,0.0,75.0,e10,Cy-BippyPhos,nE,0.15176129512938982
15340,159.0,76.0,0.0,76.0,e5,X-Phos,nI,0.6595060362188809
15341,159.0,77.0,0.0,77.0,e9,Kwong,nF,0.6183071390945252
15342,159.0,78.0,0.0,78.0,e4,BrettPhos,nG,0.0
15343,159.0,79.0,0.0,79.0,e2,JackiePhos,nG,0.226362632584802
15344,159.0,80.0,0.0,80.0,e5,Cy-DavePhos,nE,0.20379204247564497
15345,159.0,81.0,0.0,81.0,e4,Ph-PhenCar-Phos,nB,0.004535315989053302
15346,159.0,82.0,0.0,82.0,e3,CX-FBu,nE,0.0
15347,159.0,83.0,0.0,83.0,e9,tBPh-CPhos,nF,0.9724754898127265
15348,159.0,84.0,0.0,84.0,e3,tBPh-CPhos,nF,0.8810310712945111
15349,159.0,85.0,0.0,85.0,e2,Cy-vBRIDP,nI,0.6880605476764962
15350,159.0,86.0,0.0,86.0,e5,PPhtBu2,nA,0.6662908668048635
15351,159.0,87.0,0.0,87.0,e2,PnBu3 HBF4,nB,0.04474124971849085
15352,159.0,88.0,0.0,88.0,e2,tBPh-CPhos,nC,0.6045475370510676
15353,159.0,89.0,0.0,89.0,e10,Et-PhenCar-Phos,nE,0.1423623971693994
15354,159.0,90.0,0.0,90.0,e10,PPh3,nE,0.026002383851906816
15355,159.0,91.0,0.0,91.0,e4,PCy3 HBF4,nI,0.08784137609541397
15356,159.0,92.0,0.0,92.0,e7,PPhMe2,nC,0.45538465088279884
15357,159.0,93.0,0.0,93.0,e1,MeO-KITPHOS,nB,0.015845697854694092
15358,159.0,94.0,0.0,94.0,e1,X-Phos,nD,0.11103234490926704
15359,159.0,95.0,0.0,95.0,e2,CX-PICy,nC,0.311164980503549
15360,160.0,0.0,0.0,0.0,e4,A-caPhos,nC,0.22300559618283194
15361,160.0,1.0,0.0,1.0,e1,BrettPhos,nC,0.004772581327773339
15362,160.0,2.0,0.0,2.0,e5,CX-FBu,nE,0.034021070951704015
15363,160.0,3.0,0.0,3.0,e1,CX-PICy,nB,0.158428631262488
15364,160.0,4.0,0.0,4.0,e7,Cy-DavePhos,nD,0.7185111182227426
15365,160.0,5.0,0.0,5.0,e4,Cy-vBRIDP,nG,0.011887141708792338
15366,160.0,6.0,0.0,6.0,e10,Kwong,nG,0.24923381383602894
15367,160.0,7.0,0.0,7.0,e2,MeO-KITPHOS,nB,0.2471450614128532
15368,160.0,8.0,0.0,8.0,e7,P(o-Anis)3,nF,0.166780622805447
15369,160.0,9.0,0.0,9.0,e2,Et-PhenCar-Phos,nD,0.9214853157259724
15370,160.0,10.0,0.0,10.0,e10,JackiePhos,nF,0.9125036644148156
15371,160.0,11.0,0.0,11.0,e2,"P(3,5-CF3-Ph)3",nG,0.292311804161314
15372,160.0,12.0,0.0,12.0,e7,P(fur)3,nD,0.371885023964237
15373,160.0,13.0,0.0,13.0,e7,Ph-PhenCar-Phos,nC,0.4720527136836855
15374,160.0,14.0,0.0,14.0,e4,PPh2Me,nG,0.04035626265938144
15375,160.0,15.0,0.0,15.0,e1,PPhtBu2,nI,0.0
15376,160.0,16.0,0.0,16.0,e9,tBPh-CPhos,nE,0.2128966624664455
15377,160.0,17.0,0.0,17.0,e10,PPhMe2,nC,0.711717873982058
15378,160.0,18.0,0.0,18.0,e7,Cy-BippyPhos,nG,0.3885701449233445
15379,160.0,19.0,0.0,19.0,e9,PCy3 HBF4,nF,0.8209377552949729
15380,160.0,20.0,0.0,20.0,e10,CgMe-PPh,nB,0.26208153455778976
15381,160.0,21.0,0.0,21.0,e9,PPh3,nE,0.09067760339083293
15382,160.0,22.0,0.0,22.0,e10,X-Phos,nG,0.26909978021938563
15383,160.0,23.0,0.0,23.0,e7,PnBu3 HBF4,nA,0.19159700729969498
15384,160.0,24.0,0.0,24.0,e5,Et-PhenCar-Phos,nC,0.7420550241578128
15385,160.0,25.0,0.0,25.0,e7,JackiePhos,nE,0.0
15386,160.0,26.0,0.0,26.0,e2,PCy3 HBF4,nD,0.7652714503735659
15387,160.0,27.0,0.0,27.0,e5,Cy-DavePhos,nI,0.8413366058756354
15388,160.0,28.0,0.0,28.0,e9,PPhMe2,nC,0.30440801781180693
15389,160.0,29.0,0.0,29.0,e4,Ph-PhenCar-Phos,nI,0.03672891692050217
15390,160.0,30.0,0.0,30.0,e1,Cy-BippyPhos,nI,0.2211067826223972
15391,160.0,31.0,0.0,31.0,e2,P(fur)3,nC,0.531364471158177
15392,160.0,32.0,0.0,32.0,e9,"P(3,5-CF3-Ph)3",nA,0.28248248720696867
15393,160.0,33.0,0.0,33.0,e5,X-Phos,nF,0.5612705116717954
15394,160.0,34.0,0.0,34.0,e7,CgMe-PPh,nB,0.11466820021189443
15395,160.0,35.0,0.0,35.0,e7,Kwong,nB,0.020383918157043737
15396,160.0,36.0,0.0,36.0,e9,MeO-KITPHOS,nG,0.30072675877618354
15397,160.0,37.0,0.0,37.0,e9,Et-PhenCar-Phos,nD,0.6763905107050712
15398,160.0,38.0,0.0,38.0,e7,A-caPhos,nG,0.06965150777591327
15399,160.0,39.0,0.0,39.0,e1,tBPh-CPhos,nC,0.20431204836192307
15400,160.0,40.0,0.0,40.0,e5,PCy3 HBF4,nA,0.0615440146382004
15401,160.0,41.0,0.0,41.0,e4,Cy-DavePhos,nC,0.365792749214354
15402,160.0,42.0,0.0,42.0,e3,PnBu3 HBF4,nI,0.3077263161434331
15403,160.0,43.0,0.0,43.0,e10,P(o-Anis)3,nF,0.06384265359275798
15404,160.0,44.0,0.0,44.0,e5,CX-PICy,nI,0.7387768863355436
15405,160.0,45.0,0.0,45.0,e7,PPh3,nA,0.39316365606983517
15406,160.0,46.0,0.0,46.0,e9,PPh2Me,nG,0.32077678172887275
15407,160.0,47.0,0.0,47.0,e9,CX-FBu,nA,0.026568437497950775
15408,160.0,48.0,0.0,48.0,e5,Cy-vBRIDP,nE,0.15014188546666088
15409,160.0,49.0,0.0,49.0,e4,BrettPhos,nE,0.020587634820407864
15410,160.0,50.0,0.0,50.0,e3,PPhtBu2,nI,0.2459288839092893
15411,160.0,51.0,0.0,51.0,e2,Et-PhenCar-Phos,nG,0.21586957617119734
15412,160.0,52.0,0.0,52.0,e1,PPhMe2,nC,0.04178685204173926
15413,160.0,53.0,0.0,53.0,e9,JackiePhos,nD,0.6112600941230104
15414,160.0,54.0,0.0,54.0,e9,P(fur)3,nG,0.3593925605569053
15415,160.0,55.0,0.0,55.0,e10,CX-PICy,nE,0.06128630570259782
15416,160.0,56.0,0.0,56.0,e5,X-Phos,nI,0.6595060362188809
15417,160.0,57.0,0.0,57.0,e1,Cy-DavePhos,nB,0.14325304895448931
15418,160.0,58.0,0.0,58.0,e7,Cy-BippyPhos,nF,0.8908823040179712
15419,160.0,59.0,0.0,59.0,e9,PCy3 HBF4,nA,0.39949447947915445
15420,160.0,60.0,0.0,60.0,e9,"P(3,5-CF3-Ph)3",nI,0.5060174107510581
15421,160.0,61.0,0.0,61.0,e4,MeO-KITPHOS,nF,0.09857703536485529
15422,160.0,62.0,0.0,62.0,e3,Ph-PhenCar-Phos,nB,0.02500979360624822
15423,160.0,63.0,0.0,63.0,e1,PnBu3 HBF4,nF,0.01643119627071477
15424,160.0,64.0,0.0,64.0,e5,JackiePhos,nC,0.6733815385706186
15425,160.0,65.0,0.0,65.0,e3,PPh3,nI,0.029763654521305326
15426,160.0,66.0,0.0,66.0,e9,Cy-BippyPhos,nB,0.19614551978344988
15427,160.0,67.0,0.0,67.0,e1,X-Phos,nB,0.13808085610167717
15428,160.0,68.0,0.0,68.0,e3,Et-PhenCar-Phos,nI,0.2910836416236313
15429,160.0,69.0,0.0,69.0,e1,tBPh-CPhos,nD,0.47671112549978
15430,160.0,70.0,0.0,70.0,e7,CgMe-PPh,nA,0.6062121514347315
15431,160.0,71.0,0.0,71.0,e7,PPh2Me,nC,0.3285547341820373
15432,160.0,72.0,0.0,72.0,e2,P(fur)3,nD,0.8273907264709449
15433,160.0,73.0,0.0,73.0,e1,A-caPhos,nB,0.04609606229142198
15434,160.0,74.0,0.0,74.0,e2,JackiePhos,nE,0.14951065589537862
15435,160.0,75.0,0.0,75.0,e10,Kwong,nA,0.5880136022074371
15436,160.0,76.0,0.0,76.0,e4,PPhtBu2,nG,0.010529758099421742
15437,160.0,77.0,0.0,77.0,e5,P(o-Anis)3,nD,0.2673691817698943
15438,160.0,78.0,0.0,78.0,e7,P(fur)3,nA,0.15917780258602543
15439,160.0,79.0,0.0,79.0,e9,Cy-DavePhos,nI,0.6237855110018449
15440,160.0,80.0,0.0,80.0,e9,"P(3,5-CF3-Ph)3",nC,0.26228444595483447
15441,160.0,81.0,0.0,81.0,e4,PCy3 HBF4,nB,0.0
15442,160.0,82.0,0.0,82.0,e10,PPhMe2,nI,0.5272307031167799
15443,160.0,83.0,0.0,83.0,e10,Cy-vBRIDP,nC,0.6923970246236064
15444,160.0,84.0,0.0,84.0,e7,CgMe-PPh,nD,1.0
15445,160.0,85.0,0.0,85.0,e10,CgMe-PPh,nG,0.4450058594793389
15446,160.0,86.0,0.0,86.0,e7,CX-PICy,nA,0.4849023858174712
15447,160.0,87.0,0.0,87.0,e4,Et-PhenCar-Phos,nD,0.045517695769122665
15448,160.0,88.0,0.0,88.0,e2,tBPh-CPhos,nG,0.21498121859438568
15449,160.0,89.0,0.0,89.0,e2,CX-FBu,nE,0.044215580612420015
15450,160.0,90.0,0.0,90.0,e2,Kwong,nE,0.15385645810893028
15451,160.0,91.0,0.0,91.0,e2,Cy-vBRIDP,nI,0.6880605476764962
15452,160.0,92.0,0.0,92.0,e1,Cy-DavePhos,nI,0.007578802183845745
15453,160.0,93.0,0.0,93.0,e10,BrettPhos,nA,0.3672528507287323
15454,160.0,94.0,0.0,94.0,e1,Cy-BippyPhos,nG,0.15976408278590903
15455,160.0,95.0,0.0,95.0,e7,X-Phos,nI,0.10875787618113172
15456,161.0,0.0,0.0,0.0,e9,A-caPhos,nG,0.4248789034782635
15457,161.0,1.0,0.0,1.0,e9,BrettPhos,nB,0.015005675905422431
15458,161.0,2.0,0.0,2.0,e9,CX-FBu,nG,0.0
15459,161.0,3.0,0.0,3.0,e2,CX-PICy,nG,0.12786508394705637
15460,161.0,4.0,0.0,4.0,e10,Cy-DavePhos,nD,0.9577552674723959
15461,161.0,5.0,0.0,5.0,e3,Cy-vBRIDP,nI,0.34345800467563153
15462,161.0,6.0,0.0,6.0,e5,Kwong,nC,0.7139078067166453
15463,161.0,7.0,0.0,7.0,e9,MeO-KITPHOS,nG,0.30072675877618354
15464,161.0,8.0,0.0,8.0,e2,P(o-Anis)3,nC,0.2694306601099812
15465,161.0,9.0,0.0,9.0,e10,Et-PhenCar-Phos,nG,0.4986371729738086
15466,161.0,10.0,0.0,10.0,e9,JackiePhos,nI,0.7924680013442614
15467,161.0,11.0,0.0,11.0,e7,"P(3,5-CF3-Ph)3",nE,0.01373661617423656
15468,161.0,12.0,0.0,12.0,e9,P(fur)3,nG,0.3593925605569053
15469,161.0,13.0,0.0,13.0,e9,Ph-PhenCar-Phos,nE,0.08998609138257692
15470,161.0,14.0,0.0,14.0,e4,PPh2Me,nA,0.012250195356626198
15471,161.0,15.0,0.0,15.0,e10,PPhtBu2,nG,0.2854037571220982
15472,161.0,16.0,0.0,16.0,e3,tBPh-CPhos,nE,0.18973560206253479
15473,161.0,17.0,0.0,17.0,e3,PPhMe2,nC,0.45752334695304314
15474,161.0,18.0,0.0,18.0,e5,Cy-BippyPhos,nF,0.5547253517877193
15475,161.0,19.0,0.0,19.0,e1,PCy3 HBF4,nG,0.011446303846680505
15476,161.0,20.0,0.0,20.0,e2,CgMe-PPh,nD,0.9061905699119336
15477,161.0,21.0,0.0,21.0,e5,PPh3,nA,0.2549508068127627
15478,161.0,22.0,0.0,22.0,e9,X-Phos,nA,0.4653132921969271
15479,161.0,23.0,0.0,23.0,e2,PnBu3 HBF4,nF,0.09742653300738942
15480,161.0,24.0,0.0,24.0,e10,Cy-DavePhos,nC,0.6949319682872127
15481,161.0,25.0,0.0,25.0,e3,CgMe-PPh,nE,0.13080909557688172
15482,161.0,26.0,0.0,26.0,e7,JackiePhos,nA,0.507068550436567
15483,161.0,27.0,0.0,27.0,e10,Kwong,nE,0.10609667459949558
15484,161.0,28.0,0.0,28.0,e3,Cy-BippyPhos,nC,0.4701158020102052
15485,161.0,29.0,0.0,29.0,e10,Et-PhenCar-Phos,nC,0.7283750489168687
15486,161.0,30.0,0.0,30.0,e5,X-Phos,nC,0.7137664796412143
15487,161.0,31.0,0.0,31.0,e9,PPhMe2,nC,0.30440801781180693
15488,161.0,32.0,0.0,32.0,e7,A-caPhos,nD,0.45969276976080437
15489,161.0,33.0,0.0,33.0,e7,P(fur)3,nD,0.371885023964237
15490,161.0,34.0,0.0,34.0,e7,Cy-vBRIDP,nE,0.0285055968883504
15491,161.0,35.0,0.0,35.0,e9,MeO-KITPHOS,nD,0.6506971208307475
15492,161.0,36.0,0.0,36.0,e5,PPhtBu2,nG,0.3392981528661412
15493,161.0,37.0,0.0,37.0,e1,P(o-Anis)3,nC,0.2646743135782516
15494,161.0,38.0,0.0,38.0,e3,PPh3,nF,0.7331009521150271
15495,161.0,39.0,0.0,39.0,e1,Cy-DavePhos,nE,0.04088521449674735
15496,161.0,40.0,0.0,40.0,e5,tBPh-CPhos,nC,0.7175681052805551
15497,161.0,41.0,0.0,41.0,e4,CX-PICy,nI,0.049131110362350565
15498,161.0,42.0,0.0,42.0,e7,PnBu3 HBF4,nD,0.08555081309162699
15499,161.0,43.0,0.0,43.0,e3,Ph-PhenCar-Phos,nB,0.02500979360624822
15500,161.0,44.0,0.0,44.0,e10,JackiePhos,nB,0.3412973722922598
15501,161.0,45.0,0.0,45.0,e7,Et-PhenCar-Phos,nA,0.46105828561415296
15502,161.0,46.0,0.0,46.0,e1,BrettPhos,nD,0.04394938440180767
15503,161.0,47.0,0.0,47.0,e9,"P(3,5-CF3-Ph)3",nE,0.0796317150343979
15504,161.0,48.0,0.0,48.0,e1,PPh2Me,nB,0.01727201608687613
15505,161.0,49.0,0.0,49.0,e2,PCy3 HBF4,nD,0.7652714503735659
15506,161.0,50.0,0.0,50.0,e1,X-Phos,nI,0.05873515318530329
15507,161.0,51.0,0.0,51.0,e9,CX-FBu,nA,0.026568437497950775
15508,161.0,52.0,0.0,52.0,e7,CgMe-PPh,nF,0.8590504388988899
15509,161.0,53.0,0.0,53.0,e3,Cy-BippyPhos,nB,0.2278488766711775
15510,161.0,54.0,0.0,54.0,e9,PPh3,nB,0.08611579146274333
15511,161.0,55.0,0.0,55.0,e10,MeO-KITPHOS,nA,0.5040049303765105
15512,161.0,56.0,0.0,56.0,e1,tBPh-CPhos,nG,0.12674104413371357
15513,161.0,57.0,0.0,57.0,e4,A-caPhos,nG,0.029990371767592245
15514,161.0,58.0,0.0,58.0,e10,Kwong,nG,0.24923381383602894
15515,161.0,59.0,0.0,59.0,e2,PCy3 HBF4,nG,0.00663833998076357
15516,161.0,60.0,0.0,60.0,e1,PPhMe2,nG,0.015753918769731767
15517,161.0,61.0,0.0,61.0,e9,CgMe-PPh,nC,0.40356850702768715
15518,161.0,62.0,0.0,62.0,e7,P(fur)3,nA,0.15917780258602543
15519,161.0,63.0,0.0,63.0,e9,PPhtBu2,nF,0.04207540286700265
15520,161.0,64.0,0.0,64.0,e7,Cy-DavePhos,nF,0.07212456406365218
15521,161.0,65.0,0.0,65.0,e1,Et-PhenCar-Phos,nA,0.5211070217161989
15522,161.0,66.0,0.0,66.0,e5,JackiePhos,nF,0.046842070771333566
15523,161.0,67.0,0.0,67.0,e10,P(o-Anis)3,nB,0.07857661737600978
15524,161.0,68.0,0.0,68.0,e9,MeO-KITPHOS,nC,0.35851761793533216
15525,161.0,69.0,0.0,69.0,e5,Cy-vBRIDP,nF,0.0
15526,161.0,70.0,0.0,70.0,e7,CgMe-PPh,nC,0.4527219927063775
15527,161.0,71.0,0.0,71.0,e10,Cy-BippyPhos,nD,1.0
15528,161.0,72.0,0.0,72.0,e2,X-Phos,nA,0.7289375568068931
15529,161.0,73.0,0.0,73.0,e2,Cy-BippyPhos,nG,0.21398062661899547
15530,161.0,74.0,0.0,74.0,e3,Et-PhenCar-Phos,nD,0.6274812834141975
15531,161.0,75.0,0.0,75.0,e3,PPh3,nE,0.056276657784168405
15532,161.0,76.0,0.0,76.0,e7,Kwong,nF,0.19003296934826672
15533,161.0,77.0,0.0,77.0,e2,PnBu3 HBF4,nB,0.04474124971849085
15534,161.0,78.0,0.0,78.0,e1,CX-PICy,nA,0.5817574646717254
15535,161.0,79.0,0.0,79.0,e7,tBPh-CPhos,nB,0.313551181342256
15536,161.0,80.0,0.0,80.0,e5,X-Phos,nF,0.5612705116717954
15537,161.0,81.0,0.0,81.0,e10,Ph-PhenCar-Phos,nE,0.002202515466205794
15538,161.0,82.0,0.0,82.0,e10,Et-PhenCar-Phos,nB,0.46335999806419
15539,161.0,83.0,0.0,83.0,e9,"P(3,5-CF3-Ph)3",nD,0.44318159981050437
15540,161.0,84.0,0.0,84.0,e2,A-caPhos,nD,0.8459561333315676
15541,161.0,85.0,0.0,85.0,e5,MeO-KITPHOS,nA,0.677313943864531
15542,161.0,86.0,0.0,86.0,e2,P(fur)3,nF,0.4799987068628782
15543,161.0,87.0,0.0,87.0,e1,CgMe-PPh,nD,0.47486974841558166
15544,161.0,88.0,0.0,88.0,e2,BrettPhos,nE,0.06752498396007568
15545,161.0,89.0,0.0,89.0,e4,Cy-DavePhos,nI,0.09721557254928792
15546,161.0,90.0,0.0,90.0,e9,A-caPhos,nB,0.040633394833466153
15547,161.0,91.0,0.0,91.0,e9,PPh2Me,nI,0.5231142463877392
15548,161.0,92.0,0.0,92.0,e7,CX-FBu,nD,0.017505922127010028
15549,161.0,93.0,0.0,93.0,e10,JackiePhos,nA,0.7329517075696806
15550,161.0,94.0,0.0,94.0,e7,PCy3 HBF4,nE,0.012884298674100353
15551,161.0,95.0,0.0,95.0,e9,PPhMe2,nB,0.05685342476548213
15552,162.0,0.0,0.0,0.0,e4,A-caPhos,nC,0.22300559618283194
15553,162.0,1.0,0.0,1.0,e4,BrettPhos,nA,0.0
15554,162.0,2.0,0.0,2.0,e4,CX-FBu,nC,0.0047669076631712696
15555,162.0,3.0,0.0,3.0,e9,CX-PICy,nE,0.11110502362494325
15556,162.0,4.0,0.0,4.0,e3,Cy-DavePhos,nC,0.37215812981068086
15557,162.0,5.0,0.0,5.0,e3,Cy-vBRIDP,nE,0.22456888388015206
15558,162.0,6.0,0.0,6.0,e7,Kwong,nD,0.7352375479541646
15559,162.0,7.0,0.0,7.0,e3,MeO-KITPHOS,nG,0.3259921382962992
15560,162.0,8.0,0.0,8.0,e5,P(o-Anis)3,nC,0.2597060555559565
15561,162.0,9.0,0.0,9.0,e3,Et-PhenCar-Phos,nC,0.528155852189567
15562,162.0,10.0,0.0,10.0,e3,JackiePhos,nD,0.6652224475203186
15563,162.0,11.0,0.0,11.0,e3,"P(3,5-CF3-Ph)3",nF,0.739492776362512
15564,162.0,12.0,0.0,12.0,e9,P(fur)3,nA,0.001325378623256779
15565,162.0,13.0,0.0,13.0,e5,Ph-PhenCar-Phos,nD,0.05973892971813824
15566,162.0,14.0,0.0,14.0,e2,PPh2Me,nF,0.0
15567,162.0,15.0,0.0,15.0,e3,PPhtBu2,nC,0.47844610654360165
15568,162.0,16.0,0.0,16.0,e3,tBPh-CPhos,nD,0.7179271330497705
15569,162.0,17.0,0.0,17.0,e3,PPhMe2,nD,0.17694079610526336
15570,162.0,18.0,0.0,18.0,e2,Cy-BippyPhos,nC,0.565819186487617
15571,162.0,19.0,0.0,19.0,e10,PCy3 HBF4,nD,0.5416797206056861
15572,162.0,20.0,0.0,20.0,e1,CgMe-PPh,nE,0.1040741361267055
15573,162.0,21.0,0.0,21.0,e10,PPh3,nE,0.026002383851906816
15574,162.0,22.0,0.0,22.0,e1,X-Phos,nE,0.024633332147110165
15575,162.0,23.0,0.0,23.0,e9,PnBu3 HBF4,nI,0.364306479041637
15576,162.0,24.0,0.0,24.0,e2,"P(3,5-CF3-Ph)3",nB,0.3077541564280736
15577,162.0,25.0,0.0,25.0,e4,Kwong,nC,0.13664049521331256
15578,162.0,26.0,0.0,26.0,e3,tBPh-CPhos,nA,0.5729071695707448
15579,162.0,27.0,0.0,27.0,e5,JackiePhos,nA,0.7290418673450977
15580,162.0,28.0,0.0,28.0,e10,Cy-BippyPhos,nF,0.9551634913355087
15581,162.0,29.0,0.0,29.0,e5,PCy3 HBF4,nI,0.34482654450171224
15582,162.0,30.0,0.0,30.0,e9,Et-PhenCar-Phos,nI,0.47387538169056964
15583,162.0,31.0,0.0,31.0,e3,PPhtBu2,nG,0.42214668793427734
15584,162.0,32.0,0.0,32.0,e7,Cy-DavePhos,nD,0.7185111182227426
15585,162.0,33.0,0.0,33.0,e3,PnBu3 HBF4,nA,0.08612679775706653
15586,162.0,34.0,0.0,34.0,e1,MeO-KITPHOS,nI,0.08070327614437922
15587,162.0,35.0,0.0,35.0,e1,P(o-Anis)3,nF,0.0052034376124689445
15588,162.0,36.0,0.0,36.0,e3,Cy-vBRIDP,nF,0.7389650558356956
15589,162.0,37.0,0.0,37.0,e3,A-caPhos,nI,0.251402716237195
15590,162.0,38.0,0.0,38.0,e4,PPhMe2,nB,0.0
15591,162.0,39.0,0.0,39.0,e7,Cy-BippyPhos,nI,0.8044666768394777
15592,162.0,40.0,0.0,40.0,e1,JackiePhos,nB,0.15130453997269813
15593,162.0,41.0,0.0,41.0,e4,CX-PICy,nG,0.016007987024632152
15594,162.0,42.0,0.0,42.0,e1,CgMe-PPh,nG,0.16657970973424252
15595,162.0,43.0,0.0,43.0,e10,Ph-PhenCar-Phos,nD,0.19450431269643761
15596,162.0,44.0,0.0,44.0,e5,tBPh-CPhos,nI,0.8432755599410124
15597,162.0,45.0,0.0,45.0,e4,PPh3,nI,0.04426360801913863
15598,162.0,46.0,0.0,46.0,e3,X-Phos,nC,0.5782791539418308
15599,162.0,47.0,0.0,47.0,e4,CX-FBu,nG,0.020464891268564923
15600,162.0,48.0,0.0,48.0,e3,P(fur)3,nA,0.16816044846520725
15601,162.0,49.0,0.0,49.0,e1,BrettPhos,nC,0.004772581327773339
15602,162.0,50.0,0.0,50.0,e10,PPh2Me,nB,0.020868406358790646
15603,162.0,51.0,0.0,51.0,e9,Cy-DavePhos,nB,0.10197404268440335
15604,162.0,52.0,0.0,52.0,e10,"P(3,5-CF3-Ph)3",nF,0.8478546310824894
15605,162.0,53.0,0.0,53.0,e4,Cy-BippyPhos,nI,0.01506826698150689
15606,162.0,54.0,0.0,54.0,e7,Et-PhenCar-Phos,nB,0.3099147672836797
15607,162.0,55.0,0.0,55.0,e9,Cy-vBRIDP,nF,0.6967928130282119
15608,162.0,56.0,0.0,56.0,e7,tBPh-CPhos,nI,0.3070094849804215
15609,162.0,57.0,0.0,57.0,e1,PPhtBu2,nI,0.0
15610,162.0,58.0,0.0,58.0,e5,PCy3 HBF4,nE,0.04434804632877687
15611,162.0,59.0,0.0,59.0,e1,Kwong,nG,0.02109424691555194
15612,162.0,60.0,0.0,60.0,e4,"P(3,5-CF3-Ph)3",nF,0.12460832905550522
15613,162.0,61.0,0.0,61.0,e2,X-Phos,nC,0.40642389315255095
15614,162.0,62.0,0.0,62.0,e10,Cy-vBRIDP,nD,0.9843096018311139
15615,162.0,63.0,0.0,63.0,e4,JackiePhos,nC,0.28682741874775813
15616,162.0,64.0,0.0,64.0,e1,Cy-vBRIDP,nA,0.2888460681891715
15617,162.0,65.0,0.0,65.0,e5,A-caPhos,nA,0.2812843970957228
15618,162.0,66.0,0.0,66.0,e7,PnBu3 HBF4,nC,0.08381330857807825
15619,162.0,67.0,0.0,67.0,e9,MeO-KITPHOS,nC,0.35851761793533216
15620,162.0,68.0,0.0,68.0,e1,tBPh-CPhos,nG,0.12674104413371357
15621,162.0,69.0,0.0,69.0,e7,Et-PhenCar-Phos,nC,0.7443135007935773
15622,162.0,70.0,0.0,70.0,e3,Cy-BippyPhos,nI,0.4880124029547394
15623,162.0,71.0,0.0,71.0,e7,Cy-DavePhos,nE,0.07737987898288086
15624,162.0,72.0,0.0,72.0,e3,CgMe-PPh,nG,0.693870840573733
15625,162.0,73.0,0.0,73.0,e2,P(o-Anis)3,nF,0.0020685938468024733
15626,162.0,74.0,0.0,74.0,e4,Ph-PhenCar-Phos,nD,0.0
15627,162.0,75.0,0.0,75.0,e1,Et-PhenCar-Phos,nI,0.05407119647865783
15628,162.0,76.0,0.0,76.0,e3,"P(3,5-CF3-Ph)3",nC,0.5560644999980037
15629,162.0,77.0,0.0,77.0,e7,PPhMe2,nA,0.24213550852685992
15630,162.0,78.0,0.0,78.0,e3,P(fur)3,nE,0.09598414323281666
15631,162.0,79.0,0.0,79.0,e2,X-Phos,nG,0.15427681870136029
15632,162.0,80.0,0.0,80.0,e2,Cy-vBRIDP,nI,0.6880605476764962
15633,162.0,81.0,0.0,81.0,e1,CX-PICy,nF,0.035498905100854815
15634,162.0,82.0,0.0,82.0,e4,CgMe-PPh,nI,0.07791399926072878
15635,162.0,83.0,0.0,83.0,e2,PCy3 HBF4,nC,0.7514550742860919
15636,162.0,84.0,0.0,84.0,e9,Cy-BippyPhos,nC,0.4093298004131833
15637,162.0,85.0,0.0,85.0,e7,JackiePhos,nD,0.9134460718332484
15638,162.0,86.0,0.0,86.0,e3,PPhtBu2,nF,0.8177480761316681
15639,162.0,87.0,0.0,87.0,e9,Kwong,nG,0.48310327993375796
15640,162.0,88.0,0.0,88.0,e3,PPh3,nB,0.10579944408648047
15641,162.0,89.0,0.0,89.0,e1,JackiePhos,nG,0.16044985000151907
15642,162.0,90.0,0.0,90.0,e4,PPhtBu2,nE,0.0
15643,162.0,91.0,0.0,91.0,e3,CX-FBu,nE,0.0
15644,162.0,92.0,0.0,92.0,e9,PPh2Me,nI,0.5231142463877392
15645,162.0,93.0,0.0,93.0,e5,PCy3 HBF4,nA,0.0615440146382004
15646,162.0,94.0,0.0,94.0,e5,Cy-vBRIDP,nG,0.40071151817911255
15647,162.0,95.0,0.0,95.0,e5,BrettPhos,nC,0.08695624388826621
15648,163.0,0.0,0.0,0.0,e10,A-caPhos,nB,0.05297439210885078
15649,163.0,1.0,0.0,1.0,e7,BrettPhos,nG,0.0
15650,163.0,2.0,0.0,2.0,e9,CX-FBu,nI,0.03414362913763253
15651,163.0,3.0,0.0,3.0,e7,CX-PICy,nI,0.5099042814136777
15652,163.0,4.0,0.0,4.0,e10,Cy-DavePhos,nA,0.6290037488957982
15653,163.0,5.0,0.0,5.0,e3,Cy-vBRIDP,nA,0.6444005049983973
15654,163.0,6.0,0.0,6.0,e1,Kwong,nI,0.017331328917836657
15655,163.0,7.0,0.0,7.0,e4,MeO-KITPHOS,nI,0.046668452270735516
15656,163.0,8.0,0.0,8.0,e2,P(o-Anis)3,nB,0.11086154927683153
15657,163.0,9.0,0.0,9.0,e4,Et-PhenCar-Phos,nA,0.02363360610342534
15658,163.0,10.0,0.0,10.0,e9,JackiePhos,nC,0.3402888306071797
15659,163.0,11.0,0.0,11.0,e9,"P(3,5-CF3-Ph)3",nA,0.28248248720696867
15660,163.0,12.0,0.0,12.0,e5,P(fur)3,nF,0.766688957978976
15661,163.0,13.0,0.0,13.0,e10,Ph-PhenCar-Phos,nD,0.19450431269643761
15662,163.0,14.0,0.0,14.0,e5,PPh2Me,nE,0.26506344108851254
15663,163.0,15.0,0.0,15.0,e10,PPhtBu2,nF,0.9293464786587261
15664,163.0,16.0,0.0,16.0,e3,tBPh-CPhos,nA,0.5729071695707448
15665,163.0,17.0,0.0,17.0,e2,PPhMe2,nB,0.34830416803640063
15666,163.0,18.0,0.0,18.0,e2,Cy-BippyPhos,nG,0.21398062661899547
15667,163.0,19.0,0.0,19.0,e10,PCy3 HBF4,nB,0.0
15668,163.0,20.0,0.0,20.0,e1,CgMe-PPh,nB,0.12558127711891434
15669,163.0,21.0,0.0,21.0,e1,PPh3,nE,0.00995882546000144
15670,163.0,22.0,0.0,22.0,e2,X-Phos,nC,0.40642389315255095
15671,163.0,23.0,0.0,23.0,e7,PnBu3 HBF4,nE,0.0
15672,163.0,24.0,0.0,24.0,e2,PPhtBu2,nI,0.6066938793729448
15673,163.0,25.0,0.0,25.0,e2,P(fur)3,nE,0.12109249824231177
15674,163.0,26.0,0.0,26.0,e10,Cy-vBRIDP,nA,0.6642431458921436
15675,163.0,27.0,0.0,27.0,e1,Cy-DavePhos,nC,0.07922994530801464
15676,163.0,28.0,0.0,28.0,e3,tBPh-CPhos,nF,0.8810310712945111
15677,163.0,29.0,0.0,29.0,e2,CX-PICy,nB,0.019159777876378164
15678,163.0,30.0,0.0,30.0,e10,X-Phos,nC,0.732411484160166
15679,163.0,31.0,0.0,31.0,e2,PPhMe2,nA,0.9184295688785155
15680,163.0,32.0,0.0,32.0,e2,JackiePhos,nD,0.8885726039005069
15681,163.0,33.0,0.0,33.0,e4,"P(3,5-CF3-Ph)3",nG,0.02206633089938497
15682,163.0,34.0,0.0,34.0,e3,PPh2Me,nC,0.4855178301327266
15683,163.0,35.0,0.0,35.0,e9,Cy-BippyPhos,nC,0.4093298004131833
15684,163.0,36.0,0.0,36.0,e3,Ph-PhenCar-Phos,nE,0.000513778510005651
15685,163.0,37.0,0.0,37.0,e3,PPhtBu2,nI,0.2459288839092893
15686,163.0,38.0,0.0,38.0,e3,tBPh-CPhos,nD,0.7179271330497705
15687,163.0,39.0,0.0,39.0,e4,CgMe-PPh,nB,0.010586928381835779
15688,163.0,40.0,0.0,40.0,e4,P(o-Anis)3,nD,0.02538658500885957
15689,163.0,41.0,0.0,41.0,e3,Cy-vBRIDP,nD,0.6292634271358025
15690,163.0,42.0,0.0,42.0,e2,A-caPhos,nC,0.6792763491019146
15691,163.0,43.0,0.0,43.0,e4,PPhMe2,nE,0.0
15692,163.0,44.0,0.0,44.0,e5,MeO-KITPHOS,nG,0.5037716636607265
15693,163.0,45.0,0.0,45.0,e3,CX-FBu,nF,0.4573086162402998
15694,163.0,46.0,0.0,46.0,e9,JackiePhos,nG,0.542757589383612
15695,163.0,47.0,0.0,47.0,e3,Et-PhenCar-Phos,nE,0.16222416431861286
15696,163.0,48.0,0.0,48.0,e7,Kwong,nF,0.19003296934826672
15697,163.0,49.0,0.0,49.0,e1,PPh3,nA,0.2870639417300373
15698,163.0,50.0,0.0,50.0,e2,BrettPhos,nG,0.08281407991024353
15699,163.0,51.0,0.0,51.0,e2,PCy3 HBF4,nB,0.029838368623291776
15700,163.0,52.0,0.0,52.0,e3,PnBu3 HBF4,nA,0.08612679775706653
15701,163.0,53.0,0.0,53.0,e5,X-Phos,nE,0.10922716180611192
15702,163.0,54.0,0.0,54.0,e7,tBPh-CPhos,nI,0.3070094849804215
15703,163.0,55.0,0.0,55.0,e1,P(fur)3,nB,0.0419340920396758
15704,163.0,56.0,0.0,56.0,e10,Cy-vBRIDP,nI,0.8380507759186263
15705,163.0,57.0,0.0,57.0,e5,PPh2Me,nG,0.02908266774080822
15706,163.0,58.0,0.0,58.0,e10,A-caPhos,nF,0.7955510503185635
15707,163.0,59.0,0.0,59.0,e3,Cy-DavePhos,nG,0.582883480820361
15708,163.0,60.0,0.0,60.0,e4,PPhtBu2,nB,0.0
15709,163.0,61.0,0.0,61.0,e9,JackiePhos,nA,0.4878435591523317
15710,163.0,62.0,0.0,62.0,e4,Cy-BippyPhos,nF,0.16766741748867858
15711,163.0,63.0,0.0,63.0,e3,Cy-vBRIDP,nC,0.48120632702460653
15712,163.0,64.0,0.0,64.0,e1,MeO-KITPHOS,nD,0.03699926034242779
15713,163.0,65.0,0.0,65.0,e10,CX-PICy,nI,0.8294011628993512
15714,163.0,66.0,0.0,66.0,e7,A-caPhos,nE,0.0
15715,163.0,67.0,0.0,67.0,e1,CX-FBu,nF,0.05899310894002479
15716,163.0,68.0,0.0,68.0,e2,tBPh-CPhos,nF,0.9180522305589233
15717,163.0,69.0,0.0,69.0,e1,CX-PICy,nC,0.17448452116943244
15718,163.0,70.0,0.0,70.0,e3,Cy-DavePhos,nA,0.4587692631158191
15719,163.0,71.0,0.0,71.0,e5,PPhMe2,nD,0.7767748774157355
15720,163.0,72.0,0.0,72.0,e1,tBPh-CPhos,nE,0.10531846896621012
15721,163.0,73.0,0.0,73.0,e2,X-Phos,nF,0.2803025402995705
15722,163.0,74.0,0.0,74.0,e5,"P(3,5-CF3-Ph)3",nG,0.33880240957433805
15723,163.0,75.0,0.0,75.0,e10,JackiePhos,nA,0.7329517075696806
15724,163.0,76.0,0.0,76.0,e1,PPh3,nG,0.03305769806250671
15725,163.0,77.0,0.0,77.0,e10,Cy-vBRIDP,nD,0.9843096018311139
15726,163.0,78.0,0.0,78.0,e5,Cy-vBRIDP,nA,0.7556883724207524
15727,163.0,79.0,0.0,79.0,e7,Kwong,nA,0.07567394742364385
15728,163.0,80.0,0.0,80.0,e4,Ph-PhenCar-Phos,nF,0.06641743274856524
15729,163.0,81.0,0.0,81.0,e4,PPhMe2,nA,0.0
15730,163.0,82.0,0.0,82.0,e1,Et-PhenCar-Phos,nI,0.05407119647865783
15731,163.0,83.0,0.0,83.0,e1,JackiePhos,nB,0.15130453997269813
15732,163.0,84.0,0.0,84.0,e2,P(o-Anis)3,nF,0.0020685938468024733
15733,163.0,85.0,0.0,85.0,e5,CgMe-PPh,nG,0.5263762443562906
15734,163.0,86.0,0.0,86.0,e1,Cy-vBRIDP,nE,0.10273481023694789
15735,163.0,87.0,0.0,87.0,e1,P(fur)3,nC,0.13064801328706593
15736,163.0,88.0,0.0,88.0,e3,PnBu3 HBF4,nB,0.061021062497356005
15737,163.0,89.0,0.0,89.0,e1,BrettPhos,nD,0.04394938440180767
15738,163.0,90.0,0.0,90.0,e4,PPhtBu2,nE,0.0
15739,163.0,91.0,0.0,91.0,e5,Cy-DavePhos,nA,0.7763833572037856
15740,163.0,92.0,0.0,92.0,e4,PCy3 HBF4,nC,0.08261648826420669
15741,163.0,93.0,0.0,93.0,e10,Cy-BippyPhos,nF,0.9551634913355087
15742,163.0,94.0,0.0,94.0,e2,Cy-BippyPhos,nE,0.15754944548975836
15743,163.0,95.0,0.0,95.0,e1,PPh2Me,nD,0.033096066833962406
15744,164.0,0.0,0.0,0.0,e5,A-caPhos,nA,0.2812843970957228
15745,164.0,1.0,0.0,1.0,e2,BrettPhos,nF,0.3409853317756659
15746,164.0,2.0,0.0,2.0,e4,CX-FBu,nD,0.01181462181211995
15747,164.0,3.0,0.0,3.0,e2,CX-PICy,nE,0.1112468268031635
15748,164.0,4.0,0.0,4.0,e9,Cy-DavePhos,nI,0.6237855110018449
15749,164.0,5.0,0.0,5.0,e4,Cy-vBRIDP,nC,0.20302461670836117
15750,164.0,6.0,0.0,6.0,e9,Kwong,nD,0.7637773250800808
15751,164.0,7.0,0.0,7.0,e9,MeO-KITPHOS,nD,0.6506971208307475
15752,164.0,8.0,0.0,8.0,e7,P(o-Anis)3,nG,0.04483783011499854
15753,164.0,9.0,0.0,9.0,e4,Et-PhenCar-Phos,nB,0.016893387098010963
15754,164.0,10.0,0.0,10.0,e4,JackiePhos,nG,0.011497397001572884
15755,164.0,11.0,0.0,11.0,e2,"P(3,5-CF3-Ph)3",nE,0.09746826633878404
15756,164.0,12.0,0.0,12.0,e9,P(fur)3,nA,0.001325378623256779
15757,164.0,13.0,0.0,13.0,e9,Ph-PhenCar-Phos,nF,0.6256618485697769
15758,164.0,14.0,0.0,14.0,e1,PPh2Me,nD,0.033096066833962406
15759,164.0,15.0,0.0,15.0,e3,PPhtBu2,nE,0.13875537672279908
15760,164.0,16.0,0.0,16.0,e5,tBPh-CPhos,nC,0.7175681052805551
15761,164.0,17.0,0.0,17.0,e4,PPhMe2,nF,0.05675807339476563
15762,164.0,18.0,0.0,18.0,e9,Cy-BippyPhos,nI,0.7811843865330459
15763,164.0,19.0,0.0,19.0,e7,PCy3 HBF4,nG,0.0
15764,164.0,20.0,0.0,20.0,e3,CgMe-PPh,nI,0.37696044105126186
15765,164.0,21.0,0.0,21.0,e1,PPh3,nA,0.2870639417300373
15766,164.0,22.0,0.0,22.0,e10,X-Phos,nI,0.7187458586231107
15767,164.0,23.0,0.0,23.0,e9,PnBu3 HBF4,nE,0.13881752224258265
15768,164.0,24.0,0.0,24.0,e4,Cy-BippyPhos,nD,0.0
15769,164.0,25.0,0.0,25.0,e1,Kwong,nE,0.07063982159185266
15770,164.0,26.0,0.0,26.0,e2,X-Phos,nD,0.810292693921554
15771,164.0,27.0,0.0,27.0,e4,tBPh-CPhos,nE,0.08334191795338486
15772,164.0,28.0,0.0,28.0,e3,MeO-KITPHOS,nE,0.10167919655151128
15773,164.0,29.0,0.0,29.0,e1,Ph-PhenCar-Phos,nD,0.0693435439672117
15774,164.0,30.0,0.0,30.0,e10,Cy-DavePhos,nA,0.6290037488957982
15775,164.0,31.0,0.0,31.0,e2,CgMe-PPh,nE,0.14444129012752938
15776,164.0,32.0,0.0,32.0,e9,BrettPhos,nC,0.1761979943768592
15777,164.0,33.0,0.0,33.0,e3,PPh3,nF,0.7331009521150271
15778,164.0,34.0,0.0,34.0,e1,A-caPhos,nF,0.010702303143673455
15779,164.0,35.0,0.0,35.0,e2,Cy-vBRIDP,nB,0.3426954282220505
15780,164.0,36.0,0.0,36.0,e10,X-Phos,nE,0.0935959226806929
15781,164.0,37.0,0.0,37.0,e9,PnBu3 HBF4,nG,0.39354534074743824
15782,164.0,38.0,0.0,38.0,e7,PPhtBu2,nA,0.22643925135847556
15783,164.0,39.0,0.0,39.0,e3,CX-PICy,nA,0.3216556256640709
15784,164.0,40.0,0.0,40.0,e2,"P(3,5-CF3-Ph)3",nB,0.3077541564280736
15785,164.0,41.0,0.0,41.0,e9,PPhMe2,nF,0.0
15786,164.0,42.0,0.0,42.0,e2,P(o-Anis)3,nE,0.11073968831160971
15787,164.0,43.0,0.0,43.0,e7,Cy-DavePhos,nD,0.7185111182227426
15788,164.0,44.0,0.0,44.0,e2,PPh2Me,nG,0.0
15789,164.0,45.0,0.0,45.0,e2,Et-PhenCar-Phos,nC,0.5743678887703998
15790,164.0,46.0,0.0,46.0,e5,CX-FBu,nD,0.14004055706710997
15791,164.0,47.0,0.0,47.0,e3,JackiePhos,nD,0.6652224475203186
15792,164.0,48.0,0.0,48.0,e10,P(fur)3,nB,0.29107612738736705
15793,164.0,49.0,0.0,49.0,e5,PCy3 HBF4,nI,0.34482654450171224
15794,164.0,50.0,0.0,50.0,e2,PPh3,nE,0.08087648972572638
15795,164.0,51.0,0.0,51.0,e4,Kwong,nA,0.0
15796,164.0,52.0,0.0,52.0,e7,tBPh-CPhos,nA,0.42655708759840044
15797,164.0,53.0,0.0,53.0,e2,Cy-DavePhos,nC,0.5482191793404829
15798,164.0,54.0,0.0,54.0,e3,Cy-BippyPhos,nC,0.4701158020102052
15799,164.0,55.0,0.0,55.0,e1,MeO-KITPHOS,nB,0.015845697854694092
15800,164.0,56.0,0.0,56.0,e7,Ph-PhenCar-Phos,nB,0.09789100504054042
15801,164.0,57.0,0.0,57.0,e3,JackiePhos,nI,0.44377710899114275
15802,164.0,58.0,0.0,58.0,e9,Et-PhenCar-Phos,nC,0.3799408105497681
15803,164.0,59.0,0.0,59.0,e5,X-Phos,nD,0.8408611369475726
15804,164.0,60.0,0.0,60.0,e9,Cy-vBRIDP,nG,0.47307553236824745
15805,164.0,61.0,0.0,61.0,e1,PnBu3 HBF4,nI,0.09337979085237404
15806,164.0,62.0,0.0,62.0,e3,CgMe-PPh,nE,0.13080909557688172
15807,164.0,63.0,0.0,63.0,e2,BrettPhos,nC,0.18745960828809252
15808,164.0,64.0,0.0,64.0,e7,CX-PICy,nE,0.02553348260378032
15809,164.0,65.0,0.0,65.0,e9,Cy-DavePhos,nD,0.7064770155795914
15810,164.0,66.0,0.0,66.0,e4,"P(3,5-CF3-Ph)3",nB,0.027212247580631236
15811,164.0,67.0,0.0,67.0,e2,X-Phos,nC,0.40642389315255095
15812,164.0,68.0,0.0,68.0,e9,PPhtBu2,nD,0.2526686520906297
15813,164.0,69.0,0.0,69.0,e7,PCy3 HBF4,nE,0.012884298674100353
15814,164.0,70.0,0.0,70.0,e3,Cy-BippyPhos,nF,0.818115739608698
15815,164.0,71.0,0.0,71.0,e10,tBPh-CPhos,nE,0.067635101402571
15816,164.0,72.0,0.0,72.0,e7,P(fur)3,nA,0.15917780258602543
15817,164.0,73.0,0.0,73.0,e3,A-caPhos,nA,0.31300672103875227
15818,164.0,74.0,0.0,74.0,e9,Cy-DavePhos,nE,0.11425610500152658
15819,164.0,75.0,0.0,75.0,e7,JackiePhos,nD,0.9134460718332484
15820,164.0,76.0,0.0,76.0,e3,PPh3,nI,0.029763654521305326
15821,164.0,77.0,0.0,77.0,e5,Cy-BippyPhos,nA,0.7454640568896914
15822,164.0,78.0,0.0,78.0,e7,JackiePhos,nI,0.6032624128682527
15823,164.0,79.0,0.0,79.0,e5,Cy-vBRIDP,nD,0.7161030534920702
15824,164.0,80.0,0.0,80.0,e5,P(o-Anis)3,nG,0.042964931261074535
15825,164.0,81.0,0.0,81.0,e7,CX-FBu,nC,0.015254117622773431
15826,164.0,82.0,0.0,82.0,e9,Et-PhenCar-Phos,nA,0.4931113401041398
15827,164.0,83.0,0.0,83.0,e4,X-Phos,nC,0.34258955436774835
15828,164.0,84.0,0.0,84.0,e9,Cy-BippyPhos,nE,0.1706050823301135
15829,164.0,85.0,0.0,85.0,e5,PPhMe2,nG,0.32039585377097946
15830,164.0,86.0,0.0,86.0,e7,Cy-vBRIDP,nB,0.18834091750393028
15831,164.0,87.0,0.0,87.0,e10,Kwong,nC,0.6516586410089802
15832,164.0,88.0,0.0,88.0,e10,PPh2Me,nF,0.9442102793927251
15833,164.0,89.0,0.0,89.0,e2,PPh2Me,nF,0.0
15834,164.0,90.0,0.0,90.0,e5,JackiePhos,nG,0.338261501637445
15835,164.0,91.0,0.0,91.0,e1,Ph-PhenCar-Phos,nC,0.12082905001684137
15836,164.0,92.0,0.0,92.0,e4,MeO-KITPHOS,nE,0.0
15837,164.0,93.0,0.0,93.0,e5,BrettPhos,nB,0.12946958176386614
15838,164.0,94.0,0.0,94.0,e5,Cy-DavePhos,nE,0.20379204247564497
15839,164.0,95.0,0.0,95.0,e4,CgMe-PPh,nC,0.07729202271014396
15840,165.0,0.0,0.0,0.0,e2,A-caPhos,nC,0.6792763491019146
15841,165.0,1.0,0.0,1.0,e2,BrettPhos,nA,0.4002350326194897
15842,165.0,2.0,0.0,2.0,e7,CX-FBu,nB,0.0925326789625629
15843,165.0,3.0,0.0,3.0,e9,CX-PICy,nI,0.5796467982779039
15844,165.0,4.0,0.0,4.0,e7,Cy-DavePhos,nI,0.2468203134373269
15845,165.0,5.0,0.0,5.0,e4,Cy-vBRIDP,nF,0.08710389043025306
15846,165.0,6.0,0.0,6.0,e5,Kwong,nF,0.007071092684467668
15847,165.0,7.0,0.0,7.0,e2,MeO-KITPHOS,nA,0.6953968715197815
15848,165.0,8.0,0.0,8.0,e3,P(o-Anis)3,nC,0.5299247414529387
15849,165.0,9.0,0.0,9.0,e10,Et-PhenCar-Phos,nD,0.9813444766852435
15850,165.0,10.0,0.0,10.0,e10,JackiePhos,nE,0.13231340139379136
15851,165.0,11.0,0.0,11.0,e2,"P(3,5-CF3-Ph)3",nI,0.7101552221676866
15852,165.0,12.0,0.0,12.0,e7,P(fur)3,nD,0.371885023964237
15853,165.0,13.0,0.0,13.0,e5,Ph-PhenCar-Phos,nD,0.05973892971813824
15854,165.0,14.0,0.0,14.0,e7,PPh2Me,nG,0.01761201016057301
15855,165.0,15.0,0.0,15.0,e3,PPhtBu2,nA,0.3650613273843325
15856,165.0,16.0,0.0,16.0,e5,tBPh-CPhos,nA,0.7026512612569452
15857,165.0,17.0,0.0,17.0,e10,PPhMe2,nI,0.5272307031167799
15858,165.0,18.0,0.0,18.0,e9,Cy-BippyPhos,nG,0.46478882021105844
15859,165.0,19.0,0.0,19.0,e2,PCy3 HBF4,nF,0.06006001678298359
15860,165.0,20.0,0.0,20.0,e9,CgMe-PPh,nC,0.40356850702768715
15861,165.0,21.0,0.0,21.0,e2,PPh3,nB,0.06113101017244386
15862,165.0,22.0,0.0,22.0,e4,X-Phos,nE,0.0
15863,165.0,23.0,0.0,23.0,e10,PnBu3 HBF4,nA,0.145126946063475
15864,165.0,24.0,0.0,24.0,e9,Et-PhenCar-Phos,nG,0.46505962614221114
15865,165.0,25.0,0.0,25.0,e1,"P(3,5-CF3-Ph)3",nI,0.05907258173862887
15866,165.0,26.0,0.0,26.0,e2,tBPh-CPhos,nA,0.8502272930334943
15867,165.0,27.0,0.0,27.0,e7,MeO-KITPHOS,nD,0.27695472336861027
15868,165.0,28.0,0.0,28.0,e9,A-caPhos,nE,0.1264609747923346
15869,165.0,29.0,0.0,29.0,e5,CX-PICy,nB,0.25414471887183276
15870,165.0,30.0,0.0,30.0,e1,P(o-Anis)3,nD,0.06718965695755724
15871,165.0,31.0,0.0,31.0,e4,PPhMe2,nB,0.0
15872,165.0,32.0,0.0,32.0,e7,Cy-BippyPhos,nC,0.8232211000009824
15873,165.0,33.0,0.0,33.0,e2,CgMe-PPh,nF,0.42403845111744487
15874,165.0,34.0,0.0,34.0,e7,BrettPhos,nC,0.0
15875,165.0,35.0,0.0,35.0,e10,P(fur)3,nF,0.9483400902675492
15876,165.0,36.0,0.0,36.0,e5,PPhtBu2,nG,0.3392981528661412
15877,165.0,37.0,0.0,37.0,e3,Cy-DavePhos,nB,0.16485335147347094
15878,165.0,38.0,0.0,38.0,e5,tBPh-CPhos,nC,0.7175681052805551
15879,165.0,39.0,0.0,39.0,e1,PnBu3 HBF4,nB,0.005892158794976363
15880,165.0,40.0,0.0,40.0,e3,Et-PhenCar-Phos,nF,0.7168147526183698
15881,165.0,41.0,0.0,41.0,e3,JackiePhos,nG,0.6578858211575712
15882,165.0,42.0,0.0,42.0,e10,CX-FBu,nC,0.09554429852233287
15883,165.0,43.0,0.0,43.0,e4,Cy-vBRIDP,nD,0.0814370688803937
15884,165.0,44.0,0.0,44.0,e2,P(fur)3,nA,0.7855864152365213
15885,165.0,45.0,0.0,45.0,e9,PPh3,nI,0.45913414385457335
15886,165.0,46.0,0.0,46.0,e10,PCy3 HBF4,nB,0.0
15887,165.0,47.0,0.0,47.0,e4,Ph-PhenCar-Phos,nI,0.03672891692050217
15888,165.0,48.0,0.0,48.0,e5,Cy-BippyPhos,nA,0.7454640568896914
15889,165.0,49.0,0.0,49.0,e1,PPh2Me,nD,0.033096066833962406
15890,165.0,50.0,0.0,50.0,e2,Kwong,nG,0.197472465219982
15891,165.0,51.0,0.0,51.0,e9,X-Phos,nE,0.11576466040964467
15892,165.0,52.0,0.0,52.0,e1,tBPh-CPhos,nC,0.20431204836192307
15893,165.0,53.0,0.0,53.0,e5,MeO-KITPHOS,nD,0.7150014599477411
15894,165.0,54.0,0.0,54.0,e9,Et-PhenCar-Phos,nB,0.15268768262180096
15895,165.0,55.0,0.0,55.0,e5,P(fur)3,nA,0.7422450479697658
15896,165.0,56.0,0.0,56.0,e7,Cy-BippyPhos,nI,0.8044666768394777
15897,165.0,57.0,0.0,57.0,e1,CX-PICy,nB,0.158428631262488
15898,165.0,58.0,0.0,58.0,e4,CgMe-PPh,nB,0.010586928381835779
15899,165.0,59.0,0.0,59.0,e7,A-caPhos,nB,0.19570168231689697
15900,165.0,60.0,0.0,60.0,e5,JackiePhos,nA,0.7290418673450977
15901,165.0,61.0,0.0,61.0,e3,"P(3,5-CF3-Ph)3",nA,0.08371816344615461
15902,165.0,62.0,0.0,62.0,e3,PPhtBu2,nG,0.42214668793427734
15903,165.0,63.0,0.0,63.0,e2,MeO-KITPHOS,nC,0.5379588871410882
15904,165.0,64.0,0.0,64.0,e10,P(o-Anis)3,nA,0.13685257205098517
15905,165.0,65.0,0.0,65.0,e4,P(fur)3,nB,0.04357911135254303
15906,165.0,66.0,0.0,66.0,e7,Cy-BippyPhos,nB,0.26761082245238416
15907,165.0,67.0,0.0,67.0,e7,PPhMe2,nD,0.17967402718109338
15908,165.0,68.0,0.0,68.0,e9,PPh3,nE,0.09067760339083293
15909,165.0,69.0,0.0,69.0,e10,JackiePhos,nG,0.19943476808224297
15910,165.0,70.0,0.0,70.0,e5,Cy-DavePhos,nF,0.03313108332432727
15911,165.0,71.0,0.0,71.0,e10,tBPh-CPhos,nD,1.0
15912,165.0,72.0,0.0,72.0,e2,BrettPhos,nD,0.8847296047814194
15913,165.0,73.0,0.0,73.0,e4,tBPh-CPhos,nG,0.04357628217462166
15914,165.0,74.0,0.0,74.0,e10,BrettPhos,nA,0.3672528507287323
15915,165.0,75.0,0.0,75.0,e5,Et-PhenCar-Phos,nA,0.7577678491226976
15916,165.0,76.0,0.0,76.0,e9,MeO-KITPHOS,nG,0.30072675877618354
15917,165.0,77.0,0.0,77.0,e3,PPhtBu2,nD,0.6677531336144049
15918,165.0,78.0,0.0,78.0,e5,Kwong,nI,0.605127225193205
15919,165.0,79.0,0.0,79.0,e5,Cy-BippyPhos,nF,0.5547253517877193
15920,165.0,80.0,0.0,80.0,e4,Et-PhenCar-Phos,nE,0.006684621137560202
15921,165.0,81.0,0.0,81.0,e4,CX-FBu,nB,0.003611186330700581
15922,165.0,82.0,0.0,82.0,e2,Cy-vBRIDP,nA,0.9280139562522538
15923,165.0,83.0,0.0,83.0,e10,Cy-vBRIDP,nI,0.8380507759186263
15924,165.0,84.0,0.0,84.0,e5,PnBu3 HBF4,nC,0.7038726736579902
15925,165.0,85.0,0.0,85.0,e7,A-caPhos,nE,0.0
15926,165.0,86.0,0.0,86.0,e3,CX-PICy,nB,0.0849376627257103
15927,165.0,87.0,0.0,87.0,e7,Cy-vBRIDP,nI,0.27806549204654124
15928,165.0,88.0,0.0,88.0,e10,P(fur)3,nD,0.986548910086449
15929,165.0,89.0,0.0,89.0,e3,X-Phos,nE,0.1548016728315108
15930,165.0,90.0,0.0,90.0,e3,P(fur)3,nF,0.44484850798719355
15931,165.0,91.0,0.0,91.0,e1,Ph-PhenCar-Phos,nA,0.18568024853139675
15932,165.0,92.0,0.0,92.0,e4,PPhtBu2,nE,0.0
15933,165.0,93.0,0.0,93.0,e9,PCy3 HBF4,nE,0.09422828034713238
15934,165.0,94.0,0.0,94.0,e2,PnBu3 HBF4,nC,0.6344642168342858
15935,165.0,95.0,0.0,95.0,e4,PPh2Me,nE,0.0
15936,166.0,0.0,0.0,0.0,e3,A-caPhos,nC,0.44127462725198824
15937,166.0,1.0,0.0,1.0,e10,BrettPhos,nE,0.057568734516984195
15938,166.0,2.0,0.0,2.0,e9,CX-FBu,nD,0.0
15939,166.0,3.0,0.0,3.0,e3,CX-PICy,nF,0.6497944840300122
15940,166.0,4.0,0.0,4.0,e10,Cy-DavePhos,nA,0.6290037488957982
15941,166.0,5.0,0.0,5.0,e5,Cy-vBRIDP,nI,0.7979626994163204
15942,166.0,6.0,0.0,6.0,e5,Kwong,nG,0.24931580024802266
15943,166.0,7.0,0.0,7.0,e3,MeO-KITPHOS,nF,0.6190014842829609
15944,166.0,8.0,0.0,8.0,e1,P(o-Anis)3,nA,0.30722554215143316
15945,166.0,9.0,0.0,9.0,e2,Et-PhenCar-Phos,nE,0.039995288671309644
15946,166.0,10.0,0.0,10.0,e9,JackiePhos,nA,0.4878435591523317
15947,166.0,11.0,0.0,11.0,e9,"P(3,5-CF3-Ph)3",nA,0.28248248720696867
15948,166.0,12.0,0.0,12.0,e9,P(fur)3,nE,0.042314138706189254
15949,166.0,13.0,0.0,13.0,e10,Ph-PhenCar-Phos,nB,0.010682786436433955
15950,166.0,14.0,0.0,14.0,e5,PPh2Me,nE,0.26506344108851254
15951,166.0,15.0,0.0,15.0,e7,PPhtBu2,nA,0.22643925135847556
15952,166.0,16.0,0.0,16.0,e5,tBPh-CPhos,nE,0.21985955173112223
15953,166.0,17.0,0.0,17.0,e7,PPhMe2,nF,0.0
15954,166.0,18.0,0.0,18.0,e10,Cy-BippyPhos,nI,0.8194571896084138
15955,166.0,19.0,0.0,19.0,e1,PCy3 HBF4,nC,0.12548596697694442
15956,166.0,20.0,0.0,20.0,e9,CgMe-PPh,nB,0.16201116259216772
15957,166.0,21.0,0.0,21.0,e10,PPh3,nG,0.1393167968001149
15958,166.0,22.0,0.0,22.0,e3,X-Phos,nF,0.8295848550156448
15959,166.0,23.0,0.0,23.0,e4,PnBu3 HBF4,nC,0.0
15960,166.0,24.0,0.0,24.0,e4,X-Phos,nG,0.014305219597103146
15961,166.0,25.0,0.0,25.0,e7,Cy-BippyPhos,nD,1.0
15962,166.0,26.0,0.0,26.0,e1,Cy-vBRIDP,nI,0.10345030861489754
15963,166.0,27.0,0.0,27.0,e2,CX-PICy,nA,0.6627082272144782
15964,166.0,28.0,0.0,28.0,e4,Cy-DavePhos,nF,0.1085703896725537
15965,166.0,29.0,0.0,29.0,e7,MeO-KITPHOS,nC,0.1818058238116577
15966,166.0,30.0,0.0,30.0,e10,JackiePhos,nI,0.6404668815291216
15967,166.0,31.0,0.0,31.0,e9,A-caPhos,nG,0.4248789034782635
15968,166.0,32.0,0.0,32.0,e2,Cy-BippyPhos,nA,0.947422522089135
15969,166.0,33.0,0.0,33.0,e5,P(o-Anis)3,nG,0.042964931261074535
15970,166.0,34.0,0.0,34.0,e9,"P(3,5-CF3-Ph)3",nB,0.06814180345199915
15971,166.0,35.0,0.0,35.0,e3,PPh2Me,nF,0.4801900206505367
15972,166.0,36.0,0.0,36.0,e9,Kwong,nG,0.48310327993375796
15973,166.0,37.0,0.0,37.0,e9,PPhtBu2,nF,0.04207540286700265
15974,166.0,38.0,0.0,38.0,e1,tBPh-CPhos,nC,0.20431204836192307
15975,166.0,39.0,0.0,39.0,e4,CgMe-PPh,nC,0.07729202271014396
15976,166.0,40.0,0.0,40.0,e9,PPh3,nD,0.6001831529671628
15977,166.0,41.0,0.0,41.0,e1,PCy3 HBF4,nI,0.04512889597205454
15978,166.0,42.0,0.0,42.0,e1,Cy-BippyPhos,nF,0.042463401107959806
15979,166.0,43.0,0.0,43.0,e5,CX-PICy,nI,0.7387768863355436
15980,166.0,44.0,0.0,44.0,e2,BrettPhos,nE,0.06752498396007568
15981,166.0,45.0,0.0,45.0,e7,P(fur)3,nF,0.003960698397596189
15982,166.0,46.0,0.0,46.0,e1,Et-PhenCar-Phos,nE,0.038240826794146296
15983,166.0,47.0,0.0,47.0,e9,Ph-PhenCar-Phos,nE,0.08998609138257692
15984,166.0,48.0,0.0,48.0,e2,CX-FBu,nG,0.0
15985,166.0,49.0,0.0,49.0,e10,PPhMe2,nB,0.36471787230730734
15986,166.0,50.0,0.0,50.0,e7,PnBu3 HBF4,nE,0.0
15987,166.0,51.0,0.0,51.0,e2,JackiePhos,nI,0.6460679308159928
15988,166.0,52.0,0.0,52.0,e9,Cy-vBRIDP,nG,0.47307553236824745
15989,166.0,53.0,0.0,53.0,e7,A-caPhos,nB,0.19570168231689697
15990,166.0,54.0,0.0,54.0,e5,CX-PICy,nB,0.25414471887183276
15991,166.0,55.0,0.0,55.0,e2,X-Phos,nE,0.05720851394385538
15992,166.0,56.0,0.0,56.0,e5,MeO-KITPHOS,nA,0.677313943864531
15993,166.0,57.0,0.0,57.0,e7,PPh2Me,nD,0.1229873725585538
15994,166.0,58.0,0.0,58.0,e2,PPh3,nF,0.46094142786882736
15995,166.0,59.0,0.0,59.0,e7,Cy-DavePhos,nE,0.07737987898288086
15996,166.0,60.0,0.0,60.0,e2,Kwong,nB,0.28740360301809015
15997,166.0,61.0,0.0,61.0,e10,JackiePhos,nE,0.13231340139379136
15998,166.0,62.0,0.0,62.0,e1,Cy-BippyPhos,nE,0.08360289329221145
15999,166.0,63.0,0.0,63.0,e10,MeO-KITPHOS,nG,0.4483889452545666
16000,166.0,64.0,0.0,64.0,e4,tBPh-CPhos,nF,0.13333417034980927
16001,166.0,65.0,0.0,65.0,e5,Cy-vBRIDP,nF,0.0
16002,166.0,66.0,0.0,66.0,e7,PPhMe2,nC,0.45538465088279884
16003,166.0,67.0,0.0,67.0,e2,"P(3,5-CF3-Ph)3",nI,0.7101552221676866
16004,166.0,68.0,0.0,68.0,e2,P(o-Anis)3,nG,0.12131880345908684
16005,166.0,69.0,0.0,69.0,e4,CX-PICy,nI,0.049131110362350565
16006,166.0,70.0,0.0,70.0,e10,PPh3,nB,0.027379747986006113
16007,166.0,71.0,0.0,71.0,e1,PPhtBu2,nI,0.0
16008,166.0,72.0,0.0,72.0,e10,CgMe-PPh,nA,0.1556727410455523
16009,166.0,73.0,0.0,73.0,e1,A-caPhos,nI,0.03722071252473063
16010,166.0,74.0,0.0,74.0,e10,"P(3,5-CF3-Ph)3",nE,0.08377153804882367
16011,166.0,75.0,0.0,75.0,e2,PCy3 HBF4,nD,0.7652714503735659
16012,166.0,76.0,0.0,76.0,e3,Kwong,nF,0.751341990836228
16013,166.0,77.0,0.0,77.0,e2,MeO-KITPHOS,nG,0.2917340042609233
16014,166.0,78.0,0.0,78.0,e7,BrettPhos,nF,0.05748979531195996
16015,166.0,79.0,0.0,79.0,e1,JackiePhos,nA,0.8639833503359745
16016,166.0,80.0,0.0,80.0,e4,Cy-BippyPhos,nI,0.01506826698150689
16017,166.0,81.0,0.0,81.0,e4,PCy3 HBF4,nC,0.08261648826420669
16018,166.0,82.0,0.0,82.0,e7,Ph-PhenCar-Phos,nB,0.09789100504054042
16019,166.0,83.0,0.0,83.0,e5,X-Phos,nA,0.7308372177455247
16020,166.0,84.0,0.0,84.0,e10,Et-PhenCar-Phos,nC,0.7283750489168687
16021,166.0,85.0,0.0,85.0,e4,JackiePhos,nG,0.011497397001572884
16022,166.0,86.0,0.0,86.0,e9,PPh2Me,nA,0.1862919698404241
16023,166.0,87.0,0.0,87.0,e1,Kwong,nI,0.017331328917836657
16024,166.0,88.0,0.0,88.0,e1,P(fur)3,nI,0.0
16025,166.0,89.0,0.0,89.0,e10,PPhMe2,nE,0.1008193657573415
16026,166.0,90.0,0.0,90.0,e1,Cy-DavePhos,nF,0.0
16027,166.0,91.0,0.0,91.0,e9,Et-PhenCar-Phos,nD,0.6763905107050712
16028,166.0,92.0,0.0,92.0,e1,CX-FBu,nC,0.027604957748843088
16029,166.0,93.0,0.0,93.0,e7,PnBu3 HBF4,nB,0.027547310407485818
16030,166.0,94.0,0.0,94.0,e9,X-Phos,nD,0.745297985783962
16031,166.0,95.0,0.0,95.0,e7,Et-PhenCar-Phos,nB,0.3099147672836797
16032,167.0,0.0,0.0,0.0,e4,A-caPhos,nC,0.22300559618283194
16033,167.0,1.0,0.0,1.0,e3,BrettPhos,nI,0.03009704001424225
16034,167.0,2.0,0.0,2.0,e10,CX-FBu,nB,0.1174497941912104
16035,167.0,3.0,0.0,3.0,e7,CX-PICy,nI,0.5099042814136777
16036,167.0,4.0,0.0,4.0,e2,Cy-DavePhos,nA,0.890605834039087
16037,167.0,5.0,0.0,5.0,e10,Cy-vBRIDP,nA,0.6642431458921436
16038,167.0,6.0,0.0,6.0,e1,Kwong,nE,0.07063982159185266
16039,167.0,7.0,0.0,7.0,e4,MeO-KITPHOS,nI,0.046668452270735516
16040,167.0,8.0,0.0,8.0,e7,P(o-Anis)3,nD,0.20661863979261372
16041,167.0,9.0,0.0,9.0,e5,Et-PhenCar-Phos,nI,0.8679590234640545
16042,167.0,10.0,0.0,10.0,e1,JackiePhos,nE,0.07879071157202047
16043,167.0,11.0,0.0,11.0,e5,"P(3,5-CF3-Ph)3",nI,0.9667861636236104
16044,167.0,12.0,0.0,12.0,e5,P(fur)3,nD,0.7206680265827334
16045,167.0,13.0,0.0,13.0,e7,Ph-PhenCar-Phos,nF,0.17977391419077005
16046,167.0,14.0,0.0,14.0,e1,PPh2Me,nB,0.01727201608687613
16047,167.0,15.0,0.0,15.0,e10,PPhtBu2,nG,0.2854037571220982
16048,167.0,16.0,0.0,16.0,e7,tBPh-CPhos,nA,0.42655708759840044
16049,167.0,17.0,0.0,17.0,e4,PPhMe2,nC,0.05076454644852316
16050,167.0,18.0,0.0,18.0,e1,Cy-BippyPhos,nC,0.12530079881726516
16051,167.0,19.0,0.0,19.0,e1,PCy3 HBF4,nF,0.0936542572430908
16052,167.0,20.0,0.0,20.0,e9,CgMe-PPh,nB,0.16201116259216772
16053,167.0,21.0,0.0,21.0,e5,PPh3,nB,0.10428974023151304
16054,167.0,22.0,0.0,22.0,e10,X-Phos,nG,0.26909978021938563
16055,167.0,23.0,0.0,23.0,e10,PnBu3 HBF4,nC,0.6529372533584769
16056,167.0,24.0,0.0,24.0,e3,"P(3,5-CF3-Ph)3",nD,0.5723115602287895
16057,167.0,25.0,0.0,25.0,e9,Cy-DavePhos,nF,0.869939977523386
16058,167.0,26.0,0.0,26.0,e4,Et-PhenCar-Phos,nE,0.006684621137560202
16059,167.0,27.0,0.0,27.0,e3,P(fur)3,nG,0.19737875966328072
16060,167.0,28.0,0.0,28.0,e3,Cy-vBRIDP,nG,0.6350943239493974
16061,167.0,29.0,0.0,29.0,e5,PnBu3 HBF4,nC,0.7038726736579902
16062,167.0,30.0,0.0,30.0,e2,CX-PICy,nE,0.1112468268031635
16063,167.0,31.0,0.0,31.0,e10,tBPh-CPhos,nE,0.067635101402571
16064,167.0,32.0,0.0,32.0,e9,Cy-DavePhos,nI,0.6237855110018449
16065,167.0,33.0,0.0,33.0,e5,PPhtBu2,nC,0.7698254349858591
16066,167.0,34.0,0.0,34.0,e5,X-Phos,nG,0.36700316278880124
16067,167.0,35.0,0.0,35.0,e5,A-caPhos,nC,0.7479428186239185
16068,167.0,36.0,0.0,36.0,e9,P(o-Anis)3,nA,0.15362948073366284
16069,167.0,37.0,0.0,37.0,e9,"P(3,5-CF3-Ph)3",nF,0.3243416897405247
16070,167.0,38.0,0.0,38.0,e7,Ph-PhenCar-Phos,nI,0.1595207097498683
16071,167.0,39.0,0.0,39.0,e2,CgMe-PPh,nA,0.6670880102879697
16072,167.0,40.0,0.0,40.0,e4,Cy-BippyPhos,nG,0.015289072522480941
16073,167.0,41.0,0.0,41.0,e4,CX-FBu,nG,0.020464891268564923
16074,167.0,42.0,0.0,42.0,e7,PPh3,nF,0.578123168434268
16075,167.0,43.0,0.0,43.0,e5,PCy3 HBF4,nD,0.4635875867274559
16076,167.0,44.0,0.0,44.0,e7,PnBu3 HBF4,nA,0.19159700729969498
16077,167.0,45.0,0.0,45.0,e7,JackiePhos,nF,0.01228824735837601
16078,167.0,46.0,0.0,46.0,e1,Kwong,nA,0.11345641456119931
16079,167.0,47.0,0.0,47.0,e4,Cy-vBRIDP,nI,0.08512605466614513
16080,167.0,48.0,0.0,48.0,e9,PPhMe2,nC,0.30440801781180693
16081,167.0,49.0,0.0,49.0,e10,MeO-KITPHOS,nD,0.8998197521786309
16082,167.0,50.0,0.0,50.0,e4,BrettPhos,nI,0.0
16083,167.0,51.0,0.0,51.0,e2,PPh2Me,nC,0.6126561714426878
16084,167.0,52.0,0.0,52.0,e5,Cy-DavePhos,nE,0.20379204247564497
16085,167.0,53.0,0.0,53.0,e9,PPhtBu2,nF,0.04207540286700265
16086,167.0,54.0,0.0,54.0,e10,A-caPhos,nE,0.06369465752083445
16087,167.0,55.0,0.0,55.0,e10,MeO-KITPHOS,nA,0.5040049303765105
16088,167.0,56.0,0.0,56.0,e5,P(fur)3,nE,0.1658371632512746
16089,167.0,57.0,0.0,57.0,e4,Et-PhenCar-Phos,nC,0.5137778282322677
16090,167.0,58.0,0.0,58.0,e7,CgMe-PPh,nI,0.6142759277683246
16091,167.0,59.0,0.0,59.0,e5,"P(3,5-CF3-Ph)3",nB,0.24568271742359823
16092,167.0,60.0,0.0,60.0,e3,PPh3,nC,0.5766867841866626
16093,167.0,61.0,0.0,61.0,e3,X-Phos,nF,0.8295848550156448
16094,167.0,62.0,0.0,62.0,e1,PPh2Me,nI,0.05859619006636522
16095,167.0,63.0,0.0,63.0,e3,CX-PICy,nE,0.1788347445386581
16096,167.0,64.0,0.0,64.0,e2,PCy3 HBF4,nB,0.029838368623291776
16097,167.0,65.0,0.0,65.0,e9,PnBu3 HBF4,nI,0.364306479041637
16098,167.0,66.0,0.0,66.0,e2,tBPh-CPhos,nD,0.9627817421488892
16099,167.0,67.0,0.0,67.0,e9,Cy-DavePhos,nD,0.7064770155795914
16100,167.0,68.0,0.0,68.0,e3,X-Phos,nI,0.43402238114543207
16101,167.0,69.0,0.0,69.0,e7,tBPh-CPhos,nI,0.3070094849804215
16102,167.0,70.0,0.0,70.0,e5,MeO-KITPHOS,nG,0.5037716636607265
16103,167.0,71.0,0.0,71.0,e1,CgMe-PPh,nC,0.11816325573626481
16104,167.0,72.0,0.0,72.0,e1,Et-PhenCar-Phos,nA,0.5211070217161989
16105,167.0,73.0,0.0,73.0,e4,Cy-vBRIDP,nD,0.0814370688803937
16106,167.0,74.0,0.0,74.0,e9,P(o-Anis)3,nC,0.3510501736587359
16107,167.0,75.0,0.0,75.0,e4,PPhMe2,nA,0.0
16108,167.0,76.0,0.0,76.0,e2,Ph-PhenCar-Phos,nA,0.0
16109,167.0,77.0,0.0,77.0,e3,PPh3,nG,0.5441952440189306
16110,167.0,78.0,0.0,78.0,e1,Cy-DavePhos,nF,0.0
16111,167.0,79.0,0.0,79.0,e7,"P(3,5-CF3-Ph)3",nA,0.10610513723257087
16112,167.0,80.0,0.0,80.0,e4,PPhtBu2,nA,0.03055984955910126
16113,167.0,81.0,0.0,81.0,e3,P(fur)3,nC,0.46239361820179303
16114,167.0,82.0,0.0,82.0,e10,Kwong,nG,0.24923381383602894
16115,167.0,83.0,0.0,83.0,e7,A-caPhos,nA,0.22387111117310493
16116,167.0,84.0,0.0,84.0,e5,MeO-KITPHOS,nF,0.6717033584808797
16117,167.0,85.0,0.0,85.0,e5,Cy-BippyPhos,nE,0.276087915044034
16118,167.0,86.0,0.0,86.0,e5,CX-FBu,nA,0.036929391233255865
16119,167.0,87.0,0.0,87.0,e3,PnBu3 HBF4,nC,0.5104443617808837
16120,167.0,88.0,0.0,88.0,e1,Et-PhenCar-Phos,nG,0.07748698744311458
16121,167.0,89.0,0.0,89.0,e2,X-Phos,nD,0.810292693921554
16122,167.0,90.0,0.0,90.0,e3,JackiePhos,nA,0.49532594634296395
16123,167.0,91.0,0.0,91.0,e7,PPh3,nI,0.24779538065626336
16124,167.0,92.0,0.0,92.0,e1,tBPh-CPhos,nG,0.12674104413371357
16125,167.0,93.0,0.0,93.0,e2,X-Phos,nA,0.7289375568068931
16126,167.0,94.0,0.0,94.0,e1,BrettPhos,nD,0.04394938440180767
16127,167.0,95.0,0.0,95.0,e9,CX-PICy,nE,0.11110502362494325
16128,168.0,0.0,0.0,0.0,e2,A-caPhos,nE,0.03960375441695721
16129,168.0,1.0,0.0,1.0,e2,BrettPhos,nI,0.27240859666650985
16130,168.0,2.0,0.0,2.0,e2,CX-FBu,nG,0.0
16131,168.0,3.0,0.0,3.0,e2,CX-PICy,nB,0.019159777876378164
16132,168.0,4.0,0.0,4.0,e10,Cy-DavePhos,nE,0.14634029717947056
16133,168.0,5.0,0.0,5.0,e1,Cy-vBRIDP,nF,0.05518931662697358
16134,168.0,6.0,0.0,6.0,e2,Kwong,nE,0.15385645810893028
16135,168.0,7.0,0.0,7.0,e5,MeO-KITPHOS,nE,0.20090081346750718
16136,168.0,8.0,0.0,8.0,e5,P(o-Anis)3,nE,0.08503037414620321
16137,168.0,9.0,0.0,9.0,e1,Et-PhenCar-Phos,nG,0.07748698744311458
16138,168.0,10.0,0.0,10.0,e9,JackiePhos,nG,0.542757589383612
16139,168.0,11.0,0.0,11.0,e1,"P(3,5-CF3-Ph)3",nE,0.02574746723401784
16140,168.0,12.0,0.0,12.0,e10,P(fur)3,nA,0.6938329241091595
16141,168.0,13.0,0.0,13.0,e2,Ph-PhenCar-Phos,nF,0.02360378244278219
16142,168.0,14.0,0.0,14.0,e7,PPh2Me,nE,0.014703352842934232
16143,168.0,15.0,0.0,15.0,e2,PPhtBu2,nC,0.5884787341556109
16144,168.0,16.0,0.0,16.0,e1,tBPh-CPhos,nF,0.2236049471858116
16145,168.0,17.0,0.0,17.0,e5,PPhMe2,nF,0.0
16146,168.0,18.0,0.0,18.0,e1,Cy-BippyPhos,nE,0.08360289329221145
16147,168.0,19.0,0.0,19.0,e4,PCy3 HBF4,nI,0.08784137609541397
16148,168.0,20.0,0.0,20.0,e3,CgMe-PPh,nE,0.13080909557688172
16149,168.0,21.0,0.0,21.0,e1,PPh3,nB,0.1440608266906695
16150,168.0,22.0,0.0,22.0,e7,X-Phos,nB,0.24145251337028
16151,168.0,23.0,0.0,23.0,e10,PnBu3 HBF4,nG,0.03445540105517488
16152,168.0,24.0,0.0,24.0,e9,P(fur)3,nF,0.14474013927612028
16153,168.0,25.0,0.0,25.0,e7,PPhtBu2,nF,0.006345526298723309
16154,168.0,26.0,0.0,26.0,e1,JackiePhos,nE,0.07879071157202047
16155,168.0,27.0,0.0,27.0,e9,BrettPhos,nI,0.032611559012961096
16156,168.0,28.0,0.0,28.0,e1,X-Phos,nB,0.13808085610167717
16157,168.0,29.0,0.0,29.0,e2,tBPh-CPhos,nF,0.9180522305589233
16158,168.0,30.0,0.0,30.0,e10,MeO-KITPHOS,nD,0.8998197521786309
16159,168.0,31.0,0.0,31.0,e2,Kwong,nG,0.197472465219982
16160,168.0,32.0,0.0,32.0,e4,Cy-DavePhos,nD,0.03141453777755875
16161,168.0,33.0,0.0,33.0,e10,PPh3,nA,0.17893078161194448
16162,168.0,34.0,0.0,34.0,e1,CgMe-PPh,nA,0.6945948510850428
16163,168.0,35.0,0.0,35.0,e3,PCy3 HBF4,nG,0.21655404349373675
16164,168.0,36.0,0.0,36.0,e3,P(o-Anis)3,nC,0.5299247414529387
16165,168.0,37.0,0.0,37.0,e1,Cy-BippyPhos,nA,0.6371489847313551
16166,168.0,38.0,0.0,38.0,e1,Et-PhenCar-Phos,nI,0.05407119647865783
16167,168.0,39.0,0.0,39.0,e9,Cy-vBRIDP,nB,0.1653784441959319
16168,168.0,40.0,0.0,40.0,e4,A-caPhos,nE,0.0
16169,168.0,41.0,0.0,41.0,e7,PnBu3 HBF4,nD,0.08555081309162699
16170,168.0,42.0,0.0,42.0,e7,"P(3,5-CF3-Ph)3",nD,0.7248719169293781
16171,168.0,43.0,0.0,43.0,e3,Ph-PhenCar-Phos,nA,0.09713443673361893
16172,168.0,44.0,0.0,44.0,e2,CX-PICy,nD,0.844934148288056
16173,168.0,45.0,0.0,45.0,e3,PPh2Me,nF,0.4801900206505367
16174,168.0,46.0,0.0,46.0,e3,CX-FBu,nG,0.05424980853629999
16175,168.0,47.0,0.0,47.0,e4,PPhMe2,nB,0.0
16176,168.0,48.0,0.0,48.0,e5,tBPh-CPhos,nC,0.7175681052805551
16177,168.0,49.0,0.0,49.0,e10,MeO-KITPHOS,nA,0.5040049303765105
16178,168.0,50.0,0.0,50.0,e1,CX-PICy,nG,0.10103394714922777
16179,168.0,51.0,0.0,51.0,e5,P(fur)3,nD,0.7206680265827334
16180,168.0,52.0,0.0,52.0,e5,CgMe-PPh,nB,0.24129886485371901
16181,168.0,53.0,0.0,53.0,e2,"P(3,5-CF3-Ph)3",nD,0.8356393853580697
16182,168.0,54.0,0.0,54.0,e5,Cy-BippyPhos,nC,0.7310324837389857
16183,168.0,55.0,0.0,55.0,e3,tBPh-CPhos,nC,0.4601786928065039
16184,168.0,56.0,0.0,56.0,e4,JackiePhos,nC,0.28682741874775813
16185,168.0,57.0,0.0,57.0,e7,P(o-Anis)3,nG,0.04483783011499854
16186,168.0,58.0,0.0,58.0,e4,PPhtBu2,nF,0.0
16187,168.0,59.0,0.0,59.0,e2,MeO-KITPHOS,nC,0.5379588871410882
16188,168.0,60.0,0.0,60.0,e7,"P(3,5-CF3-Ph)3",nG,0.004136174060489153
16189,168.0,61.0,0.0,61.0,e10,P(fur)3,nC,0.7314440607369128
16190,168.0,62.0,0.0,62.0,e5,PPh2Me,nE,0.26506344108851254
16191,168.0,63.0,0.0,63.0,e9,Cy-BippyPhos,nB,0.19614551978344988
16192,168.0,64.0,0.0,64.0,e4,X-Phos,nE,0.0
16193,168.0,65.0,0.0,65.0,e5,Kwong,nE,0.16336084003327056
16194,168.0,66.0,0.0,66.0,e7,tBPh-CPhos,nA,0.42655708759840044
16195,168.0,67.0,0.0,67.0,e1,PPh3,nG,0.03305769806250671
16196,168.0,68.0,0.0,68.0,e4,P(fur)3,nA,0.0
16197,168.0,69.0,0.0,69.0,e3,BrettPhos,nI,0.03009704001424225
16198,168.0,70.0,0.0,70.0,e10,PCy3 HBF4,nA,0.06858302437999264
16199,168.0,71.0,0.0,71.0,e2,MeO-KITPHOS,nG,0.2917340042609233
16200,168.0,72.0,0.0,72.0,e4,Cy-vBRIDP,nB,0.0
16201,168.0,73.0,0.0,73.0,e3,CgMe-PPh,nB,0.2170305015470435
16202,168.0,74.0,0.0,74.0,e7,Cy-DavePhos,nD,0.7185111182227426
16203,168.0,75.0,0.0,75.0,e1,Et-PhenCar-Phos,nD,0.07952442668374339
16204,168.0,76.0,0.0,76.0,e3,CX-PICy,nB,0.0849376627257103
16205,168.0,77.0,0.0,77.0,e10,Ph-PhenCar-Phos,nE,0.002202515466205794
16206,168.0,78.0,0.0,78.0,e2,PnBu3 HBF4,nC,0.6344642168342858
16207,168.0,79.0,0.0,79.0,e2,JackiePhos,nB,0.27751512392797617
16208,168.0,80.0,0.0,80.0,e1,Cy-DavePhos,nA,0.3421517795536883
16209,168.0,81.0,0.0,81.0,e4,tBPh-CPhos,nG,0.04357628217462166
16210,168.0,82.0,0.0,82.0,e4,CX-FBu,nD,0.01181462181211995
16211,168.0,83.0,0.0,83.0,e2,A-caPhos,nB,0.050816766328986455
16212,168.0,84.0,0.0,84.0,e1,PPhMe2,nD,0.0
16213,168.0,85.0,0.0,85.0,e10,Cy-BippyPhos,nE,0.15176129512938982
16214,168.0,86.0,0.0,86.0,e7,PPh2Me,nB,0.022176359893621114
16215,168.0,87.0,0.0,87.0,e9,PnBu3 HBF4,nG,0.39354534074743824
16216,168.0,88.0,0.0,88.0,e2,"P(3,5-CF3-Ph)3",nB,0.3077541564280736
16217,168.0,89.0,0.0,89.0,e2,MeO-KITPHOS,nF,0.6735229847545438
16218,168.0,90.0,0.0,90.0,e2,P(o-Anis)3,nE,0.11073968831160971
16219,168.0,91.0,0.0,91.0,e10,PPhtBu2,nC,0.7230058104876745
16220,168.0,92.0,0.0,92.0,e1,P(fur)3,nG,0.026494931502405453
16221,168.0,93.0,0.0,93.0,e1,MeO-KITPHOS,nF,0.01625313158601373
16222,168.0,94.0,0.0,94.0,e2,PPhtBu2,nI,0.6066938793729448
16223,168.0,95.0,0.0,95.0,e3,Kwong,nF,0.751341990836228
16224,169.0,0.0,0.0,0.0,e7,A-caPhos,nB,0.19570168231689697
16225,169.0,1.0,0.0,1.0,e2,BrettPhos,nF,0.3409853317756659
16226,169.0,2.0,0.0,2.0,e9,CX-FBu,nI,0.03414362913763253
16227,169.0,3.0,0.0,3.0,e1,CX-PICy,nB,0.158428631262488
16228,169.0,4.0,0.0,4.0,e9,Cy-DavePhos,nG,0.4021743761051082
16229,169.0,5.0,0.0,5.0,e3,Cy-vBRIDP,nA,0.6444005049983973
16230,169.0,6.0,0.0,6.0,e5,Kwong,nF,0.007071092684467668
16231,169.0,7.0,0.0,7.0,e10,MeO-KITPHOS,nF,0.8931997261223513
16232,169.0,8.0,0.0,8.0,e4,P(o-Anis)3,nI,0.02548894148634491
16233,169.0,9.0,0.0,9.0,e2,Et-PhenCar-Phos,nI,0.6430834035717605
16234,169.0,10.0,0.0,10.0,e4,JackiePhos,nF,0.14143573352899122
16235,169.0,11.0,0.0,11.0,e1,"P(3,5-CF3-Ph)3",nG,0.0
16236,169.0,12.0,0.0,12.0,e7,P(fur)3,nI,0.30508908766736764
16237,169.0,13.0,0.0,13.0,e3,Ph-PhenCar-Phos,nF,0.5701705660870041
16238,169.0,14.0,0.0,14.0,e5,PPh2Me,nI,0.18805503621177608
16239,169.0,15.0,0.0,15.0,e9,PPhtBu2,nC,0.22719482142551736
16240,169.0,16.0,0.0,16.0,e1,tBPh-CPhos,nC,0.20431204836192307
16241,169.0,17.0,0.0,17.0,e4,PPhMe2,nG,0.0
16242,169.0,18.0,0.0,18.0,e10,Cy-BippyPhos,nI,0.8194571896084138
16243,169.0,19.0,0.0,19.0,e5,PCy3 HBF4,nI,0.34482654450171224
16244,169.0,20.0,0.0,20.0,e4,CgMe-PPh,nI,0.07791399926072878
16245,169.0,21.0,0.0,21.0,e1,PPh3,nI,0.04621439454240948
16246,169.0,22.0,0.0,22.0,e9,X-Phos,nE,0.11576466040964467
16247,169.0,23.0,0.0,23.0,e5,PnBu3 HBF4,nA,0.048714441027052635
16248,169.0,24.0,0.0,24.0,e5,MeO-KITPHOS,nI,0.7966198404456795
16249,169.0,25.0,0.0,25.0,e3,Cy-BippyPhos,nG,0.6656541362855952
16250,169.0,26.0,0.0,26.0,e9,Cy-vBRIDP,nI,0.6700718714523624
16251,169.0,27.0,0.0,27.0,e9,Et-PhenCar-Phos,nF,0.7233050105292524
16252,169.0,28.0,0.0,28.0,e7,Ph-PhenCar-Phos,nI,0.1595207097498683
16253,169.0,29.0,0.0,29.0,e5,Cy-DavePhos,nG,0.4296099762008142
16254,169.0,30.0,0.0,30.0,e3,PCy3 HBF4,nE,0.06067622810866836
16255,169.0,31.0,0.0,31.0,e5,BrettPhos,nE,0.03441463508665893
16256,169.0,32.0,0.0,32.0,e9,P(fur)3,nG,0.3593925605569053
16257,169.0,33.0,0.0,33.0,e9,MeO-KITPHOS,nA,0.3102142356694695
16258,169.0,34.0,0.0,34.0,e9,PPhtBu2,nD,0.2526686520906297
16259,169.0,35.0,0.0,35.0,e10,tBPh-CPhos,nI,0.7208013397621875
16260,169.0,36.0,0.0,36.0,e5,A-caPhos,nB,0.05123964518257458
16261,169.0,37.0,0.0,37.0,e3,PPh2Me,nA,0.009003872028159892
16262,169.0,38.0,0.0,38.0,e4,CX-PICy,nG,0.016007987024632152
16263,169.0,39.0,0.0,39.0,e2,Cy-BippyPhos,nE,0.15754944548975836
16264,169.0,40.0,0.0,40.0,e10,JackiePhos,nG,0.19943476808224297
16265,169.0,41.0,0.0,41.0,e5,X-Phos,nB,0.22803797881095858
16266,169.0,42.0,0.0,42.0,e4,Et-PhenCar-Phos,nC,0.5137778282322677
16267,169.0,43.0,0.0,43.0,e10,CgMe-PPh,nI,0.992612378842541
16268,169.0,44.0,0.0,44.0,e10,Cy-vBRIDP,nC,0.6923970246236064
16269,169.0,45.0,0.0,45.0,e9,PnBu3 HBF4,nA,0.20389990407151987
16270,169.0,46.0,0.0,46.0,e10,PPh3,nI,0.6602505435133692
16271,169.0,47.0,0.0,47.0,e4,CX-FBu,nA,0.0
16272,169.0,48.0,0.0,48.0,e3,P(o-Anis)3,nI,0.03740072259651408
16273,169.0,49.0,0.0,49.0,e1,Kwong,nI,0.017331328917836657
16274,169.0,50.0,0.0,50.0,e2,"P(3,5-CF3-Ph)3",nI,0.7101552221676866
16275,169.0,51.0,0.0,51.0,e4,PPhMe2,nB,0.0
16276,169.0,52.0,0.0,52.0,e2,CgMe-PPh,nA,0.6670880102879697
16277,169.0,53.0,0.0,53.0,e9,tBPh-CPhos,nF,0.9724754898127265
16278,169.0,54.0,0.0,54.0,e7,Cy-DavePhos,nD,0.7185111182227426
16279,169.0,55.0,0.0,55.0,e7,Cy-vBRIDP,nC,0.6820459911323365
16280,169.0,56.0,0.0,56.0,e1,MeO-KITPHOS,nD,0.03699926034242779
16281,169.0,57.0,0.0,57.0,e4,tBPh-CPhos,nI,0.022633316819564778
16282,169.0,58.0,0.0,58.0,e10,Et-PhenCar-Phos,nG,0.4986371729738086
16283,169.0,59.0,0.0,59.0,e1,Ph-PhenCar-Phos,nC,0.12082905001684137
16284,169.0,60.0,0.0,60.0,e10,"P(3,5-CF3-Ph)3",nG,0.420516226306976
16285,169.0,61.0,0.0,61.0,e5,PPh3,nD,0.7503383283607225
16286,169.0,62.0,0.0,62.0,e5,P(fur)3,nI,0.9167660385918296
16287,169.0,63.0,0.0,63.0,e4,CgMe-PPh,nD,0.08321089559018727
16288,169.0,64.0,0.0,64.0,e3,Cy-BippyPhos,nE,0.21120990283036814
16289,169.0,65.0,0.0,65.0,e1,P(fur)3,nF,0.0
16290,169.0,66.0,0.0,66.0,e3,Cy-vBRIDP,nD,0.6292634271358025
16291,169.0,67.0,0.0,67.0,e4,Cy-DavePhos,nG,0.04776203346339624
16292,169.0,68.0,0.0,68.0,e4,PPhtBu2,nF,0.0
16293,169.0,69.0,0.0,69.0,e5,PPh3,nA,0.2549508068127627
16294,169.0,70.0,0.0,70.0,e2,PCy3 HBF4,nA,0.001570789934535926
16295,169.0,71.0,0.0,71.0,e3,BrettPhos,nE,0.012327416789753938
16296,169.0,72.0,0.0,72.0,e1,Et-PhenCar-Phos,nB,0.04532172338475905
16297,169.0,73.0,0.0,73.0,e7,X-Phos,nI,0.10875787618113172
16298,169.0,74.0,0.0,74.0,e4,JackiePhos,nE,0.0
16299,169.0,75.0,0.0,75.0,e7,Cy-vBRIDP,nF,0.47929870017773896
16300,169.0,76.0,0.0,76.0,e7,PnBu3 HBF4,nA,0.19159700729969498
16301,169.0,77.0,0.0,77.0,e1,A-caPhos,nA,0.24027073531882212
16302,169.0,78.0,0.0,78.0,e5,"P(3,5-CF3-Ph)3",nC,0.6576198548980737
16303,169.0,79.0,0.0,79.0,e2,PPh2Me,nC,0.6126561714426878
16304,169.0,80.0,0.0,80.0,e10,MeO-KITPHOS,nG,0.4483889452545666
16305,169.0,81.0,0.0,81.0,e3,CX-PICy,nC,0.42737783545851454
16306,169.0,82.0,0.0,82.0,e2,tBPh-CPhos,nE,0.13432593614456043
16307,169.0,83.0,0.0,83.0,e1,Cy-BippyPhos,nB,0.16085798150695332
16308,169.0,84.0,0.0,84.0,e10,CgMe-PPh,nG,0.4450058594793389
16309,169.0,85.0,0.0,85.0,e9,Cy-vBRIDP,nB,0.1653784441959319
16310,169.0,86.0,0.0,86.0,e7,"P(3,5-CF3-Ph)3",nG,0.004136174060489153
16311,169.0,87.0,0.0,87.0,e7,P(o-Anis)3,nI,0.13909608509581536
16312,169.0,88.0,0.0,88.0,e10,Ph-PhenCar-Phos,nA,0.4084319710624149
16313,169.0,89.0,0.0,89.0,e5,CX-FBu,nA,0.036929391233255865
16314,169.0,90.0,0.0,90.0,e1,PPh3,nD,0.08191408146836389
16315,169.0,91.0,0.0,91.0,e2,Kwong,nF,0.7262280592039937
16316,169.0,92.0,0.0,92.0,e3,PPh2Me,nF,0.4801900206505367
16317,169.0,93.0,0.0,93.0,e10,PPhMe2,nB,0.36471787230730734
16318,169.0,94.0,0.0,94.0,e7,Kwong,nF,0.19003296934826672
16319,169.0,95.0,0.0,95.0,e4,Cy-DavePhos,nB,0.0
16320,170.0,0.0,0.0,0.0,e4,A-caPhos,nA,0.066015799846542
16321,170.0,1.0,0.0,1.0,e9,BrettPhos,nG,0.0
16322,170.0,2.0,0.0,2.0,e2,CX-FBu,nB,0.0
16323,170.0,3.0,0.0,3.0,e3,CX-PICy,nD,0.6575942693885647
16324,170.0,4.0,0.0,4.0,e4,Cy-DavePhos,nI,0.09721557254928792
16325,170.0,5.0,0.0,5.0,e7,Cy-vBRIDP,nD,0.5488733534623731
16326,170.0,6.0,0.0,6.0,e10,Kwong,nF,0.8938930828018169
16327,170.0,7.0,0.0,7.0,e3,MeO-KITPHOS,nA,0.3689090985734202
16328,170.0,8.0,0.0,8.0,e2,P(o-Anis)3,nG,0.12131880345908684
16329,170.0,9.0,0.0,9.0,e10,Et-PhenCar-Phos,nA,0.7401699862842729
16330,170.0,10.0,0.0,10.0,e5,JackiePhos,nB,0.3749398944667019
16331,170.0,11.0,0.0,11.0,e7,"P(3,5-CF3-Ph)3",nF,0.4547323879793554
16332,170.0,12.0,0.0,12.0,e5,P(fur)3,nD,0.7206680265827334
16333,170.0,13.0,0.0,13.0,e5,Ph-PhenCar-Phos,nC,0.6706487930795781
16334,170.0,14.0,0.0,14.0,e3,PPh2Me,nI,0.0
16335,170.0,15.0,0.0,15.0,e7,PPhtBu2,nE,0.004287376405646932
16336,170.0,16.0,0.0,16.0,e7,tBPh-CPhos,nB,0.313551181342256
16337,170.0,17.0,0.0,17.0,e9,PPhMe2,nI,0.047646357359235086
16338,170.0,18.0,0.0,18.0,e3,Cy-BippyPhos,nG,0.6656541362855952
16339,170.0,19.0,0.0,19.0,e4,PCy3 HBF4,nA,0.03156483605433674
16340,170.0,20.0,0.0,20.0,e10,CgMe-PPh,nA,0.1556727410455523
16341,170.0,21.0,0.0,21.0,e4,PPh3,nF,0.23217627507948946
16342,170.0,22.0,0.0,22.0,e1,X-Phos,nF,0.0977093065996311
16343,170.0,23.0,0.0,23.0,e5,PnBu3 HBF4,nC,0.7038726736579902
16344,170.0,24.0,0.0,24.0,e1,Kwong,nD,0.08645291673067909
16345,170.0,25.0,0.0,25.0,e1,Et-PhenCar-Phos,nB,0.04532172338475905
16346,170.0,26.0,0.0,26.0,e4,P(fur)3,nI,0.04402143693540769
16347,170.0,27.0,0.0,27.0,e9,PnBu3 HBF4,nA,0.20389990407151987
16348,170.0,28.0,0.0,28.0,e1,Ph-PhenCar-Phos,nG,0.02135338003989251
16349,170.0,29.0,0.0,29.0,e3,Cy-BippyPhos,nF,0.818115739608698
16350,170.0,30.0,0.0,30.0,e1,CX-PICy,nA,0.5817574646717254
16351,170.0,31.0,0.0,31.0,e3,Cy-vBRIDP,nE,0.22456888388015206
16352,170.0,32.0,0.0,32.0,e2,"P(3,5-CF3-Ph)3",nD,0.8356393853580697
16353,170.0,33.0,0.0,33.0,e5,JackiePhos,nE,0.24549969999845586
16354,170.0,34.0,0.0,34.0,e2,MeO-KITPHOS,nA,0.6953968715197815
16355,170.0,35.0,0.0,35.0,e9,tBPh-CPhos,nI,0.8988852901963119
16356,170.0,36.0,0.0,36.0,e7,PPh3,nG,0.09330503580192609
16357,170.0,37.0,0.0,37.0,e4,Cy-BippyPhos,nC,0.45425693534735095
16358,170.0,38.0,0.0,38.0,e4,CgMe-PPh,nC,0.07729202271014396
16359,170.0,39.0,0.0,39.0,e1,P(o-Anis)3,nF,0.0052034376124689445
16360,170.0,40.0,0.0,40.0,e5,X-Phos,nE,0.10922716180611192
16361,170.0,41.0,0.0,41.0,e10,Cy-DavePhos,nE,0.14634029717947056
16362,170.0,42.0,0.0,42.0,e9,A-caPhos,nI,0.0
16363,170.0,43.0,0.0,43.0,e7,"P(3,5-CF3-Ph)3",nB,0.14407814391298038
16364,170.0,44.0,0.0,44.0,e7,PPhMe2,nG,0.0
16365,170.0,45.0,0.0,45.0,e10,CX-PICy,nC,0.7614827627405488
16366,170.0,46.0,0.0,46.0,e9,PCy3 HBF4,nD,0.675233270214635
16367,170.0,47.0,0.0,47.0,e5,tBPh-CPhos,nD,0.8244748174600138
16368,170.0,48.0,0.0,48.0,e9,PPhtBu2,nE,0.15317274654488514
16369,170.0,49.0,0.0,49.0,e7,BrettPhos,nG,0.0
16370,170.0,50.0,0.0,50.0,e4,CX-FBu,nG,0.020464891268564923
16371,170.0,51.0,0.0,51.0,e3,PPh2Me,nA,0.009003872028159892
16372,170.0,52.0,0.0,52.0,e2,MeO-KITPHOS,nF,0.6735229847545438
16373,170.0,53.0,0.0,53.0,e4,Kwong,nE,0.0
16374,170.0,54.0,0.0,54.0,e5,PnBu3 HBF4,nI,0.39796639204159534
16375,170.0,55.0,0.0,55.0,e10,tBPh-CPhos,nG,0.1872202584239755
16376,170.0,56.0,0.0,56.0,e1,CX-PICy,nB,0.158428631262488
16377,170.0,57.0,0.0,57.0,e9,Et-PhenCar-Phos,nC,0.3799408105497681
16378,170.0,58.0,0.0,58.0,e5,Cy-vBRIDP,nI,0.7979626994163204
16379,170.0,59.0,0.0,59.0,e2,Cy-BippyPhos,nI,0.67187359635982
16380,170.0,60.0,0.0,60.0,e10,P(fur)3,nC,0.7314440607369128
16381,170.0,61.0,0.0,61.0,e10,PCy3 HBF4,nF,0.5031493938885278
16382,170.0,62.0,0.0,62.0,e9,Ph-PhenCar-Phos,nG,0.441238259560321
16383,170.0,63.0,0.0,63.0,e3,MeO-KITPHOS,nD,0.4375043123935729
16384,170.0,64.0,0.0,64.0,e4,JackiePhos,nF,0.14143573352899122
16385,170.0,65.0,0.0,65.0,e10,Cy-vBRIDP,nE,0.10818426656909862
16386,170.0,66.0,0.0,66.0,e9,P(fur)3,nA,0.001325378623256779
16387,170.0,67.0,0.0,67.0,e3,Cy-BippyPhos,nB,0.2278488766711775
16388,170.0,68.0,0.0,68.0,e1,"P(3,5-CF3-Ph)3",nF,0.0
16389,170.0,69.0,0.0,69.0,e3,PnBu3 HBF4,nD,0.43543108377583073
16390,170.0,70.0,0.0,70.0,e1,PPh3,nB,0.1440608266906695
16391,170.0,71.0,0.0,71.0,e5,PCy3 HBF4,nB,0.02481060011325073
16392,170.0,72.0,0.0,72.0,e3,tBPh-CPhos,nI,0.40203943367844525
16393,170.0,73.0,0.0,73.0,e10,MeO-KITPHOS,nF,0.8931997261223513
16394,170.0,74.0,0.0,74.0,e4,Et-PhenCar-Phos,nI,0.02371214570587278
16395,170.0,75.0,0.0,75.0,e9,CX-PICy,nI,0.5796467982779039
16396,170.0,76.0,0.0,76.0,e1,Cy-DavePhos,nD,0.0801309667245095
16397,170.0,77.0,0.0,77.0,e5,Ph-PhenCar-Phos,nE,0.0
16398,170.0,78.0,0.0,78.0,e3,CgMe-PPh,nC,0.5573433814229866
16399,170.0,79.0,0.0,79.0,e7,X-Phos,nI,0.10875787618113172
16400,170.0,80.0,0.0,80.0,e3,MeO-KITPHOS,nE,0.10167919655151128
16401,170.0,81.0,0.0,81.0,e7,PPhtBu2,nG,0.019417998587740952
16402,170.0,82.0,0.0,82.0,e10,Kwong,nA,0.5880136022074371
16403,170.0,83.0,0.0,83.0,e9,P(o-Anis)3,nA,0.15362948073366284
16404,170.0,84.0,0.0,84.0,e3,Cy-BippyPhos,nA,0.7065412188883603
16405,170.0,85.0,0.0,85.0,e1,A-caPhos,nD,0.0
16406,170.0,86.0,0.0,86.0,e7,CX-PICy,nA,0.4849023858174712
16407,170.0,87.0,0.0,87.0,e9,PPhMe2,nF,0.0
16408,170.0,88.0,0.0,88.0,e4,PnBu3 HBF4,nF,0.07661274417725286
16409,170.0,89.0,0.0,89.0,e7,CX-FBu,nF,0.0
16410,170.0,90.0,0.0,90.0,e7,Cy-vBRIDP,nI,0.27806549204654124
16411,170.0,91.0,0.0,91.0,e7,tBPh-CPhos,nI,0.3070094849804215
16412,170.0,92.0,0.0,92.0,e7,PPh2Me,nC,0.3285547341820373
16413,170.0,93.0,0.0,93.0,e3,CgMe-PPh,nB,0.2170305015470435
16414,170.0,94.0,0.0,94.0,e2,BrettPhos,nG,0.08281407991024353
16415,170.0,95.0,0.0,95.0,e9,JackiePhos,nI,0.7924680013442614
16416,171.0,0.0,0.0,0.0,e10,A-caPhos,nF,0.7955510503185635
16417,171.0,1.0,0.0,1.0,e5,BrettPhos,nF,0.4540939165916511
16418,171.0,2.0,0.0,2.0,e7,CX-FBu,nC,0.015254117622773431
16419,171.0,3.0,0.0,3.0,e7,CX-PICy,nI,0.5099042814136777
16420,171.0,4.0,0.0,4.0,e10,Cy-DavePhos,nE,0.14634029717947056
16421,171.0,5.0,0.0,5.0,e2,Cy-vBRIDP,nG,0.27869962157058037
16422,171.0,6.0,0.0,6.0,e4,Kwong,nI,0.0
16423,171.0,7.0,0.0,7.0,e3,MeO-KITPHOS,nF,0.6190014842829609
16424,171.0,8.0,0.0,8.0,e9,P(o-Anis)3,nA,0.15362948073366284
16425,171.0,9.0,0.0,9.0,e2,Et-PhenCar-Phos,nE,0.039995288671309644
16426,171.0,10.0,0.0,10.0,e2,JackiePhos,nA,0.9033456818168843
16427,171.0,11.0,0.0,11.0,e9,"P(3,5-CF3-Ph)3",nB,0.06814180345199915
16428,171.0,12.0,0.0,12.0,e10,P(fur)3,nC,0.7314440607369128
16429,171.0,13.0,0.0,13.0,e7,Ph-PhenCar-Phos,nA,0.20865958976807292
16430,171.0,14.0,0.0,14.0,e2,PPh2Me,nD,0.945027927055052
16431,171.0,15.0,0.0,15.0,e10,PPhtBu2,nA,0.7009303126601298
16432,171.0,16.0,0.0,16.0,e2,tBPh-CPhos,nD,0.9627817421488892
16433,171.0,17.0,0.0,17.0,e3,PPhMe2,nI,0.20757845982176984
16434,171.0,18.0,0.0,18.0,e10,Cy-BippyPhos,nC,0.6737699231822453
16435,171.0,19.0,0.0,19.0,e3,PCy3 HBF4,nI,0.33946967608816647
16436,171.0,20.0,0.0,20.0,e3,CgMe-PPh,nE,0.13080909557688172
16437,171.0,21.0,0.0,21.0,e5,PPh3,nI,0.7008002329516867
16438,171.0,22.0,0.0,22.0,e3,X-Phos,nC,0.5782791539418308
16439,171.0,23.0,0.0,23.0,e5,PnBu3 HBF4,nC,0.7038726736579902
16440,171.0,24.0,0.0,24.0,e5,tBPh-CPhos,nD,0.8244748174600138
16441,171.0,25.0,0.0,25.0,e5,PPh2Me,nD,0.8364467095225078
16442,171.0,26.0,0.0,26.0,e10,JackiePhos,nG,0.19943476808224297
16443,171.0,27.0,0.0,27.0,e4,A-caPhos,nC,0.22300559618283194
16444,171.0,28.0,0.0,28.0,e10,P(fur)3,nB,0.29107612738736705
16445,171.0,29.0,0.0,29.0,e4,PnBu3 HBF4,nI,0.0
16446,171.0,30.0,0.0,30.0,e10,PPhtBu2,nE,0.07462037360807186
16447,171.0,31.0,0.0,31.0,e3,PPh3,nE,0.056276657784168405
16448,171.0,32.0,0.0,32.0,e2,Cy-BippyPhos,nC,0.565819186487617
16449,171.0,33.0,0.0,33.0,e1,MeO-KITPHOS,nE,0.04671760971453625
16450,171.0,34.0,0.0,34.0,e9,X-Phos,nC,0.3631647018503177
16451,171.0,35.0,0.0,35.0,e7,CX-PICy,nC,0.5896946040296001
16452,171.0,36.0,0.0,36.0,e4,BrettPhos,nB,0.06659152732740367
16453,171.0,37.0,0.0,37.0,e4,PCy3 HBF4,nB,0.0
16454,171.0,38.0,0.0,38.0,e7,tBPh-CPhos,nF,0.04219969859241317
16455,171.0,39.0,0.0,39.0,e9,PPh2Me,nG,0.32077678172887275
16456,171.0,40.0,0.0,40.0,e3,Cy-vBRIDP,nI,0.34345800467563153
16457,171.0,41.0,0.0,41.0,e1,Ph-PhenCar-Phos,nC,0.12082905001684137
16458,171.0,42.0,0.0,42.0,e4,PPhMe2,nF,0.05675807339476563
16459,171.0,43.0,0.0,43.0,e9,P(o-Anis)3,nE,0.015334735124532104
16460,171.0,44.0,0.0,44.0,e10,Cy-DavePhos,nF,0.8813598639667193
16461,171.0,45.0,0.0,45.0,e9,CgMe-PPh,nA,0.4265411652763391
16462,171.0,46.0,0.0,46.0,e9,"P(3,5-CF3-Ph)3",nC,0.26228444595483447
16463,171.0,47.0,0.0,47.0,e10,Et-PhenCar-Phos,nF,0.9128845279878604
16464,171.0,48.0,0.0,48.0,e5,Cy-BippyPhos,nE,0.276087915044034
16465,171.0,49.0,0.0,49.0,e7,CX-FBu,nB,0.0925326789625629
16466,171.0,50.0,0.0,50.0,e1,Kwong,nB,0.06453691607178057
16467,171.0,51.0,0.0,51.0,e10,JackiePhos,nI,0.6404668815291216
16468,171.0,52.0,0.0,52.0,e3,CX-PICy,nA,0.3216556256640709
16469,171.0,53.0,0.0,53.0,e3,Cy-DavePhos,nD,0.6446826086450984
16470,171.0,54.0,0.0,54.0,e3,P(fur)3,nA,0.16816044846520725
16471,171.0,55.0,0.0,55.0,e1,A-caPhos,nF,0.010702303143673455
16472,171.0,56.0,0.0,56.0,e9,Et-PhenCar-Phos,nA,0.4931113401041398
16473,171.0,57.0,0.0,57.0,e5,X-Phos,nI,0.6595060362188809
16474,171.0,58.0,0.0,58.0,e7,PPh2Me,nE,0.014703352842934232
16475,171.0,59.0,0.0,59.0,e5,PPhtBu2,nD,0.7431815841843207
16476,171.0,60.0,0.0,60.0,e3,PPh3,nA,0.08557652021695743
16477,171.0,61.0,0.0,61.0,e4,PnBu3 HBF4,nA,0.01706005824707267
16478,171.0,62.0,0.0,62.0,e5,tBPh-CPhos,nG,0.3364545940088557
16479,171.0,63.0,0.0,63.0,e10,MeO-KITPHOS,nC,0.6485009952102284
16480,171.0,64.0,0.0,64.0,e9,JackiePhos,nG,0.542757589383612
16481,171.0,65.0,0.0,65.0,e9,Cy-vBRIDP,nI,0.6700718714523624
16482,171.0,66.0,0.0,66.0,e3,Cy-DavePhos,nA,0.4587692631158191
16483,171.0,67.0,0.0,67.0,e2,CgMe-PPh,nA,0.6670880102879697
16484,171.0,68.0,0.0,68.0,e2,X-Phos,nA,0.7289375568068931
16485,171.0,69.0,0.0,69.0,e9,BrettPhos,nI,0.032611559012961096
16486,171.0,70.0,0.0,70.0,e10,PPhtBu2,nI,0.8224211337896827
16487,171.0,71.0,0.0,71.0,e3,Cy-BippyPhos,nB,0.2278488766711775
16488,171.0,72.0,0.0,72.0,e2,Et-PhenCar-Phos,nD,0.9214853157259724
16489,171.0,73.0,0.0,73.0,e10,CX-PICy,nA,0.6712211737821199
16490,171.0,74.0,0.0,74.0,e3,MeO-KITPHOS,nB,0.16832752828316924
16491,171.0,75.0,0.0,75.0,e9,Et-PhenCar-Phos,nE,0.09970326563233488
16492,171.0,76.0,0.0,76.0,e1,Cy-vBRIDP,nE,0.10273481023694789
16493,171.0,77.0,0.0,77.0,e7,PPhtBu2,nF,0.006345526298723309
16494,171.0,78.0,0.0,78.0,e10,PCy3 HBF4,nC,0.7481239349628751
16495,171.0,79.0,0.0,79.0,e3,X-Phos,nI,0.43402238114543207
16496,171.0,80.0,0.0,80.0,e7,"P(3,5-CF3-Ph)3",nC,0.37358571629078485
16497,171.0,81.0,0.0,81.0,e10,Ph-PhenCar-Phos,nD,0.19450431269643761
16498,171.0,82.0,0.0,82.0,e3,JackiePhos,nI,0.44377710899114275
16499,171.0,83.0,0.0,83.0,e5,CgMe-PPh,nG,0.5263762443562906
16500,171.0,84.0,0.0,84.0,e9,P(fur)3,nA,0.001325378623256779
16501,171.0,85.0,0.0,85.0,e9,PPhMe2,nE,0.20376038691379747
16502,171.0,86.0,0.0,86.0,e7,tBPh-CPhos,nD,0.9555589604373731
16503,171.0,87.0,0.0,87.0,e1,Cy-DavePhos,nA,0.3421517795536883
16504,171.0,88.0,0.0,88.0,e4,PPh2Me,nF,0.0800684130861383
16505,171.0,89.0,0.0,89.0,e7,CX-PICy,nB,0.23030477566313212
16506,171.0,90.0,0.0,90.0,e5,tBPh-CPhos,nF,0.021215482774025726
16507,171.0,91.0,0.0,91.0,e9,PCy3 HBF4,nD,0.675233270214635
16508,171.0,92.0,0.0,92.0,e3,P(o-Anis)3,nC,0.5299247414529387
16509,171.0,93.0,0.0,93.0,e2,A-caPhos,nF,0.09240764466838348
16510,171.0,94.0,0.0,94.0,e7,CX-FBu,nE,0.001217827266805761
16511,171.0,95.0,0.0,95.0,e1,X-Phos,nG,0.030496859953677565
16512,172.0,0.0,0.0,0.0,e5,A-caPhos,nA,0.2812843970957228
16513,172.0,1.0,0.0,1.0,e1,BrettPhos,nG,0.0081874030607583
16514,172.0,2.0,0.0,2.0,e10,CX-FBu,nI,0.11326772664660484
16515,172.0,3.0,0.0,3.0,e9,CX-PICy,nF,0.47170454735693496
16516,172.0,4.0,0.0,4.0,e3,Cy-DavePhos,nI,0.3888644156671869
16517,172.0,5.0,0.0,5.0,e2,Cy-vBRIDP,nI,0.6880605476764962
16518,172.0,6.0,0.0,6.0,e5,Kwong,nE,0.16336084003327056
16519,172.0,7.0,0.0,7.0,e10,MeO-KITPHOS,nB,0.3900451840459689
16520,172.0,8.0,0.0,8.0,e5,P(o-Anis)3,nE,0.08503037414620321
16521,172.0,9.0,0.0,9.0,e4,Et-PhenCar-Phos,nA,0.02363360610342534
16522,172.0,10.0,0.0,10.0,e1,JackiePhos,nD,0.5137263354833275
16523,172.0,11.0,0.0,11.0,e2,"P(3,5-CF3-Ph)3",nE,0.09746826633878404
16524,172.0,12.0,0.0,12.0,e9,P(fur)3,nE,0.042314138706189254
16525,172.0,13.0,0.0,13.0,e2,Ph-PhenCar-Phos,nF,0.02360378244278219
16526,172.0,14.0,0.0,14.0,e4,PPh2Me,nI,0.011948259243086866
16527,172.0,15.0,0.0,15.0,e4,PPhtBu2,nG,0.010529758099421742
16528,172.0,16.0,0.0,16.0,e1,tBPh-CPhos,nF,0.2236049471858116
16529,172.0,17.0,0.0,17.0,e4,PPhMe2,nE,0.0
16530,172.0,18.0,0.0,18.0,e4,Cy-BippyPhos,nG,0.015289072522480941
16531,172.0,19.0,0.0,19.0,e1,PCy3 HBF4,nA,0.3323423832967356
16532,172.0,20.0,0.0,20.0,e3,CgMe-PPh,nD,0.6746435408754137
16533,172.0,21.0,0.0,21.0,e9,PPh3,nG,0.4180674835896047
16534,172.0,22.0,0.0,22.0,e2,X-Phos,nA,0.7289375568068931
16535,172.0,23.0,0.0,23.0,e3,PnBu3 HBF4,nB,0.061021062497356005
16536,172.0,24.0,0.0,24.0,e9,X-Phos,nF,0.7946437444937127
16537,172.0,25.0,0.0,25.0,e2,Cy-vBRIDP,nF,0.6290075171930294
16538,172.0,26.0,0.0,26.0,e1,CgMe-PPh,nG,0.16657970973424252
16539,172.0,27.0,0.0,27.0,e7,JackiePhos,nA,0.507068550436567
16540,172.0,28.0,0.0,28.0,e3,CX-PICy,nF,0.6497944840300122
16541,172.0,29.0,0.0,29.0,e2,PPh3,nD,0.829809282023606
16542,172.0,30.0,0.0,30.0,e4,MeO-KITPHOS,nG,0.028037897530188406
16543,172.0,31.0,0.0,31.0,e1,Cy-DavePhos,nA,0.3421517795536883
16544,172.0,32.0,0.0,32.0,e5,PCy3 HBF4,nF,0.0989693910252459
16545,172.0,33.0,0.0,33.0,e9,A-caPhos,nA,0.04128507835913788
16546,172.0,34.0,0.0,34.0,e7,tBPh-CPhos,nC,0.6575510344081796
16547,172.0,35.0,0.0,35.0,e4,X-Phos,nD,0.016269680027475288
16548,172.0,36.0,0.0,36.0,e10,Kwong,nA,0.5880136022074371
16549,172.0,37.0,0.0,37.0,e4,CX-FBu,nF,0.0037689635802445258
16550,172.0,38.0,0.0,38.0,e4,"P(3,5-CF3-Ph)3",nF,0.12460832905550522
16551,172.0,39.0,0.0,39.0,e4,P(o-Anis)3,nF,0.16200930130091348
16552,172.0,40.0,0.0,40.0,e7,Cy-vBRIDP,nC,0.6820459911323365
16553,172.0,41.0,0.0,41.0,e9,PnBu3 HBF4,nG,0.39354534074743824
16554,172.0,42.0,0.0,42.0,e9,P(fur)3,nD,0.6308820906080369
16555,172.0,43.0,0.0,43.0,e2,PPh3,nA,0.008904947561475468
16556,172.0,44.0,0.0,44.0,e3,Et-PhenCar-Phos,nG,0.7493850028763238
16557,172.0,45.0,0.0,45.0,e4,Ph-PhenCar-Phos,nA,0.0
16558,172.0,46.0,0.0,46.0,e5,Cy-BippyPhos,nA,0.7454640568896914
16559,172.0,47.0,0.0,47.0,e9,PPh2Me,nD,0.09858496056367311
16560,172.0,48.0,0.0,48.0,e2,PPhtBu2,nC,0.5884787341556109
16561,172.0,49.0,0.0,49.0,e4,BrettPhos,nB,0.06659152732740367
16562,172.0,50.0,0.0,50.0,e2,PPhMe2,nG,0.1743874382182481
16563,172.0,51.0,0.0,51.0,e4,CX-PICy,nG,0.016007987024632152
16564,172.0,52.0,0.0,52.0,e5,JackiePhos,nI,0.6882070592144776
16565,172.0,53.0,0.0,53.0,e10,tBPh-CPhos,nF,0.955503603321246
16566,172.0,54.0,0.0,54.0,e7,CgMe-PPh,nD,1.0
16567,172.0,55.0,0.0,55.0,e5,Cy-vBRIDP,nA,0.7556883724207524
16568,172.0,56.0,0.0,56.0,e1,Et-PhenCar-Phos,nB,0.04532172338475905
16569,172.0,57.0,0.0,57.0,e5,Cy-BippyPhos,nG,0.45451502639332875
16570,172.0,58.0,0.0,58.0,e3,Kwong,nI,0.27368874204771254
16571,172.0,59.0,0.0,59.0,e9,Cy-DavePhos,nC,0.37373314589550694
16572,172.0,60.0,0.0,60.0,e10,CgMe-PPh,nA,0.1556727410455523
16573,172.0,61.0,0.0,61.0,e9,tBPh-CPhos,nC,0.363549380851319
16574,172.0,62.0,0.0,62.0,e7,P(fur)3,nA,0.15917780258602543
16575,172.0,63.0,0.0,63.0,e5,JackiePhos,nG,0.338261501637445
16576,172.0,64.0,0.0,64.0,e1,PPhtBu2,nF,0.0
16577,172.0,65.0,0.0,65.0,e1,Cy-vBRIDP,nG,0.040219882770202414
16578,172.0,66.0,0.0,66.0,e7,X-Phos,nF,0.15361466712198887
16579,172.0,67.0,0.0,67.0,e4,PnBu3 HBF4,nF,0.07661274417725286
16580,172.0,68.0,0.0,68.0,e9,PCy3 HBF4,nG,0.4351271395358285
16581,172.0,69.0,0.0,69.0,e9,MeO-KITPHOS,nB,0.10548391557053341
16582,172.0,70.0,0.0,70.0,e7,A-caPhos,nE,0.0
16583,172.0,71.0,0.0,71.0,e10,PPh3,nE,0.026002383851906816
16584,172.0,72.0,0.0,72.0,e4,Cy-BippyPhos,nA,0.014200695922544622
16585,172.0,73.0,0.0,73.0,e7,tBPh-CPhos,nG,0.06459244912713331
16586,172.0,74.0,0.0,74.0,e7,P(o-Anis)3,nI,0.13909608509581536
16587,172.0,75.0,0.0,75.0,e1,CX-PICy,nE,0.08929455529222792
16588,172.0,76.0,0.0,76.0,e5,"P(3,5-CF3-Ph)3",nG,0.33880240957433805
16589,172.0,77.0,0.0,77.0,e9,Cy-DavePhos,nG,0.4021743761051082
16590,172.0,78.0,0.0,78.0,e5,JackiePhos,nB,0.3749398944667019
16591,172.0,79.0,0.0,79.0,e9,PPhMe2,nF,0.0
16592,172.0,80.0,0.0,80.0,e3,CgMe-PPh,nC,0.5573433814229866
16593,172.0,81.0,0.0,81.0,e4,Kwong,nA,0.0
16594,172.0,82.0,0.0,82.0,e3,CX-FBu,nD,0.0
16595,172.0,83.0,0.0,83.0,e7,PPh2Me,nG,0.01761201016057301
16596,172.0,84.0,0.0,84.0,e3,Cy-vBRIDP,nF,0.7389650558356956
16597,172.0,85.0,0.0,85.0,e3,BrettPhos,nB,0.0
16598,172.0,86.0,0.0,86.0,e5,PCy3 HBF4,nD,0.4635875867274559
16599,172.0,87.0,0.0,87.0,e2,P(fur)3,nI,0.8026402936862348
16600,172.0,88.0,0.0,88.0,e3,Et-PhenCar-Phos,nB,0.2232542389845771
16601,172.0,89.0,0.0,89.0,e2,Ph-PhenCar-Phos,nC,0.6114139698966943
16602,172.0,90.0,0.0,90.0,e4,X-Phos,nB,0.0
16603,172.0,91.0,0.0,91.0,e5,P(fur)3,nC,0.706763204366684
16604,172.0,92.0,0.0,92.0,e5,Cy-vBRIDP,nF,0.0
16605,172.0,93.0,0.0,93.0,e3,CgMe-PPh,nE,0.13080909557688172
16606,172.0,94.0,0.0,94.0,e10,JackiePhos,nE,0.13231340139379136
16607,172.0,95.0,0.0,95.0,e3,Cy-DavePhos,nE,0.1655425072853271
16608,173.0,0.0,0.0,0.0,e1,A-caPhos,nA,0.24027073531882212
16609,173.0,1.0,0.0,1.0,e4,BrettPhos,nD,0.0055714565905122075
16610,173.0,2.0,0.0,2.0,e1,CX-FBu,nA,0.06728168343034004
16611,173.0,3.0,0.0,3.0,e3,CX-PICy,nE,0.1788347445386581
16612,173.0,4.0,0.0,4.0,e9,Cy-DavePhos,nF,0.869939977523386
16613,173.0,5.0,0.0,5.0,e5,Cy-vBRIDP,nF,0.0
16614,173.0,6.0,0.0,6.0,e2,Kwong,nI,0.5869140300450231
16615,173.0,7.0,0.0,7.0,e9,MeO-KITPHOS,nE,0.1247527709304835
16616,173.0,8.0,0.0,8.0,e4,P(o-Anis)3,nI,0.02548894148634491
16617,173.0,9.0,0.0,9.0,e4,Et-PhenCar-Phos,nF,0.10620274724550914
16618,173.0,10.0,0.0,10.0,e9,JackiePhos,nC,0.3402888306071797
16619,173.0,11.0,0.0,11.0,e4,"P(3,5-CF3-Ph)3",nF,0.12460832905550522
16620,173.0,12.0,0.0,12.0,e4,P(fur)3,nE,0.000437879828488327
16621,173.0,13.0,0.0,13.0,e5,Ph-PhenCar-Phos,nE,0.0
16622,173.0,14.0,0.0,14.0,e5,PPh2Me,nB,0.24852294716245807
16623,173.0,15.0,0.0,15.0,e1,PPhtBu2,nD,0.03363179088885197
16624,173.0,16.0,0.0,16.0,e4,tBPh-CPhos,nG,0.04357628217462166
16625,173.0,17.0,0.0,17.0,e10,PPhMe2,nI,0.5272307031167799
16626,173.0,18.0,0.0,18.0,e1,Cy-BippyPhos,nD,0.19322800249768834
16627,173.0,19.0,0.0,19.0,e4,PCy3 HBF4,nE,0.014449000330444188
16628,173.0,20.0,0.0,20.0,e10,CgMe-PPh,nA,0.1556727410455523
16629,173.0,21.0,0.0,21.0,e5,PPh3,nF,0.459106585899356
16630,173.0,22.0,0.0,22.0,e7,X-Phos,nA,0.3860138905078492
16631,173.0,23.0,0.0,23.0,e5,PnBu3 HBF4,nA,0.048714441027052635
16632,173.0,24.0,0.0,24.0,e2,Cy-DavePhos,nI,0.6644450399368388
16633,173.0,25.0,0.0,25.0,e2,Kwong,nD,0.9496089484429554
16634,173.0,26.0,0.0,26.0,e9,PPhMe2,nG,0.16312105796441556
16635,173.0,27.0,0.0,27.0,e1,PPh3,nC,0.1159616122174597
16636,173.0,28.0,0.0,28.0,e5,X-Phos,nI,0.6595060362188809
16637,173.0,29.0,0.0,29.0,e1,JackiePhos,nD,0.5137263354833275
16638,173.0,30.0,0.0,30.0,e2,PPh2Me,nD,0.945027927055052
16639,173.0,31.0,0.0,31.0,e10,A-caPhos,nG,0.030747624704373516
16640,173.0,32.0,0.0,32.0,e3,Cy-BippyPhos,nD,0.7257486948775891
16641,173.0,33.0,0.0,33.0,e4,Kwong,nD,0.07279928824098204
16642,173.0,34.0,0.0,34.0,e3,Cy-DavePhos,nA,0.4587692631158191
16643,173.0,35.0,0.0,35.0,e9,CX-PICy,nC,0.3368172083334284
16644,173.0,36.0,0.0,36.0,e3,CgMe-PPh,nA,0.5833854524265055
16645,173.0,37.0,0.0,37.0,e10,MeO-KITPHOS,nB,0.3900451840459689
16646,173.0,38.0,0.0,38.0,e10,"P(3,5-CF3-Ph)3",nG,0.420516226306976
16647,173.0,39.0,0.0,39.0,e3,Et-PhenCar-Phos,nA,0.6402198562439387
16648,173.0,40.0,0.0,40.0,e5,CX-FBu,nA,0.036929391233255865
16649,173.0,41.0,0.0,41.0,e4,PnBu3 HBF4,nF,0.07661274417725286
16650,173.0,42.0,0.0,42.0,e9,tBPh-CPhos,nB,0.15300473080796315
16651,173.0,43.0,0.0,43.0,e5,PPhtBu2,nG,0.3392981528661412
16652,173.0,44.0,0.0,44.0,e9,P(o-Anis)3,nF,0.19110058556975276
16653,173.0,45.0,0.0,45.0,e4,PCy3 HBF4,nC,0.08261648826420669
16654,173.0,46.0,0.0,46.0,e5,PPh2Me,nF,0.0
16655,173.0,47.0,0.0,47.0,e4,BrettPhos,nI,0.0
16656,173.0,48.0,0.0,48.0,e2,P(fur)3,nA,0.7855864152365213
16657,173.0,49.0,0.0,49.0,e2,Cy-vBRIDP,nF,0.6290075171930294
16658,173.0,50.0,0.0,50.0,e1,Ph-PhenCar-Phos,nA,0.18568024853139675
16659,173.0,51.0,0.0,51.0,e2,X-Phos,nB,0.20337122330638152
16660,173.0,52.0,0.0,52.0,e1,Cy-BippyPhos,nC,0.12530079881726516
16661,173.0,53.0,0.0,53.0,e3,JackiePhos,nE,0.19804717134717115
16662,173.0,54.0,0.0,54.0,e7,Cy-DavePhos,nD,0.7185111182227426
16663,173.0,55.0,0.0,55.0,e10,P(fur)3,nA,0.6938329241091595
16664,173.0,56.0,0.0,56.0,e3,Et-PhenCar-Phos,nB,0.2232542389845771
16665,173.0,57.0,0.0,57.0,e4,CgMe-PPh,nF,0.15676724879802045
16666,173.0,58.0,0.0,58.0,e3,PPhMe2,nG,0.3443466389164857
16667,173.0,59.0,0.0,59.0,e9,Cy-vBRIDP,nI,0.6700718714523624
16668,173.0,60.0,0.0,60.0,e3,PPh3,nD,0.558051966163369
16669,173.0,61.0,0.0,61.0,e5,Kwong,nA,0.5502353247445788
16670,173.0,62.0,0.0,62.0,e10,"P(3,5-CF3-Ph)3",nF,0.8478546310824894
16671,173.0,63.0,0.0,63.0,e1,Cy-DavePhos,nA,0.3421517795536883
16672,173.0,64.0,0.0,64.0,e2,CX-PICy,nG,0.12786508394705637
16673,173.0,65.0,0.0,65.0,e3,MeO-KITPHOS,nA,0.3689090985734202
16674,173.0,66.0,0.0,66.0,e3,P(fur)3,nD,0.517468751935307
16675,173.0,67.0,0.0,67.0,e9,"P(3,5-CF3-Ph)3",nE,0.0796317150343979
16676,173.0,68.0,0.0,68.0,e3,PPhtBu2,nB,0.11748362565060226
16677,173.0,69.0,0.0,69.0,e5,Cy-vBRIDP,nC,0.6808973298430087
16678,173.0,70.0,0.0,70.0,e3,X-Phos,nA,0.5260046217897938
16679,173.0,71.0,0.0,71.0,e10,PPh2Me,nD,1.0
16680,173.0,72.0,0.0,72.0,e4,A-caPhos,nC,0.22300559618283194
16681,173.0,73.0,0.0,73.0,e1,PPh2Me,nB,0.01727201608687613
16682,173.0,74.0,0.0,74.0,e9,Kwong,nB,0.11088834300612632
16683,173.0,75.0,0.0,75.0,e9,PPh3,nF,0.6925620811975002
16684,173.0,76.0,0.0,76.0,e7,P(o-Anis)3,nC,0.3570385417934203
16685,173.0,77.0,0.0,77.0,e5,tBPh-CPhos,nI,0.8432755599410124
16686,173.0,78.0,0.0,78.0,e5,Ph-PhenCar-Phos,nI,0.37255339391005377
16687,173.0,79.0,0.0,79.0,e5,JackiePhos,nI,0.6882070592144776
16688,173.0,80.0,0.0,80.0,e9,Cy-DavePhos,nD,0.7064770155795914
16689,173.0,81.0,0.0,81.0,e10,Cy-BippyPhos,nA,0.7528860791443422
16690,173.0,82.0,0.0,82.0,e5,tBPh-CPhos,nC,0.7175681052805551
16691,173.0,83.0,0.0,83.0,e2,PPhMe2,nA,0.9184295688785155
16692,173.0,84.0,0.0,84.0,e10,P(fur)3,nD,0.986548910086449
16693,173.0,85.0,0.0,85.0,e2,Cy-vBRIDP,nE,0.13496463293382222
16694,173.0,86.0,0.0,86.0,e1,P(fur)3,nD,0.027849023497232013
16695,173.0,87.0,0.0,87.0,e4,PPhMe2,nA,0.0
16696,173.0,88.0,0.0,88.0,e9,Et-PhenCar-Phos,nE,0.09970326563233488
16697,173.0,89.0,0.0,89.0,e3,PnBu3 HBF4,nA,0.08612679775706653
16698,173.0,90.0,0.0,90.0,e7,CX-FBu,nE,0.001217827266805761
16699,173.0,91.0,0.0,91.0,e1,PCy3 HBF4,nC,0.12548596697694442
16700,173.0,92.0,0.0,92.0,e1,PPh3,nI,0.04621439454240948
16701,173.0,93.0,0.0,93.0,e9,CgMe-PPh,nB,0.16201116259216772
16702,173.0,94.0,0.0,94.0,e2,Cy-BippyPhos,nD,0.899766462439471
16703,173.0,95.0,0.0,95.0,e3,MeO-KITPHOS,nD,0.4375043123935729
16704,174.0,0.0,0.0,0.0,e9,A-caPhos,nI,0.0
16705,174.0,1.0,0.0,1.0,e4,BrettPhos,nI,0.0
16706,174.0,2.0,0.0,2.0,e4,CX-FBu,nE,0.0
16707,174.0,3.0,0.0,3.0,e2,CX-PICy,nE,0.1112468268031635
16708,174.0,4.0,0.0,4.0,e3,Cy-DavePhos,nA,0.4587692631158191
16709,174.0,5.0,0.0,5.0,e4,Cy-vBRIDP,nE,0.012274316478209889
16710,174.0,6.0,0.0,6.0,e1,Kwong,nF,0.04076651100940088
16711,174.0,7.0,0.0,7.0,e7,MeO-KITPHOS,nB,0.04698078637689876
16712,174.0,8.0,0.0,8.0,e10,P(o-Anis)3,nD,0.21473020833290504
16713,174.0,9.0,0.0,9.0,e1,Et-PhenCar-Phos,nF,0.09483902946857867
16714,174.0,10.0,0.0,10.0,e7,JackiePhos,nB,0.2780363157049384
16715,174.0,11.0,0.0,11.0,e1,"P(3,5-CF3-Ph)3",nG,0.0
16716,174.0,12.0,0.0,12.0,e3,P(fur)3,nA,0.16816044846520725
16717,174.0,13.0,0.0,13.0,e2,Ph-PhenCar-Phos,nF,0.02360378244278219
16718,174.0,14.0,0.0,14.0,e10,PPh2Me,nD,1.0
16719,174.0,15.0,0.0,15.0,e3,PPhtBu2,nC,0.47844610654360165
16720,174.0,16.0,0.0,16.0,e7,tBPh-CPhos,nC,0.6575510344081796
16721,174.0,17.0,0.0,17.0,e9,PPhMe2,nF,0.0
16722,174.0,18.0,0.0,18.0,e5,Cy-BippyPhos,nE,0.276087915044034
16723,174.0,19.0,0.0,19.0,e1,PCy3 HBF4,nB,0.04339996600929039
16724,174.0,20.0,0.0,20.0,e1,CgMe-PPh,nF,0.16030992191406224
16725,174.0,21.0,0.0,21.0,e7,PPh3,nF,0.578123168434268
16726,174.0,22.0,0.0,22.0,e4,X-Phos,nC,0.34258955436774835
16727,174.0,23.0,0.0,23.0,e7,PnBu3 HBF4,nD,0.08555081309162699
16728,174.0,24.0,0.0,24.0,e10,PPh2Me,nF,0.9442102793927251
16729,174.0,25.0,0.0,25.0,e3,tBPh-CPhos,nG,0.6694190600721208
16730,174.0,26.0,0.0,26.0,e2,PPh3,nB,0.06113101017244386
16731,174.0,27.0,0.0,27.0,e3,PPhtBu2,nD,0.6677531336144049
16732,174.0,28.0,0.0,28.0,e3,Cy-DavePhos,nE,0.1655425072853271
16733,174.0,29.0,0.0,29.0,e10,PPh2Me,nC,0.7635702486574847
16734,174.0,30.0,0.0,30.0,e2,X-Phos,nG,0.15427681870136029
16735,174.0,31.0,0.0,31.0,e9,JackiePhos,nC,0.3402888306071797
16736,174.0,32.0,0.0,32.0,e1,Cy-BippyPhos,nD,0.19322800249768834
16737,174.0,33.0,0.0,33.0,e9,P(o-Anis)3,nA,0.15362948073366284
16738,174.0,34.0,0.0,34.0,e3,P(fur)3,nF,0.44484850798719355
16739,174.0,35.0,0.0,35.0,e3,CgMe-PPh,nD,0.6746435408754137
16740,174.0,36.0,0.0,36.0,e3,CX-PICy,nE,0.1788347445386581
16741,174.0,37.0,0.0,37.0,e3,Et-PhenCar-Phos,nE,0.16222416431861286
16742,174.0,38.0,0.0,38.0,e5,PnBu3 HBF4,nF,0.10989187551048998
16743,174.0,39.0,0.0,39.0,e7,tBPh-CPhos,nF,0.04219969859241317
16744,174.0,40.0,0.0,40.0,e4,PPh2Me,nG,0.04035626265938144
16745,174.0,41.0,0.0,41.0,e10,MeO-KITPHOS,nI,0.8474236030258523
16746,174.0,42.0,0.0,42.0,e4,PCy3 HBF4,nG,0.0
16747,174.0,43.0,0.0,43.0,e10,Kwong,nD,0.9695200020757685
16748,174.0,44.0,0.0,44.0,e2,Ph-PhenCar-Phos,nC,0.6114139698966943
16749,174.0,45.0,0.0,45.0,e3,Cy-vBRIDP,nC,0.48120632702460653
16750,174.0,46.0,0.0,46.0,e4,A-caPhos,nG,0.029990371767592245
16751,174.0,47.0,0.0,47.0,e5,BrettPhos,nB,0.12946958176386614
16752,174.0,48.0,0.0,48.0,e4,CX-FBu,nB,0.003611186330700581
16753,174.0,49.0,0.0,49.0,e4,"P(3,5-CF3-Ph)3",nA,0.011117148997029924
16754,174.0,50.0,0.0,50.0,e7,PPhMe2,nF,0.0
16755,174.0,51.0,0.0,51.0,e5,PPhtBu2,nE,0.26560222932504995
16756,174.0,52.0,0.0,52.0,e7,Kwong,nG,0.1256424423170876
16757,174.0,53.0,0.0,53.0,e4,MeO-KITPHOS,nE,0.0
16758,174.0,54.0,0.0,54.0,e1,CgMe-PPh,nA,0.6945948510850428
16759,174.0,55.0,0.0,55.0,e7,PPh3,nB,0.20864817755410225
16760,174.0,56.0,0.0,56.0,e1,Ph-PhenCar-Phos,nE,0.08104361666235148
16761,174.0,57.0,0.0,57.0,e4,Cy-DavePhos,nE,0.0
16762,174.0,58.0,0.0,58.0,e10,JackiePhos,nE,0.13231340139379136
16763,174.0,59.0,0.0,59.0,e10,P(fur)3,nG,0.5091625405710212
16764,174.0,60.0,0.0,60.0,e7,PPh2Me,nC,0.3285547341820373
16765,174.0,61.0,0.0,61.0,e7,CgMe-PPh,nI,0.6142759277683246
16766,174.0,62.0,0.0,62.0,e5,X-Phos,nA,0.7308372177455247
16767,174.0,63.0,0.0,63.0,e7,Cy-vBRIDP,nB,0.18834091750393028
16768,174.0,64.0,0.0,64.0,e10,Cy-BippyPhos,nI,0.8194571896084138
16769,174.0,65.0,0.0,65.0,e1,PPhtBu2,nE,0.04945600408311233
16770,174.0,66.0,0.0,66.0,e3,tBPh-CPhos,nA,0.5729071695707448
16771,174.0,67.0,0.0,67.0,e1,P(o-Anis)3,nA,0.30722554215143316
16772,174.0,68.0,0.0,68.0,e2,Cy-BippyPhos,nD,0.899766462439471
16773,174.0,69.0,0.0,69.0,e5,X-Phos,nF,0.5612705116717954
16774,174.0,70.0,0.0,70.0,e1,CX-PICy,nI,0.16332586594833928
16775,174.0,71.0,0.0,71.0,e2,Cy-BippyPhos,nA,0.947422522089135
16776,174.0,72.0,0.0,72.0,e1,Et-PhenCar-Phos,nI,0.05407119647865783
16777,174.0,73.0,0.0,73.0,e9,CgMe-PPh,nI,0.9133569283838853
16778,174.0,74.0,0.0,74.0,e10,Kwong,nI,0.44837347162573915
16779,174.0,75.0,0.0,75.0,e4,P(fur)3,nC,0.5121985356201784
16780,174.0,76.0,0.0,76.0,e4,Cy-BippyPhos,nG,0.015289072522480941
16781,174.0,77.0,0.0,77.0,e7,PnBu3 HBF4,nA,0.19159700729969498
16782,174.0,78.0,0.0,78.0,e3,PPh2Me,nE,0.10038963691603196
16783,174.0,79.0,0.0,79.0,e7,CgMe-PPh,nA,0.6062121514347315
16784,174.0,80.0,0.0,80.0,e4,tBPh-CPhos,nG,0.04357628217462166
16785,174.0,81.0,0.0,81.0,e7,BrettPhos,nG,0.0
16786,174.0,82.0,0.0,82.0,e7,MeO-KITPHOS,nC,0.1818058238116577
16787,174.0,83.0,0.0,83.0,e5,X-Phos,nB,0.22803797881095858
16788,174.0,84.0,0.0,84.0,e3,PPh3,nI,0.029763654521305326
16789,174.0,85.0,0.0,85.0,e3,PCy3 HBF4,nC,0.5344164665084931
16790,174.0,86.0,0.0,86.0,e10,A-caPhos,nF,0.7955510503185635
16791,174.0,87.0,0.0,87.0,e2,A-caPhos,nC,0.6792763491019146
16792,174.0,88.0,0.0,88.0,e5,CgMe-PPh,nE,0.0
16793,174.0,89.0,0.0,89.0,e5,"P(3,5-CF3-Ph)3",nB,0.24568271742359823
16794,174.0,90.0,0.0,90.0,e5,CX-FBu,nE,0.034021070951704015
16795,174.0,91.0,0.0,91.0,e1,PPhMe2,nD,0.0
16796,174.0,92.0,0.0,92.0,e3,P(fur)3,nE,0.09598414323281666
16797,174.0,93.0,0.0,93.0,e7,JackiePhos,nF,0.01228824735837601
16798,174.0,94.0,0.0,94.0,e5,Kwong,nA,0.5502353247445788
16799,174.0,95.0,0.0,95.0,e4,Ph-PhenCar-Phos,nD,0.0
16800,175.0,0.0,0.0,0.0,e3,A-caPhos,nA,0.31300672103875227
16801,175.0,1.0,0.0,1.0,e9,BrettPhos,nC,0.1761979943768592
16802,175.0,2.0,0.0,2.0,e4,CX-FBu,nG,0.020464891268564923
16803,175.0,3.0,0.0,3.0,e2,CX-PICy,nI,0.5114221648973126
16804,175.0,4.0,0.0,4.0,e1,Cy-DavePhos,nD,0.0801309667245095
16805,175.0,5.0,0.0,5.0,e10,Cy-vBRIDP,nC,0.6923970246236064
16806,175.0,6.0,0.0,6.0,e2,Kwong,nE,0.15385645810893028
16807,175.0,7.0,0.0,7.0,e3,MeO-KITPHOS,nC,0.5217416704421943
16808,175.0,8.0,0.0,8.0,e2,P(o-Anis)3,nD,0.4223619633611157
16809,175.0,9.0,0.0,9.0,e7,Et-PhenCar-Phos,nA,0.46105828561415296
16810,175.0,10.0,0.0,10.0,e4,JackiePhos,nI,0.0
16811,175.0,11.0,0.0,11.0,e3,"P(3,5-CF3-Ph)3",nG,0.13026635301464337
16812,175.0,12.0,0.0,12.0,e4,P(fur)3,nB,0.04357911135254303
16813,175.0,13.0,0.0,13.0,e9,Ph-PhenCar-Phos,nE,0.08998609138257692
16814,175.0,14.0,0.0,14.0,e4,PPh2Me,nB,0.0
16815,175.0,15.0,0.0,15.0,e3,PPhtBu2,nE,0.13875537672279908
16816,175.0,16.0,0.0,16.0,e10,tBPh-CPhos,nA,0.738775541606104
16817,175.0,17.0,0.0,17.0,e5,PPhMe2,nA,0.6471944961567562
16818,175.0,18.0,0.0,18.0,e7,Cy-BippyPhos,nD,1.0
16819,175.0,19.0,0.0,19.0,e7,PCy3 HBF4,nG,0.0
16820,175.0,20.0,0.0,20.0,e2,CgMe-PPh,nA,0.6670880102879697
16821,175.0,21.0,0.0,21.0,e3,PPh3,nE,0.056276657784168405
16822,175.0,22.0,0.0,22.0,e3,X-Phos,nI,0.43402238114543207
16823,175.0,23.0,0.0,23.0,e5,PnBu3 HBF4,nG,0.0346467819695208
16824,175.0,24.0,0.0,24.0,e1,Cy-BippyPhos,nC,0.12530079881726516
16825,175.0,25.0,0.0,25.0,e4,tBPh-CPhos,nF,0.13333417034980927
16826,175.0,26.0,0.0,26.0,e5,Cy-vBRIDP,nI,0.7979626994163204
16827,175.0,27.0,0.0,27.0,e1,CgMe-PPh,nF,0.16030992191406224
16828,175.0,28.0,0.0,28.0,e4,PPhMe2,nI,0.0
16829,175.0,29.0,0.0,29.0,e9,MeO-KITPHOS,nG,0.30072675877618354
16830,175.0,30.0,0.0,30.0,e1,CX-PICy,nE,0.08929455529222792
16831,175.0,31.0,0.0,31.0,e9,Et-PhenCar-Phos,nA,0.4931113401041398
16832,175.0,32.0,0.0,32.0,e2,X-Phos,nG,0.15427681870136029
16833,175.0,33.0,0.0,33.0,e3,P(o-Anis)3,nI,0.03740072259651408
16834,175.0,34.0,0.0,34.0,e1,A-caPhos,nB,0.04609606229142198
16835,175.0,35.0,0.0,35.0,e7,BrettPhos,nI,0.03364948416287573
16836,175.0,36.0,0.0,36.0,e10,Cy-vBRIDP,nG,0.3608953345580712
16837,175.0,37.0,0.0,37.0,e4,Kwong,nF,0.026007469320120987
16838,175.0,38.0,0.0,38.0,e9,PPhtBu2,nI,0.6362211015918549
16839,175.0,39.0,0.0,39.0,e9,"P(3,5-CF3-Ph)3",nC,0.26228444595483447
16840,175.0,40.0,0.0,40.0,e7,Ph-PhenCar-Phos,nC,0.4720527136836855
16841,175.0,41.0,0.0,41.0,e3,Cy-DavePhos,nF,0.8181899294726043
16842,175.0,42.0,0.0,42.0,e7,PPh3,nD,0.9958253430037467
16843,175.0,43.0,0.0,43.0,e1,P(fur)3,nF,0.0
16844,175.0,44.0,0.0,44.0,e2,PnBu3 HBF4,nD,0.8741353520353085
16845,175.0,45.0,0.0,45.0,e3,CX-FBu,nF,0.4573086162402998
16846,175.0,46.0,0.0,46.0,e7,JackiePhos,nC,0.6688604819213119
16847,175.0,47.0,0.0,47.0,e5,PPh2Me,nC,0.7002906735204408
16848,175.0,48.0,0.0,48.0,e3,PCy3 HBF4,nC,0.5344164665084931
16849,175.0,49.0,0.0,49.0,e5,Cy-BippyPhos,nG,0.45451502639332875
16850,175.0,50.0,0.0,50.0,e2,PPh3,nE,0.08087648972572638
16851,175.0,51.0,0.0,51.0,e9,Et-PhenCar-Phos,nE,0.09970326563233488
16852,175.0,52.0,0.0,52.0,e7,PnBu3 HBF4,nI,0.07769044425257474
16853,175.0,53.0,0.0,53.0,e2,Cy-DavePhos,nC,0.5482191793404829
16854,175.0,54.0,0.0,54.0,e2,tBPh-CPhos,nD,0.9627817421488892
16855,175.0,55.0,0.0,55.0,e5,CgMe-PPh,nF,0.4710660416220753
16856,175.0,56.0,0.0,56.0,e10,MeO-KITPHOS,nE,0.08167116258886992
16857,175.0,57.0,0.0,57.0,e10,PPhtBu2,nC,0.7230058104876745
16858,175.0,58.0,0.0,58.0,e7,Cy-vBRIDP,nI,0.27806549204654124
16859,175.0,59.0,0.0,59.0,e5,tBPh-CPhos,nI,0.8432755599410124
16860,175.0,60.0,0.0,60.0,e10,PPh2Me,nG,0.05238083217686043
16861,175.0,61.0,0.0,61.0,e10,JackiePhos,nE,0.13231340139379136
16862,175.0,62.0,0.0,62.0,e1,PPhMe2,nD,0.0
16863,175.0,63.0,0.0,63.0,e10,CX-PICy,nD,0.8614801884008014
16864,175.0,64.0,0.0,64.0,e3,X-Phos,nF,0.8295848550156448
16865,175.0,65.0,0.0,65.0,e10,Ph-PhenCar-Phos,nC,0.6466673885416775
16866,175.0,66.0,0.0,66.0,e9,PCy3 HBF4,nI,0.5233205929895026
16867,175.0,67.0,0.0,67.0,e9,Cy-BippyPhos,nC,0.4093298004131833
16868,175.0,68.0,0.0,68.0,e2,tBPh-CPhos,nI,0.6559331228280183
16869,175.0,69.0,0.0,69.0,e9,PPhtBu2,nD,0.2526686520906297
16870,175.0,70.0,0.0,70.0,e7,CX-FBu,nC,0.015254117622773431
16871,175.0,71.0,0.0,71.0,e2,P(o-Anis)3,nF,0.0020685938468024733
16872,175.0,72.0,0.0,72.0,e7,CX-PICy,nC,0.5896946040296001
16873,175.0,73.0,0.0,73.0,e1,Cy-DavePhos,nG,0.10033053889692384
16874,175.0,74.0,0.0,74.0,e9,X-Phos,nF,0.7946437444937127
16875,175.0,75.0,0.0,75.0,e10,"P(3,5-CF3-Ph)3",nA,0.546272038278152
16876,175.0,76.0,0.0,76.0,e4,A-caPhos,nC,0.22300559618283194
16877,175.0,77.0,0.0,77.0,e1,CgMe-PPh,nD,0.47486974841558166
16878,175.0,78.0,0.0,78.0,e1,tBPh-CPhos,nE,0.10531846896621012
16879,175.0,79.0,0.0,79.0,e4,Ph-PhenCar-Phos,nB,0.004535315989053302
16880,175.0,80.0,0.0,80.0,e7,X-Phos,nE,0.009747915997314067
16881,175.0,81.0,0.0,81.0,e10,PPh3,nB,0.027379747986006113
16882,175.0,82.0,0.0,82.0,e2,Cy-vBRIDP,nA,0.9280139562522538
16883,175.0,83.0,0.0,83.0,e7,BrettPhos,nE,0.0
16884,175.0,84.0,0.0,84.0,e3,CX-PICy,nA,0.3216556256640709
16885,175.0,85.0,0.0,85.0,e10,PCy3 HBF4,nF,0.5031493938885278
16886,175.0,86.0,0.0,86.0,e1,Et-PhenCar-Phos,nD,0.07952442668374339
16887,175.0,87.0,0.0,87.0,e10,Cy-vBRIDP,nB,0.4380455887344343
16888,175.0,88.0,0.0,88.0,e1,Kwong,nI,0.017331328917836657
16889,175.0,89.0,0.0,89.0,e7,Cy-BippyPhos,nI,0.8044666768394777
16890,175.0,90.0,0.0,90.0,e10,PnBu3 HBF4,nE,0.04185113905030638
16891,175.0,91.0,0.0,91.0,e9,"P(3,5-CF3-Ph)3",nG,0.3475054757161358
16892,175.0,92.0,0.0,92.0,e2,MeO-KITPHOS,nF,0.6735229847545438
16893,175.0,93.0,0.0,93.0,e9,Cy-BippyPhos,nA,0.5551684100530536
16894,175.0,94.0,0.0,94.0,e10,CgMe-PPh,nD,0.9667080207978768
16895,175.0,95.0,0.0,95.0,e10,CgMe-PPh,nI,0.992612378842541
16896,176.0,0.0,0.0,0.0,e3,A-caPhos,nA,0.31300672103875227
16897,176.0,1.0,0.0,1.0,e2,BrettPhos,nG,0.08281407991024353
16898,176.0,2.0,0.0,2.0,e10,CX-FBu,nI,0.11326772664660484
16899,176.0,3.0,0.0,3.0,e1,CX-PICy,nA,0.5817574646717254
16900,176.0,4.0,0.0,4.0,e7,Cy-DavePhos,nB,0.2152450446486366
16901,176.0,5.0,0.0,5.0,e5,Cy-vBRIDP,nC,0.6808973298430087
16902,176.0,6.0,0.0,6.0,e7,Kwong,nC,0.618033573890117
16903,176.0,7.0,0.0,7.0,e9,MeO-KITPHOS,nC,0.35851761793533216
16904,176.0,8.0,0.0,8.0,e5,P(o-Anis)3,nE,0.08503037414620321
16905,176.0,9.0,0.0,9.0,e7,Et-PhenCar-Phos,nD,1.0
16906,176.0,10.0,0.0,10.0,e5,JackiePhos,nG,0.338261501637445
16907,176.0,11.0,0.0,11.0,e3,"P(3,5-CF3-Ph)3",nI,0.34124947817961754
16908,176.0,12.0,0.0,12.0,e2,P(fur)3,nB,0.3160767978375305
16909,176.0,13.0,0.0,13.0,e10,Ph-PhenCar-Phos,nG,0.0
16910,176.0,14.0,0.0,14.0,e2,PPh2Me,nI,0.2867303573574186
16911,176.0,15.0,0.0,15.0,e2,PPhtBu2,nD,0.9426908215088567
16912,176.0,16.0,0.0,16.0,e2,tBPh-CPhos,nC,0.6045475370510676
16913,176.0,17.0,0.0,17.0,e10,PPhMe2,nB,0.36471787230730734
16914,176.0,18.0,0.0,18.0,e9,Cy-BippyPhos,nF,0.9242970629259212
16915,176.0,19.0,0.0,19.0,e2,PCy3 HBF4,nD,0.7652714503735659
16916,176.0,20.0,0.0,20.0,e4,CgMe-PPh,nG,0.03040429412851897
16917,176.0,21.0,0.0,21.0,e1,PPh3,nG,0.03305769806250671
16918,176.0,22.0,0.0,22.0,e3,X-Phos,nD,0.6499890415739124
16919,176.0,23.0,0.0,23.0,e9,PnBu3 HBF4,nE,0.13881752224258265
16920,176.0,24.0,0.0,24.0,e7,Et-PhenCar-Phos,nA,0.46105828561415296
16921,176.0,25.0,0.0,25.0,e2,PPhtBu2,nB,0.2956916574075555
16922,176.0,26.0,0.0,26.0,e5,Cy-BippyPhos,nD,0.7452121533478554
16923,176.0,27.0,0.0,27.0,e4,PCy3 HBF4,nE,0.014449000330444188
16924,176.0,28.0,0.0,28.0,e9,Cy-vBRIDP,nA,0.003827159412294159
16925,176.0,29.0,0.0,29.0,e2,X-Phos,nG,0.15427681870136029
16926,176.0,30.0,0.0,30.0,e2,Kwong,nF,0.7262280592039937
16927,176.0,31.0,0.0,31.0,e4,tBPh-CPhos,nC,0.29898547506383855
16928,176.0,32.0,0.0,32.0,e9,CX-PICy,nF,0.47170454735693496
16929,176.0,33.0,0.0,33.0,e7,PPhMe2,nF,0.0
16930,176.0,34.0,0.0,34.0,e10,MeO-KITPHOS,nD,0.8998197521786309
16931,176.0,35.0,0.0,35.0,e2,"P(3,5-CF3-Ph)3",nF,0.5553423767091952
16932,176.0,36.0,0.0,36.0,e10,JackiePhos,nD,0.9619894282107424
16933,176.0,37.0,0.0,37.0,e4,P(fur)3,nB,0.04357911135254303
16934,176.0,38.0,0.0,38.0,e9,A-caPhos,nC,0.3325995428251358
16935,176.0,39.0,0.0,39.0,e7,PPh2Me,nD,0.1229873725585538
16936,176.0,40.0,0.0,40.0,e9,Cy-BippyPhos,nC,0.4093298004131833
16937,176.0,41.0,0.0,41.0,e9,Cy-DavePhos,nG,0.4021743761051082
16938,176.0,42.0,0.0,42.0,e3,Et-PhenCar-Phos,nC,0.528155852189567
16939,176.0,43.0,0.0,43.0,e3,PnBu3 HBF4,nG,0.28320116621218205
16940,176.0,44.0,0.0,44.0,e7,CX-FBu,nE,0.001217827266805761
16941,176.0,45.0,0.0,45.0,e1,Kwong,nF,0.04076651100940088
16942,176.0,46.0,0.0,46.0,e4,P(o-Anis)3,nE,0.0
16943,176.0,47.0,0.0,47.0,e4,BrettPhos,nI,0.0
16944,176.0,48.0,0.0,48.0,e3,JackiePhos,nE,0.19804717134717115
16945,176.0,49.0,0.0,49.0,e1,MeO-KITPHOS,nC,0.08497736742087081
16946,176.0,50.0,0.0,50.0,e2,PPhtBu2,nE,0.2141985283033928
16947,176.0,51.0,0.0,51.0,e10,PPh3,nF,0.9681029779274772
16948,176.0,52.0,0.0,52.0,e7,CgMe-PPh,nF,0.8590504388988899
16949,176.0,53.0,0.0,53.0,e5,Ph-PhenCar-Phos,nG,0.0
16950,176.0,54.0,0.0,54.0,e2,CX-PICy,nI,0.5114221648973126
16951,176.0,55.0,0.0,55.0,e9,PPh3,nC,0.36576356638393287
16952,176.0,56.0,0.0,56.0,e4,tBPh-CPhos,nF,0.13333417034980927
16953,176.0,57.0,0.0,57.0,e3,"P(3,5-CF3-Ph)3",nC,0.5560644999980037
16954,176.0,58.0,0.0,58.0,e3,CgMe-PPh,nG,0.693870840573733
16955,176.0,59.0,0.0,59.0,e4,Cy-BippyPhos,nB,0.001309200773603058
16956,176.0,60.0,0.0,60.0,e3,Et-PhenCar-Phos,nB,0.2232542389845771
16957,176.0,61.0,0.0,61.0,e10,X-Phos,nG,0.26909978021938563
16958,176.0,62.0,0.0,62.0,e1,PCy3 HBF4,nE,0.06933003441095552
16959,176.0,63.0,0.0,63.0,e4,Cy-vBRIDP,nD,0.0814370688803937
16960,176.0,64.0,0.0,64.0,e7,A-caPhos,nB,0.19570168231689697
16961,176.0,65.0,0.0,65.0,e4,Cy-DavePhos,nA,0.030639879401734644
16962,176.0,66.0,0.0,66.0,e3,CgMe-PPh,nB,0.2170305015470435
16963,176.0,67.0,0.0,67.0,e9,CX-PICy,nC,0.3368172083334284
16964,176.0,68.0,0.0,68.0,e9,JackiePhos,nA,0.4878435591523317
16965,176.0,69.0,0.0,69.0,e3,"P(3,5-CF3-Ph)3",nE,0.07143086362203174
16966,176.0,70.0,0.0,70.0,e1,PPhtBu2,nF,0.0
16967,176.0,71.0,0.0,71.0,e1,PnBu3 HBF4,nB,0.005892158794976363
16968,176.0,72.0,0.0,72.0,e7,PPh2Me,nA,0.2157458754143766
16969,176.0,73.0,0.0,73.0,e2,Kwong,nE,0.15385645810893028
16970,176.0,74.0,0.0,74.0,e2,PPh3,nI,0.5983316480220364
16971,176.0,75.0,0.0,75.0,e7,MeO-KITPHOS,nE,0.012124358784725389
16972,176.0,76.0,0.0,76.0,e5,PPhMe2,nD,0.7767748774157355
16973,176.0,77.0,0.0,77.0,e4,P(fur)3,nE,0.000437879828488327
16974,176.0,78.0,0.0,78.0,e2,Et-PhenCar-Phos,nC,0.5743678887703998
16975,176.0,79.0,0.0,79.0,e1,PPhMe2,nE,0.005912635036959193
16976,176.0,80.0,0.0,80.0,e3,Cy-BippyPhos,nB,0.2278488766711775
16977,176.0,81.0,0.0,81.0,e3,X-Phos,nI,0.43402238114543207
16978,176.0,82.0,0.0,82.0,e7,tBPh-CPhos,nB,0.313551181342256
16979,176.0,83.0,0.0,83.0,e10,JackiePhos,nA,0.7329517075696806
16980,176.0,84.0,0.0,84.0,e10,PPh3,nI,0.6602505435133692
16981,176.0,85.0,0.0,85.0,e3,CX-PICy,nI,0.3147352706817098
16982,176.0,86.0,0.0,86.0,e5,CX-FBu,nC,0.07791633633204394
16983,176.0,87.0,0.0,87.0,e7,P(o-Anis)3,nA,0.2039959559602517
16984,176.0,88.0,0.0,88.0,e3,BrettPhos,nI,0.03009704001424225
16985,176.0,89.0,0.0,89.0,e7,Et-PhenCar-Phos,nF,0.8005855615874519
16986,176.0,90.0,0.0,90.0,e2,CgMe-PPh,nB,0.2326183566176621
16987,176.0,91.0,0.0,91.0,e4,JackiePhos,nG,0.011497397001572884
16988,176.0,92.0,0.0,92.0,e4,PCy3 HBF4,nG,0.0
16989,176.0,93.0,0.0,93.0,e10,A-caPhos,nF,0.7955510503185635
16990,176.0,94.0,0.0,94.0,e3,PPh3,nF,0.7331009521150271
16991,176.0,95.0,0.0,95.0,e3,Et-PhenCar-Phos,nA,0.6402198562439387
16992,177.0,0.0,0.0,0.0,e4,A-caPhos,nE,0.0
16993,177.0,1.0,0.0,1.0,e10,BrettPhos,nC,0.17130482447828083
16994,177.0,2.0,0.0,2.0,e1,CX-FBu,nA,0.06728168343034004
16995,177.0,3.0,0.0,3.0,e9,CX-PICy,nA,0.22214179192108488
16996,177.0,4.0,0.0,4.0,e4,Cy-DavePhos,nG,0.04776203346339624
16997,177.0,5.0,0.0,5.0,e1,Cy-vBRIDP,nF,0.05518931662697358
16998,177.0,6.0,0.0,6.0,e3,Kwong,nC,0.49266490533355695
16999,177.0,7.0,0.0,7.0,e7,MeO-KITPHOS,nF,0.14909057955854127
17000,177.0,8.0,0.0,8.0,e4,P(o-Anis)3,nE,0.0
17001,177.0,9.0,0.0,9.0,e2,Et-PhenCar-Phos,nG,0.21586957617119734
17002,177.0,10.0,0.0,10.0,e5,JackiePhos,nC,0.6733815385706186
17003,177.0,11.0,0.0,11.0,e7,"P(3,5-CF3-Ph)3",nD,0.7248719169293781
17004,177.0,12.0,0.0,12.0,e1,P(fur)3,nE,0.030488115443860403
17005,177.0,13.0,0.0,13.0,e5,Ph-PhenCar-Phos,nC,0.6706487930795781
17006,177.0,14.0,0.0,14.0,e9,PPh2Me,nE,0.1405880999819467
17007,177.0,15.0,0.0,15.0,e10,PPhtBu2,nG,0.2854037571220982
17008,177.0,16.0,0.0,16.0,e9,tBPh-CPhos,nD,0.7798623769507976
17009,177.0,17.0,0.0,17.0,e4,PPhMe2,nG,0.0
17010,177.0,18.0,0.0,18.0,e7,Cy-BippyPhos,nB,0.26761082245238416
17011,177.0,19.0,0.0,19.0,e5,PCy3 HBF4,nB,0.02481060011325073
17012,177.0,20.0,0.0,20.0,e10,CgMe-PPh,nG,0.4450058594793389
17013,177.0,21.0,0.0,21.0,e10,PPh3,nB,0.027379747986006113
17014,177.0,22.0,0.0,22.0,e2,X-Phos,nB,0.20337122330638152
17015,177.0,23.0,0.0,23.0,e3,PnBu3 HBF4,nB,0.061021062497356005
17016,177.0,24.0,0.0,24.0,e4,tBPh-CPhos,nE,0.08334191795338486
17017,177.0,25.0,0.0,25.0,e2,"P(3,5-CF3-Ph)3",nA,0.7596387385382168
17018,177.0,26.0,0.0,26.0,e5,JackiePhos,nD,0.7857626907983566
17019,177.0,27.0,0.0,27.0,e3,Ph-PhenCar-Phos,nI,0.1932605709368885
17020,177.0,28.0,0.0,28.0,e4,Kwong,nE,0.0
17021,177.0,29.0,0.0,29.0,e4,CgMe-PPh,nE,0.0309977877786149
17022,177.0,30.0,0.0,30.0,e4,PPhtBu2,nI,0.0
17023,177.0,31.0,0.0,31.0,e2,Cy-BippyPhos,nF,0.5159368139266189
17024,177.0,32.0,0.0,32.0,e10,CX-PICy,nD,0.8614801884008014
17025,177.0,33.0,0.0,33.0,e1,Et-PhenCar-Phos,nD,0.07952442668374339
17026,177.0,34.0,0.0,34.0,e10,X-Phos,nD,0.9917865678194812
17027,177.0,35.0,0.0,35.0,e1,BrettPhos,nB,0.023933086062199235
17028,177.0,36.0,0.0,36.0,e9,"P(3,5-CF3-Ph)3",nD,0.44318159981050437
17029,177.0,37.0,0.0,37.0,e4,MeO-KITPHOS,nC,0.5583920453812025
17030,177.0,38.0,0.0,38.0,e9,JackiePhos,nB,0.12673454703525938
17031,177.0,39.0,0.0,39.0,e4,PPh2Me,nE,0.0
17032,177.0,40.0,0.0,40.0,e5,CX-FBu,nE,0.034021070951704015
17033,177.0,41.0,0.0,41.0,e2,PnBu3 HBF4,nC,0.6344642168342858
17034,177.0,42.0,0.0,42.0,e1,Cy-vBRIDP,nG,0.040219882770202414
17035,177.0,43.0,0.0,43.0,e1,Cy-DavePhos,nG,0.10033053889692384
17036,177.0,44.0,0.0,44.0,e2,P(fur)3,nC,0.531364471158177
17037,177.0,45.0,0.0,45.0,e2,PPh3,nI,0.5983316480220364
17038,177.0,46.0,0.0,46.0,e1,PCy3 HBF4,nC,0.12548596697694442
17039,177.0,47.0,0.0,47.0,e2,X-Phos,nF,0.2803025402995705
17040,177.0,48.0,0.0,48.0,e2,A-caPhos,nC,0.6792763491019146
17041,177.0,49.0,0.0,49.0,e9,P(o-Anis)3,nG,0.16952591679227183
17042,177.0,50.0,0.0,50.0,e3,PPhMe2,nF,0.8232012369865152
17043,177.0,51.0,0.0,51.0,e1,CX-PICy,nB,0.158428631262488
17044,177.0,52.0,0.0,52.0,e2,Ph-PhenCar-Phos,nE,0.002935248313701339
17045,177.0,53.0,0.0,53.0,e1,tBPh-CPhos,nA,0.9415665821167656
17046,177.0,54.0,0.0,54.0,e1,PPhMe2,nE,0.005912635036959193
17047,177.0,55.0,0.0,55.0,e1,Cy-BippyPhos,nC,0.12530079881726516
17048,177.0,56.0,0.0,56.0,e5,"P(3,5-CF3-Ph)3",nE,0.16245071334673533
17049,177.0,57.0,0.0,57.0,e4,MeO-KITPHOS,nA,0.009388644305479189
17050,177.0,58.0,0.0,58.0,e9,PnBu3 HBF4,nI,0.364306479041637
17051,177.0,59.0,0.0,59.0,e10,tBPh-CPhos,nB,0.34684817142606866
17052,177.0,60.0,0.0,60.0,e2,A-caPhos,nG,0.08718212432149915
17053,177.0,61.0,0.0,61.0,e5,PPh3,nA,0.2549508068127627
17054,177.0,62.0,0.0,62.0,e4,P(fur)3,nE,0.000437879828488327
17055,177.0,63.0,0.0,63.0,e2,JackiePhos,nC,0.5096826906052602
17056,177.0,64.0,0.0,64.0,e4,Kwong,nC,0.13664049521331256
17057,177.0,65.0,0.0,65.0,e7,CgMe-PPh,nF,0.8590504388988899
17058,177.0,66.0,0.0,66.0,e4,X-Phos,nE,0.0
17059,177.0,67.0,0.0,67.0,e3,CgMe-PPh,nB,0.2170305015470435
17060,177.0,68.0,0.0,68.0,e1,CX-PICy,nF,0.035498905100854815
17061,177.0,69.0,0.0,69.0,e5,Et-PhenCar-Phos,nA,0.7577678491226976
17062,177.0,70.0,0.0,70.0,e7,PPhtBu2,nC,0.30473655831052726
17063,177.0,71.0,0.0,71.0,e5,tBPh-CPhos,nF,0.021215482774025726
17064,177.0,72.0,0.0,72.0,e10,JackiePhos,nB,0.3412973722922598
17065,177.0,73.0,0.0,73.0,e4,"P(3,5-CF3-Ph)3",nB,0.027212247580631236
17066,177.0,74.0,0.0,74.0,e1,BrettPhos,nF,0.02959502704843433
17067,177.0,75.0,0.0,75.0,e1,PnBu3 HBF4,nC,0.05073636262125162
17068,177.0,76.0,0.0,76.0,e2,Et-PhenCar-Phos,nD,0.9214853157259724
17069,177.0,77.0,0.0,77.0,e10,P(o-Anis)3,nG,0.07389015169587047
17070,177.0,78.0,0.0,78.0,e3,Et-PhenCar-Phos,nG,0.7493850028763238
17071,177.0,79.0,0.0,79.0,e7,PCy3 HBF4,nE,0.012884298674100353
17072,177.0,80.0,0.0,80.0,e3,Cy-DavePhos,nC,0.37215812981068086
17073,177.0,81.0,0.0,81.0,e1,PPh2Me,nF,0.03516179379382025
17074,177.0,82.0,0.0,82.0,e1,CX-FBu,nE,0.0
17075,177.0,83.0,0.0,83.0,e1,Cy-vBRIDP,nB,0.09907844745687962
17076,177.0,84.0,0.0,84.0,e10,Cy-BippyPhos,nI,0.8194571896084138
17077,177.0,85.0,0.0,85.0,e4,PPh3,nE,0.0
17078,177.0,86.0,0.0,86.0,e4,Ph-PhenCar-Phos,nF,0.06641743274856524
17079,177.0,87.0,0.0,87.0,e3,Et-PhenCar-Phos,nD,0.6274812834141975
17080,177.0,88.0,0.0,88.0,e2,Cy-BippyPhos,nG,0.21398062661899547
17081,177.0,89.0,0.0,89.0,e10,PPhMe2,nI,0.5272307031167799
17082,177.0,90.0,0.0,90.0,e3,A-caPhos,nG,0.0
17083,177.0,91.0,0.0,91.0,e10,MeO-KITPHOS,nG,0.4483889452545666
17084,177.0,92.0,0.0,92.0,e5,CgMe-PPh,nF,0.4710660416220753
17085,177.0,93.0,0.0,93.0,e7,JackiePhos,nC,0.6688604819213119
17086,177.0,94.0,0.0,94.0,e4,Et-PhenCar-Phos,nD,0.045517695769122665
17087,177.0,95.0,0.0,95.0,e2,X-Phos,nD,0.810292693921554
17088,178.0,0.0,0.0,0.0,e9,A-caPhos,nA,0.04128507835913788
17089,178.0,1.0,0.0,1.0,e3,BrettPhos,nD,0.19688586421207319
17090,178.0,2.0,0.0,2.0,e5,CX-FBu,nA,0.036929391233255865
17091,178.0,3.0,0.0,3.0,e9,CX-PICy,nD,0.7313083836786916
17092,178.0,4.0,0.0,4.0,e1,Cy-DavePhos,nD,0.0801309667245095
17093,178.0,5.0,0.0,5.0,e4,Cy-vBRIDP,nE,0.012274316478209889
17094,178.0,6.0,0.0,6.0,e1,Kwong,nF,0.04076651100940088
17095,178.0,7.0,0.0,7.0,e10,MeO-KITPHOS,nI,0.8474236030258523
17096,178.0,8.0,0.0,8.0,e3,P(o-Anis)3,nI,0.03740072259651408
17097,178.0,9.0,0.0,9.0,e7,Et-PhenCar-Phos,nC,0.7443135007935773
17098,178.0,10.0,0.0,10.0,e5,JackiePhos,nE,0.24549969999845586
17099,178.0,11.0,0.0,11.0,e9,"P(3,5-CF3-Ph)3",nD,0.44318159981050437
17100,178.0,12.0,0.0,12.0,e10,P(fur)3,nC,0.7314440607369128
17101,178.0,13.0,0.0,13.0,e5,Ph-PhenCar-Phos,nI,0.37255339391005377
17102,178.0,14.0,0.0,14.0,e5,PPh2Me,nG,0.02908266774080822
17103,178.0,15.0,0.0,15.0,e3,PPhtBu2,nC,0.47844610654360165
17104,178.0,16.0,0.0,16.0,e10,tBPh-CPhos,nB,0.34684817142606866
17105,178.0,17.0,0.0,17.0,e1,PPhMe2,nC,0.04178685204173926
17106,178.0,18.0,0.0,18.0,e1,Cy-BippyPhos,nD,0.19322800249768834
17107,178.0,19.0,0.0,19.0,e9,PCy3 HBF4,nC,0.37815021126374854
17108,178.0,20.0,0.0,20.0,e5,CgMe-PPh,nE,0.0
17109,178.0,21.0,0.0,21.0,e3,PPh3,nB,0.10579944408648047
17110,178.0,22.0,0.0,22.0,e10,X-Phos,nF,0.9068098364152221
17111,178.0,23.0,0.0,23.0,e4,PnBu3 HBF4,nD,0.037089716289498115
17112,178.0,24.0,0.0,24.0,e7,X-Phos,nG,0.0
17113,178.0,25.0,0.0,25.0,e1,MeO-KITPHOS,nB,0.015845697854694092
17114,178.0,26.0,0.0,26.0,e5,Et-PhenCar-Phos,nF,0.9721268742833418
17115,178.0,27.0,0.0,27.0,e2,P(fur)3,nC,0.531364471158177
17116,178.0,28.0,0.0,28.0,e10,CX-PICy,nD,0.8614801884008014
17117,178.0,29.0,0.0,29.0,e4,PPhtBu2,nG,0.010529758099421742
17118,178.0,30.0,0.0,30.0,e10,"P(3,5-CF3-Ph)3",nD,0.9480127354628836
17119,178.0,31.0,0.0,31.0,e3,PCy3 HBF4,nE,0.06067622810866836
17120,178.0,32.0,0.0,32.0,e3,Ph-PhenCar-Phos,nB,0.02500979360624822
17121,178.0,33.0,0.0,33.0,e4,tBPh-CPhos,nA,0.0348084285544355
17122,178.0,34.0,0.0,34.0,e1,Et-PhenCar-Phos,nA,0.5211070217161989
17123,178.0,35.0,0.0,35.0,e9,JackiePhos,nB,0.12673454703525938
17124,178.0,36.0,0.0,36.0,e5,CX-PICy,nE,0.19791536280621153
17125,178.0,37.0,0.0,37.0,e9,BrettPhos,nE,0.04085862990218846
17126,178.0,38.0,0.0,38.0,e10,Cy-BippyPhos,nI,0.8194571896084138
17127,178.0,39.0,0.0,39.0,e2,"P(3,5-CF3-Ph)3",nI,0.7101552221676866
17128,178.0,40.0,0.0,40.0,e3,PPh3,nA,0.08557652021695743
17129,178.0,41.0,0.0,41.0,e4,Cy-DavePhos,nC,0.365792749214354
17130,178.0,42.0,0.0,42.0,e9,P(fur)3,nG,0.3593925605569053
17131,178.0,43.0,0.0,43.0,e7,PPhMe2,nD,0.17967402718109338
17132,178.0,44.0,0.0,44.0,e9,A-caPhos,nB,0.040633394833466153
17133,178.0,45.0,0.0,45.0,e10,Kwong,nG,0.24923381383602894
17134,178.0,46.0,0.0,46.0,e3,P(o-Anis)3,nD,0.017049023134240643
17135,178.0,47.0,0.0,47.0,e1,PnBu3 HBF4,nD,0.07093393667529567
17136,178.0,48.0,0.0,48.0,e2,CX-FBu,nA,0.0
17137,178.0,49.0,0.0,49.0,e5,PPh2Me,nD,0.8364467095225078
17138,178.0,50.0,0.0,50.0,e2,Cy-vBRIDP,nI,0.6880605476764962
17139,178.0,51.0,0.0,51.0,e4,CgMe-PPh,nC,0.07729202271014396
17140,178.0,52.0,0.0,52.0,e2,Cy-BippyPhos,nC,0.565819186487617
17141,178.0,53.0,0.0,53.0,e3,Et-PhenCar-Phos,nC,0.528155852189567
17142,178.0,54.0,0.0,54.0,e9,X-Phos,nI,0.48640092936162965
17143,178.0,55.0,0.0,55.0,e3,"P(3,5-CF3-Ph)3",nA,0.08371816344615461
17144,178.0,56.0,0.0,56.0,e7,PPh2Me,nF,0.03319774188221985
17145,178.0,57.0,0.0,57.0,e10,MeO-KITPHOS,nF,0.8931997261223513
17146,178.0,58.0,0.0,58.0,e3,Cy-vBRIDP,nE,0.22456888388015206
17147,178.0,59.0,0.0,59.0,e5,CX-PICy,nF,0.5063471923786179
17148,178.0,60.0,0.0,60.0,e2,MeO-KITPHOS,nG,0.2917340042609233
17149,178.0,61.0,0.0,61.0,e1,P(fur)3,nC,0.13064801328706593
17150,178.0,62.0,0.0,62.0,e5,Et-PhenCar-Phos,nG,0.4088272163752651
17151,178.0,63.0,0.0,63.0,e4,Cy-BippyPhos,nE,0.0
17152,178.0,64.0,0.0,64.0,e9,PPhtBu2,nC,0.22719482142551736
17153,178.0,65.0,0.0,65.0,e7,Cy-DavePhos,nC,0.43870094090204687
17154,178.0,66.0,0.0,66.0,e5,PCy3 HBF4,nE,0.04434804632877687
17155,178.0,67.0,0.0,67.0,e3,X-Phos,nF,0.8295848550156448
17156,178.0,68.0,0.0,68.0,e9,Ph-PhenCar-Phos,nE,0.08998609138257692
17157,178.0,69.0,0.0,69.0,e4,tBPh-CPhos,nB,0.008677035710621023
17158,178.0,70.0,0.0,70.0,e10,JackiePhos,nE,0.13231340139379136
17159,178.0,71.0,0.0,71.0,e10,CX-PICy,nC,0.7614827627405488
17160,178.0,72.0,0.0,72.0,e2,Kwong,nI,0.5869140300450231
17161,178.0,73.0,0.0,73.0,e7,X-Phos,nI,0.10875787618113172
17162,178.0,74.0,0.0,74.0,e4,"P(3,5-CF3-Ph)3",nD,0.021077110506758236
17163,178.0,75.0,0.0,75.0,e9,BrettPhos,nG,0.0
17164,178.0,76.0,0.0,76.0,e1,Et-PhenCar-Phos,nG,0.07748698744311458
17165,178.0,77.0,0.0,77.0,e5,PPhMe2,nA,0.6471944961567562
17166,178.0,78.0,0.0,78.0,e2,MeO-KITPHOS,nE,0.14157346928450873
17167,178.0,79.0,0.0,79.0,e1,PPh3,nF,0.033638963742203404
17168,178.0,80.0,0.0,80.0,e4,CX-PICy,nE,0.044118367259479443
17169,178.0,81.0,0.0,81.0,e10,PnBu3 HBF4,nE,0.04185113905030638
17170,178.0,82.0,0.0,82.0,e7,Cy-vBRIDP,nA,0.4856539808134513
17171,178.0,83.0,0.0,83.0,e5,A-caPhos,nB,0.05123964518257458
17172,178.0,84.0,0.0,84.0,e9,PPh2Me,nA,0.1862919698404241
17173,178.0,85.0,0.0,85.0,e1,CgMe-PPh,nG,0.16657970973424252
17174,178.0,86.0,0.0,86.0,e9,Cy-DavePhos,nI,0.6237855110018449
17175,178.0,87.0,0.0,87.0,e7,Kwong,nF,0.19003296934826672
17176,178.0,88.0,0.0,88.0,e9,PPhMe2,nF,0.0
17177,178.0,89.0,0.0,89.0,e2,P(o-Anis)3,nE,0.11073968831160971
17178,178.0,90.0,0.0,90.0,e5,P(fur)3,nA,0.7422450479697658
17179,178.0,91.0,0.0,91.0,e10,CX-FBu,nA,0.11933660384887412
17180,178.0,92.0,0.0,92.0,e3,Cy-BippyPhos,nC,0.4701158020102052
17181,178.0,93.0,0.0,93.0,e2,P(fur)3,nE,0.12109249824231177
17182,178.0,94.0,0.0,94.0,e1,PPhtBu2,nB,0.03618479220380419
17183,178.0,95.0,0.0,95.0,e7,Cy-DavePhos,nI,0.2468203134373269
17184,179.0,0.0,0.0,0.0,e5,A-caPhos,nE,0.037864613831533826
17185,179.0,1.0,0.0,1.0,e5,BrettPhos,nE,0.03441463508665893
17186,179.0,2.0,0.0,2.0,e7,CX-FBu,nD,0.017505922127010028
17187,179.0,3.0,0.0,3.0,e5,CX-PICy,nE,0.19791536280621153
17188,179.0,4.0,0.0,4.0,e9,Cy-DavePhos,nI,0.6237855110018449
17189,179.0,5.0,0.0,5.0,e9,Cy-vBRIDP,nF,0.6967928130282119
17190,179.0,6.0,0.0,6.0,e7,Kwong,nF,0.19003296934826672
17191,179.0,7.0,0.0,7.0,e1,MeO-KITPHOS,nE,0.04671760971453625
17192,179.0,8.0,0.0,8.0,e5,P(o-Anis)3,nI,0.25524773080664775
17193,179.0,9.0,0.0,9.0,e10,Et-PhenCar-Phos,nB,0.46335999806419
17194,179.0,10.0,0.0,10.0,e2,JackiePhos,nD,0.8885726039005069
17195,179.0,11.0,0.0,11.0,e7,"P(3,5-CF3-Ph)3",nA,0.10610513723257087
17196,179.0,12.0,0.0,12.0,e4,P(fur)3,nI,0.04402143693540769
17197,179.0,13.0,0.0,13.0,e5,Ph-PhenCar-Phos,nF,0.09156197264058712
17198,179.0,14.0,0.0,14.0,e10,PPh2Me,nD,1.0
17199,179.0,15.0,0.0,15.0,e7,PPhtBu2,nI,0.035471536543272855
17200,179.0,16.0,0.0,16.0,e4,tBPh-CPhos,nB,0.008677035710621023
17201,179.0,17.0,0.0,17.0,e10,PPhMe2,nE,0.1008193657573415
17202,179.0,18.0,0.0,18.0,e10,Cy-BippyPhos,nF,0.9551634913355087
17203,179.0,19.0,0.0,19.0,e7,PCy3 HBF4,nF,0.11910164690015072
17204,179.0,20.0,0.0,20.0,e4,CgMe-PPh,nE,0.0309977877786149
17205,179.0,21.0,0.0,21.0,e1,PPh3,nA,0.2870639417300373
17206,179.0,22.0,0.0,22.0,e1,X-Phos,nC,0.27431091804894675
17207,179.0,23.0,0.0,23.0,e9,PnBu3 HBF4,nC,0.29786886006957153
17208,179.0,24.0,0.0,24.0,e10,PPh2Me,nE,0.052986997437251694
17209,179.0,25.0,0.0,25.0,e4,Cy-BippyPhos,nG,0.015289072522480941
17210,179.0,26.0,0.0,26.0,e5,JackiePhos,nE,0.24549969999845586
17211,179.0,27.0,0.0,27.0,e9,Cy-vBRIDP,nG,0.47307553236824745
17212,179.0,28.0,0.0,28.0,e2,Cy-DavePhos,nF,0.8384971848128893
17213,179.0,29.0,0.0,29.0,e1,Et-PhenCar-Phos,nG,0.07748698744311458
17214,179.0,30.0,0.0,30.0,e4,PnBu3 HBF4,nI,0.0
17215,179.0,31.0,0.0,31.0,e2,PPh3,nA,0.008904947561475468
17216,179.0,32.0,0.0,32.0,e9,X-Phos,nF,0.7946437444937127
17217,179.0,33.0,0.0,33.0,e2,P(o-Anis)3,nC,0.2694306601099812
17218,179.0,34.0,0.0,34.0,e1,CX-PICy,nA,0.5817574646717254
17219,179.0,35.0,0.0,35.0,e4,Kwong,nC,0.13664049521331256
17220,179.0,36.0,0.0,36.0,e5,Cy-DavePhos,nB,0.24820523727080449
17221,179.0,37.0,0.0,37.0,e7,PCy3 HBF4,nI,0.1338582855355113
17222,179.0,38.0,0.0,38.0,e9,"P(3,5-CF3-Ph)3",nF,0.3243416897405247
17223,179.0,39.0,0.0,39.0,e10,PPhMe2,nC,0.711717873982058
17224,179.0,40.0,0.0,40.0,e7,Ph-PhenCar-Phos,nG,0.014831130594019472
17225,179.0,41.0,0.0,41.0,e4,MeO-KITPHOS,nI,0.046668452270735516
17226,179.0,42.0,0.0,42.0,e7,P(fur)3,nA,0.15917780258602543
17227,179.0,43.0,0.0,43.0,e5,A-caPhos,nD,0.7956086691618747
17228,179.0,44.0,0.0,44.0,e1,PPhtBu2,nI,0.0
17229,179.0,45.0,0.0,45.0,e7,BrettPhos,nD,0.0
17230,179.0,46.0,0.0,46.0,e7,CgMe-PPh,nG,0.20467687014770913
17231,179.0,47.0,0.0,47.0,e1,CX-FBu,nC,0.027604957748843088
17232,179.0,48.0,0.0,48.0,e5,tBPh-CPhos,nG,0.3364545940088557
17233,179.0,49.0,0.0,49.0,e2,Cy-vBRIDP,nA,0.9280139562522538
17234,179.0,50.0,0.0,50.0,e9,JackiePhos,nI,0.7924680013442614
17235,179.0,51.0,0.0,51.0,e4,X-Phos,nB,0.0
17236,179.0,52.0,0.0,52.0,e1,PPh2Me,nG,0.046182417331377484
17237,179.0,53.0,0.0,53.0,e7,Cy-BippyPhos,nA,0.5454537179950174
17238,179.0,54.0,0.0,54.0,e7,Cy-vBRIDP,nD,0.5488733534623731
17239,179.0,55.0,0.0,55.0,e5,A-caPhos,nA,0.2812843970957228
17240,179.0,56.0,0.0,56.0,e1,PPhMe2,nC,0.04178685204173926
17241,179.0,57.0,0.0,57.0,e5,CX-PICy,nA,0.6723589540000653
17242,179.0,58.0,0.0,58.0,e3,JackiePhos,nF,0.779856233931088
17243,179.0,59.0,0.0,59.0,e3,Cy-DavePhos,nE,0.1655425072853271
17244,179.0,60.0,0.0,60.0,e4,Et-PhenCar-Phos,nA,0.02363360610342534
17245,179.0,61.0,0.0,61.0,e5,JackiePhos,nB,0.3749398944667019
17246,179.0,62.0,0.0,62.0,e4,P(o-Anis)3,nF,0.16200930130091348
17247,179.0,63.0,0.0,63.0,e4,Cy-vBRIDP,nG,0.011887141708792338
17248,179.0,64.0,0.0,64.0,e9,Cy-BippyPhos,nD,0.7312870661515999
17249,179.0,65.0,0.0,65.0,e2,CX-PICy,nA,0.6627082272144782
17250,179.0,66.0,0.0,66.0,e9,"P(3,5-CF3-Ph)3",nB,0.06814180345199915
17251,179.0,67.0,0.0,67.0,e7,tBPh-CPhos,nC,0.6575510344081796
17252,179.0,68.0,0.0,68.0,e7,Kwong,nA,0.07567394742364385
17253,179.0,69.0,0.0,69.0,e4,PnBu3 HBF4,nF,0.07661274417725286
17254,179.0,70.0,0.0,70.0,e7,PPh3,nE,0.0
17255,179.0,71.0,0.0,71.0,e1,Cy-BippyPhos,nB,0.16085798150695332
17256,179.0,72.0,0.0,72.0,e1,PCy3 HBF4,nB,0.04339996600929039
17257,179.0,73.0,0.0,73.0,e5,CgMe-PPh,nB,0.24129886485371901
17258,179.0,74.0,0.0,74.0,e9,CX-PICy,nC,0.3368172083334284
17259,179.0,75.0,0.0,75.0,e7,A-caPhos,nD,0.45969276976080437
17260,179.0,76.0,0.0,76.0,e10,PPh2Me,nC,0.7635702486574847
17261,179.0,77.0,0.0,77.0,e7,P(fur)3,nE,0.0
17262,179.0,78.0,0.0,78.0,e9,X-Phos,nA,0.4653132921969271
17263,179.0,79.0,0.0,79.0,e2,JackiePhos,nG,0.226362632584802
17264,179.0,80.0,0.0,80.0,e5,tBPh-CPhos,nC,0.7175681052805551
17265,179.0,81.0,0.0,81.0,e9,Cy-DavePhos,nG,0.4021743761051082
17266,179.0,82.0,0.0,82.0,e7,Ph-PhenCar-Phos,nE,0.014969722878949149
17267,179.0,83.0,0.0,83.0,e5,PPh2Me,nF,0.0
17268,179.0,84.0,0.0,84.0,e9,MeO-KITPHOS,nI,0.37369206432045404
17269,179.0,85.0,0.0,85.0,e1,PPhMe2,nI,0.04119451536413164
17270,179.0,86.0,0.0,86.0,e1,CX-FBu,nF,0.05899310894002479
17271,179.0,87.0,0.0,87.0,e1,PPhtBu2,nA,0.4568186881135986
17272,179.0,88.0,0.0,88.0,e4,BrettPhos,nG,0.0
17273,179.0,89.0,0.0,89.0,e9,tBPh-CPhos,nI,0.8988852901963119
17274,179.0,90.0,0.0,90.0,e7,Cy-vBRIDP,nB,0.18834091750393028
17275,179.0,91.0,0.0,91.0,e3,tBPh-CPhos,nE,0.18973560206253479
17276,179.0,92.0,0.0,92.0,e5,A-caPhos,nC,0.7479428186239185
17277,179.0,93.0,0.0,93.0,e2,CX-PICy,nG,0.12786508394705637
17278,179.0,94.0,0.0,94.0,e2,P(o-Anis)3,nG,0.12131880345908684
17279,179.0,95.0,0.0,95.0,e2,X-Phos,nD,0.810292693921554
17280,180.0,0.0,0.0,0.0,e2,A-caPhos,nG,0.08718212432149915
17281,180.0,1.0,0.0,1.0,e3,BrettPhos,nC,0.13197723746779189
17282,180.0,2.0,0.0,2.0,e5,CX-FBu,nC,0.07791633633204394
17283,180.0,3.0,0.0,3.0,e5,CX-PICy,nD,0.7367636173787823
17284,180.0,4.0,0.0,4.0,e9,Cy-DavePhos,nF,0.869939977523386
17285,180.0,5.0,0.0,5.0,e5,Cy-vBRIDP,nA,0.7556883724207524
17286,180.0,6.0,0.0,6.0,e1,Kwong,nI,0.017331328917836657
17287,180.0,7.0,0.0,7.0,e9,MeO-KITPHOS,nB,0.10548391557053341
17288,180.0,8.0,0.0,8.0,e7,P(o-Anis)3,nA,0.2039959559602517
17289,180.0,9.0,0.0,9.0,e5,Et-PhenCar-Phos,nD,0.7835996088615103
17290,180.0,10.0,0.0,10.0,e2,JackiePhos,nA,0.9033456818168843
17291,180.0,11.0,0.0,11.0,e7,"P(3,5-CF3-Ph)3",nE,0.01373661617423656
17292,180.0,12.0,0.0,12.0,e5,P(fur)3,nG,0.4460254587435207
17293,180.0,13.0,0.0,13.0,e3,Ph-PhenCar-Phos,nF,0.5701705660870041
17294,180.0,14.0,0.0,14.0,e9,PPh2Me,nD,0.09858496056367311
17295,180.0,15.0,0.0,15.0,e2,PPhtBu2,nG,0.1723789943659194
17296,180.0,16.0,0.0,16.0,e9,tBPh-CPhos,nA,0.5070576131604569
17297,180.0,17.0,0.0,17.0,e1,PPhMe2,nI,0.04119451536413164
17298,180.0,18.0,0.0,18.0,e3,Cy-BippyPhos,nC,0.4701158020102052
17299,180.0,19.0,0.0,19.0,e2,PCy3 HBF4,nD,0.7652714503735659
17300,180.0,20.0,0.0,20.0,e4,CgMe-PPh,nB,0.010586928381835779
17301,180.0,21.0,0.0,21.0,e2,PPh3,nG,0.1371811438806168
17302,180.0,22.0,0.0,22.0,e10,X-Phos,nB,0.3561245065772018
17303,180.0,23.0,0.0,23.0,e1,PnBu3 HBF4,nC,0.05073636262125162
17304,180.0,24.0,0.0,24.0,e5,JackiePhos,nC,0.6733815385706186
17305,180.0,25.0,0.0,25.0,e7,Cy-DavePhos,nF,0.07212456406365218
17306,180.0,26.0,0.0,26.0,e3,Et-PhenCar-Phos,nI,0.2910836416236313
17307,180.0,27.0,0.0,27.0,e7,PCy3 HBF4,nB,0.0
17308,180.0,28.0,0.0,28.0,e4,Cy-vBRIDP,nB,0.0
17309,180.0,29.0,0.0,29.0,e4,CX-PICy,nE,0.044118367259479443
17310,180.0,30.0,0.0,30.0,e4,Ph-PhenCar-Phos,nD,0.0
17311,180.0,31.0,0.0,31.0,e4,tBPh-CPhos,nD,0.08322824487277797
17312,180.0,32.0,0.0,32.0,e2,Cy-BippyPhos,nB,0.3284195625331717
17313,180.0,33.0,0.0,33.0,e3,P(fur)3,nC,0.46239361820179303
17314,180.0,34.0,0.0,34.0,e10,X-Phos,nD,0.9917865678194812
17315,180.0,35.0,0.0,35.0,e2,P(o-Anis)3,nB,0.11086154927683153
17316,180.0,36.0,0.0,36.0,e10,JackiePhos,nG,0.19943476808224297
17317,180.0,37.0,0.0,37.0,e4,PPhtBu2,nB,0.0
17318,180.0,38.0,0.0,38.0,e10,PPh3,nC,0.8555703332989744
17319,180.0,39.0,0.0,39.0,e5,BrettPhos,nA,0.2635639912874397
17320,180.0,40.0,0.0,40.0,e9,MeO-KITPHOS,nI,0.37369206432045404
17321,180.0,41.0,0.0,41.0,e4,PPh2Me,nI,0.011948259243086866
17322,180.0,42.0,0.0,42.0,e3,X-Phos,nE,0.1548016728315108
17323,180.0,43.0,0.0,43.0,e10,A-caPhos,nI,0.4049690202102659
17324,180.0,44.0,0.0,44.0,e7,CX-FBu,nC,0.015254117622773431
17325,180.0,45.0,0.0,45.0,e10,PnBu3 HBF4,nA,0.145126946063475
17326,180.0,46.0,0.0,46.0,e5,PPhMe2,nA,0.6471944961567562
17327,180.0,47.0,0.0,47.0,e1,Kwong,nB,0.06453691607178057
17328,180.0,48.0,0.0,48.0,e1,"P(3,5-CF3-Ph)3",nG,0.0
17329,180.0,49.0,0.0,49.0,e4,CgMe-PPh,nE,0.0309977877786149
17330,180.0,50.0,0.0,50.0,e7,Et-PhenCar-Phos,nI,0.6075049737560246
17331,180.0,51.0,0.0,51.0,e10,PPh3,nE,0.026002383851906816
17332,180.0,52.0,0.0,52.0,e10,Cy-DavePhos,nI,0.7834423636635293
17333,180.0,53.0,0.0,53.0,e7,P(fur)3,nI,0.30508908766736764
17334,180.0,54.0,0.0,54.0,e5,Cy-BippyPhos,nE,0.276087915044034
17335,180.0,55.0,0.0,55.0,e7,CX-PICy,nF,0.22737199353381096
17336,180.0,56.0,0.0,56.0,e2,PCy3 HBF4,nE,0.0
17337,180.0,57.0,0.0,57.0,e3,Cy-vBRIDP,nE,0.22456888388015206
17338,180.0,58.0,0.0,58.0,e7,PPhMe2,nD,0.17967402718109338
17339,180.0,59.0,0.0,59.0,e10,JackiePhos,nB,0.3412973722922598
17340,180.0,60.0,0.0,60.0,e2,Cy-DavePhos,nI,0.6644450399368388
17341,180.0,61.0,0.0,61.0,e10,Et-PhenCar-Phos,nC,0.7283750489168687
17342,180.0,62.0,0.0,62.0,e9,tBPh-CPhos,nB,0.15300473080796315
17343,180.0,63.0,0.0,63.0,e3,Ph-PhenCar-Phos,nG,0.05055398317567727
17344,180.0,64.0,0.0,64.0,e9,A-caPhos,nG,0.4248789034782635
17345,180.0,65.0,0.0,65.0,e7,X-Phos,nB,0.24145251337028
17346,180.0,66.0,0.0,66.0,e5,MeO-KITPHOS,nD,0.7150014599477411
17347,180.0,67.0,0.0,67.0,e1,BrettPhos,nD,0.04394938440180767
17348,180.0,68.0,0.0,68.0,e1,Et-PhenCar-Phos,nD,0.07952442668374339
17349,180.0,69.0,0.0,69.0,e3,Cy-DavePhos,nE,0.1655425072853271
17350,180.0,70.0,0.0,70.0,e3,P(o-Anis)3,nE,0.0347685138498739
17351,180.0,71.0,0.0,71.0,e5,P(fur)3,nA,0.7422450479697658
17352,180.0,72.0,0.0,72.0,e2,MeO-KITPHOS,nI,0.6167813320248422
17353,180.0,73.0,0.0,73.0,e1,JackiePhos,nE,0.07879071157202047
17354,180.0,74.0,0.0,74.0,e7,Cy-BippyPhos,nF,0.8908823040179712
17355,180.0,75.0,0.0,75.0,e4,PnBu3 HBF4,nG,0.0
17356,180.0,76.0,0.0,76.0,e9,PPhtBu2,nF,0.04207540286700265
17357,180.0,77.0,0.0,77.0,e10,PPh3,nF,0.9681029779274772
17358,180.0,78.0,0.0,78.0,e3,PPh3,nC,0.5766867841866626
17359,180.0,79.0,0.0,79.0,e7,Cy-BippyPhos,nC,0.8232211000009824
17360,180.0,80.0,0.0,80.0,e9,CX-PICy,nF,0.47170454735693496
17361,180.0,81.0,0.0,81.0,e2,P(fur)3,nB,0.3160767978375305
17362,180.0,82.0,0.0,82.0,e10,Cy-vBRIDP,nI,0.8380507759186263
17363,180.0,83.0,0.0,83.0,e3,PPh2Me,nB,0.018469886419135415
17364,180.0,84.0,0.0,84.0,e5,CX-FBu,nA,0.036929391233255865
17365,180.0,85.0,0.0,85.0,e4,A-caPhos,nE,0.0
17366,180.0,86.0,0.0,86.0,e5,Kwong,nG,0.24931580024802266
17367,180.0,87.0,0.0,87.0,e10,Cy-vBRIDP,nF,0.8737297326167234
17368,180.0,88.0,0.0,88.0,e7,MeO-KITPHOS,nB,0.04698078637689876
17369,180.0,89.0,0.0,89.0,e4,Cy-BippyPhos,nC,0.45425693534735095
17370,180.0,90.0,0.0,90.0,e2,PPhMe2,nF,0.6752763886691495
17371,180.0,91.0,0.0,91.0,e1,X-Phos,nE,0.024633332147110165
17372,180.0,92.0,0.0,92.0,e10,CgMe-PPh,nE,0.0683436736393753
17373,180.0,93.0,0.0,93.0,e7,Cy-vBRIDP,nF,0.47929870017773896
17374,180.0,94.0,0.0,94.0,e3,"P(3,5-CF3-Ph)3",nE,0.07143086362203174
17375,180.0,95.0,0.0,95.0,e5,PCy3 HBF4,nB,0.02481060011325073
17376,181.0,0.0,0.0,0.0,e2,A-caPhos,nI,0.27907445871147873
17377,181.0,1.0,0.0,1.0,e3,BrettPhos,nD,0.19688586421207319
17378,181.0,2.0,0.0,2.0,e9,CX-FBu,nD,0.0
17379,181.0,3.0,0.0,3.0,e5,CX-PICy,nA,0.6723589540000653
17380,181.0,4.0,0.0,4.0,e7,Cy-DavePhos,nC,0.43870094090204687
17381,181.0,5.0,0.0,5.0,e5,Cy-vBRIDP,nI,0.7979626994163204
17382,181.0,6.0,0.0,6.0,e10,Kwong,nG,0.24923381383602894
17383,181.0,7.0,0.0,7.0,e4,MeO-KITPHOS,nE,0.0
17384,181.0,8.0,0.0,8.0,e9,P(o-Anis)3,nC,0.3510501736587359
17385,181.0,9.0,0.0,9.0,e1,Et-PhenCar-Phos,nB,0.04532172338475905
17386,181.0,10.0,0.0,10.0,e2,JackiePhos,nF,0.547298687249777
17387,181.0,11.0,0.0,11.0,e5,"P(3,5-CF3-Ph)3",nE,0.16245071334673533
17388,181.0,12.0,0.0,12.0,e5,P(fur)3,nF,0.766688957978976
17389,181.0,13.0,0.0,13.0,e3,Ph-PhenCar-Phos,nC,0.4884283173094792
17390,181.0,14.0,0.0,14.0,e4,PPh2Me,nA,0.012250195356626198
17391,181.0,15.0,0.0,15.0,e3,PPhtBu2,nE,0.13875537672279908
17392,181.0,16.0,0.0,16.0,e9,tBPh-CPhos,nE,0.2128966624664455
17393,181.0,17.0,0.0,17.0,e2,PPhMe2,nE,0.206575885338896
17394,181.0,18.0,0.0,18.0,e7,Cy-BippyPhos,nD,1.0
17395,181.0,19.0,0.0,19.0,e5,PCy3 HBF4,nE,0.04434804632877687
17396,181.0,20.0,0.0,20.0,e7,CgMe-PPh,nF,0.8590504388988899
17397,181.0,21.0,0.0,21.0,e5,PPh3,nA,0.2549508068127627
17398,181.0,22.0,0.0,22.0,e5,X-Phos,nI,0.6595060362188809
17399,181.0,23.0,0.0,23.0,e9,PnBu3 HBF4,nG,0.39354534074743824
17400,181.0,24.0,0.0,24.0,e9,Cy-BippyPhos,nE,0.1706050823301135
17401,181.0,25.0,0.0,25.0,e2,CgMe-PPh,nD,0.9061905699119336
17402,181.0,26.0,0.0,26.0,e2,Cy-vBRIDP,nD,0.9350385282324228
17403,181.0,27.0,0.0,27.0,e5,P(fur)3,nE,0.1658371632512746
17404,181.0,28.0,0.0,28.0,e7,CX-PICy,nG,0.27831617102194695
17405,181.0,29.0,0.0,29.0,e2,X-Phos,nB,0.20337122330638152
17406,181.0,30.0,0.0,30.0,e10,JackiePhos,nC,0.7413507792095948
17407,181.0,31.0,0.0,31.0,e10,Ph-PhenCar-Phos,nG,0.0
17408,181.0,32.0,0.0,32.0,e2,Cy-DavePhos,nI,0.6644450399368388
17409,181.0,33.0,0.0,33.0,e4,PnBu3 HBF4,nA,0.01706005824707267
17410,181.0,34.0,0.0,34.0,e2,P(o-Anis)3,nD,0.4223619633611157
17411,181.0,35.0,0.0,35.0,e4,CgMe-PPh,nB,0.010586928381835779
17412,181.0,36.0,0.0,36.0,e10,Cy-vBRIDP,nA,0.6642431458921436
17413,181.0,37.0,0.0,37.0,e3,A-caPhos,nA,0.31300672103875227
17414,181.0,38.0,0.0,38.0,e2,PPh3,nG,0.1371811438806168
17415,181.0,39.0,0.0,39.0,e10,Kwong,nE,0.10609667459949558
17416,181.0,40.0,0.0,40.0,e4,tBPh-CPhos,nD,0.08322824487277797
17417,181.0,41.0,0.0,41.0,e2,PPhMe2,nC,0.5688989155636163
17418,181.0,42.0,0.0,42.0,e2,BrettPhos,nC,0.18745960828809252
17419,181.0,43.0,0.0,43.0,e10,"P(3,5-CF3-Ph)3",nE,0.08377153804882367
17420,181.0,44.0,0.0,44.0,e1,PPhtBu2,nC,0.04142482366500885
17421,181.0,45.0,0.0,45.0,e3,JackiePhos,nG,0.6578858211575712
17422,181.0,46.0,0.0,46.0,e7,Et-PhenCar-Phos,nB,0.3099147672836797
17423,181.0,47.0,0.0,47.0,e9,PCy3 HBF4,nD,0.675233270214635
17424,181.0,48.0,0.0,48.0,e1,PPh2Me,nG,0.046182417331377484
17425,181.0,49.0,0.0,49.0,e10,CX-FBu,nE,0.0
17426,181.0,50.0,0.0,50.0,e1,MeO-KITPHOS,nG,0.05772455406029879
17427,181.0,51.0,0.0,51.0,e3,Cy-BippyPhos,nA,0.7065412188883603
17428,181.0,52.0,0.0,52.0,e4,Cy-DavePhos,nD,0.03141453777755875
17429,181.0,53.0,0.0,53.0,e4,Cy-vBRIDP,nA,0.021399040085944364
17430,181.0,54.0,0.0,54.0,e3,CX-PICy,nF,0.6497944840300122
17431,181.0,55.0,0.0,55.0,e4,P(fur)3,nG,0.003303003899865808
17432,181.0,56.0,0.0,56.0,e2,X-Phos,nC,0.40642389315255095
17433,181.0,57.0,0.0,57.0,e4,JackiePhos,nA,0.01378290721008047
17434,181.0,58.0,0.0,58.0,e3,PPhMe2,nG,0.3443466389164857
17435,181.0,59.0,0.0,59.0,e5,P(o-Anis)3,nB,0.08805288524342034
17436,181.0,60.0,0.0,60.0,e5,Cy-BippyPhos,nC,0.7310324837389857
17437,181.0,61.0,0.0,61.0,e3,PCy3 HBF4,nF,0.7927520064501151
17438,181.0,62.0,0.0,62.0,e9,CgMe-PPh,nF,1.0
17439,181.0,63.0,0.0,63.0,e4,A-caPhos,nF,0.177284613811449
17440,181.0,64.0,0.0,64.0,e5,CgMe-PPh,nA,0.19841952843225769
17441,181.0,65.0,0.0,65.0,e1,CX-PICy,nC,0.17448452116943244
17442,181.0,66.0,0.0,66.0,e2,PCy3 HBF4,nB,0.029838368623291776
17443,181.0,67.0,0.0,67.0,e7,Ph-PhenCar-Phos,nB,0.09789100504054042
17444,181.0,68.0,0.0,68.0,e3,Cy-BippyPhos,nG,0.6656541362855952
17445,181.0,69.0,0.0,69.0,e4,PnBu3 HBF4,nC,0.0
17446,181.0,70.0,0.0,70.0,e5,PPh3,nD,0.7503383283607225
17447,181.0,71.0,0.0,71.0,e3,BrettPhos,nA,0.051040990235073004
17448,181.0,72.0,0.0,72.0,e4,Cy-vBRIDP,nE,0.012274316478209889
17449,181.0,73.0,0.0,73.0,e7,Kwong,nI,0.05676228224132744
17450,181.0,74.0,0.0,74.0,e10,Et-PhenCar-Phos,nB,0.46335999806419
17451,181.0,75.0,0.0,75.0,e10,X-Phos,nI,0.7187458586231107
17452,181.0,76.0,0.0,76.0,e10,tBPh-CPhos,nA,0.738775541606104
17453,181.0,77.0,0.0,77.0,e10,Cy-BippyPhos,nI,0.8194571896084138
17454,181.0,78.0,0.0,78.0,e5,"P(3,5-CF3-Ph)3",nA,0.6652219449652172
17455,181.0,79.0,0.0,79.0,e3,PPh3,nA,0.08557652021695743
17456,181.0,80.0,0.0,80.0,e3,Cy-DavePhos,nD,0.6446826086450984
17457,181.0,81.0,0.0,81.0,e3,PPhMe2,nI,0.20757845982176984
17458,181.0,82.0,0.0,82.0,e2,PPhtBu2,nF,0.8558293094709153
17459,181.0,83.0,0.0,83.0,e3,PPhtBu2,nG,0.42214668793427734
17460,181.0,84.0,0.0,84.0,e1,tBPh-CPhos,nE,0.10531846896621012
17461,181.0,85.0,0.0,85.0,e4,Cy-BippyPhos,nE,0.0
17462,181.0,86.0,0.0,86.0,e7,X-Phos,nF,0.15361466712198887
17463,181.0,87.0,0.0,87.0,e2,JackiePhos,nD,0.8885726039005069
17464,181.0,88.0,0.0,88.0,e3,CgMe-PPh,nC,0.5573433814229866
17465,181.0,89.0,0.0,89.0,e7,P(fur)3,nD,0.371885023964237
17466,181.0,90.0,0.0,90.0,e5,JackiePhos,nG,0.338261501637445
17467,181.0,91.0,0.0,91.0,e7,"P(3,5-CF3-Ph)3",nD,0.7248719169293781
17468,181.0,92.0,0.0,92.0,e2,Cy-DavePhos,nB,0.3895783251678055
17469,181.0,93.0,0.0,93.0,e4,CX-PICy,nG,0.016007987024632152
17470,181.0,94.0,0.0,94.0,e7,PPh2Me,nA,0.2157458754143766
17471,181.0,95.0,0.0,95.0,e9,MeO-KITPHOS,nA,0.3102142356694695
17472,182.0,0.0,0.0,0.0,e5,A-caPhos,nF,0.19177908780741595
17473,182.0,1.0,0.0,1.0,e10,BrettPhos,nE,0.057568734516984195
17474,182.0,2.0,0.0,2.0,e3,CX-FBu,nG,0.05424980853629999
17475,182.0,3.0,0.0,3.0,e4,CX-PICy,nI,0.049131110362350565
17476,182.0,4.0,0.0,4.0,e7,Cy-DavePhos,nB,0.2152450446486366
17477,182.0,5.0,0.0,5.0,e5,Cy-vBRIDP,nG,0.40071151817911255
17478,182.0,6.0,0.0,6.0,e4,Kwong,nB,0.0
17479,182.0,7.0,0.0,7.0,e5,MeO-KITPHOS,nG,0.5037716636607265
17480,182.0,8.0,0.0,8.0,e3,P(o-Anis)3,nE,0.0347685138498739
17481,182.0,9.0,0.0,9.0,e10,Et-PhenCar-Phos,nB,0.46335999806419
17482,182.0,10.0,0.0,10.0,e5,JackiePhos,nE,0.24549969999845586
17483,182.0,11.0,0.0,11.0,e1,"P(3,5-CF3-Ph)3",nF,0.0
17484,182.0,12.0,0.0,12.0,e3,P(fur)3,nI,0.10333447340607371
17485,182.0,13.0,0.0,13.0,e10,Ph-PhenCar-Phos,nC,0.6466673885416775
17486,182.0,14.0,0.0,14.0,e4,PPh2Me,nC,0.0
17487,182.0,15.0,0.0,15.0,e5,PPhtBu2,nB,0.26686542642109434
17488,182.0,16.0,0.0,16.0,e5,tBPh-CPhos,nF,0.021215482774025726
17489,182.0,17.0,0.0,17.0,e5,PPhMe2,nI,0.7440098607047809
17490,182.0,18.0,0.0,18.0,e9,Cy-BippyPhos,nD,0.7312870661515999
17491,182.0,19.0,0.0,19.0,e3,PCy3 HBF4,nG,0.21655404349373675
17492,182.0,20.0,0.0,20.0,e2,CgMe-PPh,nD,0.9061905699119336
17493,182.0,21.0,0.0,21.0,e5,PPh3,nA,0.2549508068127627
17494,182.0,22.0,0.0,22.0,e10,X-Phos,nG,0.26909978021938563
17495,182.0,23.0,0.0,23.0,e1,PnBu3 HBF4,nI,0.09337979085237404
17496,182.0,24.0,0.0,24.0,e4,CgMe-PPh,nA,0.05836143390317885
17497,182.0,25.0,0.0,25.0,e4,PPhMe2,nG,0.0
17498,182.0,26.0,0.0,26.0,e10,Cy-BippyPhos,nF,0.9551634913355087
17499,182.0,27.0,0.0,27.0,e1,Ph-PhenCar-Phos,nC,0.12082905001684137
17500,182.0,28.0,0.0,28.0,e1,MeO-KITPHOS,nC,0.08497736742087081
17501,182.0,29.0,0.0,29.0,e7,Et-PhenCar-Phos,nB,0.3099147672836797
17502,182.0,30.0,0.0,30.0,e5,Cy-vBRIDP,nD,0.7161030534920702
17503,182.0,31.0,0.0,31.0,e4,X-Phos,nI,0.009934677799407795
17504,182.0,32.0,0.0,32.0,e3,PPhtBu2,nC,0.47844610654360165
17505,182.0,33.0,0.0,33.0,e1,Cy-BippyPhos,nC,0.12530079881726516
17506,182.0,34.0,0.0,34.0,e3,PPh3,nA,0.08557652021695743
17507,182.0,35.0,0.0,35.0,e10,JackiePhos,nC,0.7413507792095948
17508,182.0,36.0,0.0,36.0,e2,PCy3 HBF4,nB,0.029838368623291776
17509,182.0,37.0,0.0,37.0,e5,Cy-DavePhos,nI,0.8413366058756354
17510,182.0,38.0,0.0,38.0,e10,A-caPhos,nG,0.030747624704373516
17511,182.0,39.0,0.0,39.0,e3,P(fur)3,nF,0.44484850798719355
17512,182.0,40.0,0.0,40.0,e1,PnBu3 HBF4,nF,0.01643119627071477
17513,182.0,41.0,0.0,41.0,e3,BrettPhos,nF,0.00688372893582114
17514,182.0,42.0,0.0,42.0,e9,CX-FBu,nB,0.028022478485440292
17515,182.0,43.0,0.0,43.0,e7,CX-PICy,nG,0.27831617102194695
17516,182.0,44.0,0.0,44.0,e3,P(o-Anis)3,nI,0.03740072259651408
17517,182.0,45.0,0.0,45.0,e5,tBPh-CPhos,nD,0.8244748174600138
17518,182.0,46.0,0.0,46.0,e7,Kwong,nD,0.7352375479541646
17519,182.0,47.0,0.0,47.0,e7,"P(3,5-CF3-Ph)3",nE,0.01373661617423656
17520,182.0,48.0,0.0,48.0,e2,PPh2Me,nD,0.945027927055052
17521,182.0,49.0,0.0,49.0,e10,Cy-vBRIDP,nC,0.6923970246236064
17522,182.0,50.0,0.0,50.0,e9,Cy-DavePhos,nE,0.11425610500152658
17523,182.0,51.0,0.0,51.0,e3,JackiePhos,nI,0.44377710899114275
17524,182.0,52.0,0.0,52.0,e2,CgMe-PPh,nE,0.14444129012752938
17525,182.0,53.0,0.0,53.0,e10,PPh2Me,nF,0.9442102793927251
17526,182.0,54.0,0.0,54.0,e4,tBPh-CPhos,nB,0.008677035710621023
17527,182.0,55.0,0.0,55.0,e9,Et-PhenCar-Phos,nI,0.47387538169056964
17528,182.0,56.0,0.0,56.0,e2,Ph-PhenCar-Phos,nI,0.31637502685680596
17529,182.0,57.0,0.0,57.0,e2,PPhtBu2,nC,0.5884787341556109
17530,182.0,58.0,0.0,58.0,e4,PPhMe2,nF,0.05675807339476563
17531,182.0,59.0,0.0,59.0,e7,PPh2Me,nG,0.01761201016057301
17532,182.0,60.0,0.0,60.0,e4,Kwong,nI,0.0
17533,182.0,61.0,0.0,61.0,e9,Cy-BippyPhos,nB,0.19614551978344988
17534,182.0,62.0,0.0,62.0,e2,Cy-vBRIDP,nB,0.3426954282220505
17535,182.0,63.0,0.0,63.0,e7,MeO-KITPHOS,nB,0.04698078637689876
17536,182.0,64.0,0.0,64.0,e7,P(fur)3,nG,0.09582881459800867
17537,182.0,65.0,0.0,65.0,e7,JackiePhos,nA,0.507068550436567
17538,182.0,66.0,0.0,66.0,e2,PPhtBu2,nF,0.8558293094709153
17539,182.0,67.0,0.0,67.0,e4,PPh3,nG,0.07172298480230663
17540,182.0,68.0,0.0,68.0,e4,CX-PICy,nF,0.11376981015319125
17541,182.0,69.0,0.0,69.0,e10,Et-PhenCar-Phos,nG,0.4986371729738086
17542,182.0,70.0,0.0,70.0,e1,X-Phos,nG,0.030496859953677565
17543,182.0,71.0,0.0,71.0,e9,PPhtBu2,nE,0.15317274654488514
17544,182.0,72.0,0.0,72.0,e7,Cy-DavePhos,nG,0.22461200392146816
17545,182.0,73.0,0.0,73.0,e9,Cy-vBRIDP,nF,0.6967928130282119
17546,182.0,74.0,0.0,74.0,e7,PCy3 HBF4,nF,0.11910164690015072
17547,182.0,75.0,0.0,75.0,e9,A-caPhos,nA,0.04128507835913788
17548,182.0,76.0,0.0,76.0,e9,CgMe-PPh,nD,0.6700037753165438
17549,182.0,77.0,0.0,77.0,e10,Ph-PhenCar-Phos,nF,0.15722965933724983
17550,182.0,78.0,0.0,78.0,e9,Cy-BippyPhos,nE,0.1706050823301135
17551,182.0,79.0,0.0,79.0,e9,JackiePhos,nF,0.9465936072978836
17552,182.0,80.0,0.0,80.0,e10,PPh2Me,nI,0.054332685778400516
17553,182.0,81.0,0.0,81.0,e5,JackiePhos,nI,0.6882070592144776
17554,182.0,82.0,0.0,82.0,e10,PnBu3 HBF4,nF,0.9491493979218607
17555,182.0,83.0,0.0,83.0,e2,PnBu3 HBF4,nI,0.3422463973419018
17556,182.0,84.0,0.0,84.0,e4,Cy-vBRIDP,nG,0.011887141708792338
17557,182.0,85.0,0.0,85.0,e4,CX-FBu,nF,0.0037689635802445258
17558,182.0,86.0,0.0,86.0,e4,P(o-Anis)3,nC,0.108256170748378
17559,182.0,87.0,0.0,87.0,e1,BrettPhos,nD,0.04394938440180767
17560,182.0,88.0,0.0,88.0,e3,CgMe-PPh,nG,0.693870840573733
17561,182.0,89.0,0.0,89.0,e10,tBPh-CPhos,nI,0.7208013397621875
17562,182.0,90.0,0.0,90.0,e5,Et-PhenCar-Phos,nF,0.9721268742833418
17563,182.0,91.0,0.0,91.0,e9,Et-PhenCar-Phos,nE,0.09970326563233488
17564,182.0,92.0,0.0,92.0,e9,PPhMe2,nD,0.18559600333835125
17565,182.0,93.0,0.0,93.0,e5,"P(3,5-CF3-Ph)3",nF,0.7449177693369221
17566,182.0,94.0,0.0,94.0,e5,JackiePhos,nB,0.3749398944667019
17567,182.0,95.0,0.0,95.0,e3,"P(3,5-CF3-Ph)3",nC,0.5560644999980037
17568,183.0,0.0,0.0,0.0,e9,A-caPhos,nG,0.4248789034782635
17569,183.0,1.0,0.0,1.0,e4,BrettPhos,nA,0.0
17570,183.0,2.0,0.0,2.0,e7,CX-FBu,nG,0.0
17571,183.0,3.0,0.0,3.0,e2,CX-PICy,nE,0.1112468268031635
17572,183.0,4.0,0.0,4.0,e3,Cy-DavePhos,nD,0.6446826086450984
17573,183.0,5.0,0.0,5.0,e1,Cy-vBRIDP,nB,0.09907844745687962
17574,183.0,6.0,0.0,6.0,e5,Kwong,nC,0.7139078067166453
17575,183.0,7.0,0.0,7.0,e4,MeO-KITPHOS,nF,0.09857703536485529
17576,183.0,8.0,0.0,8.0,e2,P(o-Anis)3,nG,0.12131880345908684
17577,183.0,9.0,0.0,9.0,e10,Et-PhenCar-Phos,nG,0.4986371729738086
17578,183.0,10.0,0.0,10.0,e7,JackiePhos,nI,0.6032624128682527
17579,183.0,11.0,0.0,11.0,e2,"P(3,5-CF3-Ph)3",nA,0.7596387385382168
17580,183.0,12.0,0.0,12.0,e10,P(fur)3,nG,0.5091625405710212
17581,183.0,13.0,0.0,13.0,e4,Ph-PhenCar-Phos,nC,0.2479302515617761
17582,183.0,14.0,0.0,14.0,e9,PPh2Me,nC,0.2914145670907849
17583,183.0,15.0,0.0,15.0,e5,PPhtBu2,nG,0.3392981528661412
17584,183.0,16.0,0.0,16.0,e3,tBPh-CPhos,nC,0.4601786928065039
17585,183.0,17.0,0.0,17.0,e9,PPhMe2,nB,0.05685342476548213
17586,183.0,18.0,0.0,18.0,e5,Cy-BippyPhos,nF,0.5547253517877193
17587,183.0,19.0,0.0,19.0,e2,PCy3 HBF4,nC,0.7514550742860919
17588,183.0,20.0,0.0,20.0,e7,CgMe-PPh,nD,1.0
17589,183.0,21.0,0.0,21.0,e1,PPh3,nE,0.00995882546000144
17590,183.0,22.0,0.0,22.0,e1,X-Phos,nF,0.0977093065996311
17591,183.0,23.0,0.0,23.0,e5,PnBu3 HBF4,nC,0.7038726736579902
17592,183.0,24.0,0.0,24.0,e9,CgMe-PPh,nG,0.5466105607265662
17593,183.0,25.0,0.0,25.0,e10,"P(3,5-CF3-Ph)3",nE,0.08377153804882367
17594,183.0,26.0,0.0,26.0,e7,PCy3 HBF4,nD,0.14803355669666612
17595,183.0,27.0,0.0,27.0,e7,Kwong,nB,0.020383918157043737
17596,183.0,28.0,0.0,28.0,e1,PnBu3 HBF4,nB,0.005892158794976363
17597,183.0,29.0,0.0,29.0,e9,Cy-DavePhos,nB,0.10197404268440335
17598,183.0,30.0,0.0,30.0,e3,JackiePhos,nE,0.19804717134717115
17599,183.0,31.0,0.0,31.0,e5,Cy-BippyPhos,nE,0.276087915044034
17600,183.0,32.0,0.0,32.0,e2,P(fur)3,nC,0.531364471158177
17601,183.0,33.0,0.0,33.0,e10,Et-PhenCar-Phos,nD,0.9813444766852435
17602,183.0,34.0,0.0,34.0,e3,tBPh-CPhos,nA,0.5729071695707448
17603,183.0,35.0,0.0,35.0,e4,A-caPhos,nC,0.22300559618283194
17604,183.0,36.0,0.0,36.0,e9,PPhtBu2,nD,0.2526686520906297
17605,183.0,37.0,0.0,37.0,e9,PPh2Me,nA,0.1862919698404241
17606,183.0,38.0,0.0,38.0,e4,Ph-PhenCar-Phos,nG,0.032094455374630654
17607,183.0,39.0,0.0,39.0,e9,CgMe-PPh,nD,0.6700037753165438
17608,183.0,40.0,0.0,40.0,e1,Et-PhenCar-Phos,nF,0.09483902946857867
17609,183.0,41.0,0.0,41.0,e5,P(o-Anis)3,nE,0.08503037414620321
17610,183.0,42.0,0.0,42.0,e7,CX-PICy,nI,0.5099042814136777
17611,183.0,43.0,0.0,43.0,e2,Cy-vBRIDP,nE,0.13496463293382222
17612,183.0,44.0,0.0,44.0,e2,MeO-KITPHOS,nF,0.6735229847545438
17613,183.0,45.0,0.0,45.0,e10,X-Phos,nF,0.9068098364152221
17614,183.0,46.0,0.0,46.0,e2,PPhMe2,nF,0.6752763886691495
17615,183.0,47.0,0.0,47.0,e7,PPh3,nF,0.578123168434268
17616,183.0,48.0,0.0,48.0,e1,BrettPhos,nC,0.004772581327773339
17617,183.0,49.0,0.0,49.0,e2,CX-FBu,nC,0.0
17618,183.0,50.0,0.0,50.0,e4,P(fur)3,nE,0.000437879828488327
17619,183.0,51.0,0.0,51.0,e10,tBPh-CPhos,nD,1.0
17620,183.0,52.0,0.0,52.0,e4,X-Phos,nC,0.34258955436774835
17621,183.0,53.0,0.0,53.0,e5,CgMe-PPh,nC,0.7463019251283864
17622,183.0,54.0,0.0,54.0,e1,PCy3 HBF4,nB,0.04339996600929039
17623,183.0,55.0,0.0,55.0,e7,"P(3,5-CF3-Ph)3",nE,0.01373661617423656
17624,183.0,56.0,0.0,56.0,e2,tBPh-CPhos,nG,0.21498121859438568
17625,183.0,57.0,0.0,57.0,e3,Cy-BippyPhos,nI,0.4880124029547394
17626,183.0,58.0,0.0,58.0,e4,JackiePhos,nA,0.01378290721008047
17627,183.0,59.0,0.0,59.0,e10,MeO-KITPHOS,nE,0.08167116258886992
17628,183.0,60.0,0.0,60.0,e5,Cy-DavePhos,nC,0.6945846341087276
17629,183.0,61.0,0.0,61.0,e5,Kwong,nD,0.6710162824432446
17630,183.0,62.0,0.0,62.0,e9,PPhMe2,nA,0.1450743291828029
17631,183.0,63.0,0.0,63.0,e10,PnBu3 HBF4,nD,1.0
17632,183.0,64.0,0.0,64.0,e3,CgMe-PPh,nB,0.2170305015470435
17633,183.0,65.0,0.0,65.0,e4,A-caPhos,nF,0.177284613811449
17634,183.0,66.0,0.0,66.0,e9,CX-PICy,nF,0.47170454735693496
17635,183.0,67.0,0.0,67.0,e5,PnBu3 HBF4,nG,0.0346467819695208
17636,183.0,68.0,0.0,68.0,e9,PPhtBu2,nG,0.2561213944420894
17637,183.0,69.0,0.0,69.0,e2,PPh3,nB,0.06113101017244386
17638,183.0,70.0,0.0,70.0,e4,Et-PhenCar-Phos,nG,0.0029966288441688137
17639,183.0,71.0,0.0,71.0,e4,PPh2Me,nA,0.012250195356626198
17640,183.0,72.0,0.0,72.0,e9,Cy-DavePhos,nC,0.37373314589550694
17641,183.0,73.0,0.0,73.0,e3,Kwong,nD,0.6707851203385027
17642,183.0,74.0,0.0,74.0,e3,X-Phos,nI,0.43402238114543207
17643,183.0,75.0,0.0,75.0,e10,Cy-BippyPhos,nC,0.6737699231822453
17644,183.0,76.0,0.0,76.0,e2,tBPh-CPhos,nA,0.8502272930334943
17645,183.0,77.0,0.0,77.0,e3,Ph-PhenCar-Phos,nE,0.000513778510005651
17646,183.0,78.0,0.0,78.0,e2,Cy-vBRIDP,nG,0.27869962157058037
17647,183.0,79.0,0.0,79.0,e2,CgMe-PPh,nB,0.2326183566176621
17648,183.0,80.0,0.0,80.0,e9,Kwong,nB,0.11088834300612632
17649,183.0,81.0,0.0,81.0,e9,CX-PICy,nA,0.22214179192108488
17650,183.0,82.0,0.0,82.0,e3,P(o-Anis)3,nI,0.03740072259651408
17651,183.0,83.0,0.0,83.0,e9,tBPh-CPhos,nF,0.9724754898127265
17652,183.0,84.0,0.0,84.0,e1,P(fur)3,nA,0.13903094918195189
17653,183.0,85.0,0.0,85.0,e1,Cy-BippyPhos,nE,0.08360289329221145
17654,183.0,86.0,0.0,86.0,e4,tBPh-CPhos,nI,0.022633316819564778
17655,183.0,87.0,0.0,87.0,e1,PCy3 HBF4,nD,0.10789505494394104
17656,183.0,88.0,0.0,88.0,e10,Cy-DavePhos,nE,0.14634029717947056
17657,183.0,89.0,0.0,89.0,e3,PPhMe2,nA,0.3195986379275633
17658,183.0,90.0,0.0,90.0,e9,X-Phos,nF,0.7946437444937127
17659,183.0,91.0,0.0,91.0,e7,"P(3,5-CF3-Ph)3",nC,0.37358571629078485
17660,183.0,92.0,0.0,92.0,e7,MeO-KITPHOS,nE,0.012124358784725389
17661,183.0,93.0,0.0,93.0,e3,PPhtBu2,nI,0.2459288839092893
17662,183.0,94.0,0.0,94.0,e5,PnBu3 HBF4,nD,0.7923101429985819
17663,183.0,95.0,0.0,95.0,e2,A-caPhos,nI,0.27907445871147873
17664,184.0,0.0,0.0,0.0,e3,A-caPhos,nD,0.6490888057244365
17665,184.0,1.0,0.0,1.0,e4,BrettPhos,nA,0.0
17666,184.0,2.0,0.0,2.0,e5,CX-FBu,nA,0.036929391233255865
17667,184.0,3.0,0.0,3.0,e5,CX-PICy,nA,0.6723589540000653
17668,184.0,4.0,0.0,4.0,e10,Cy-DavePhos,nA,0.6290037488957982
17669,184.0,5.0,0.0,5.0,e1,Cy-vBRIDP,nF,0.05518931662697358
17670,184.0,6.0,0.0,6.0,e5,Kwong,nB,0.19563904085240036
17671,184.0,7.0,0.0,7.0,e10,MeO-KITPHOS,nI,0.8474236030258523
17672,184.0,8.0,0.0,8.0,e5,P(o-Anis)3,nG,0.042964931261074535
17673,184.0,9.0,0.0,9.0,e2,Et-PhenCar-Phos,nI,0.6430834035717605
17674,184.0,10.0,0.0,10.0,e10,JackiePhos,nD,0.9619894282107424
17675,184.0,11.0,0.0,11.0,e5,"P(3,5-CF3-Ph)3",nC,0.6576198548980737
17676,184.0,12.0,0.0,12.0,e5,P(fur)3,nC,0.706763204366684
17677,184.0,13.0,0.0,13.0,e1,Ph-PhenCar-Phos,nG,0.02135338003989251
17678,184.0,14.0,0.0,14.0,e10,PPh2Me,nI,0.054332685778400516
17679,184.0,15.0,0.0,15.0,e3,PPhtBu2,nG,0.42214668793427734
17680,184.0,16.0,0.0,16.0,e4,tBPh-CPhos,nB,0.008677035710621023
17681,184.0,17.0,0.0,17.0,e4,PPhMe2,nI,0.0
17682,184.0,18.0,0.0,18.0,e1,Cy-BippyPhos,nG,0.15976408278590903
17683,184.0,19.0,0.0,19.0,e9,PCy3 HBF4,nA,0.39949447947915445
17684,184.0,20.0,0.0,20.0,e1,CgMe-PPh,nF,0.16030992191406224
17685,184.0,21.0,0.0,21.0,e7,PPh3,nC,0.8376892636395048
17686,184.0,22.0,0.0,22.0,e9,X-Phos,nF,0.7946437444937127
17687,184.0,23.0,0.0,23.0,e3,PnBu3 HBF4,nE,0.07267279002281227
17688,184.0,24.0,0.0,24.0,e4,JackiePhos,nG,0.011497397001572884
17689,184.0,25.0,0.0,25.0,e9,MeO-KITPHOS,nB,0.10548391557053341
17690,184.0,26.0,0.0,26.0,e3,PPh3,nB,0.10579944408648047
17691,184.0,27.0,0.0,27.0,e3,X-Phos,nC,0.5782791539418308
17692,184.0,28.0,0.0,28.0,e3,P(fur)3,nC,0.46239361820179303
17693,184.0,29.0,0.0,29.0,e1,CX-PICy,nB,0.158428631262488
17694,184.0,30.0,0.0,30.0,e2,"P(3,5-CF3-Ph)3",nD,0.8356393853580697
17695,184.0,31.0,0.0,31.0,e7,A-caPhos,nI,0.1501933291748367
17696,184.0,32.0,0.0,32.0,e9,Et-PhenCar-Phos,nC,0.3799408105497681
17697,184.0,33.0,0.0,33.0,e2,Cy-DavePhos,nF,0.8384971848128893
17698,184.0,34.0,0.0,34.0,e3,PPhtBu2,nD,0.6677531336144049
17699,184.0,35.0,0.0,35.0,e10,PCy3 HBF4,nB,0.0
17700,184.0,36.0,0.0,36.0,e4,Kwong,nC,0.13664049521331256
17701,184.0,37.0,0.0,37.0,e4,"P(3,5-CF3-Ph)3",nB,0.027212247580631236
17702,184.0,38.0,0.0,38.0,e5,CgMe-PPh,nB,0.24129886485371901
17703,184.0,39.0,0.0,39.0,e4,Cy-BippyPhos,nC,0.45425693534735095
17704,184.0,40.0,0.0,40.0,e10,Cy-DavePhos,nD,0.9577552674723959
17705,184.0,41.0,0.0,41.0,e2,X-Phos,nE,0.05720851394385538
17706,184.0,42.0,0.0,42.0,e4,PnBu3 HBF4,nG,0.0
17707,184.0,43.0,0.0,43.0,e4,Cy-vBRIDP,nG,0.011887141708792338
17708,184.0,44.0,0.0,44.0,e3,PPh2Me,nI,0.0
17709,184.0,45.0,0.0,45.0,e5,P(o-Anis)3,nE,0.08503037414620321
17710,184.0,46.0,0.0,46.0,e10,CX-FBu,nG,0.07949868376012764
17711,184.0,47.0,0.0,47.0,e4,Ph-PhenCar-Phos,nD,0.0
17712,184.0,48.0,0.0,48.0,e4,tBPh-CPhos,nC,0.29898547506383855
17713,184.0,49.0,0.0,49.0,e4,BrettPhos,nF,0.08545068709718086
17714,184.0,50.0,0.0,50.0,e2,PPhMe2,nG,0.1743874382182481
17715,184.0,51.0,0.0,51.0,e10,P(fur)3,nI,0.900708416999593
17716,184.0,52.0,0.0,52.0,e3,Cy-DavePhos,nE,0.1655425072853271
17717,184.0,53.0,0.0,53.0,e3,PPhtBu2,nF,0.8177480761316681
17718,184.0,54.0,0.0,54.0,e4,Et-PhenCar-Phos,nB,0.016893387098010963
17719,184.0,55.0,0.0,55.0,e10,JackiePhos,nA,0.7329517075696806
17720,184.0,56.0,0.0,56.0,e5,MeO-KITPHOS,nB,0.28637906683057796
17721,184.0,57.0,0.0,57.0,e9,PPh3,nI,0.45913414385457335
17722,184.0,58.0,0.0,58.0,e1,P(fur)3,nD,0.027849023497232013
17723,184.0,59.0,0.0,59.0,e3,CX-PICy,nA,0.3216556256640709
17724,184.0,60.0,0.0,60.0,e7,A-caPhos,nG,0.06965150777591327
17725,184.0,61.0,0.0,61.0,e1,PPhtBu2,nG,0.0
17726,184.0,62.0,0.0,62.0,e2,JackiePhos,nA,0.9033456818168843
17727,184.0,63.0,0.0,63.0,e2,Cy-BippyPhos,nD,0.899766462439471
17728,184.0,64.0,0.0,64.0,e2,"P(3,5-CF3-Ph)3",nC,0.5485762544154528
17729,184.0,65.0,0.0,65.0,e2,Cy-BippyPhos,nB,0.3284195625331717
17730,184.0,66.0,0.0,66.0,e10,JackiePhos,nC,0.7413507792095948
17731,184.0,67.0,0.0,67.0,e4,Cy-DavePhos,nE,0.0
17732,184.0,68.0,0.0,68.0,e2,X-Phos,nA,0.7289375568068931
17733,184.0,69.0,0.0,69.0,e1,PPh3,nB,0.1440608266906695
17734,184.0,70.0,0.0,70.0,e4,CgMe-PPh,nA,0.05836143390317885
17735,184.0,71.0,0.0,71.0,e2,PCy3 HBF4,nB,0.029838368623291776
17736,184.0,72.0,0.0,72.0,e7,Kwong,nF,0.19003296934826672
17737,184.0,73.0,0.0,73.0,e1,tBPh-CPhos,nA,0.9415665821167656
17738,184.0,74.0,0.0,74.0,e1,tBPh-CPhos,nD,0.47671112549978
17739,184.0,75.0,0.0,75.0,e3,MeO-KITPHOS,nA,0.3689090985734202
17740,184.0,76.0,0.0,76.0,e1,JackiePhos,nC,0.10916790305363006
17741,184.0,77.0,0.0,77.0,e9,X-Phos,nA,0.4653132921969271
17742,184.0,78.0,0.0,78.0,e4,CX-PICy,nG,0.016007987024632152
17743,184.0,79.0,0.0,79.0,e1,P(fur)3,nF,0.0
17744,184.0,80.0,0.0,80.0,e2,"P(3,5-CF3-Ph)3",nF,0.5553423767091952
17745,184.0,81.0,0.0,81.0,e5,PPhMe2,nE,0.2586811210145722
17746,184.0,82.0,0.0,82.0,e7,Et-PhenCar-Phos,nF,0.8005855615874519
17747,184.0,83.0,0.0,83.0,e9,P(o-Anis)3,nB,0.014166351731102438
17748,184.0,84.0,0.0,84.0,e1,PPhtBu2,nA,0.4568186881135986
17749,184.0,85.0,0.0,85.0,e1,CX-FBu,nE,0.0
17750,184.0,86.0,0.0,86.0,e1,Cy-BippyPhos,nA,0.6371489847313551
17751,184.0,87.0,0.0,87.0,e1,Et-PhenCar-Phos,nG,0.07748698744311458
17752,184.0,88.0,0.0,88.0,e4,BrettPhos,nC,0.2081868974382628
17753,184.0,89.0,0.0,89.0,e7,PnBu3 HBF4,nB,0.027547310407485818
17754,184.0,90.0,0.0,90.0,e1,Cy-vBRIDP,nB,0.09907844745687962
17755,184.0,91.0,0.0,91.0,e1,A-caPhos,nF,0.010702303143673455
17756,184.0,92.0,0.0,92.0,e1,PPh2Me,nB,0.01727201608687613
17757,184.0,93.0,0.0,93.0,e5,tBPh-CPhos,nB,0.28432749904894056
17758,184.0,94.0,0.0,94.0,e2,Ph-PhenCar-Phos,nB,0.0
17759,184.0,95.0,0.0,95.0,e5,"P(3,5-CF3-Ph)3",nG,0.33880240957433805
17760,185.0,0.0,0.0,0.0,e4,A-caPhos,nD,0.005914580833647114
17761,185.0,1.0,0.0,1.0,e5,BrettPhos,nB,0.12946958176386614
17762,185.0,2.0,0.0,2.0,e7,CX-FBu,nG,0.0
17763,185.0,3.0,0.0,3.0,e10,CX-PICy,nE,0.06128630570259782
17764,185.0,4.0,0.0,4.0,e7,Cy-DavePhos,nA,0.4507264804831017
17765,185.0,5.0,0.0,5.0,e4,Cy-vBRIDP,nG,0.011887141708792338
17766,185.0,6.0,0.0,6.0,e1,Kwong,nD,0.08645291673067909
17767,185.0,7.0,0.0,7.0,e2,MeO-KITPHOS,nI,0.6167813320248422
17768,185.0,8.0,0.0,8.0,e10,P(o-Anis)3,nE,0.04630473114446367
17769,185.0,9.0,0.0,9.0,e1,Et-PhenCar-Phos,nA,0.5211070217161989
17770,185.0,10.0,0.0,10.0,e5,JackiePhos,nE,0.24549969999845586
17771,185.0,11.0,0.0,11.0,e5,"P(3,5-CF3-Ph)3",nF,0.7449177693369221
17772,185.0,12.0,0.0,12.0,e10,P(fur)3,nA,0.6938329241091595
17773,185.0,13.0,0.0,13.0,e3,Ph-PhenCar-Phos,nB,0.02500979360624822
17774,185.0,14.0,0.0,14.0,e5,PPh2Me,nE,0.26506344108851254
17775,185.0,15.0,0.0,15.0,e4,PPhtBu2,nG,0.010529758099421742
17776,185.0,16.0,0.0,16.0,e5,tBPh-CPhos,nF,0.021215482774025726
17777,185.0,17.0,0.0,17.0,e4,PPhMe2,nB,0.0
17778,185.0,18.0,0.0,18.0,e9,Cy-BippyPhos,nI,0.7811843865330459
17779,185.0,19.0,0.0,19.0,e4,PCy3 HBF4,nC,0.08261648826420669
17780,185.0,20.0,0.0,20.0,e7,CgMe-PPh,nC,0.4527219927063775
17781,185.0,21.0,0.0,21.0,e3,PPh3,nE,0.056276657784168405
17782,185.0,22.0,0.0,22.0,e2,X-Phos,nI,0.5461500672967297
17783,185.0,23.0,0.0,23.0,e10,PnBu3 HBF4,nC,0.6529372533584769
17784,185.0,24.0,0.0,24.0,e10,Cy-BippyPhos,nF,0.9551634913355087
17785,185.0,25.0,0.0,25.0,e7,"P(3,5-CF3-Ph)3",nC,0.37358571629078485
17786,185.0,26.0,0.0,26.0,e7,P(fur)3,nE,0.0
17787,185.0,27.0,0.0,27.0,e7,PnBu3 HBF4,nI,0.07769044425257474
17788,185.0,28.0,0.0,28.0,e5,MeO-KITPHOS,nE,0.20090081346750718
17789,185.0,29.0,0.0,29.0,e7,X-Phos,nE,0.009747915997314067
17790,185.0,30.0,0.0,30.0,e5,Et-PhenCar-Phos,nI,0.8679590234640545
17791,185.0,31.0,0.0,31.0,e1,CgMe-PPh,nA,0.6945948510850428
17792,185.0,32.0,0.0,32.0,e4,Cy-DavePhos,nI,0.09721557254928792
17793,185.0,33.0,0.0,33.0,e7,Cy-BippyPhos,nA,0.5454537179950174
17794,185.0,34.0,0.0,34.0,e3,PPh2Me,nF,0.4801900206505367
17795,185.0,35.0,0.0,35.0,e5,JackiePhos,nG,0.338261501637445
17796,185.0,36.0,0.0,36.0,e10,BrettPhos,nB,0.1924655754820278
17797,185.0,37.0,0.0,37.0,e5,Et-PhenCar-Phos,nB,0.3409079497861161
17798,185.0,38.0,0.0,38.0,e4,Kwong,nI,0.0
17799,185.0,39.0,0.0,39.0,e4,PCy3 HBF4,nB,0.0
17800,185.0,40.0,0.0,40.0,e3,CX-PICy,nF,0.6497944840300122
17801,185.0,41.0,0.0,41.0,e9,PPh3,nB,0.08611579146274333
17802,185.0,42.0,0.0,42.0,e3,P(o-Anis)3,nF,0.2839833546931981
17803,185.0,43.0,0.0,43.0,e7,Ph-PhenCar-Phos,nF,0.17977391419077005
17804,185.0,44.0,0.0,44.0,e2,tBPh-CPhos,nE,0.13432593614456043
17805,185.0,45.0,0.0,45.0,e9,Cy-vBRIDP,nD,0.702991104041341
17806,185.0,46.0,0.0,46.0,e7,PPhtBu2,nE,0.004287376405646932
17807,185.0,47.0,0.0,47.0,e10,A-caPhos,nB,0.05297439210885078
17808,185.0,48.0,0.0,48.0,e9,CX-FBu,nG,0.0
17809,185.0,49.0,0.0,49.0,e2,PPhMe2,nD,0.9665760108651322
17810,185.0,50.0,0.0,50.0,e3,CgMe-PPh,nD,0.6746435408754137
17811,185.0,51.0,0.0,51.0,e2,"P(3,5-CF3-Ph)3",nI,0.7101552221676866
17812,185.0,52.0,0.0,52.0,e1,Cy-BippyPhos,nE,0.08360289329221145
17813,185.0,53.0,0.0,53.0,e1,PPhMe2,nF,0.0
17814,185.0,54.0,0.0,54.0,e4,MeO-KITPHOS,nE,0.0
17815,185.0,55.0,0.0,55.0,e1,PPh2Me,nB,0.01727201608687613
17816,185.0,56.0,0.0,56.0,e1,PnBu3 HBF4,nE,0.0
17817,185.0,57.0,0.0,57.0,e9,Cy-vBRIDP,nI,0.6700718714523624
17818,185.0,58.0,0.0,58.0,e4,CX-PICy,nE,0.044118367259479443
17819,185.0,59.0,0.0,59.0,e9,"P(3,5-CF3-Ph)3",nB,0.06814180345199915
17820,185.0,60.0,0.0,60.0,e7,CgMe-PPh,nB,0.11466820021189443
17821,185.0,61.0,0.0,61.0,e1,P(fur)3,nB,0.0419340920396758
17822,185.0,62.0,0.0,62.0,e9,Et-PhenCar-Phos,nC,0.3799408105497681
17823,185.0,63.0,0.0,63.0,e5,JackiePhos,nC,0.6733815385706186
17824,185.0,64.0,0.0,64.0,e3,X-Phos,nI,0.43402238114543207
17825,185.0,65.0,0.0,65.0,e9,Cy-DavePhos,nG,0.4021743761051082
17826,185.0,66.0,0.0,66.0,e3,Cy-vBRIDP,nD,0.6292634271358025
17827,185.0,67.0,0.0,67.0,e9,Cy-BippyPhos,nB,0.19614551978344988
17828,185.0,68.0,0.0,68.0,e1,P(o-Anis)3,nE,0.0726200206341357
17829,185.0,69.0,0.0,69.0,e1,BrettPhos,nI,0.0
17830,185.0,70.0,0.0,70.0,e2,JackiePhos,nF,0.547298687249777
17831,185.0,71.0,0.0,71.0,e7,Et-PhenCar-Phos,nI,0.6075049737560246
17832,185.0,72.0,0.0,72.0,e9,Ph-PhenCar-Phos,nF,0.6256618485697769
17833,185.0,73.0,0.0,73.0,e4,Cy-vBRIDP,nD,0.0814370688803937
17834,185.0,74.0,0.0,74.0,e7,tBPh-CPhos,nD,0.9555589604373731
17835,185.0,75.0,0.0,75.0,e1,tBPh-CPhos,nF,0.2236049471858116
17836,185.0,76.0,0.0,76.0,e1,PPh3,nI,0.04621439454240948
17837,185.0,77.0,0.0,77.0,e1,X-Phos,nF,0.0977093065996311
17838,185.0,78.0,0.0,78.0,e3,CgMe-PPh,nB,0.2170305015470435
17839,185.0,79.0,0.0,79.0,e4,PPhMe2,nA,0.0
17840,185.0,80.0,0.0,80.0,e1,"P(3,5-CF3-Ph)3",nC,0.0
17841,185.0,81.0,0.0,81.0,e3,Cy-DavePhos,nE,0.1655425072853271
17842,185.0,82.0,0.0,82.0,e3,Kwong,nD,0.6707851203385027
17843,185.0,83.0,0.0,83.0,e2,PCy3 HBF4,nE,0.0
17844,185.0,84.0,0.0,84.0,e4,JackiePhos,nA,0.01378290721008047
17845,185.0,85.0,0.0,85.0,e1,A-caPhos,nA,0.24027073531882212
17846,185.0,86.0,0.0,86.0,e1,Et-PhenCar-Phos,nG,0.07748698744311458
17847,185.0,87.0,0.0,87.0,e2,Ph-PhenCar-Phos,nF,0.02360378244278219
17848,185.0,88.0,0.0,88.0,e2,MeO-KITPHOS,nF,0.6735229847545438
17849,185.0,89.0,0.0,89.0,e5,PPhtBu2,nI,0.6943756174940648
17850,185.0,90.0,0.0,90.0,e7,CX-FBu,nB,0.0925326789625629
17851,185.0,91.0,0.0,91.0,e2,PPh2Me,nA,0.027726601641446406
17852,185.0,92.0,0.0,92.0,e9,Kwong,nB,0.11088834300612632
17853,185.0,93.0,0.0,93.0,e9,Cy-BippyPhos,nD,0.7312870661515999
17854,185.0,94.0,0.0,94.0,e4,CX-PICy,nG,0.016007987024632152
17855,185.0,95.0,0.0,95.0,e3,P(fur)3,nE,0.09598414323281666
17856,186.0,0.0,0.0,0.0,e3,A-caPhos,nE,0.07288605180469757
17857,186.0,1.0,0.0,1.0,e7,BrettPhos,nI,0.03364948416287573
17858,186.0,2.0,0.0,2.0,e3,CX-FBu,nG,0.05424980853629999
17859,186.0,3.0,0.0,3.0,e5,CX-PICy,nA,0.6723589540000653
17860,186.0,4.0,0.0,4.0,e4,Cy-DavePhos,nF,0.1085703896725537
17861,186.0,5.0,0.0,5.0,e9,Cy-vBRIDP,nD,0.702991104041341
17862,186.0,6.0,0.0,6.0,e1,Kwong,nI,0.017331328917836657
17863,186.0,7.0,0.0,7.0,e1,MeO-KITPHOS,nE,0.04671760971453625
17864,186.0,8.0,0.0,8.0,e4,P(o-Anis)3,nA,0.011826348840518159
17865,186.0,9.0,0.0,9.0,e1,Et-PhenCar-Phos,nC,0.13162928317129613
17866,186.0,10.0,0.0,10.0,e10,JackiePhos,nF,0.9125036644148156
17867,186.0,11.0,0.0,11.0,e10,"P(3,5-CF3-Ph)3",nB,0.3248401714816362
17868,186.0,12.0,0.0,12.0,e3,P(fur)3,nI,0.10333447340607371
17869,186.0,13.0,0.0,13.0,e4,Ph-PhenCar-Phos,nD,0.0
17870,186.0,14.0,0.0,14.0,e7,PPh2Me,nC,0.3285547341820373
17871,186.0,15.0,0.0,15.0,e1,PPhtBu2,nE,0.04945600408311233
17872,186.0,16.0,0.0,16.0,e5,tBPh-CPhos,nA,0.7026512612569452
17873,186.0,17.0,0.0,17.0,e3,PPhMe2,nA,0.3195986379275633
17874,186.0,18.0,0.0,18.0,e9,Cy-BippyPhos,nI,0.7811843865330459
17875,186.0,19.0,0.0,19.0,e10,PCy3 HBF4,nI,0.2597424074177721
17876,186.0,20.0,0.0,20.0,e9,CgMe-PPh,nI,0.9133569283838853
17877,186.0,21.0,0.0,21.0,e10,PPh3,nC,0.8555703332989744
17878,186.0,22.0,0.0,22.0,e7,X-Phos,nA,0.3860138905078492
17879,186.0,23.0,0.0,23.0,e1,PnBu3 HBF4,nD,0.07093393667529567
17880,186.0,24.0,0.0,24.0,e10,CgMe-PPh,nC,0.7862446552445246
17881,186.0,25.0,0.0,25.0,e2,JackiePhos,nD,0.8885726039005069
17882,186.0,26.0,0.0,26.0,e9,PPh3,nG,0.4180674835896047
17883,186.0,27.0,0.0,27.0,e1,Cy-BippyPhos,nI,0.2211067826223972
17884,186.0,28.0,0.0,28.0,e5,Cy-vBRIDP,nE,0.15014188546666088
17885,186.0,29.0,0.0,29.0,e10,tBPh-CPhos,nE,0.067635101402571
17886,186.0,30.0,0.0,30.0,e5,CX-PICy,nE,0.19791536280621153
17887,186.0,31.0,0.0,31.0,e5,X-Phos,nI,0.6595060362188809
17888,186.0,32.0,0.0,32.0,e5,PPh2Me,nI,0.18805503621177608
17889,186.0,33.0,0.0,33.0,e4,"P(3,5-CF3-Ph)3",nB,0.027212247580631236
17890,186.0,34.0,0.0,34.0,e5,PPhMe2,nB,0.33576273461927086
17891,186.0,35.0,0.0,35.0,e1,JackiePhos,nE,0.07879071157202047
17892,186.0,36.0,0.0,36.0,e3,CgMe-PPh,nC,0.5573433814229866
17893,186.0,37.0,0.0,37.0,e4,PCy3 HBF4,nC,0.08261648826420669
17894,186.0,38.0,0.0,38.0,e5,Et-PhenCar-Phos,nC,0.7420550241578128
17895,186.0,39.0,0.0,39.0,e1,Cy-DavePhos,nG,0.10033053889692384
17896,186.0,40.0,0.0,40.0,e9,P(fur)3,nG,0.3593925605569053
17897,186.0,41.0,0.0,41.0,e2,A-caPhos,nA,0.007619382274939298
17898,186.0,42.0,0.0,42.0,e10,PnBu3 HBF4,nB,0.005351613760340478
17899,186.0,43.0,0.0,43.0,e1,CX-FBu,nC,0.027604957748843088
17900,186.0,44.0,0.0,44.0,e2,PPh3,nI,0.5983316480220364
17901,186.0,45.0,0.0,45.0,e5,PPhtBu2,nF,0.03204541377761061
17902,186.0,46.0,0.0,46.0,e5,MeO-KITPHOS,nB,0.28637906683057796
17903,186.0,47.0,0.0,47.0,e7,BrettPhos,nE,0.0
17904,186.0,48.0,0.0,48.0,e3,Kwong,nF,0.751341990836228
17905,186.0,49.0,0.0,49.0,e5,P(o-Anis)3,nF,0.05262122919976672
17906,186.0,50.0,0.0,50.0,e1,Ph-PhenCar-Phos,nD,0.0693435439672117
17907,186.0,51.0,0.0,51.0,e9,X-Phos,nA,0.4653132921969271
17908,186.0,52.0,0.0,52.0,e3,Cy-BippyPhos,nG,0.6656541362855952
17909,186.0,53.0,0.0,53.0,e7,CgMe-PPh,nG,0.20467687014770913
17910,186.0,54.0,0.0,54.0,e4,Et-PhenCar-Phos,nE,0.006684621137560202
17911,186.0,55.0,0.0,55.0,e7,CX-PICy,nB,0.23030477566313212
17912,186.0,56.0,0.0,56.0,e2,Cy-vBRIDP,nF,0.6290075171930294
17913,186.0,57.0,0.0,57.0,e2,tBPh-CPhos,nI,0.6559331228280183
17914,186.0,58.0,0.0,58.0,e10,Kwong,nC,0.6516586410089802
17915,186.0,59.0,0.0,59.0,e1,JackiePhos,nA,0.8639833503359745
17916,186.0,60.0,0.0,60.0,e10,PPh3,nD,0.9785597434506366
17917,186.0,61.0,0.0,61.0,e1,PPhMe2,nD,0.0
17918,186.0,62.0,0.0,62.0,e3,PPh3,nB,0.10579944408648047
17919,186.0,63.0,0.0,63.0,e3,Cy-BippyPhos,nC,0.4701158020102052
17920,186.0,64.0,0.0,64.0,e1,JackiePhos,nB,0.15130453997269813
17921,186.0,65.0,0.0,65.0,e2,PPh2Me,nC,0.6126561714426878
17922,186.0,66.0,0.0,66.0,e7,X-Phos,nI,0.10875787618113172
17923,186.0,67.0,0.0,67.0,e7,Cy-vBRIDP,nA,0.4856539808134513
17924,186.0,68.0,0.0,68.0,e10,P(fur)3,nD,0.986548910086449
17925,186.0,69.0,0.0,69.0,e7,P(fur)3,nF,0.003960698397596189
17926,186.0,70.0,0.0,70.0,e4,tBPh-CPhos,nD,0.08322824487277797
17927,186.0,71.0,0.0,71.0,e4,Kwong,nI,0.0
17928,186.0,72.0,0.0,72.0,e3,CgMe-PPh,nE,0.13080909557688172
17929,186.0,73.0,0.0,73.0,e1,"P(3,5-CF3-Ph)3",nD,0.1717712180634414
17930,186.0,74.0,0.0,74.0,e9,PCy3 HBF4,nD,0.675233270214635
17931,186.0,75.0,0.0,75.0,e1,MeO-KITPHOS,nB,0.015845697854694092
17932,186.0,76.0,0.0,76.0,e10,Cy-BippyPhos,nB,0.44442545396979233
17933,186.0,77.0,0.0,77.0,e9,PPh2Me,nF,0.31363771031122095
17934,186.0,78.0,0.0,78.0,e4,CX-PICy,nC,0.6506137028615483
17935,186.0,79.0,0.0,79.0,e3,Cy-DavePhos,nE,0.1655425072853271
17936,186.0,80.0,0.0,80.0,e3,PCy3 HBF4,nD,0.6525316662080763
17937,186.0,81.0,0.0,81.0,e9,Cy-vBRIDP,nI,0.6700718714523624
17938,186.0,82.0,0.0,82.0,e2,PPh3,nG,0.1371811438806168
17939,186.0,83.0,0.0,83.0,e3,JackiePhos,nC,0.5634096118513189
17940,186.0,84.0,0.0,84.0,e9,CX-FBu,nI,0.03414362913763253
17941,186.0,85.0,0.0,85.0,e4,PPhtBu2,nF,0.0
17942,186.0,86.0,0.0,86.0,e4,A-caPhos,nF,0.177284613811449
17943,186.0,87.0,0.0,87.0,e3,PnBu3 HBF4,nD,0.43543108377583073
17944,186.0,88.0,0.0,88.0,e9,Ph-PhenCar-Phos,nC,0.36327049578373294
17945,186.0,89.0,0.0,89.0,e3,Et-PhenCar-Phos,nG,0.7493850028763238
17946,186.0,90.0,0.0,90.0,e3,P(o-Anis)3,nB,0.08812842587343037
17947,186.0,91.0,0.0,91.0,e2,CX-PICy,nB,0.019159777876378164
17948,186.0,92.0,0.0,92.0,e3,BrettPhos,nI,0.03009704001424225
17949,186.0,93.0,0.0,93.0,e10,Cy-vBRIDP,nF,0.8737297326167234
17950,186.0,94.0,0.0,94.0,e7,PCy3 HBF4,nA,0.25607908411044755
17951,186.0,95.0,0.0,95.0,e3,CgMe-PPh,nF,0.8647744195298661
17952,187.0,0.0,0.0,0.0,e1,A-caPhos,nF,0.010702303143673455
17953,187.0,1.0,0.0,1.0,e3,BrettPhos,nE,0.012327416789753938
17954,187.0,2.0,0.0,2.0,e9,CX-FBu,nF,0.005339162336147423
17955,187.0,3.0,0.0,3.0,e5,CX-PICy,nB,0.25414471887183276
17956,187.0,4.0,0.0,4.0,e9,Cy-DavePhos,nA,0.4785669589162221
17957,187.0,5.0,0.0,5.0,e2,Cy-vBRIDP,nB,0.3426954282220505
17958,187.0,6.0,0.0,6.0,e3,Kwong,nG,0.6379955567259125
17959,187.0,7.0,0.0,7.0,e1,MeO-KITPHOS,nC,0.08497736742087081
17960,187.0,8.0,0.0,8.0,e4,P(o-Anis)3,nI,0.02548894148634491
17961,187.0,9.0,0.0,9.0,e7,Et-PhenCar-Phos,nI,0.6075049737560246
17962,187.0,10.0,0.0,10.0,e10,JackiePhos,nF,0.9125036644148156
17963,187.0,11.0,0.0,11.0,e9,"P(3,5-CF3-Ph)3",nB,0.06814180345199915
17964,187.0,12.0,0.0,12.0,e2,P(fur)3,nF,0.4799987068628782
17965,187.0,13.0,0.0,13.0,e10,Ph-PhenCar-Phos,nE,0.002202515466205794
17966,187.0,14.0,0.0,14.0,e9,PPh2Me,nB,0.025869944469680908
17967,187.0,15.0,0.0,15.0,e3,PPhtBu2,nB,0.11748362565060226
17968,187.0,16.0,0.0,16.0,e7,tBPh-CPhos,nB,0.313551181342256
17969,187.0,17.0,0.0,17.0,e4,PPhMe2,nG,0.0
17970,187.0,18.0,0.0,18.0,e4,Cy-BippyPhos,nD,0.0
17971,187.0,19.0,0.0,19.0,e3,PCy3 HBF4,nC,0.5344164665084931
17972,187.0,20.0,0.0,20.0,e5,CgMe-PPh,nC,0.7463019251283864
17973,187.0,21.0,0.0,21.0,e7,PPh3,nD,0.9958253430037467
17974,187.0,22.0,0.0,22.0,e2,X-Phos,nB,0.20337122330638152
17975,187.0,23.0,0.0,23.0,e4,PnBu3 HBF4,nD,0.037089716289498115
17976,187.0,24.0,0.0,24.0,e5,PPh3,nA,0.2549508068127627
17977,187.0,25.0,0.0,25.0,e2,JackiePhos,nE,0.14951065589537862
17978,187.0,26.0,0.0,26.0,e3,CgMe-PPh,nF,0.8647744195298661
17979,187.0,27.0,0.0,27.0,e10,Kwong,nA,0.5880136022074371
17980,187.0,28.0,0.0,28.0,e5,Et-PhenCar-Phos,nC,0.7420550241578128
17981,187.0,29.0,0.0,29.0,e3,PCy3 HBF4,nF,0.7927520064501151
17982,187.0,30.0,0.0,30.0,e2,P(fur)3,nG,0.26823050789231057
17983,187.0,31.0,0.0,31.0,e5,Cy-DavePhos,nG,0.4296099762008142
17984,187.0,32.0,0.0,32.0,e5,Cy-vBRIDP,nA,0.7556883724207524
17985,187.0,33.0,0.0,33.0,e2,tBPh-CPhos,nA,0.8502272930334943
17986,187.0,34.0,0.0,34.0,e3,CX-PICy,nA,0.3216556256640709
17987,187.0,35.0,0.0,35.0,e5,CgMe-PPh,nF,0.4710660416220753
17988,187.0,36.0,0.0,36.0,e2,X-Phos,nE,0.05720851394385538
17989,187.0,37.0,0.0,37.0,e10,PPhtBu2,nA,0.7009303126601298
17990,187.0,38.0,0.0,38.0,e9,Et-PhenCar-Phos,nI,0.47387538169056964
17991,187.0,39.0,0.0,39.0,e10,MeO-KITPHOS,nE,0.08167116258886992
17992,187.0,40.0,0.0,40.0,e1,PCy3 HBF4,nD,0.10789505494394104
17993,187.0,41.0,0.0,41.0,e7,"P(3,5-CF3-Ph)3",nE,0.01373661617423656
17994,187.0,42.0,0.0,42.0,e1,PPh3,nG,0.03305769806250671
17995,187.0,43.0,0.0,43.0,e9,PnBu3 HBF4,nG,0.39354534074743824
17996,187.0,44.0,0.0,44.0,e2,Kwong,nC,0.5542025006813295
17997,187.0,45.0,0.0,45.0,e1,PPh2Me,nE,0.04666252615313038
17998,187.0,46.0,0.0,46.0,e1,P(o-Anis)3,nC,0.2646743135782516
17999,187.0,47.0,0.0,47.0,e10,BrettPhos,nG,0.0697610559568269
18000,187.0,48.0,0.0,48.0,e2,A-caPhos,nD,0.8459561333315676
18001,187.0,49.0,0.0,49.0,e9,CX-FBu,nE,0.04355822240680955
18002,187.0,50.0,0.0,50.0,e1,Ph-PhenCar-Phos,nD,0.0693435439672117
18003,187.0,51.0,0.0,51.0,e9,PPhMe2,nD,0.18559600333835125
18004,187.0,52.0,0.0,52.0,e7,Cy-BippyPhos,nC,0.8232211000009824
18005,187.0,53.0,0.0,53.0,e2,tBPh-CPhos,nB,0.3113430630612205
18006,187.0,54.0,0.0,54.0,e5,Cy-vBRIDP,nD,0.7161030534920702
18007,187.0,55.0,0.0,55.0,e9,JackiePhos,nB,0.12673454703525938
18008,187.0,56.0,0.0,56.0,e1,Cy-DavePhos,nE,0.04088521449674735
18009,187.0,57.0,0.0,57.0,e3,CgMe-PPh,nG,0.693870840573733
18010,187.0,58.0,0.0,58.0,e10,A-caPhos,nI,0.4049690202102659
18011,187.0,59.0,0.0,59.0,e5,Cy-BippyPhos,nD,0.7452121533478554
18012,187.0,60.0,0.0,60.0,e9,PPhtBu2,nE,0.15317274654488514
18013,187.0,61.0,0.0,61.0,e2,P(fur)3,nE,0.12109249824231177
18014,187.0,62.0,0.0,62.0,e4,Et-PhenCar-Phos,nC,0.5137778282322677
18015,187.0,63.0,0.0,63.0,e2,Cy-vBRIDP,nA,0.9280139562522538
18016,187.0,64.0,0.0,64.0,e3,Kwong,nF,0.751341990836228
18017,187.0,65.0,0.0,65.0,e4,CX-PICy,nI,0.049131110362350565
18018,187.0,66.0,0.0,66.0,e2,CgMe-PPh,nD,0.9061905699119336
18019,187.0,67.0,0.0,67.0,e10,Cy-vBRIDP,nD,0.9843096018311139
18020,187.0,68.0,0.0,68.0,e9,Cy-BippyPhos,nG,0.46478882021105844
18021,187.0,69.0,0.0,69.0,e5,tBPh-CPhos,nE,0.21985955173112223
18022,187.0,70.0,0.0,70.0,e7,Cy-vBRIDP,nF,0.47929870017773896
18023,187.0,71.0,0.0,71.0,e7,PCy3 HBF4,nG,0.0
18024,187.0,72.0,0.0,72.0,e10,Kwong,nF,0.8938930828018169
18025,187.0,73.0,0.0,73.0,e9,CgMe-PPh,nC,0.40356850702768715
18026,187.0,74.0,0.0,74.0,e1,PnBu3 HBF4,nA,0.033538713814707063
18027,187.0,75.0,0.0,75.0,e9,Et-PhenCar-Phos,nD,0.6763905107050712
18028,187.0,76.0,0.0,76.0,e2,PPh3,nG,0.1371811438806168
18029,187.0,77.0,0.0,77.0,e4,Kwong,nC,0.13664049521331256
18030,187.0,78.0,0.0,78.0,e1,A-caPhos,nB,0.04609606229142198
18031,187.0,79.0,0.0,79.0,e7,P(o-Anis)3,nC,0.3570385417934203
18032,187.0,80.0,0.0,80.0,e10,JackiePhos,nD,0.9619894282107424
18033,187.0,81.0,0.0,81.0,e10,X-Phos,nG,0.26909978021938563
18034,187.0,82.0,0.0,82.0,e9,JackiePhos,nC,0.3402888306071797
18035,187.0,83.0,0.0,83.0,e4,Cy-vBRIDP,nB,0.0
18036,187.0,84.0,0.0,84.0,e9,Cy-BippyPhos,nA,0.5551684100530536
18037,187.0,85.0,0.0,85.0,e4,PPhMe2,nA,0.0
18038,187.0,86.0,0.0,86.0,e1,MeO-KITPHOS,nG,0.05772455406029879
18039,187.0,87.0,0.0,87.0,e3,CgMe-PPh,nB,0.2170305015470435
18040,187.0,88.0,0.0,88.0,e7,Et-PhenCar-Phos,nC,0.7443135007935773
18041,187.0,89.0,0.0,89.0,e2,PPhtBu2,nE,0.2141985283033928
18042,187.0,90.0,0.0,90.0,e1,Cy-DavePhos,nI,0.007578802183845745
18043,187.0,91.0,0.0,91.0,e3,BrettPhos,nD,0.19688586421207319
18044,187.0,92.0,0.0,92.0,e5,"P(3,5-CF3-Ph)3",nD,0.7269615014964179
18045,187.0,93.0,0.0,93.0,e4,PPh2Me,nC,0.0
18046,187.0,94.0,0.0,94.0,e2,Ph-PhenCar-Phos,nE,0.002935248313701339
18047,187.0,95.0,0.0,95.0,e3,P(fur)3,nI,0.10333447340607371
18048,188.0,0.0,0.0,0.0,e7,A-caPhos,nF,0.1328274541277745
18049,188.0,1.0,0.0,1.0,e7,BrettPhos,nB,0.006706537467230552
18050,188.0,2.0,0.0,2.0,e10,CX-FBu,nI,0.11326772664660484
18051,188.0,3.0,0.0,3.0,e2,CX-PICy,nG,0.12786508394705637
18052,188.0,4.0,0.0,4.0,e5,Cy-DavePhos,nB,0.24820523727080449
18053,188.0,5.0,0.0,5.0,e2,Cy-vBRIDP,nC,0.591401678089823
18054,188.0,6.0,0.0,6.0,e9,Kwong,nA,0.4209461322156132
18055,188.0,7.0,0.0,7.0,e9,MeO-KITPHOS,nI,0.37369206432045404
18056,188.0,8.0,0.0,8.0,e1,P(o-Anis)3,nE,0.0726200206341357
18057,188.0,9.0,0.0,9.0,e5,Et-PhenCar-Phos,nI,0.8679590234640545
18058,188.0,10.0,0.0,10.0,e1,JackiePhos,nG,0.16044985000151907
18059,188.0,11.0,0.0,11.0,e3,"P(3,5-CF3-Ph)3",nE,0.07143086362203174
18060,188.0,12.0,0.0,12.0,e10,P(fur)3,nB,0.29107612738736705
18061,188.0,13.0,0.0,13.0,e2,Ph-PhenCar-Phos,nC,0.6114139698966943
18062,188.0,14.0,0.0,14.0,e1,PPh2Me,nE,0.04666252615313038
18063,188.0,15.0,0.0,15.0,e10,PPhtBu2,nI,0.8224211337896827
18064,188.0,16.0,0.0,16.0,e10,tBPh-CPhos,nB,0.34684817142606866
18065,188.0,17.0,0.0,17.0,e4,PPhMe2,nI,0.0
18066,188.0,18.0,0.0,18.0,e3,Cy-BippyPhos,nA,0.7065412188883603
18067,188.0,19.0,0.0,19.0,e4,PCy3 HBF4,nF,0.1806752523043707
18068,188.0,20.0,0.0,20.0,e5,CgMe-PPh,nF,0.4710660416220753
18069,188.0,21.0,0.0,21.0,e7,PPh3,nD,0.9958253430037467
18070,188.0,22.0,0.0,22.0,e10,X-Phos,nE,0.0935959226806929
18071,188.0,23.0,0.0,23.0,e3,PnBu3 HBF4,nE,0.07267279002281227
18072,188.0,24.0,0.0,24.0,e9,PPh3,nB,0.08611579146274333
18073,188.0,25.0,0.0,25.0,e10,Et-PhenCar-Phos,nG,0.4986371729738086
18074,188.0,26.0,0.0,26.0,e3,PPhtBu2,nE,0.13875537672279908
18075,188.0,27.0,0.0,27.0,e2,Cy-BippyPhos,nB,0.3284195625331717
18076,188.0,28.0,0.0,28.0,e10,Ph-PhenCar-Phos,nF,0.15722965933724983
18077,188.0,29.0,0.0,29.0,e4,Cy-vBRIDP,nD,0.0814370688803937
18078,188.0,30.0,0.0,30.0,e4,CgMe-PPh,nE,0.0309977877786149
18079,188.0,31.0,0.0,31.0,e10,Kwong,nI,0.44837347162573915
18080,188.0,32.0,0.0,32.0,e9,MeO-KITPHOS,nD,0.6506971208307475
18081,188.0,33.0,0.0,33.0,e2,tBPh-CPhos,nE,0.13432593614456043
18082,188.0,34.0,0.0,34.0,e9,P(fur)3,nA,0.001325378623256779
18083,188.0,35.0,0.0,35.0,e2,Cy-DavePhos,nD,0.8600984767103315
18084,188.0,36.0,0.0,36.0,e4,PCy3 HBF4,nA,0.03156483605433674
18085,188.0,37.0,0.0,37.0,e4,JackiePhos,nF,0.14143573352899122
18086,188.0,38.0,0.0,38.0,e2,A-caPhos,nF,0.09240764466838348
18087,188.0,39.0,0.0,39.0,e2,CX-PICy,nD,0.844934148288056
18088,188.0,40.0,0.0,40.0,e4,CX-FBu,nB,0.003611186330700581
18089,188.0,41.0,0.0,41.0,e2,Et-PhenCar-Phos,nE,0.039995288671309644
18090,188.0,42.0,0.0,42.0,e7,X-Phos,nB,0.24145251337028
18091,188.0,43.0,0.0,43.0,e4,PnBu3 HBF4,nC,0.0
18092,188.0,44.0,0.0,44.0,e10,P(o-Anis)3,nA,0.13685257205098517
18093,188.0,45.0,0.0,45.0,e3,"P(3,5-CF3-Ph)3",nD,0.5723115602287895
18094,188.0,46.0,0.0,46.0,e2,PPh2Me,nC,0.6126561714426878
18095,188.0,47.0,0.0,47.0,e1,BrettPhos,nC,0.004772581327773339
18096,188.0,48.0,0.0,48.0,e10,PPhMe2,nF,0.9662268038122928
18097,188.0,49.0,0.0,49.0,e9,Cy-DavePhos,nG,0.4021743761051082
18098,188.0,50.0,0.0,50.0,e7,PPh3,nF,0.578123168434268
18099,188.0,51.0,0.0,51.0,e7,Cy-BippyPhos,nG,0.3885701449233445
18100,188.0,52.0,0.0,52.0,e2,MeO-KITPHOS,nG,0.2917340042609233
18101,188.0,53.0,0.0,53.0,e7,CX-PICy,nB,0.23030477566313212
18102,188.0,54.0,0.0,54.0,e2,PPhMe2,nF,0.6752763886691495
18103,188.0,55.0,0.0,55.0,e3,PPhtBu2,nA,0.3650613273843325
18104,188.0,56.0,0.0,56.0,e10,Kwong,nF,0.8938930828018169
18105,188.0,57.0,0.0,57.0,e10,Ph-PhenCar-Phos,nD,0.19450431269643761
18106,188.0,58.0,0.0,58.0,e2,Cy-vBRIDP,nI,0.6880605476764962
18107,188.0,59.0,0.0,59.0,e7,PPh2Me,nF,0.03319774188221985
18108,188.0,60.0,0.0,60.0,e3,Kwong,nB,0.13828352718505904
18109,188.0,61.0,0.0,61.0,e10,"P(3,5-CF3-Ph)3",nI,0.941711710784077
18110,188.0,62.0,0.0,62.0,e1,PPh3,nC,0.1159616122174597
18111,188.0,63.0,0.0,63.0,e7,PPhMe2,nG,0.0
18112,188.0,64.0,0.0,64.0,e7,"P(3,5-CF3-Ph)3",nI,0.4348939297275991
18113,188.0,65.0,0.0,65.0,e10,CgMe-PPh,nA,0.1556727410455523
18114,188.0,66.0,0.0,66.0,e10,Cy-DavePhos,nC,0.6949319682872127
18115,188.0,67.0,0.0,67.0,e3,tBPh-CPhos,nF,0.8810310712945111
18116,188.0,68.0,0.0,68.0,e7,Cy-BippyPhos,nD,1.0
18117,188.0,69.0,0.0,69.0,e2,Et-PhenCar-Phos,nB,0.30781579365006
18118,188.0,70.0,0.0,70.0,e2,tBPh-CPhos,nI,0.6559331228280183
18119,188.0,71.0,0.0,71.0,e7,Cy-vBRIDP,nC,0.6820459911323365
18120,188.0,72.0,0.0,72.0,e10,Cy-BippyPhos,nC,0.6737699231822453
18121,188.0,73.0,0.0,73.0,e3,PPhtBu2,nG,0.42214668793427734
18122,188.0,74.0,0.0,74.0,e2,MeO-KITPHOS,nF,0.6735229847545438
18123,188.0,75.0,0.0,75.0,e9,X-Phos,nC,0.3631647018503177
18124,188.0,76.0,0.0,76.0,e2,JackiePhos,nA,0.9033456818168843
18125,188.0,77.0,0.0,77.0,e1,P(fur)3,nA,0.13903094918195189
18126,188.0,78.0,0.0,78.0,e2,JackiePhos,nG,0.226362632584802
18127,188.0,79.0,0.0,79.0,e9,CX-PICy,nA,0.22214179192108488
18128,188.0,80.0,0.0,80.0,e5,Cy-DavePhos,nA,0.7763833572037856
18129,188.0,81.0,0.0,81.0,e4,A-caPhos,nF,0.177284613811449
18130,188.0,82.0,0.0,82.0,e10,PCy3 HBF4,nF,0.5031493938885278
18131,188.0,83.0,0.0,83.0,e3,P(o-Anis)3,nE,0.0347685138498739
18132,188.0,84.0,0.0,84.0,e9,Cy-BippyPhos,nB,0.19614551978344988
18133,188.0,85.0,0.0,85.0,e5,Cy-vBRIDP,nI,0.7979626994163204
18134,188.0,86.0,0.0,86.0,e9,"P(3,5-CF3-Ph)3",nA,0.28248248720696867
18135,188.0,87.0,0.0,87.0,e2,tBPh-CPhos,nG,0.21498121859438568
18136,188.0,88.0,0.0,88.0,e5,MeO-KITPHOS,nE,0.20090081346750718
18137,188.0,89.0,0.0,89.0,e10,Cy-DavePhos,nD,0.9577552674723959
18138,188.0,90.0,0.0,90.0,e2,Ph-PhenCar-Phos,nB,0.0
18139,188.0,91.0,0.0,91.0,e9,Kwong,nD,0.7637773250800808
18140,188.0,92.0,0.0,92.0,e7,Cy-DavePhos,nC,0.43870094090204687
18141,188.0,93.0,0.0,93.0,e10,CX-FBu,nA,0.11933660384887412
18142,188.0,94.0,0.0,94.0,e3,Cy-vBRIDP,nA,0.6444005049983973
18143,188.0,95.0,0.0,95.0,e2,PnBu3 HBF4,nD,0.8741353520353085
18144,189.0,0.0,0.0,0.0,e3,A-caPhos,nE,0.07288605180469757
18145,189.0,1.0,0.0,1.0,e7,BrettPhos,nA,0.0124654631537221
18146,189.0,2.0,0.0,2.0,e3,CX-FBu,nG,0.05424980853629999
18147,189.0,3.0,0.0,3.0,e1,CX-PICy,nD,0.26178759539722174
18148,189.0,4.0,0.0,4.0,e3,Cy-DavePhos,nD,0.6446826086450984
18149,189.0,5.0,0.0,5.0,e7,Cy-vBRIDP,nB,0.18834091750393028
18150,189.0,6.0,0.0,6.0,e5,Kwong,nE,0.16336084003327056
18151,189.0,7.0,0.0,7.0,e1,MeO-KITPHOS,nD,0.03699926034242779
18152,189.0,8.0,0.0,8.0,e2,P(o-Anis)3,nC,0.2694306601099812
18153,189.0,9.0,0.0,9.0,e3,Et-PhenCar-Phos,nF,0.7168147526183698
18154,189.0,10.0,0.0,10.0,e3,JackiePhos,nI,0.44377710899114275
18155,189.0,11.0,0.0,11.0,e9,"P(3,5-CF3-Ph)3",nE,0.0796317150343979
18156,189.0,12.0,0.0,12.0,e4,P(fur)3,nI,0.04402143693540769
18157,189.0,13.0,0.0,13.0,e4,Ph-PhenCar-Phos,nF,0.06641743274856524
18158,189.0,14.0,0.0,14.0,e2,PPh2Me,nA,0.027726601641446406
18159,189.0,15.0,0.0,15.0,e5,PPhtBu2,nC,0.7698254349858591
18160,189.0,16.0,0.0,16.0,e3,tBPh-CPhos,nG,0.6694190600721208
18161,189.0,17.0,0.0,17.0,e7,PPhMe2,nB,0.0
18162,189.0,18.0,0.0,18.0,e2,Cy-BippyPhos,nD,0.899766462439471
18163,189.0,19.0,0.0,19.0,e10,PCy3 HBF4,nA,0.06858302437999264
18164,189.0,20.0,0.0,20.0,e9,CgMe-PPh,nE,0.1783004774895902
18165,189.0,21.0,0.0,21.0,e4,PPh3,nE,0.0
18166,189.0,22.0,0.0,22.0,e3,X-Phos,nD,0.6499890415739124
18167,189.0,23.0,0.0,23.0,e3,PnBu3 HBF4,nI,0.3077263161434331
18168,189.0,24.0,0.0,24.0,e1,Cy-BippyPhos,nE,0.08360289329221145
18169,189.0,25.0,0.0,25.0,e2,PPhtBu2,nA,0.8784588854057418
18170,189.0,26.0,0.0,26.0,e4,Et-PhenCar-Phos,nI,0.02371214570587278
18171,189.0,27.0,0.0,27.0,e2,tBPh-CPhos,nF,0.9180522305589233
18172,189.0,28.0,0.0,28.0,e5,X-Phos,nI,0.6595060362188809
18173,189.0,29.0,0.0,29.0,e7,Cy-DavePhos,nB,0.2152450446486366
18174,189.0,30.0,0.0,30.0,e4,JackiePhos,nD,0.03756510618398426
18175,189.0,31.0,0.0,31.0,e5,PnBu3 HBF4,nC,0.7038726736579902
18176,189.0,32.0,0.0,32.0,e2,P(o-Anis)3,nF,0.0020685938468024733
18177,189.0,33.0,0.0,33.0,e1,CX-PICy,nG,0.10103394714922777
18178,189.0,34.0,0.0,34.0,e5,PPhtBu2,nF,0.03204541377761061
18179,189.0,35.0,0.0,35.0,e1,tBPh-CPhos,nG,0.12674104413371357
18180,189.0,36.0,0.0,36.0,e1,Cy-vBRIDP,nC,0.021046518566206512
18181,189.0,37.0,0.0,37.0,e1,CgMe-PPh,nC,0.11816325573626481
18182,189.0,38.0,0.0,38.0,e9,Kwong,nC,0.3519968307033692
18183,189.0,39.0,0.0,39.0,e4,"P(3,5-CF3-Ph)3",nF,0.12460832905550522
18184,189.0,40.0,0.0,40.0,e10,A-caPhos,nF,0.7955510503185635
18185,189.0,41.0,0.0,41.0,e3,X-Phos,nF,0.8295848550156448
18186,189.0,42.0,0.0,42.0,e2,PCy3 HBF4,nB,0.029838368623291776
18187,189.0,43.0,0.0,43.0,e1,Ph-PhenCar-Phos,nC,0.12082905001684137
18188,189.0,44.0,0.0,44.0,e1,CX-FBu,nI,0.04050100920735508
18189,189.0,45.0,0.0,45.0,e3,P(fur)3,nB,0.048815786923134194
18190,189.0,46.0,0.0,46.0,e10,MeO-KITPHOS,nF,0.8931997261223513
18191,189.0,47.0,0.0,47.0,e9,PPh2Me,nB,0.025869944469680908
18192,189.0,48.0,0.0,48.0,e10,BrettPhos,nI,0.1572445220332629
18193,189.0,49.0,0.0,49.0,e10,PPhMe2,nF,0.9662268038122928
18194,189.0,50.0,0.0,50.0,e10,PPh3,nG,0.1393167968001149
18195,189.0,51.0,0.0,51.0,e5,PnBu3 HBF4,nF,0.10989187551048998
18196,189.0,52.0,0.0,52.0,e3,Cy-BippyPhos,nI,0.4880124029547394
18197,189.0,53.0,0.0,53.0,e2,PPhMe2,nI,0.5671887226956333
18198,189.0,54.0,0.0,54.0,e10,MeO-KITPHOS,nA,0.5040049303765105
18199,189.0,55.0,0.0,55.0,e9,X-Phos,nE,0.11576466040964467
18200,189.0,56.0,0.0,56.0,e5,A-caPhos,nF,0.19177908780741595
18201,189.0,57.0,0.0,57.0,e5,Cy-DavePhos,nC,0.6945846341087276
18202,189.0,58.0,0.0,58.0,e4,Et-PhenCar-Phos,nG,0.0029966288441688137
18203,189.0,59.0,0.0,59.0,e7,tBPh-CPhos,nD,0.9555589604373731
18204,189.0,60.0,0.0,60.0,e4,PPhtBu2,nB,0.0
18205,189.0,61.0,0.0,61.0,e5,Cy-DavePhos,nB,0.24820523727080449
18206,189.0,62.0,0.0,62.0,e10,Kwong,nF,0.8938930828018169
18207,189.0,63.0,0.0,63.0,e5,tBPh-CPhos,nG,0.3364545940088557
18208,189.0,64.0,0.0,64.0,e2,PPhMe2,nC,0.5688989155636163
18209,189.0,65.0,0.0,65.0,e4,JackiePhos,nA,0.01378290721008047
18210,189.0,66.0,0.0,66.0,e5,Cy-BippyPhos,nG,0.45451502639332875
18211,189.0,67.0,0.0,67.0,e3,MeO-KITPHOS,nD,0.4375043123935729
18212,189.0,68.0,0.0,68.0,e10,Kwong,nA,0.5880136022074371
18213,189.0,69.0,0.0,69.0,e9,CX-PICy,nC,0.3368172083334284
18214,189.0,70.0,0.0,70.0,e4,X-Phos,nC,0.34258955436774835
18215,189.0,71.0,0.0,71.0,e2,CgMe-PPh,nA,0.6670880102879697
18216,189.0,72.0,0.0,72.0,e7,P(o-Anis)3,nG,0.04483783011499854
18217,189.0,73.0,0.0,73.0,e4,PnBu3 HBF4,nE,0.0
18218,189.0,74.0,0.0,74.0,e2,PPhMe2,nF,0.6752763886691495
18219,189.0,75.0,0.0,75.0,e2,Cy-vBRIDP,nB,0.3426954282220505
18220,189.0,76.0,0.0,76.0,e9,"P(3,5-CF3-Ph)3",nG,0.3475054757161358
18221,189.0,77.0,0.0,77.0,e7,A-caPhos,nG,0.06965150777591327
18222,189.0,78.0,0.0,78.0,e9,Ph-PhenCar-Phos,nE,0.08998609138257692
18223,189.0,79.0,0.0,79.0,e5,Kwong,nI,0.605127225193205
18224,189.0,80.0,0.0,80.0,e1,BrettPhos,nF,0.02959502704843433
18225,189.0,81.0,0.0,81.0,e3,tBPh-CPhos,nI,0.40203943367844525
18226,189.0,82.0,0.0,82.0,e4,PPh3,nA,0.08894444044781374
18227,189.0,83.0,0.0,83.0,e3,Cy-BippyPhos,nG,0.6656541362855952
18228,189.0,84.0,0.0,84.0,e7,CgMe-PPh,nI,0.6142759277683246
18229,189.0,85.0,0.0,85.0,e7,MeO-KITPHOS,nI,0.21783562748931537
18230,189.0,86.0,0.0,86.0,e7,PCy3 HBF4,nF,0.11910164690015072
18231,189.0,87.0,0.0,87.0,e10,CX-FBu,nD,0.021025961968080993
18232,189.0,88.0,0.0,88.0,e10,P(fur)3,nG,0.5091625405710212
18233,189.0,89.0,0.0,89.0,e10,Cy-DavePhos,nD,0.9577552674723959
18234,189.0,90.0,0.0,90.0,e7,PPhMe2,nD,0.17967402718109338
18235,189.0,91.0,0.0,91.0,e2,Cy-DavePhos,nI,0.6644450399368388
18236,189.0,92.0,0.0,92.0,e7,PPh2Me,nE,0.014703352842934232
18237,189.0,93.0,0.0,93.0,e10,PPhtBu2,nC,0.7230058104876745
18238,189.0,94.0,0.0,94.0,e4,Kwong,nA,0.0
18239,189.0,95.0,0.0,95.0,e9,X-Phos,nF,0.7946437444937127
18240,190.0,0.0,0.0,0.0,e7,A-caPhos,nC,0.6204517712369704
18241,190.0,1.0,0.0,1.0,e10,BrettPhos,nE,0.057568734516984195
18242,190.0,2.0,0.0,2.0,e9,CX-FBu,nE,0.04355822240680955
18243,190.0,3.0,0.0,3.0,e9,CX-PICy,nB,0.017548782295091724
18244,190.0,4.0,0.0,4.0,e2,Cy-DavePhos,nF,0.8384971848128893
18245,190.0,5.0,0.0,5.0,e5,Cy-vBRIDP,nI,0.7979626994163204
18246,190.0,6.0,0.0,6.0,e5,Kwong,nG,0.24931580024802266
18247,190.0,7.0,0.0,7.0,e5,MeO-KITPHOS,nE,0.20090081346750718
18248,190.0,8.0,0.0,8.0,e9,P(o-Anis)3,nA,0.15362948073366284
18249,190.0,9.0,0.0,9.0,e7,Et-PhenCar-Phos,nA,0.46105828561415296
18250,190.0,10.0,0.0,10.0,e3,JackiePhos,nA,0.49532594634296395
18251,190.0,11.0,0.0,11.0,e10,"P(3,5-CF3-Ph)3",nB,0.3248401714816362
18252,190.0,12.0,0.0,12.0,e3,P(fur)3,nG,0.19737875966328072
18253,190.0,13.0,0.0,13.0,e7,Ph-PhenCar-Phos,nF,0.17977391419077005
18254,190.0,14.0,0.0,14.0,e9,PPh2Me,nE,0.1405880999819467
18255,190.0,15.0,0.0,15.0,e5,PPhtBu2,nB,0.26686542642109434
18256,190.0,16.0,0.0,16.0,e2,tBPh-CPhos,nI,0.6559331228280183
18257,190.0,17.0,0.0,17.0,e5,PPhMe2,nB,0.33576273461927086
18258,190.0,18.0,0.0,18.0,e4,Cy-BippyPhos,nD,0.0
18259,190.0,19.0,0.0,19.0,e1,PCy3 HBF4,nC,0.12548596697694442
18260,190.0,20.0,0.0,20.0,e2,CgMe-PPh,nF,0.42403845111744487
18261,190.0,21.0,0.0,21.0,e7,PPh3,nB,0.20864817755410225
18262,190.0,22.0,0.0,22.0,e3,X-Phos,nC,0.5782791539418308
18263,190.0,23.0,0.0,23.0,e1,PnBu3 HBF4,nB,0.005892158794976363
18264,190.0,24.0,0.0,24.0,e2,Cy-DavePhos,nB,0.3895783251678055
18265,190.0,25.0,0.0,25.0,e7,Cy-vBRIDP,nE,0.0285055968883504
18266,190.0,26.0,0.0,26.0,e1,tBPh-CPhos,nC,0.20431204836192307
18267,190.0,27.0,0.0,27.0,e3,A-caPhos,nD,0.6490888057244365
18268,190.0,28.0,0.0,28.0,e5,X-Phos,nB,0.22803797881095858
18269,190.0,29.0,0.0,29.0,e2,JackiePhos,nD,0.8885726039005069
18270,190.0,30.0,0.0,30.0,e5,Et-PhenCar-Phos,nG,0.4088272163752651
18271,190.0,31.0,0.0,31.0,e5,CgMe-PPh,nB,0.24129886485371901
18272,190.0,32.0,0.0,32.0,e7,PPhMe2,nF,0.0
18273,190.0,33.0,0.0,33.0,e1,"P(3,5-CF3-Ph)3",nC,0.0
18274,190.0,34.0,0.0,34.0,e7,PPhtBu2,nI,0.035471536543272855
18275,190.0,35.0,0.0,35.0,e4,Kwong,nD,0.07279928824098204
18276,190.0,36.0,0.0,36.0,e2,PPh3,nD,0.829809282023606
18277,190.0,37.0,0.0,37.0,e1,MeO-KITPHOS,nI,0.08070327614437922
18278,190.0,38.0,0.0,38.0,e1,P(fur)3,nF,0.0
18279,190.0,39.0,0.0,39.0,e10,Ph-PhenCar-Phos,nE,0.002202515466205794
18280,190.0,40.0,0.0,40.0,e7,P(o-Anis)3,nD,0.20661863979261372
18281,190.0,41.0,0.0,41.0,e1,PPh2Me,nE,0.04666252615313038
18282,190.0,42.0,0.0,42.0,e1,PCy3 HBF4,nI,0.04512889597205454
18283,190.0,43.0,0.0,43.0,e1,JackiePhos,nG,0.16044985000151907
18284,190.0,44.0,0.0,44.0,e4,BrettPhos,nG,0.0
18285,190.0,45.0,0.0,45.0,e7,A-caPhos,nE,0.0
18286,190.0,46.0,0.0,46.0,e5,CX-FBu,nB,0.060299548757721935
18287,190.0,47.0,0.0,47.0,e5,Cy-DavePhos,nD,0.7566333942731113
18288,190.0,48.0,0.0,48.0,e5,CX-PICy,nG,0.35909736921031543
18289,190.0,49.0,0.0,49.0,e1,PnBu3 HBF4,nD,0.07093393667529567
18290,190.0,50.0,0.0,50.0,e7,Cy-BippyPhos,nD,1.0
18291,190.0,51.0,0.0,51.0,e2,PPh3,nE,0.08087648972572638
18292,190.0,52.0,0.0,52.0,e9,Cy-BippyPhos,nC,0.4093298004131833
18293,190.0,53.0,0.0,53.0,e5,Et-PhenCar-Phos,nD,0.7835996088615103
18294,190.0,54.0,0.0,54.0,e4,tBPh-CPhos,nG,0.04357628217462166
18295,190.0,55.0,0.0,55.0,e7,Cy-vBRIDP,nB,0.18834091750393028
18296,190.0,56.0,0.0,56.0,e3,X-Phos,nD,0.6499890415739124
18297,190.0,57.0,0.0,57.0,e5,Cy-DavePhos,nG,0.4296099762008142
18298,190.0,58.0,0.0,58.0,e9,CgMe-PPh,nE,0.1783004774895902
18299,190.0,59.0,0.0,59.0,e5,Et-PhenCar-Phos,nE,0.1555337724688785
18300,190.0,60.0,0.0,60.0,e3,JackiePhos,nF,0.779856233931088
18301,190.0,61.0,0.0,61.0,e5,X-Phos,nD,0.8408611369475726
18302,190.0,62.0,0.0,62.0,e3,Cy-BippyPhos,nA,0.7065412188883603
18303,190.0,63.0,0.0,63.0,e3,Cy-DavePhos,nC,0.37215812981068086
18304,190.0,64.0,0.0,64.0,e5,CX-PICy,nD,0.7367636173787823
18305,190.0,65.0,0.0,65.0,e2,P(o-Anis)3,nD,0.4223619633611157
18306,190.0,66.0,0.0,66.0,e2,PPhMe2,nI,0.5671887226956333
18307,190.0,67.0,0.0,67.0,e3,JackiePhos,nB,0.1608694107669877
18308,190.0,68.0,0.0,68.0,e9,A-caPhos,nB,0.040633394833466153
18309,190.0,69.0,0.0,69.0,e10,"P(3,5-CF3-Ph)3",nA,0.546272038278152
18310,190.0,70.0,0.0,70.0,e4,Kwong,nI,0.0
18311,190.0,71.0,0.0,71.0,e1,X-Phos,nD,0.11103234490926704
18312,190.0,72.0,0.0,72.0,e5,PPhtBu2,nD,0.7431815841843207
18313,190.0,73.0,0.0,73.0,e1,MeO-KITPHOS,nG,0.05772455406029879
18314,190.0,74.0,0.0,74.0,e5,Cy-BippyPhos,nA,0.7454640568896914
18315,190.0,75.0,0.0,75.0,e7,PPh3,nI,0.24779538065626336
18316,190.0,76.0,0.0,76.0,e9,CX-PICy,nE,0.11110502362494325
18317,190.0,77.0,0.0,77.0,e2,P(fur)3,nC,0.531364471158177
18318,190.0,78.0,0.0,78.0,e2,PPh2Me,nF,0.0
18319,190.0,79.0,0.0,79.0,e1,Ph-PhenCar-Phos,nA,0.18568024853139675
18320,190.0,80.0,0.0,80.0,e7,PPhtBu2,nF,0.006345526298723309
18321,190.0,81.0,0.0,81.0,e10,PCy3 HBF4,nE,0.04178712243346533
18322,190.0,82.0,0.0,82.0,e5,Cy-vBRIDP,nD,0.7161030534920702
18323,190.0,83.0,0.0,83.0,e1,Cy-BippyPhos,nF,0.042463401107959806
18324,190.0,84.0,0.0,84.0,e9,CX-FBu,nD,0.0
18325,190.0,85.0,0.0,85.0,e10,tBPh-CPhos,nG,0.1872202584239755
18326,190.0,86.0,0.0,86.0,e3,PPhMe2,nD,0.17694079610526336
18327,190.0,87.0,0.0,87.0,e1,PnBu3 HBF4,nE,0.0
18328,190.0,88.0,0.0,88.0,e7,Et-PhenCar-Phos,nF,0.8005855615874519
18329,190.0,89.0,0.0,89.0,e7,Cy-DavePhos,nF,0.07212456406365218
18330,190.0,90.0,0.0,90.0,e7,"P(3,5-CF3-Ph)3",nF,0.4547323879793554
18331,190.0,91.0,0.0,91.0,e4,BrettPhos,nE,0.020587634820407864
18332,190.0,92.0,0.0,92.0,e5,CgMe-PPh,nG,0.5263762443562906
18333,190.0,93.0,0.0,93.0,e4,Cy-vBRIDP,nD,0.0814370688803937
18334,190.0,94.0,0.0,94.0,e2,Et-PhenCar-Phos,nA,0.9619512654546682
18335,190.0,95.0,0.0,95.0,e1,P(o-Anis)3,nD,0.06718965695755724
18336,191.0,0.0,0.0,0.0,e5,A-caPhos,nE,0.037864613831533826
18337,191.0,1.0,0.0,1.0,e7,BrettPhos,nC,0.0
18338,191.0,2.0,0.0,2.0,e7,CX-FBu,nI,0.008436723887765887
18339,191.0,3.0,0.0,3.0,e7,CX-PICy,nD,1.0
18340,191.0,4.0,0.0,4.0,e10,Cy-DavePhos,nI,0.7834423636635293
18341,191.0,5.0,0.0,5.0,e9,Cy-vBRIDP,nF,0.6967928130282119
18342,191.0,6.0,0.0,6.0,e10,Kwong,nE,0.10609667459949558
18343,191.0,7.0,0.0,7.0,e9,MeO-KITPHOS,nC,0.35851761793533216
18344,191.0,8.0,0.0,8.0,e2,P(o-Anis)3,nA,0.25800548866225337
18345,191.0,9.0,0.0,9.0,e3,Et-PhenCar-Phos,nF,0.7168147526183698
18346,191.0,10.0,0.0,10.0,e2,JackiePhos,nC,0.5096826906052602
18347,191.0,11.0,0.0,11.0,e10,"P(3,5-CF3-Ph)3",nF,0.8478546310824894
18348,191.0,12.0,0.0,12.0,e2,P(fur)3,nD,0.8273907264709449
18349,191.0,13.0,0.0,13.0,e5,Ph-PhenCar-Phos,nG,0.0
18350,191.0,14.0,0.0,14.0,e5,PPh2Me,nG,0.02908266774080822
18351,191.0,15.0,0.0,15.0,e9,PPhtBu2,nA,0.22969981648958007
18352,191.0,16.0,0.0,16.0,e10,tBPh-CPhos,nA,0.738775541606104
18353,191.0,17.0,0.0,17.0,e9,PPhMe2,nC,0.30440801781180693
18354,191.0,18.0,0.0,18.0,e2,Cy-BippyPhos,nE,0.15754944548975836
18355,191.0,19.0,0.0,19.0,e9,PCy3 HBF4,nF,0.8209377552949729
18356,191.0,20.0,0.0,20.0,e5,CgMe-PPh,nE,0.0
18357,191.0,21.0,0.0,21.0,e9,PPh3,nA,0.4432722730662406
18358,191.0,22.0,0.0,22.0,e9,X-Phos,nF,0.7946437444937127
18359,191.0,23.0,0.0,23.0,e1,PnBu3 HBF4,nC,0.05073636262125162
18360,191.0,24.0,0.0,24.0,e7,CX-PICy,nE,0.02553348260378032
18361,191.0,25.0,0.0,25.0,e2,"P(3,5-CF3-Ph)3",nD,0.8356393853580697
18362,191.0,26.0,0.0,26.0,e9,P(fur)3,nF,0.14474013927612028
18363,191.0,27.0,0.0,27.0,e9,PCy3 HBF4,nE,0.09422828034713238
18364,191.0,28.0,0.0,28.0,e4,X-Phos,nI,0.009934677799407795
18365,191.0,29.0,0.0,29.0,e1,Cy-DavePhos,nD,0.0801309667245095
18366,191.0,30.0,0.0,30.0,e2,tBPh-CPhos,nE,0.13432593614456043
18367,191.0,31.0,0.0,31.0,e3,Et-PhenCar-Phos,nG,0.7493850028763238
18368,191.0,32.0,0.0,32.0,e4,Cy-vBRIDP,nA,0.021399040085944364
18369,191.0,33.0,0.0,33.0,e2,JackiePhos,nD,0.8885726039005069
18370,191.0,34.0,0.0,34.0,e7,PPh3,nI,0.24779538065626336
18371,191.0,35.0,0.0,35.0,e1,MeO-KITPHOS,nE,0.04671760971453625
18372,191.0,36.0,0.0,36.0,e9,PPhMe2,nF,0.0
18373,191.0,37.0,0.0,37.0,e3,P(o-Anis)3,nA,0.1800745926353478
18374,191.0,38.0,0.0,38.0,e7,"P(3,5-CF3-Ph)3",nG,0.004136174060489153
18375,191.0,39.0,0.0,39.0,e9,PPhtBu2,nB,0.0744540569819119
18376,191.0,40.0,0.0,40.0,e7,Cy-BippyPhos,nI,0.8044666768394777
18377,191.0,41.0,0.0,41.0,e10,Et-PhenCar-Phos,nF,0.9128845279878604
18378,191.0,42.0,0.0,42.0,e10,JackiePhos,nE,0.13231340139379136
18379,191.0,43.0,0.0,43.0,e5,Kwong,nC,0.7139078067166453
18380,191.0,44.0,0.0,44.0,e9,PnBu3 HBF4,nF,0.06976139513202796
18381,191.0,45.0,0.0,45.0,e3,A-caPhos,nI,0.251402716237195
18382,191.0,46.0,0.0,46.0,e10,PPh2Me,nC,0.7635702486574847
18383,191.0,47.0,0.0,47.0,e7,CX-FBu,nD,0.017505922127010028
18384,191.0,48.0,0.0,48.0,e9,BrettPhos,nF,0.16808056792906734
18385,191.0,49.0,0.0,49.0,e9,Ph-PhenCar-Phos,nD,0.6767072029805355
18386,191.0,50.0,0.0,50.0,e7,CgMe-PPh,nC,0.4527219927063775
18387,191.0,51.0,0.0,51.0,e10,Et-PhenCar-Phos,nI,0.8978098811886851
18388,191.0,52.0,0.0,52.0,e9,CX-PICy,nE,0.11110502362494325
18389,191.0,53.0,0.0,53.0,e3,P(fur)3,nA,0.16816044846520725
18390,191.0,54.0,0.0,54.0,e2,Cy-BippyPhos,nC,0.565819186487617
18391,191.0,55.0,0.0,55.0,e9,PCy3 HBF4,nC,0.37815021126374854
18392,191.0,56.0,0.0,56.0,e5,tBPh-CPhos,nB,0.28432749904894056
18393,191.0,57.0,0.0,57.0,e10,Cy-DavePhos,nF,0.8813598639667193
18394,191.0,58.0,0.0,58.0,e3,Kwong,nD,0.6707851203385027
18395,191.0,59.0,0.0,59.0,e7,Et-PhenCar-Phos,nB,0.3099147672836797
18396,191.0,60.0,0.0,60.0,e2,X-Phos,nC,0.40642389315255095
18397,191.0,61.0,0.0,61.0,e10,PPh2Me,nF,0.9442102793927251
18398,191.0,62.0,0.0,62.0,e7,Cy-vBRIDP,nE,0.0285055968883504
18399,191.0,63.0,0.0,63.0,e9,PPh3,nB,0.08611579146274333
18400,191.0,64.0,0.0,64.0,e5,Ph-PhenCar-Phos,nD,0.05973892971813824
18401,191.0,65.0,0.0,65.0,e4,Cy-DavePhos,nC,0.365792749214354
18402,191.0,66.0,0.0,66.0,e2,PPh2Me,nI,0.2867303573574186
18403,191.0,67.0,0.0,67.0,e9,"P(3,5-CF3-Ph)3",nA,0.28248248720696867
18404,191.0,68.0,0.0,68.0,e1,JackiePhos,nA,0.8639833503359745
18405,191.0,69.0,0.0,69.0,e4,Cy-BippyPhos,nE,0.0
18406,191.0,70.0,0.0,70.0,e9,Kwong,nC,0.3519968307033692
18407,191.0,71.0,0.0,71.0,e4,CgMe-PPh,nI,0.07791399926072878
18408,191.0,72.0,0.0,72.0,e5,P(o-Anis)3,nE,0.08503037414620321
18409,191.0,73.0,0.0,73.0,e2,MeO-KITPHOS,nI,0.6167813320248422
18410,191.0,74.0,0.0,74.0,e1,Et-PhenCar-Phos,nG,0.07748698744311458
18411,191.0,75.0,0.0,75.0,e4,JackiePhos,nE,0.0
18412,191.0,76.0,0.0,76.0,e4,PCy3 HBF4,nF,0.1806752523043707
18413,191.0,77.0,0.0,77.0,e10,PPhMe2,nI,0.5272307031167799
18414,191.0,78.0,0.0,78.0,e1,PPhtBu2,nF,0.0
18415,191.0,79.0,0.0,79.0,e10,A-caPhos,nG,0.030747624704373516
18416,191.0,80.0,0.0,80.0,e3,X-Phos,nB,0.2000064287326038
18417,191.0,81.0,0.0,81.0,e5,tBPh-CPhos,nG,0.3364545940088557
18418,191.0,82.0,0.0,82.0,e5,P(fur)3,nD,0.7206680265827334
18419,191.0,83.0,0.0,83.0,e10,CX-PICy,nA,0.6712211737821199
18420,191.0,84.0,0.0,84.0,e7,Cy-DavePhos,nB,0.2152450446486366
18421,191.0,85.0,0.0,85.0,e9,PPh2Me,nD,0.09858496056367311
18422,191.0,86.0,0.0,86.0,e2,BrettPhos,nE,0.06752498396007568
18423,191.0,87.0,0.0,87.0,e10,MeO-KITPHOS,nE,0.08167116258886992
18424,191.0,88.0,0.0,88.0,e5,"P(3,5-CF3-Ph)3",nF,0.7449177693369221
18425,191.0,89.0,0.0,89.0,e7,PnBu3 HBF4,nB,0.027547310407485818
18426,191.0,90.0,0.0,90.0,e10,P(fur)3,nF,0.9483400902675492
18427,191.0,91.0,0.0,91.0,e2,Kwong,nC,0.5542025006813295
18428,191.0,92.0,0.0,92.0,e4,P(fur)3,nI,0.04402143693540769
18429,191.0,93.0,0.0,93.0,e10,CX-PICy,nG,0.3377488314799635
18430,191.0,94.0,0.0,94.0,e9,"P(3,5-CF3-Ph)3",nE,0.0796317150343979
18431,191.0,95.0,0.0,95.0,e7,PPhMe2,nE,0.04656087399550363
18432,192.0,0.0,0.0,0.0,e9,A-caPhos,nG,0.4248789034782635
18433,192.0,1.0,0.0,1.0,e5,BrettPhos,nA,0.2635639912874397
18434,192.0,2.0,0.0,2.0,e10,CX-FBu,nA,0.11933660384887412
18435,192.0,3.0,0.0,3.0,e2,CX-PICy,nG,0.12786508394705637
18436,192.0,4.0,0.0,4.0,e5,Cy-DavePhos,nC,0.6945846341087276
18437,192.0,5.0,0.0,5.0,e2,Cy-vBRIDP,nB,0.3426954282220505
18438,192.0,6.0,0.0,6.0,e5,Kwong,nB,0.19563904085240036
18439,192.0,7.0,0.0,7.0,e1,MeO-KITPHOS,nC,0.08497736742087081
18440,192.0,8.0,0.0,8.0,e2,P(o-Anis)3,nD,0.4223619633611157
18441,192.0,9.0,0.0,9.0,e5,Et-PhenCar-Phos,nI,0.8679590234640545
18442,192.0,10.0,0.0,10.0,e7,JackiePhos,nA,0.507068550436567
18443,192.0,11.0,0.0,11.0,e7,"P(3,5-CF3-Ph)3",nB,0.14407814391298038
18444,192.0,12.0,0.0,12.0,e1,P(fur)3,nF,0.0
18445,192.0,13.0,0.0,13.0,e10,Ph-PhenCar-Phos,nC,0.6466673885416775
18446,192.0,14.0,0.0,14.0,e3,PPh2Me,nI,0.0
18447,192.0,15.0,0.0,15.0,e9,PPhtBu2,nD,0.2526686520906297
18448,192.0,16.0,0.0,16.0,e7,tBPh-CPhos,nC,0.6575510344081796
18449,192.0,17.0,0.0,17.0,e4,PPhMe2,nG,0.0
18450,192.0,18.0,0.0,18.0,e2,Cy-BippyPhos,nA,0.947422522089135
18451,192.0,19.0,0.0,19.0,e7,PCy3 HBF4,nC,0.4444113627763342
18452,192.0,20.0,0.0,20.0,e10,CgMe-PPh,nG,0.4450058594793389
18453,192.0,21.0,0.0,21.0,e9,PPh3,nE,0.09067760339083293
18454,192.0,22.0,0.0,22.0,e1,X-Phos,nI,0.05873515318530329
18455,192.0,23.0,0.0,23.0,e4,PnBu3 HBF4,nG,0.0
18456,192.0,24.0,0.0,24.0,e5,Cy-BippyPhos,nB,0.35550155976803
18457,192.0,25.0,0.0,25.0,e4,Et-PhenCar-Phos,nA,0.02363360610342534
18458,192.0,26.0,0.0,26.0,e10,Cy-DavePhos,nG,0.3684434306199855
18459,192.0,27.0,0.0,27.0,e7,tBPh-CPhos,nA,0.42655708759840044
18460,192.0,28.0,0.0,28.0,e5,Ph-PhenCar-Phos,nE,0.0
18461,192.0,29.0,0.0,29.0,e7,JackiePhos,nE,0.0
18462,192.0,30.0,0.0,30.0,e5,CgMe-PPh,nD,0.8391860239024482
18463,192.0,31.0,0.0,31.0,e10,PCy3 HBF4,nG,0.03784536673058321
18464,192.0,32.0,0.0,32.0,e1,A-caPhos,nF,0.010702303143673455
18465,192.0,33.0,0.0,33.0,e5,P(o-Anis)3,nC,0.2597060555559565
18466,192.0,34.0,0.0,34.0,e10,Cy-vBRIDP,nI,0.8380507759186263
18467,192.0,35.0,0.0,35.0,e7,BrettPhos,nI,0.03364948416287573
18468,192.0,36.0,0.0,36.0,e2,PPhtBu2,nE,0.2141985283033928
18469,192.0,37.0,0.0,37.0,e7,Kwong,nG,0.1256424423170876
18470,192.0,38.0,0.0,38.0,e9,"P(3,5-CF3-Ph)3",nD,0.44318159981050437
18471,192.0,39.0,0.0,39.0,e3,CX-PICy,nA,0.3216556256640709
18472,192.0,40.0,0.0,40.0,e1,CX-FBu,nD,0.04874487002483518
18473,192.0,41.0,0.0,41.0,e7,PPh3,nI,0.24779538065626336
18474,192.0,42.0,0.0,42.0,e9,MeO-KITPHOS,nB,0.10548391557053341
18475,192.0,43.0,0.0,43.0,e3,Cy-BippyPhos,nB,0.2278488766711775
18476,192.0,44.0,0.0,44.0,e3,X-Phos,nE,0.1548016728315108
18477,192.0,45.0,0.0,45.0,e10,CgMe-PPh,nF,0.9345922792122748
18478,192.0,46.0,0.0,46.0,e9,Cy-vBRIDP,nE,0.2118361653644355
18479,192.0,47.0,0.0,47.0,e3,P(fur)3,nB,0.048815786923134194
18480,192.0,48.0,0.0,48.0,e2,PPh2Me,nB,0.354546359191998
18481,192.0,49.0,0.0,49.0,e1,PPhMe2,nE,0.005912635036959193
18482,192.0,50.0,0.0,50.0,e10,PnBu3 HBF4,nD,1.0
18483,192.0,51.0,0.0,51.0,e5,tBPh-CPhos,nE,0.21985955173112223
18484,192.0,52.0,0.0,52.0,e4,Cy-DavePhos,nB,0.0
18485,192.0,53.0,0.0,53.0,e7,PnBu3 HBF4,nI,0.07769044425257474
18486,192.0,54.0,0.0,54.0,e2,CgMe-PPh,nE,0.14444129012752938
18487,192.0,55.0,0.0,55.0,e4,Et-PhenCar-Phos,nC,0.5137778282322677
18488,192.0,56.0,0.0,56.0,e10,P(o-Anis)3,nF,0.06384265359275798
18489,192.0,57.0,0.0,57.0,e9,Ph-PhenCar-Phos,nC,0.36327049578373294
18490,192.0,58.0,0.0,58.0,e5,"P(3,5-CF3-Ph)3",nD,0.7269615014964179
18491,192.0,59.0,0.0,59.0,e9,JackiePhos,nI,0.7924680013442614
18492,192.0,60.0,0.0,60.0,e9,Cy-BippyPhos,nD,0.7312870661515999
18493,192.0,61.0,0.0,61.0,e5,PCy3 HBF4,nB,0.02481060011325073
18494,192.0,62.0,0.0,62.0,e1,PPhtBu2,nD,0.03363179088885197
18495,192.0,63.0,0.0,63.0,e9,CX-PICy,nE,0.11110502362494325
18496,192.0,64.0,0.0,64.0,e4,A-caPhos,nD,0.005914580833647114
18497,192.0,65.0,0.0,65.0,e5,Et-PhenCar-Phos,nC,0.7420550241578128
18498,192.0,66.0,0.0,66.0,e9,Cy-vBRIDP,nF,0.6967928130282119
18499,192.0,67.0,0.0,67.0,e1,"P(3,5-CF3-Ph)3",nA,0.1017122012266687
18500,192.0,68.0,0.0,68.0,e9,PPh2Me,nF,0.31363771031122095
18501,192.0,69.0,0.0,69.0,e5,CgMe-PPh,nB,0.24129886485371901
18502,192.0,70.0,0.0,70.0,e3,tBPh-CPhos,nA,0.5729071695707448
18503,192.0,71.0,0.0,71.0,e3,JackiePhos,nE,0.19804717134717115
18504,192.0,72.0,0.0,72.0,e7,PPh3,nC,0.8376892636395048
18505,192.0,73.0,0.0,73.0,e1,Kwong,nB,0.06453691607178057
18506,192.0,74.0,0.0,74.0,e1,Cy-BippyPhos,nC,0.12530079881726516
18507,192.0,75.0,0.0,75.0,e3,BrettPhos,nE,0.012327416789753938
18508,192.0,76.0,0.0,76.0,e9,PPh3,nG,0.4180674835896047
18509,192.0,77.0,0.0,77.0,e3,Et-PhenCar-Phos,nB,0.2232542389845771
18510,192.0,78.0,0.0,78.0,e1,Cy-vBRIDP,nG,0.040219882770202414
18511,192.0,79.0,0.0,79.0,e7,X-Phos,nD,0.3829370574937559
18512,192.0,80.0,0.0,80.0,e1,PnBu3 HBF4,nF,0.01643119627071477
18513,192.0,81.0,0.0,81.0,e4,MeO-KITPHOS,nB,0.018099243207649055
18514,192.0,82.0,0.0,82.0,e10,Cy-DavePhos,nD,0.9577552674723959
18515,192.0,83.0,0.0,83.0,e3,Cy-DavePhos,nG,0.582883480820361
18516,192.0,84.0,0.0,84.0,e4,CX-FBu,nB,0.003611186330700581
18517,192.0,85.0,0.0,85.0,e7,Ph-PhenCar-Phos,nB,0.09789100504054042
18518,192.0,86.0,0.0,86.0,e3,tBPh-CPhos,nD,0.7179271330497705
18519,192.0,87.0,0.0,87.0,e2,P(fur)3,nA,0.7855864152365213
18520,192.0,88.0,0.0,88.0,e5,P(fur)3,nD,0.7206680265827334
18521,192.0,89.0,0.0,89.0,e5,PPhMe2,nI,0.7440098607047809
18522,192.0,90.0,0.0,90.0,e1,CgMe-PPh,nG,0.16657970973424252
18523,192.0,91.0,0.0,91.0,e3,Cy-DavePhos,nE,0.1655425072853271
18524,192.0,92.0,0.0,92.0,e2,tBPh-CPhos,nB,0.3113430630612205
18525,192.0,93.0,0.0,93.0,e7,PPhMe2,nD,0.17967402718109338
18526,192.0,94.0,0.0,94.0,e3,P(o-Anis)3,nG,0.21909794334000537
18527,192.0,95.0,0.0,95.0,e4,PPh3,nD,0.001865175726413785
18528,193.0,0.0,0.0,0.0,e9,A-caPhos,nD,0.5903907562753792
18529,193.0,1.0,0.0,1.0,e3,BrettPhos,nG,0.032071845059383125
18530,193.0,2.0,0.0,2.0,e3,CX-FBu,nD,0.0
18531,193.0,3.0,0.0,3.0,e9,CX-PICy,nD,0.7313083836786916
18532,193.0,4.0,0.0,4.0,e9,Cy-DavePhos,nG,0.4021743761051082
18533,193.0,5.0,0.0,5.0,e7,Cy-vBRIDP,nD,0.5488733534623731
18534,193.0,6.0,0.0,6.0,e9,Kwong,nI,0.4493156931018429
18535,193.0,7.0,0.0,7.0,e5,MeO-KITPHOS,nB,0.28637906683057796
18536,193.0,8.0,0.0,8.0,e3,P(o-Anis)3,nA,0.1800745926353478
18537,193.0,9.0,0.0,9.0,e2,Et-PhenCar-Phos,nD,0.9214853157259724
18538,193.0,10.0,0.0,10.0,e5,JackiePhos,nA,0.7290418673450977
18539,193.0,11.0,0.0,11.0,e1,"P(3,5-CF3-Ph)3",nC,0.0
18540,193.0,12.0,0.0,12.0,e7,P(fur)3,nB,0.171267964584971
18541,193.0,13.0,0.0,13.0,e2,Ph-PhenCar-Phos,nD,0.16891370076688705
18542,193.0,14.0,0.0,14.0,e5,PPh2Me,nI,0.18805503621177608
18543,193.0,15.0,0.0,15.0,e3,PPhtBu2,nE,0.13875537672279908
18544,193.0,16.0,0.0,16.0,e4,tBPh-CPhos,nI,0.022633316819564778
18545,193.0,17.0,0.0,17.0,e1,PPhMe2,nA,0.08091432237840718
18546,193.0,18.0,0.0,18.0,e5,Cy-BippyPhos,nC,0.7310324837389857
18547,193.0,19.0,0.0,19.0,e1,PCy3 HBF4,nI,0.04512889597205454
18548,193.0,20.0,0.0,20.0,e7,CgMe-PPh,nG,0.20467687014770913
18549,193.0,21.0,0.0,21.0,e9,PPh3,nC,0.36576356638393287
18550,193.0,22.0,0.0,22.0,e3,X-Phos,nC,0.5782791539418308
18551,193.0,23.0,0.0,23.0,e4,PnBu3 HBF4,nC,0.0
18552,193.0,24.0,0.0,24.0,e7,Et-PhenCar-Phos,nC,0.7443135007935773
18553,193.0,25.0,0.0,25.0,e10,CX-PICy,nE,0.06128630570259782
18554,193.0,26.0,0.0,26.0,e4,Cy-BippyPhos,nE,0.0
18555,193.0,27.0,0.0,27.0,e1,JackiePhos,nC,0.10916790305363006
18556,193.0,28.0,0.0,28.0,e7,A-caPhos,nF,0.1328274541277745
18557,193.0,29.0,0.0,29.0,e10,X-Phos,nF,0.9068098364152221
18558,193.0,30.0,0.0,30.0,e10,Cy-vBRIDP,nG,0.3608953345580712
18559,193.0,31.0,0.0,31.0,e3,Kwong,nC,0.49266490533355695
18560,193.0,32.0,0.0,32.0,e1,Cy-DavePhos,nG,0.10033053889692384
18561,193.0,33.0,0.0,33.0,e2,PPh3,nB,0.06113101017244386
18562,193.0,34.0,0.0,34.0,e5,MeO-KITPHOS,nF,0.6717033584808797
18563,193.0,35.0,0.0,35.0,e4,Et-PhenCar-Phos,nG,0.0029966288441688137
18564,193.0,36.0,0.0,36.0,e7,CgMe-PPh,nD,1.0
18565,193.0,37.0,0.0,37.0,e3,PPh2Me,nB,0.018469886419135415
18566,193.0,38.0,0.0,38.0,e2,P(o-Anis)3,nD,0.4223619633611157
18567,193.0,39.0,0.0,39.0,e1,P(fur)3,nA,0.13903094918195189
18568,193.0,40.0,0.0,40.0,e3,Ph-PhenCar-Phos,nA,0.09713443673361893
18569,193.0,41.0,0.0,41.0,e1,X-Phos,nD,0.11103234490926704
18570,193.0,42.0,0.0,42.0,e2,PPhtBu2,nG,0.1723789943659194
18571,193.0,43.0,0.0,43.0,e2,PPhMe2,nG,0.1743874382182481
18572,193.0,44.0,0.0,44.0,e5,PCy3 HBF4,nG,0.056653910463520696
18573,193.0,45.0,0.0,45.0,e2,BrettPhos,nF,0.3409853317756659
18574,193.0,46.0,0.0,46.0,e1,tBPh-CPhos,nI,0.239947127680601
18575,193.0,47.0,0.0,47.0,e1,CgMe-PPh,nA,0.6945948510850428
18576,193.0,48.0,0.0,48.0,e5,CX-FBu,nF,0.0
18577,193.0,49.0,0.0,49.0,e5,"P(3,5-CF3-Ph)3",nB,0.24568271742359823
18578,193.0,50.0,0.0,50.0,e1,PnBu3 HBF4,nF,0.01643119627071477
18579,193.0,51.0,0.0,51.0,e1,MeO-KITPHOS,nA,0.198940849951651
18580,193.0,52.0,0.0,52.0,e9,Kwong,nE,0.16023618350267255
18581,193.0,53.0,0.0,53.0,e9,Cy-vBRIDP,nE,0.2118361653644355
18582,193.0,54.0,0.0,54.0,e9,JackiePhos,nD,0.6112600941230104
18583,193.0,55.0,0.0,55.0,e9,CX-PICy,nF,0.47170454735693496
18584,193.0,56.0,0.0,56.0,e2,CgMe-PPh,nC,0.6339599379342666
18585,193.0,57.0,0.0,57.0,e10,Cy-BippyPhos,nG,0.2525135394449507
18586,193.0,58.0,0.0,58.0,e5,A-caPhos,nA,0.2812843970957228
18587,193.0,59.0,0.0,59.0,e4,P(o-Anis)3,nB,0.028651564710375093
18588,193.0,60.0,0.0,60.0,e1,Et-PhenCar-Phos,nD,0.07952442668374339
18589,193.0,61.0,0.0,61.0,e4,X-Phos,nG,0.014305219597103146
18590,193.0,62.0,0.0,62.0,e1,Cy-DavePhos,nC,0.07922994530801464
18591,193.0,63.0,0.0,63.0,e3,JackiePhos,nI,0.44377710899114275
18592,193.0,64.0,0.0,64.0,e10,CgMe-PPh,nC,0.7862446552445246
18593,193.0,65.0,0.0,65.0,e7,PPh3,nA,0.39316365606983517
18594,193.0,66.0,0.0,66.0,e7,BrettPhos,nC,0.0
18595,193.0,67.0,0.0,67.0,e1,CX-PICy,nD,0.26178759539722174
18596,193.0,68.0,0.0,68.0,e5,PPhtBu2,nE,0.26560222932504995
18597,193.0,69.0,0.0,69.0,e1,P(fur)3,nD,0.027849023497232013
18598,193.0,70.0,0.0,70.0,e3,CgMe-PPh,nE,0.13080909557688172
18599,193.0,71.0,0.0,71.0,e7,Ph-PhenCar-Phos,nF,0.17977391419077005
18600,193.0,72.0,0.0,72.0,e1,tBPh-CPhos,nE,0.10531846896621012
18601,193.0,73.0,0.0,73.0,e10,PPhMe2,nG,0.29388406090139285
18602,193.0,74.0,0.0,74.0,e1,MeO-KITPHOS,nG,0.05772455406029879
18603,193.0,75.0,0.0,75.0,e2,"P(3,5-CF3-Ph)3",nB,0.3077541564280736
18604,193.0,76.0,0.0,76.0,e4,Cy-vBRIDP,nE,0.012274316478209889
18605,193.0,77.0,0.0,77.0,e10,Kwong,nF,0.8938930828018169
18606,193.0,78.0,0.0,78.0,e7,PPh2Me,nC,0.3285547341820373
18607,193.0,79.0,0.0,79.0,e10,Kwong,nD,0.9695200020757685
18608,193.0,80.0,0.0,80.0,e4,A-caPhos,nC,0.22300559618283194
18609,193.0,81.0,0.0,81.0,e3,Kwong,nI,0.27368874204771254
18610,193.0,82.0,0.0,82.0,e3,Cy-BippyPhos,nI,0.4880124029547394
18611,193.0,83.0,0.0,83.0,e4,JackiePhos,nD,0.03756510618398426
18612,193.0,84.0,0.0,84.0,e9,PCy3 HBF4,nE,0.09422828034713238
18613,193.0,85.0,0.0,85.0,e5,Et-PhenCar-Phos,nD,0.7835996088615103
18614,193.0,86.0,0.0,86.0,e4,PPh3,nI,0.04426360801913863
18615,193.0,87.0,0.0,87.0,e3,PnBu3 HBF4,nC,0.5104443617808837
18616,193.0,88.0,0.0,88.0,e3,CX-FBu,nI,0.0
18617,193.0,89.0,0.0,89.0,e1,X-Phos,nF,0.0977093065996311
18618,193.0,90.0,0.0,90.0,e2,Et-PhenCar-Phos,nC,0.5743678887703998
18619,193.0,91.0,0.0,91.0,e4,CgMe-PPh,nI,0.07791399926072878
18620,193.0,92.0,0.0,92.0,e1,CX-PICy,nB,0.158428631262488
18621,193.0,93.0,0.0,93.0,e1,Cy-BippyPhos,nI,0.2211067826223972
18622,193.0,94.0,0.0,94.0,e4,P(o-Anis)3,nI,0.02548894148634491
18623,193.0,95.0,0.0,95.0,e4,Kwong,nI,0.0
18624,194.0,0.0,0.0,0.0,e10,A-caPhos,nF,0.7955510503185635
18625,194.0,1.0,0.0,1.0,e5,BrettPhos,nD,0.6392781029757402
18626,194.0,2.0,0.0,2.0,e1,CX-FBu,nF,0.05899310894002479
18627,194.0,3.0,0.0,3.0,e3,CX-PICy,nA,0.3216556256640709
18628,194.0,4.0,0.0,4.0,e10,Cy-DavePhos,nE,0.14634029717947056
18629,194.0,5.0,0.0,5.0,e1,Cy-vBRIDP,nA,0.2888460681891715
18630,194.0,6.0,0.0,6.0,e1,Kwong,nG,0.02109424691555194
18631,194.0,7.0,0.0,7.0,e9,MeO-KITPHOS,nF,0.2069173517749973
18632,194.0,8.0,0.0,8.0,e10,P(o-Anis)3,nE,0.04630473114446367
18633,194.0,9.0,0.0,9.0,e7,Et-PhenCar-Phos,nG,0.27193527624521374
18634,194.0,10.0,0.0,10.0,e10,JackiePhos,nI,0.6404668815291216
18635,194.0,11.0,0.0,11.0,e7,"P(3,5-CF3-Ph)3",nI,0.4348939297275991
18636,194.0,12.0,0.0,12.0,e3,P(fur)3,nC,0.46239361820179303
18637,194.0,13.0,0.0,13.0,e4,Ph-PhenCar-Phos,nI,0.03672891692050217
18638,194.0,14.0,0.0,14.0,e10,PPh2Me,nI,0.054332685778400516
18639,194.0,15.0,0.0,15.0,e9,PPhtBu2,nD,0.2526686520906297
18640,194.0,16.0,0.0,16.0,e9,tBPh-CPhos,nA,0.5070576131604569
18641,194.0,17.0,0.0,17.0,e10,PPhMe2,nA,0.6773210798547121
18642,194.0,18.0,0.0,18.0,e9,Cy-BippyPhos,nE,0.1706050823301135
18643,194.0,19.0,0.0,19.0,e3,PCy3 HBF4,nF,0.7927520064501151
18644,194.0,20.0,0.0,20.0,e1,CgMe-PPh,nE,0.1040741361267055
18645,194.0,21.0,0.0,21.0,e7,PPh3,nE,0.0
18646,194.0,22.0,0.0,22.0,e2,X-Phos,nD,0.810292693921554
18647,194.0,23.0,0.0,23.0,e5,PnBu3 HBF4,nD,0.7923101429985819
18648,194.0,24.0,0.0,24.0,e3,X-Phos,nF,0.8295848550156448
18649,194.0,25.0,0.0,25.0,e3,A-caPhos,nF,0.7082011417231325
18650,194.0,26.0,0.0,26.0,e3,PCy3 HBF4,nA,0.026603552105440537
18651,194.0,27.0,0.0,27.0,e1,PnBu3 HBF4,nA,0.033538713814707063
18652,194.0,28.0,0.0,28.0,e5,PPhMe2,nC,0.6973280420518365
18653,194.0,29.0,0.0,29.0,e5,JackiePhos,nI,0.6882070592144776
18654,194.0,30.0,0.0,30.0,e3,BrettPhos,nF,0.00688372893582114
18655,194.0,31.0,0.0,31.0,e1,tBPh-CPhos,nC,0.20431204836192307
18656,194.0,32.0,0.0,32.0,e1,P(fur)3,nG,0.026494931502405453
18657,194.0,33.0,0.0,33.0,e2,"P(3,5-CF3-Ph)3",nB,0.3077541564280736
18658,194.0,34.0,0.0,34.0,e7,CX-PICy,nF,0.22737199353381096
18659,194.0,35.0,0.0,35.0,e3,Cy-vBRIDP,nI,0.34345800467563153
18660,194.0,36.0,0.0,36.0,e1,Et-PhenCar-Phos,nC,0.13162928317129613
18661,194.0,37.0,0.0,37.0,e3,PPhtBu2,nI,0.2459288839092893
18662,194.0,38.0,0.0,38.0,e1,X-Phos,nE,0.024633332147110165
18663,194.0,39.0,0.0,39.0,e9,MeO-KITPHOS,nI,0.37369206432045404
18664,194.0,40.0,0.0,40.0,e2,Cy-BippyPhos,nB,0.3284195625331717
18665,194.0,41.0,0.0,41.0,e1,A-caPhos,nD,0.0
18666,194.0,42.0,0.0,42.0,e4,Cy-DavePhos,nF,0.1085703896725537
18667,194.0,43.0,0.0,43.0,e10,CgMe-PPh,nE,0.0683436736393753
18668,194.0,44.0,0.0,44.0,e1,PPhMe2,nB,0.028702661498009253
18669,194.0,45.0,0.0,45.0,e4,JackiePhos,nA,0.01378290721008047
18670,194.0,46.0,0.0,46.0,e1,CX-FBu,nA,0.06728168343034004
18671,194.0,47.0,0.0,47.0,e3,PPh2Me,nI,0.0
18672,194.0,48.0,0.0,48.0,e1,P(o-Anis)3,nD,0.06718965695755724
18673,194.0,49.0,0.0,49.0,e1,Ph-PhenCar-Phos,nA,0.18568024853139675
18674,194.0,50.0,0.0,50.0,e9,Kwong,nC,0.3519968307033692
18675,194.0,51.0,0.0,51.0,e9,PPh3,nI,0.45913414385457335
18676,194.0,52.0,0.0,52.0,e10,PnBu3 HBF4,nI,0.26729288053977013
18677,194.0,53.0,0.0,53.0,e3,PCy3 HBF4,nI,0.33946967608816647
18678,194.0,54.0,0.0,54.0,e2,"P(3,5-CF3-Ph)3",nF,0.5553423767091952
18679,194.0,55.0,0.0,55.0,e5,tBPh-CPhos,nI,0.8432755599410124
18680,194.0,56.0,0.0,56.0,e1,BrettPhos,nG,0.0081874030607583
18681,194.0,57.0,0.0,57.0,e2,Cy-vBRIDP,nD,0.9350385282324228
18682,194.0,58.0,0.0,58.0,e9,X-Phos,nF,0.7946437444937127
18683,194.0,59.0,0.0,59.0,e7,MeO-KITPHOS,nB,0.04698078637689876
18684,194.0,60.0,0.0,60.0,e5,CX-PICy,nI,0.7387768863355436
18685,194.0,61.0,0.0,61.0,e1,Cy-vBRIDP,nF,0.05518931662697358
18686,194.0,62.0,0.0,62.0,e2,tBPh-CPhos,nA,0.8502272930334943
18687,194.0,63.0,0.0,63.0,e10,Cy-BippyPhos,nF,0.9551634913355087
18688,194.0,64.0,0.0,64.0,e9,PPhtBu2,nC,0.22719482142551736
18689,194.0,65.0,0.0,65.0,e7,P(fur)3,nG,0.09582881459800867
18690,194.0,66.0,0.0,66.0,e7,A-caPhos,nA,0.22387111117310493
18691,194.0,67.0,0.0,67.0,e10,PPh3,nG,0.1393167968001149
18692,194.0,68.0,0.0,68.0,e5,Cy-BippyPhos,nB,0.35550155976803
18693,194.0,69.0,0.0,69.0,e4,PPhMe2,nI,0.0
18694,194.0,70.0,0.0,70.0,e1,Et-PhenCar-Phos,nG,0.07748698744311458
18695,194.0,71.0,0.0,71.0,e4,X-Phos,nD,0.016269680027475288
18696,194.0,72.0,0.0,72.0,e3,JackiePhos,nF,0.779856233931088
18697,194.0,73.0,0.0,73.0,e1,tBPh-CPhos,nD,0.47671112549978
18698,194.0,74.0,0.0,74.0,e5,Kwong,nI,0.605127225193205
18699,194.0,75.0,0.0,75.0,e4,"P(3,5-CF3-Ph)3",nE,0.022865395605389537
18700,194.0,76.0,0.0,76.0,e7,CX-PICy,nB,0.23030477566313212
18701,194.0,77.0,0.0,77.0,e2,Cy-DavePhos,nG,0.27117001204677615
18702,194.0,78.0,0.0,78.0,e3,PCy3 HBF4,nE,0.06067622810866836
18703,194.0,79.0,0.0,79.0,e3,JackiePhos,nA,0.49532594634296395
18704,194.0,80.0,0.0,80.0,e2,Ph-PhenCar-Phos,nG,0.0
18705,194.0,81.0,0.0,81.0,e2,PnBu3 HBF4,nA,0.0
18706,194.0,82.0,0.0,82.0,e7,CgMe-PPh,nA,0.6062121514347315
18707,194.0,83.0,0.0,83.0,e2,Kwong,nD,0.9496089484429554
18708,194.0,84.0,0.0,84.0,e7,Kwong,nB,0.020383918157043737
18709,194.0,85.0,0.0,85.0,e4,CX-FBu,nI,0.026545433452423287
18710,194.0,86.0,0.0,86.0,e1,P(o-Anis)3,nE,0.0726200206341357
18711,194.0,87.0,0.0,87.0,e4,tBPh-CPhos,nI,0.022633316819564778
18712,194.0,88.0,0.0,88.0,e4,Cy-BippyPhos,nE,0.0
18713,194.0,89.0,0.0,89.0,e2,PPh2Me,nI,0.2867303573574186
18714,194.0,90.0,0.0,90.0,e10,A-caPhos,nG,0.030747624704373516
18715,194.0,91.0,0.0,91.0,e10,JackiePhos,nD,0.9619894282107424
18716,194.0,92.0,0.0,92.0,e1,CgMe-PPh,nI,0.33119462408139744
18717,194.0,93.0,0.0,93.0,e4,JackiePhos,nC,0.28682741874775813
18718,194.0,94.0,0.0,94.0,e4,Cy-vBRIDP,nG,0.011887141708792338
18719,194.0,95.0,0.0,95.0,e1,PPhtBu2,nD,0.03363179088885197
18720,195.0,0.0,0.0,0.0,e5,A-caPhos,nI,0.4554510371693582
18721,195.0,1.0,0.0,1.0,e1,BrettPhos,nE,0.0
18722,195.0,2.0,0.0,2.0,e3,CX-FBu,nA,0.034590175407777715
18723,195.0,3.0,0.0,3.0,e4,CX-PICy,nF,0.11376981015319125
18724,195.0,4.0,0.0,4.0,e7,Cy-DavePhos,nC,0.43870094090204687
18725,195.0,5.0,0.0,5.0,e4,Cy-vBRIDP,nF,0.08710389043025306
18726,195.0,6.0,0.0,6.0,e1,Kwong,nE,0.07063982159185266
18727,195.0,7.0,0.0,7.0,e7,MeO-KITPHOS,nF,0.14909057955854127
18728,195.0,8.0,0.0,8.0,e1,P(o-Anis)3,nD,0.06718965695755724
18729,195.0,9.0,0.0,9.0,e1,Et-PhenCar-Phos,nD,0.07952442668374339
18730,195.0,10.0,0.0,10.0,e9,JackiePhos,nA,0.4878435591523317
18731,195.0,11.0,0.0,11.0,e3,"P(3,5-CF3-Ph)3",nA,0.08371816344615461
18732,195.0,12.0,0.0,12.0,e4,P(fur)3,nC,0.5121985356201784
18733,195.0,13.0,0.0,13.0,e2,Ph-PhenCar-Phos,nE,0.002935248313701339
18734,195.0,14.0,0.0,14.0,e10,PPh2Me,nG,0.05238083217686043
18735,195.0,15.0,0.0,15.0,e2,PPhtBu2,nB,0.2956916574075555
18736,195.0,16.0,0.0,16.0,e2,tBPh-CPhos,nD,0.9627817421488892
18737,195.0,17.0,0.0,17.0,e10,PPhMe2,nI,0.5272307031167799
18738,195.0,18.0,0.0,18.0,e4,Cy-BippyPhos,nA,0.014200695922544622
18739,195.0,19.0,0.0,19.0,e5,PCy3 HBF4,nE,0.04434804632877687
18740,195.0,20.0,0.0,20.0,e7,CgMe-PPh,nI,0.6142759277683246
18741,195.0,21.0,0.0,21.0,e7,PPh3,nD,0.9958253430037467
18742,195.0,22.0,0.0,22.0,e7,X-Phos,nC,0.7699443054600407
18743,195.0,23.0,0.0,23.0,e1,PnBu3 HBF4,nA,0.033538713814707063
18744,195.0,24.0,0.0,24.0,e4,PPh3,nB,0.04245983275840727
18745,195.0,25.0,0.0,25.0,e5,tBPh-CPhos,nF,0.021215482774025726
18746,195.0,26.0,0.0,26.0,e7,X-Phos,nA,0.3860138905078492
18747,195.0,27.0,0.0,27.0,e1,CgMe-PPh,nI,0.33119462408139744
18748,195.0,28.0,0.0,28.0,e1,PPhMe2,nB,0.028702661498009253
18749,195.0,29.0,0.0,29.0,e9,P(fur)3,nF,0.14474013927612028
18750,195.0,30.0,0.0,30.0,e10,JackiePhos,nF,0.9125036644148156
18751,195.0,31.0,0.0,31.0,e9,A-caPhos,nC,0.3325995428251358
18752,195.0,32.0,0.0,32.0,e3,Cy-DavePhos,nA,0.4587692631158191
18753,195.0,33.0,0.0,33.0,e5,PPhtBu2,nE,0.26560222932504995
18754,195.0,34.0,0.0,34.0,e9,MeO-KITPHOS,nE,0.1247527709304835
18755,195.0,35.0,0.0,35.0,e4,JackiePhos,nA,0.01378290721008047
18756,195.0,36.0,0.0,36.0,e3,CX-PICy,nA,0.3216556256640709
18757,195.0,37.0,0.0,37.0,e9,Cy-vBRIDP,nC,0.3462977628869725
18758,195.0,38.0,0.0,38.0,e4,"P(3,5-CF3-Ph)3",nC,0.20935389087716724
18759,195.0,39.0,0.0,39.0,e9,Et-PhenCar-Phos,nC,0.3799408105497681
18760,195.0,40.0,0.0,40.0,e1,Kwong,nF,0.04076651100940088
18761,195.0,41.0,0.0,41.0,e7,P(o-Anis)3,nF,0.166780622805447
18762,195.0,42.0,0.0,42.0,e10,PPh2Me,nF,0.9442102793927251
18763,195.0,43.0,0.0,43.0,e1,PCy3 HBF4,nA,0.3323423832967356
18764,195.0,44.0,0.0,44.0,e1,CX-FBu,nE,0.0
18765,195.0,45.0,0.0,45.0,e10,PnBu3 HBF4,nC,0.6529372533584769
18766,195.0,46.0,0.0,46.0,e1,Cy-BippyPhos,nA,0.6371489847313551
18767,195.0,47.0,0.0,47.0,e5,Ph-PhenCar-Phos,nA,0.0
18768,195.0,48.0,0.0,48.0,e10,BrettPhos,nG,0.0697610559568269
18769,195.0,49.0,0.0,49.0,e3,X-Phos,nG,0.7317723957408664
18770,195.0,50.0,0.0,50.0,e10,PPh3,nF,0.9681029779274772
18771,195.0,51.0,0.0,51.0,e9,PPh2Me,nF,0.31363771031122095
18772,195.0,52.0,0.0,52.0,e2,tBPh-CPhos,nC,0.6045475370510676
18773,195.0,53.0,0.0,53.0,e7,CgMe-PPh,nE,0.023295783669163114
18774,195.0,54.0,0.0,54.0,e10,Cy-DavePhos,nB,0.3746301004551704
18775,195.0,55.0,0.0,55.0,e3,PPh3,nC,0.5766867841866626
18776,195.0,56.0,0.0,56.0,e4,A-caPhos,nC,0.22300559618283194
18777,195.0,57.0,0.0,57.0,e10,X-Phos,nA,0.70292121771995
18778,195.0,58.0,0.0,58.0,e10,PnBu3 HBF4,nI,0.26729288053977013
18779,195.0,59.0,0.0,59.0,e3,P(fur)3,nB,0.048815786923134194
18780,195.0,60.0,0.0,60.0,e1,Cy-BippyPhos,nC,0.12530079881726516
18781,195.0,61.0,0.0,61.0,e2,PPhtBu2,nI,0.6066938793729448
18782,195.0,62.0,0.0,62.0,e4,PPhMe2,nD,0.03789710444075946
18783,195.0,63.0,0.0,63.0,e9,tBPh-CPhos,nD,0.7798623769507976
18784,195.0,64.0,0.0,64.0,e9,X-Phos,nD,0.745297985783962
18785,195.0,65.0,0.0,65.0,e7,PPh3,nI,0.24779538065626336
18786,195.0,66.0,0.0,66.0,e2,Et-PhenCar-Phos,nB,0.30781579365006
18787,195.0,67.0,0.0,67.0,e3,CX-PICy,nD,0.6575942693885647
18788,195.0,68.0,0.0,68.0,e4,Cy-vBRIDP,nA,0.021399040085944364
18789,195.0,69.0,0.0,69.0,e2,JackiePhos,nD,0.8885726039005069
18790,195.0,70.0,0.0,70.0,e4,PCy3 HBF4,nI,0.08784137609541397
18791,195.0,71.0,0.0,71.0,e7,tBPh-CPhos,nB,0.313551181342256
18792,195.0,72.0,0.0,72.0,e3,PPh2Me,nC,0.4855178301327266
18793,195.0,73.0,0.0,73.0,e10,Cy-DavePhos,nC,0.6949319682872127
18794,195.0,74.0,0.0,74.0,e9,JackiePhos,nF,0.9465936072978836
18795,195.0,75.0,0.0,75.0,e1,X-Phos,nD,0.11103234490926704
18796,195.0,76.0,0.0,76.0,e5,"P(3,5-CF3-Ph)3",nG,0.33880240957433805
18797,195.0,77.0,0.0,77.0,e10,MeO-KITPHOS,nE,0.08167116258886992
18798,195.0,78.0,0.0,78.0,e4,JackiePhos,nD,0.03756510618398426
18799,195.0,79.0,0.0,79.0,e10,PPhtBu2,nE,0.07462037360807186
18800,195.0,80.0,0.0,80.0,e10,P(o-Anis)3,nF,0.06384265359275798
18801,195.0,81.0,0.0,81.0,e3,CX-PICy,nB,0.0849376627257103
18802,195.0,82.0,0.0,82.0,e1,Cy-DavePhos,nA,0.3421517795536883
18803,195.0,83.0,0.0,83.0,e1,A-caPhos,nG,0.017297638901613968
18804,195.0,84.0,0.0,84.0,e3,CgMe-PPh,nE,0.13080909557688172
18805,195.0,85.0,0.0,85.0,e4,PnBu3 HBF4,nF,0.07661274417725286
18806,195.0,86.0,0.0,86.0,e10,Kwong,nF,0.8938930828018169
18807,195.0,87.0,0.0,87.0,e9,Kwong,nE,0.16023618350267255
18808,195.0,88.0,0.0,88.0,e5,PPh3,nB,0.10428974023151304
18809,195.0,89.0,0.0,89.0,e10,BrettPhos,nE,0.057568734516984195
18810,195.0,90.0,0.0,90.0,e4,PPh2Me,nE,0.0
18811,195.0,91.0,0.0,91.0,e5,CX-FBu,nD,0.14004055706710997
18812,195.0,92.0,0.0,92.0,e9,tBPh-CPhos,nG,0.5841317864497397
18813,195.0,93.0,0.0,93.0,e10,Ph-PhenCar-Phos,nC,0.6466673885416775
18814,195.0,94.0,0.0,94.0,e4,Cy-BippyPhos,nI,0.01506826698150689
18815,195.0,95.0,0.0,95.0,e9,Et-PhenCar-Phos,nI,0.47387538169056964
18816,196.0,0.0,0.0,0.0,e9,A-caPhos,nC,0.3325995428251358
18817,196.0,1.0,0.0,1.0,e9,BrettPhos,nA,0.05897317034300215
18818,196.0,2.0,0.0,2.0,e4,CX-FBu,nE,0.0
18819,196.0,3.0,0.0,3.0,e1,CX-PICy,nB,0.158428631262488
18820,196.0,4.0,0.0,4.0,e2,Cy-DavePhos,nC,0.5482191793404829
18821,196.0,5.0,0.0,5.0,e9,Cy-vBRIDP,nE,0.2118361653644355
18822,196.0,6.0,0.0,6.0,e10,Kwong,nB,0.3444954378360332
18823,196.0,7.0,0.0,7.0,e9,MeO-KITPHOS,nG,0.30072675877618354
18824,196.0,8.0,0.0,8.0,e1,P(o-Anis)3,nC,0.2646743135782516
18825,196.0,9.0,0.0,9.0,e1,Et-PhenCar-Phos,nC,0.13162928317129613
18826,196.0,10.0,0.0,10.0,e10,JackiePhos,nG,0.19943476808224297
18827,196.0,11.0,0.0,11.0,e9,"P(3,5-CF3-Ph)3",nE,0.0796317150343979
18828,196.0,12.0,0.0,12.0,e5,P(fur)3,nA,0.7422450479697658
18829,196.0,13.0,0.0,13.0,e5,Ph-PhenCar-Phos,nG,0.0
18830,196.0,14.0,0.0,14.0,e5,PPh2Me,nF,0.0
18831,196.0,15.0,0.0,15.0,e4,PPhtBu2,nE,0.0
18832,196.0,16.0,0.0,16.0,e7,tBPh-CPhos,nF,0.04219969859241317
18833,196.0,17.0,0.0,17.0,e9,PPhMe2,nC,0.30440801781180693
18834,196.0,18.0,0.0,18.0,e1,Cy-BippyPhos,nB,0.16085798150695332
18835,196.0,19.0,0.0,19.0,e7,PCy3 HBF4,nG,0.0
18836,196.0,20.0,0.0,20.0,e2,CgMe-PPh,nB,0.2326183566176621
18837,196.0,21.0,0.0,21.0,e7,PPh3,nE,0.0
18838,196.0,22.0,0.0,22.0,e4,X-Phos,nB,0.0
18839,196.0,23.0,0.0,23.0,e2,PnBu3 HBF4,nA,0.0
18840,196.0,24.0,0.0,24.0,e2,P(fur)3,nF,0.4799987068628782
18841,196.0,25.0,0.0,25.0,e9,Cy-DavePhos,nE,0.11425610500152658
18842,196.0,26.0,0.0,26.0,e5,Kwong,nI,0.605127225193205
18843,196.0,27.0,0.0,27.0,e4,A-caPhos,nF,0.177284613811449
18844,196.0,28.0,0.0,28.0,e7,PPhMe2,nC,0.45538465088279884
18845,196.0,29.0,0.0,29.0,e5,MeO-KITPHOS,nE,0.20090081346750718
18846,196.0,30.0,0.0,30.0,e7,P(o-Anis)3,nC,0.3570385417934203
18847,196.0,31.0,0.0,31.0,e9,CgMe-PPh,nF,1.0
18848,196.0,32.0,0.0,32.0,e5,Cy-vBRIDP,nB,0.24691256669659825
18849,196.0,33.0,0.0,33.0,e2,JackiePhos,nE,0.14951065589537862
18850,196.0,34.0,0.0,34.0,e4,Cy-BippyPhos,nG,0.015289072522480941
18851,196.0,35.0,0.0,35.0,e3,CX-PICy,nC,0.42737783545851454
18852,196.0,36.0,0.0,36.0,e3,Et-PhenCar-Phos,nB,0.2232542389845771
18853,196.0,37.0,0.0,37.0,e9,"P(3,5-CF3-Ph)3",nA,0.28248248720696867
18854,196.0,38.0,0.0,38.0,e1,BrettPhos,nG,0.0081874030607583
18855,196.0,39.0,0.0,39.0,e9,tBPh-CPhos,nI,0.8988852901963119
18856,196.0,40.0,0.0,40.0,e1,CgMe-PPh,nI,0.33119462408139744
18857,196.0,41.0,0.0,41.0,e2,P(fur)3,nB,0.3160767978375305
18858,196.0,42.0,0.0,42.0,e7,CX-FBu,nB,0.0925326789625629
18859,196.0,43.0,0.0,43.0,e3,Ph-PhenCar-Phos,nI,0.1932605709368885
18860,196.0,44.0,0.0,44.0,e2,PPh2Me,nG,0.0
18861,196.0,45.0,0.0,45.0,e9,PPhtBu2,nC,0.22719482142551736
18862,196.0,46.0,0.0,46.0,e7,PCy3 HBF4,nD,0.14803355669666612
18863,196.0,47.0,0.0,47.0,e4,PPh3,nD,0.001865175726413785
18864,196.0,48.0,0.0,48.0,e10,X-Phos,nE,0.0935959226806929
18865,196.0,49.0,0.0,49.0,e10,PnBu3 HBF4,nG,0.03445540105517488
18866,196.0,50.0,0.0,50.0,e9,Kwong,nC,0.3519968307033692
18867,196.0,51.0,0.0,51.0,e7,tBPh-CPhos,nD,0.9555589604373731
18868,196.0,52.0,0.0,52.0,e7,PPhMe2,nA,0.24213550852685992
18869,196.0,53.0,0.0,53.0,e7,tBPh-CPhos,nI,0.3070094849804215
18870,196.0,54.0,0.0,54.0,e2,Cy-DavePhos,nG,0.27117001204677615
18871,196.0,55.0,0.0,55.0,e10,P(o-Anis)3,nC,0.3046850801785095
18872,196.0,56.0,0.0,56.0,e4,CX-PICy,nE,0.044118367259479443
18873,196.0,57.0,0.0,57.0,e1,CgMe-PPh,nD,0.47486974841558166
18874,196.0,58.0,0.0,58.0,e4,A-caPhos,nC,0.22300559618283194
18875,196.0,59.0,0.0,59.0,e4,P(fur)3,nI,0.04402143693540769
18876,196.0,60.0,0.0,60.0,e3,MeO-KITPHOS,nD,0.4375043123935729
18877,196.0,61.0,0.0,61.0,e9,Cy-vBRIDP,nB,0.1653784441959319
18878,196.0,62.0,0.0,62.0,e2,"P(3,5-CF3-Ph)3",nG,0.292311804161314
18879,196.0,63.0,0.0,63.0,e1,Et-PhenCar-Phos,nA,0.5211070217161989
18880,196.0,64.0,0.0,64.0,e5,JackiePhos,nG,0.338261501637445
18881,196.0,65.0,0.0,65.0,e7,Kwong,nD,0.7352375479541646
18882,196.0,66.0,0.0,66.0,e5,tBPh-CPhos,nE,0.21985955173112223
18883,196.0,67.0,0.0,67.0,e2,PPhtBu2,nA,0.8784588854057418
18884,196.0,68.0,0.0,68.0,e9,PPhtBu2,nA,0.22969981648958007
18885,196.0,69.0,0.0,69.0,e3,Ph-PhenCar-Phos,nG,0.05055398317567727
18886,196.0,70.0,0.0,70.0,e4,CgMe-PPh,nF,0.15676724879802045
18887,196.0,71.0,0.0,71.0,e1,Kwong,nA,0.11345641456119931
18888,196.0,72.0,0.0,72.0,e9,Cy-BippyPhos,nA,0.5551684100530536
18889,196.0,73.0,0.0,73.0,e2,PPhMe2,nI,0.5671887226956333
18890,196.0,74.0,0.0,74.0,e2,PCy3 HBF4,nF,0.06006001678298359
18891,196.0,75.0,0.0,75.0,e4,MeO-KITPHOS,nE,0.0
18892,196.0,76.0,0.0,76.0,e5,Cy-DavePhos,nF,0.03313108332432727
18893,196.0,77.0,0.0,77.0,e3,P(o-Anis)3,nI,0.03740072259651408
18894,196.0,78.0,0.0,78.0,e10,X-Phos,nF,0.9068098364152221
18895,196.0,79.0,0.0,79.0,e4,X-Phos,nI,0.009934677799407795
18896,196.0,80.0,0.0,80.0,e9,CX-FBu,nF,0.005339162336147423
18897,196.0,81.0,0.0,81.0,e10,BrettPhos,nC,0.17130482447828083
18898,196.0,82.0,0.0,82.0,e5,Et-PhenCar-Phos,nI,0.8679590234640545
18899,196.0,83.0,0.0,83.0,e4,Et-PhenCar-Phos,nA,0.02363360610342534
18900,196.0,84.0,0.0,84.0,e5,PnBu3 HBF4,nG,0.0346467819695208
18901,196.0,85.0,0.0,85.0,e3,PPh3,nD,0.558051966163369
18902,196.0,86.0,0.0,86.0,e5,PPh2Me,nE,0.26506344108851254
18903,196.0,87.0,0.0,87.0,e5,A-caPhos,nB,0.05123964518257458
18904,196.0,88.0,0.0,88.0,e9,Cy-BippyPhos,nE,0.1706050823301135
18905,196.0,89.0,0.0,89.0,e5,P(fur)3,nB,0.1834224346309997
18906,196.0,90.0,0.0,90.0,e4,PPhMe2,nI,0.0
18907,196.0,91.0,0.0,91.0,e2,JackiePhos,nG,0.226362632584802
18908,196.0,92.0,0.0,92.0,e2,tBPh-CPhos,nF,0.9180522305589233
18909,196.0,93.0,0.0,93.0,e4,tBPh-CPhos,nE,0.08334191795338486
18910,196.0,94.0,0.0,94.0,e1,"P(3,5-CF3-Ph)3",nF,0.0
18911,196.0,95.0,0.0,95.0,e1,CX-PICy,nD,0.26178759539722174
18912,197.0,0.0,0.0,0.0,e3,A-caPhos,nB,0.12487445849811245
18913,197.0,1.0,0.0,1.0,e2,BrettPhos,nB,0.018712271806066737
18914,197.0,2.0,0.0,2.0,e7,CX-FBu,nE,0.001217827266805761
18915,197.0,3.0,0.0,3.0,e7,CX-PICy,nI,0.5099042814136777
18916,197.0,4.0,0.0,4.0,e3,Cy-DavePhos,nD,0.6446826086450984
18917,197.0,5.0,0.0,5.0,e7,Cy-vBRIDP,nE,0.0285055968883504
18918,197.0,6.0,0.0,6.0,e1,Kwong,nC,0.006793877228623898
18919,197.0,7.0,0.0,7.0,e1,MeO-KITPHOS,nB,0.015845697854694092
18920,197.0,8.0,0.0,8.0,e1,P(o-Anis)3,nG,0.06451864020112658
18921,197.0,9.0,0.0,9.0,e2,Et-PhenCar-Phos,nB,0.30781579365006
18922,197.0,10.0,0.0,10.0,e7,JackiePhos,nE,0.0
18923,197.0,11.0,0.0,11.0,e9,"P(3,5-CF3-Ph)3",nG,0.3475054757161358
18924,197.0,12.0,0.0,12.0,e10,P(fur)3,nE,0.041148408288671126
18925,197.0,13.0,0.0,13.0,e4,Ph-PhenCar-Phos,nE,0.0
18926,197.0,14.0,0.0,14.0,e2,PPh2Me,nA,0.027726601641446406
18927,197.0,15.0,0.0,15.0,e5,PPhtBu2,nA,0.6662908668048635
18928,197.0,16.0,0.0,16.0,e2,tBPh-CPhos,nA,0.8502272930334943
18929,197.0,17.0,0.0,17.0,e7,PPhMe2,nI,0.12447799772050785
18930,197.0,18.0,0.0,18.0,e3,Cy-BippyPhos,nC,0.4701158020102052
18931,197.0,19.0,0.0,19.0,e7,PCy3 HBF4,nB,0.0
18932,197.0,20.0,0.0,20.0,e4,CgMe-PPh,nA,0.05836143390317885
18933,197.0,21.0,0.0,21.0,e2,PPh3,nF,0.46094142786882736
18934,197.0,22.0,0.0,22.0,e7,X-Phos,nF,0.15361466712198887
18935,197.0,23.0,0.0,23.0,e3,PnBu3 HBF4,nG,0.28320116621218205
18936,197.0,24.0,0.0,24.0,e2,tBPh-CPhos,nD,0.9627817421488892
18937,197.0,25.0,0.0,25.0,e9,PPhtBu2,nC,0.22719482142551736
18938,197.0,26.0,0.0,26.0,e9,Cy-DavePhos,nE,0.11425610500152658
18939,197.0,27.0,0.0,27.0,e1,CX-PICy,nG,0.10103394714922777
18940,197.0,28.0,0.0,28.0,e5,Cy-BippyPhos,nC,0.7310324837389857
18941,197.0,29.0,0.0,29.0,e2,PPh3,nE,0.08087648972572638
18942,197.0,30.0,0.0,30.0,e1,"P(3,5-CF3-Ph)3",nB,0.03740009874424654
18943,197.0,31.0,0.0,31.0,e4,tBPh-CPhos,nE,0.08334191795338486
18944,197.0,32.0,0.0,32.0,e5,Et-PhenCar-Phos,nE,0.1555337724688785
18945,197.0,33.0,0.0,33.0,e1,PnBu3 HBF4,nB,0.005892158794976363
18946,197.0,34.0,0.0,34.0,e3,X-Phos,nE,0.1548016728315108
18947,197.0,35.0,0.0,35.0,e10,A-caPhos,nE,0.06369465752083445
18948,197.0,36.0,0.0,36.0,e7,PPhMe2,nE,0.04656087399550363
18949,197.0,37.0,0.0,37.0,e2,P(o-Anis)3,nA,0.25800548866225337
18950,197.0,38.0,0.0,38.0,e2,CgMe-PPh,nB,0.2326183566176621
18951,197.0,39.0,0.0,39.0,e2,P(fur)3,nA,0.7855864152365213
18952,197.0,40.0,0.0,40.0,e4,Cy-vBRIDP,nC,0.20302461670836117
18953,197.0,41.0,0.0,41.0,e4,PPh2Me,nD,0.017873792875666726
18954,197.0,42.0,0.0,42.0,e2,BrettPhos,nE,0.06752498396007568
18955,197.0,43.0,0.0,43.0,e7,MeO-KITPHOS,nF,0.14909057955854127
18956,197.0,44.0,0.0,44.0,e9,Cy-BippyPhos,nD,0.7312870661515999
18957,197.0,45.0,0.0,45.0,e9,Kwong,nE,0.16023618350267255
18958,197.0,46.0,0.0,46.0,e10,CX-FBu,nG,0.07949868376012764
18959,197.0,47.0,0.0,47.0,e5,JackiePhos,nD,0.7857626907983566
18960,197.0,48.0,0.0,48.0,e2,Ph-PhenCar-Phos,nD,0.16891370076688705
18961,197.0,49.0,0.0,49.0,e7,PCy3 HBF4,nD,0.14803355669666612
18962,197.0,50.0,0.0,50.0,e2,PPhtBu2,nD,0.9426908215088567
18963,197.0,51.0,0.0,51.0,e4,P(fur)3,nB,0.04357911135254303
18964,197.0,52.0,0.0,52.0,e1,JackiePhos,nA,0.8639833503359745
18965,197.0,53.0,0.0,53.0,e9,Cy-BippyPhos,nC,0.4093298004131833
18966,197.0,54.0,0.0,54.0,e9,Cy-DavePhos,nC,0.37373314589550694
18967,197.0,55.0,0.0,55.0,e2,tBPh-CPhos,nF,0.9180522305589233
18968,197.0,56.0,0.0,56.0,e7,PPhtBu2,nA,0.22643925135847556
18969,197.0,57.0,0.0,57.0,e10,CX-PICy,nG,0.3377488314799635
18970,197.0,58.0,0.0,58.0,e7,JackiePhos,nF,0.01228824735837601
18971,197.0,59.0,0.0,59.0,e5,tBPh-CPhos,nI,0.8432755599410124
18972,197.0,60.0,0.0,60.0,e7,PPh3,nD,0.9958253430037467
18973,197.0,61.0,0.0,61.0,e7,PPh3,nI,0.24779538065626336
18974,197.0,62.0,0.0,62.0,e7,Et-PhenCar-Phos,nC,0.7443135007935773
18975,197.0,63.0,0.0,63.0,e4,tBPh-CPhos,nA,0.0348084285544355
18976,197.0,64.0,0.0,64.0,e9,"P(3,5-CF3-Ph)3",nD,0.44318159981050437
18977,197.0,65.0,0.0,65.0,e10,Cy-BippyPhos,nB,0.44442545396979233
18978,197.0,66.0,0.0,66.0,e1,P(o-Anis)3,nA,0.30722554215143316
18979,197.0,67.0,0.0,67.0,e7,X-Phos,nD,0.3829370574937559
18980,197.0,68.0,0.0,68.0,e1,CgMe-PPh,nA,0.6945948510850428
18981,197.0,69.0,0.0,69.0,e5,PnBu3 HBF4,nA,0.048714441027052635
18982,197.0,70.0,0.0,70.0,e2,Et-PhenCar-Phos,nA,0.9619512654546682
18983,197.0,71.0,0.0,71.0,e4,Et-PhenCar-Phos,nE,0.006684621137560202
18984,197.0,72.0,0.0,72.0,e9,Cy-DavePhos,nB,0.10197404268440335
18985,197.0,73.0,0.0,73.0,e1,Cy-vBRIDP,nG,0.040219882770202414
18986,197.0,74.0,0.0,74.0,e1,PPhtBu2,nA,0.4568186881135986
18987,197.0,75.0,0.0,75.0,e4,A-caPhos,nF,0.177284613811449
18988,197.0,76.0,0.0,76.0,e10,PPhMe2,nB,0.36471787230730734
18989,197.0,77.0,0.0,77.0,e3,Ph-PhenCar-Phos,nI,0.1932605709368885
18990,197.0,78.0,0.0,78.0,e2,Kwong,nC,0.5542025006813295
18991,197.0,79.0,0.0,79.0,e1,MeO-KITPHOS,nI,0.08070327614437922
18992,197.0,80.0,0.0,80.0,e3,PCy3 HBF4,nG,0.21655404349373675
18993,197.0,81.0,0.0,81.0,e7,CgMe-PPh,nE,0.023295783669163114
18994,197.0,82.0,0.0,82.0,e10,CX-PICy,nC,0.7614827627405488
18995,197.0,83.0,0.0,83.0,e10,BrettPhos,nG,0.0697610559568269
18996,197.0,84.0,0.0,84.0,e3,CX-FBu,nI,0.0
18997,197.0,85.0,0.0,85.0,e10,Cy-BippyPhos,nF,0.9551634913355087
18998,197.0,86.0,0.0,86.0,e9,PPh3,nC,0.36576356638393287
18999,197.0,87.0,0.0,87.0,e3,P(fur)3,nF,0.44484850798719355
19000,197.0,88.0,0.0,88.0,e7,Cy-BippyPhos,nC,0.8232211000009824
19001,197.0,89.0,0.0,89.0,e1,PPh2Me,nB,0.01727201608687613
19002,197.0,90.0,0.0,90.0,e1,tBPh-CPhos,nC,0.20431204836192307
19003,197.0,91.0,0.0,91.0,e5,"P(3,5-CF3-Ph)3",nA,0.6652219449652172
19004,197.0,92.0,0.0,92.0,e10,CX-PICy,nD,0.8614801884008014
19005,197.0,93.0,0.0,93.0,e9,JackiePhos,nF,0.9465936072978836
19006,197.0,94.0,0.0,94.0,e5,JackiePhos,nG,0.338261501637445
19007,197.0,95.0,0.0,95.0,e7,CX-PICy,nE,0.02553348260378032
19008,198.0,0.0,0.0,0.0,e1,A-caPhos,nA,0.24027073531882212
19009,198.0,1.0,0.0,1.0,e5,BrettPhos,nA,0.2635639912874397
19010,198.0,2.0,0.0,2.0,e3,CX-FBu,nC,0.10650096099207426
19011,198.0,3.0,0.0,3.0,e2,CX-PICy,nD,0.844934148288056
19012,198.0,4.0,0.0,4.0,e5,Cy-DavePhos,nB,0.24820523727080449
19013,198.0,5.0,0.0,5.0,e4,Cy-vBRIDP,nC,0.20302461670836117
19014,198.0,6.0,0.0,6.0,e3,Kwong,nE,0.12194116840481971
19015,198.0,7.0,0.0,7.0,e4,MeO-KITPHOS,nF,0.09857703536485529
19016,198.0,8.0,0.0,8.0,e1,P(o-Anis)3,nG,0.06451864020112658
19017,198.0,9.0,0.0,9.0,e4,Et-PhenCar-Phos,nE,0.006684621137560202
19018,198.0,10.0,0.0,10.0,e5,JackiePhos,nF,0.046842070771333566
19019,198.0,11.0,0.0,11.0,e2,"P(3,5-CF3-Ph)3",nD,0.8356393853580697
19020,198.0,12.0,0.0,12.0,e7,P(fur)3,nB,0.171267964584971
19021,198.0,13.0,0.0,13.0,e2,Ph-PhenCar-Phos,nI,0.31637502685680596
19022,198.0,14.0,0.0,14.0,e7,PPh2Me,nF,0.03319774188221985
19023,198.0,15.0,0.0,15.0,e3,PPhtBu2,nB,0.11748362565060226
19024,198.0,16.0,0.0,16.0,e10,tBPh-CPhos,nB,0.34684817142606866
19025,198.0,17.0,0.0,17.0,e9,PPhMe2,nE,0.20376038691379747
19026,198.0,18.0,0.0,18.0,e10,Cy-BippyPhos,nA,0.7528860791443422
19027,198.0,19.0,0.0,19.0,e10,PCy3 HBF4,nB,0.0
19028,198.0,20.0,0.0,20.0,e10,CgMe-PPh,nD,0.9667080207978768
19029,198.0,21.0,0.0,21.0,e10,PPh3,nF,0.9681029779274772
19030,198.0,22.0,0.0,22.0,e2,X-Phos,nB,0.20337122330638152
19031,198.0,23.0,0.0,23.0,e3,PnBu3 HBF4,nA,0.08612679775706653
19032,198.0,24.0,0.0,24.0,e5,PPh3,nD,0.7503383283607225
19033,198.0,25.0,0.0,25.0,e10,CgMe-PPh,nI,0.992612378842541
19034,198.0,26.0,0.0,26.0,e2,CX-PICy,nB,0.019159777876378164
19035,198.0,27.0,0.0,27.0,e4,"P(3,5-CF3-Ph)3",nB,0.027212247580631236
19036,198.0,28.0,0.0,28.0,e3,Cy-BippyPhos,nC,0.4701158020102052
19037,198.0,29.0,0.0,29.0,e4,CgMe-PPh,nG,0.03040429412851897
19038,198.0,30.0,0.0,30.0,e1,tBPh-CPhos,nI,0.239947127680601
19039,198.0,31.0,0.0,31.0,e4,Ph-PhenCar-Phos,nC,0.2479302515617761
19040,198.0,32.0,0.0,32.0,e5,PPh3,nC,0.8123421522885619
19041,198.0,33.0,0.0,33.0,e4,BrettPhos,nF,0.08545068709718086
19042,198.0,34.0,0.0,34.0,e1,Cy-DavePhos,nD,0.0801309667245095
19043,198.0,35.0,0.0,35.0,e5,A-caPhos,nC,0.7479428186239185
19044,198.0,36.0,0.0,36.0,e3,PPhMe2,nC,0.45752334695304314
19045,198.0,37.0,0.0,37.0,e3,X-Phos,nC,0.5782791539418308
19046,198.0,38.0,0.0,38.0,e1,Cy-vBRIDP,nI,0.10345030861489754
19047,198.0,39.0,0.0,39.0,e3,P(fur)3,nD,0.517468751935307
19048,198.0,40.0,0.0,40.0,e5,Kwong,nC,0.7139078067166453
19049,198.0,41.0,0.0,41.0,e10,PPhtBu2,nG,0.2854037571220982
19050,198.0,42.0,0.0,42.0,e2,CX-FBu,nE,0.044215580612420015
19051,198.0,43.0,0.0,43.0,e9,MeO-KITPHOS,nG,0.30072675877618354
19052,198.0,44.0,0.0,44.0,e3,PnBu3 HBF4,nG,0.28320116621218205
19053,198.0,45.0,0.0,45.0,e2,P(o-Anis)3,nA,0.25800548866225337
19054,198.0,46.0,0.0,46.0,e5,JackiePhos,nC,0.6733815385706186
19055,198.0,47.0,0.0,47.0,e2,PPh2Me,nA,0.027726601641446406
19056,198.0,48.0,0.0,48.0,e5,Cy-BippyPhos,nB,0.35550155976803
19057,198.0,49.0,0.0,49.0,e9,Et-PhenCar-Phos,nE,0.09970326563233488
19058,198.0,50.0,0.0,50.0,e7,PCy3 HBF4,nC,0.4444113627763342
19059,198.0,51.0,0.0,51.0,e4,PPh3,nI,0.04426360801913863
19060,198.0,52.0,0.0,52.0,e3,A-caPhos,nC,0.44127462725198824
19061,198.0,53.0,0.0,53.0,e4,CX-PICy,nA,0.04719868390618946
19062,198.0,54.0,0.0,54.0,e4,"P(3,5-CF3-Ph)3",nE,0.022865395605389537
19063,198.0,55.0,0.0,55.0,e10,Kwong,nI,0.44837347162573915
19064,198.0,56.0,0.0,56.0,e2,CgMe-PPh,nG,0.416125825549032
19065,198.0,57.0,0.0,57.0,e10,X-Phos,nI,0.7187458586231107
19066,198.0,58.0,0.0,58.0,e2,JackiePhos,nG,0.226362632584802
19067,198.0,59.0,0.0,59.0,e9,P(fur)3,nE,0.042314138706189254
19068,198.0,60.0,0.0,60.0,e10,PPhMe2,nG,0.29388406090139285
19069,198.0,61.0,0.0,61.0,e7,tBPh-CPhos,nC,0.6575510344081796
19070,198.0,62.0,0.0,62.0,e1,Ph-PhenCar-Phos,nE,0.08104361666235148
19071,198.0,63.0,0.0,63.0,e9,Cy-BippyPhos,nB,0.19614551978344988
19072,198.0,64.0,0.0,64.0,e7,X-Phos,nC,0.7699443054600407
19073,198.0,65.0,0.0,65.0,e2,PPh3,nD,0.829809282023606
19074,198.0,66.0,0.0,66.0,e4,PCy3 HBF4,nA,0.03156483605433674
19075,198.0,67.0,0.0,67.0,e10,A-caPhos,nC,0.810246096009385
19076,198.0,68.0,0.0,68.0,e10,PPhtBu2,nF,0.9293464786587261
19077,198.0,69.0,0.0,69.0,e5,MeO-KITPHOS,nA,0.677313943864531
19078,198.0,70.0,0.0,70.0,e3,CgMe-PPh,nG,0.693870840573733
19079,198.0,71.0,0.0,71.0,e1,PnBu3 HBF4,nI,0.09337979085237404
19080,198.0,72.0,0.0,72.0,e9,PPhtBu2,nF,0.04207540286700265
19081,198.0,73.0,0.0,73.0,e9,BrettPhos,nA,0.05897317034300215
19082,198.0,74.0,0.0,74.0,e10,Kwong,nB,0.3444954378360332
19083,198.0,75.0,0.0,75.0,e2,Cy-DavePhos,nF,0.8384971848128893
19084,198.0,76.0,0.0,76.0,e1,P(o-Anis)3,nI,0.05879365689573417
19085,198.0,77.0,0.0,77.0,e9,PPh3,nC,0.36576356638393287
19086,198.0,78.0,0.0,78.0,e5,tBPh-CPhos,nA,0.7026512612569452
19087,198.0,79.0,0.0,79.0,e7,X-Phos,nD,0.3829370574937559
19088,198.0,80.0,0.0,80.0,e7,Cy-vBRIDP,nD,0.5488733534623731
19089,198.0,81.0,0.0,81.0,e1,A-caPhos,nG,0.017297638901613968
19090,198.0,82.0,0.0,82.0,e5,Cy-DavePhos,nC,0.6945846341087276
19091,198.0,83.0,0.0,83.0,e9,CgMe-PPh,nB,0.16201116259216772
19092,198.0,84.0,0.0,84.0,e2,MeO-KITPHOS,nI,0.6167813320248422
19093,198.0,85.0,0.0,85.0,e2,CX-FBu,nI,0.26811246651325454
19094,198.0,86.0,0.0,86.0,e1,tBPh-CPhos,nB,0.13846077071822055
19095,198.0,87.0,0.0,87.0,e7,PPhMe2,nC,0.45538465088279884
19096,198.0,88.0,0.0,88.0,e5,JackiePhos,nB,0.3749398944667019
19097,198.0,89.0,0.0,89.0,e7,Et-PhenCar-Phos,nF,0.8005855615874519
19098,198.0,90.0,0.0,90.0,e4,Cy-DavePhos,nF,0.1085703896725537
19099,198.0,91.0,0.0,91.0,e4,CX-PICy,nF,0.11376981015319125
19100,198.0,92.0,0.0,92.0,e5,Et-PhenCar-Phos,nB,0.3409079497861161
19101,198.0,93.0,0.0,93.0,e5,"P(3,5-CF3-Ph)3",nE,0.16245071334673533
19102,198.0,94.0,0.0,94.0,e10,PPh3,nA,0.17893078161194448
19103,198.0,95.0,0.0,95.0,e7,PPh2Me,nI,0.05866681747449082
19104,199.0,0.0,0.0,0.0,e1,A-caPhos,nA,0.24027073531882212
19105,199.0,1.0,0.0,1.0,e10,BrettPhos,nI,0.1572445220332629
19106,199.0,2.0,0.0,2.0,e7,CX-FBu,nI,0.008436723887765887
19107,199.0,3.0,0.0,3.0,e3,CX-PICy,nB,0.0849376627257103
19108,199.0,4.0,0.0,4.0,e3,Cy-DavePhos,nA,0.4587692631158191
19109,199.0,5.0,0.0,5.0,e10,Cy-vBRIDP,nB,0.4380455887344343
19110,199.0,6.0,0.0,6.0,e5,Kwong,nE,0.16336084003327056
19111,199.0,7.0,0.0,7.0,e10,MeO-KITPHOS,nE,0.08167116258886992
19112,199.0,8.0,0.0,8.0,e10,P(o-Anis)3,nB,0.07857661737600978
19113,199.0,9.0,0.0,9.0,e4,Et-PhenCar-Phos,nG,0.0029966288441688137
19114,199.0,10.0,0.0,10.0,e10,JackiePhos,nG,0.19943476808224297
19115,199.0,11.0,0.0,11.0,e5,"P(3,5-CF3-Ph)3",nC,0.6576198548980737
19116,199.0,12.0,0.0,12.0,e2,P(fur)3,nC,0.531364471158177
19117,199.0,13.0,0.0,13.0,e9,Ph-PhenCar-Phos,nB,0.058803717942506314
19118,199.0,14.0,0.0,14.0,e10,PPh2Me,nC,0.7635702486574847
19119,199.0,15.0,0.0,15.0,e2,PPhtBu2,nB,0.2956916574075555
19120,199.0,16.0,0.0,16.0,e7,tBPh-CPhos,nI,0.3070094849804215
19121,199.0,17.0,0.0,17.0,e1,PPhMe2,nI,0.04119451536413164
19122,199.0,18.0,0.0,18.0,e10,Cy-BippyPhos,nG,0.2525135394449507
19123,199.0,19.0,0.0,19.0,e1,PCy3 HBF4,nB,0.04339996600929039
19124,199.0,20.0,0.0,20.0,e9,CgMe-PPh,nB,0.16201116259216772
19125,199.0,21.0,0.0,21.0,e3,PPh3,nC,0.5766867841866626
19126,199.0,22.0,0.0,22.0,e10,X-Phos,nE,0.0935959226806929
19127,199.0,23.0,0.0,23.0,e2,PnBu3 HBF4,nF,0.09742653300738942
19128,199.0,24.0,0.0,24.0,e2,PPh2Me,nC,0.6126561714426878
19129,199.0,25.0,0.0,25.0,e5,"P(3,5-CF3-Ph)3",nF,0.7449177693369221
19130,199.0,26.0,0.0,26.0,e2,PPh3,nD,0.829809282023606
19131,199.0,27.0,0.0,27.0,e4,P(fur)3,nG,0.003303003899865808
19132,199.0,28.0,0.0,28.0,e2,Cy-DavePhos,nF,0.8384971848128893
19133,199.0,29.0,0.0,29.0,e4,Cy-vBRIDP,nA,0.021399040085944364
19134,199.0,30.0,0.0,30.0,e9,tBPh-CPhos,nA,0.5070576131604569
19135,199.0,31.0,0.0,31.0,e4,PPhtBu2,nG,0.010529758099421742
19136,199.0,32.0,0.0,32.0,e3,Cy-BippyPhos,nF,0.818115739608698
19137,199.0,33.0,0.0,33.0,e9,A-caPhos,nG,0.4248789034782635
19138,199.0,34.0,0.0,34.0,e3,JackiePhos,nC,0.5634096118513189
19139,199.0,35.0,0.0,35.0,e5,Kwong,nD,0.6710162824432446
19140,199.0,36.0,0.0,36.0,e10,CgMe-PPh,nF,0.9345922792122748
19141,199.0,37.0,0.0,37.0,e7,BrettPhos,nD,0.0
19142,199.0,38.0,0.0,38.0,e5,PPh3,nD,0.7503383283607225
19143,199.0,39.0,0.0,39.0,e4,"P(3,5-CF3-Ph)3",nD,0.021077110506758236
19144,199.0,40.0,0.0,40.0,e1,PPh2Me,nA,0.02658164171473438
19145,199.0,41.0,0.0,41.0,e4,PnBu3 HBF4,nE,0.0
19146,199.0,42.0,0.0,42.0,e10,X-Phos,nD,0.9917865678194812
19147,199.0,43.0,0.0,43.0,e2,CX-PICy,nI,0.5114221648973126
19148,199.0,44.0,0.0,44.0,e9,MeO-KITPHOS,nB,0.10548391557053341
19149,199.0,45.0,0.0,45.0,e5,P(o-Anis)3,nI,0.25524773080664775
19150,199.0,46.0,0.0,46.0,e4,Cy-DavePhos,nF,0.1085703896725537
19151,199.0,47.0,0.0,47.0,e4,Ph-PhenCar-Phos,nA,0.0
19152,199.0,48.0,0.0,48.0,e7,PCy3 HBF4,nC,0.4444113627763342
19153,199.0,49.0,0.0,49.0,e3,PPhMe2,nD,0.17694079610526336
19154,199.0,50.0,0.0,50.0,e4,CX-FBu,nD,0.01181462181211995
19155,199.0,51.0,0.0,51.0,e5,Et-PhenCar-Phos,nB,0.3409079497861161
19156,199.0,52.0,0.0,52.0,e4,CgMe-PPh,nC,0.07729202271014396
19157,199.0,53.0,0.0,53.0,e9,X-Phos,nB,0.1353117060763067
19158,199.0,54.0,0.0,54.0,e9,Cy-BippyPhos,nD,0.7312870661515999
19159,199.0,55.0,0.0,55.0,e10,PPh3,nC,0.8555703332989744
19160,199.0,56.0,0.0,56.0,e2,Kwong,nD,0.9496089484429554
19161,199.0,57.0,0.0,57.0,e4,tBPh-CPhos,nI,0.022633316819564778
19162,199.0,58.0,0.0,58.0,e4,JackiePhos,nC,0.28682741874775813
19163,199.0,59.0,0.0,59.0,e9,Cy-BippyPhos,nG,0.46478882021105844
19164,199.0,60.0,0.0,60.0,e10,PPh3,nI,0.6602505435133692
19165,199.0,61.0,0.0,61.0,e10,Kwong,nF,0.8938930828018169
19166,199.0,62.0,0.0,62.0,e10,A-caPhos,nD,1.0
19167,199.0,63.0,0.0,63.0,e4,CX-PICy,nB,0.013717757670572962
19168,199.0,64.0,0.0,64.0,e5,A-caPhos,nD,0.7956086691618747
19169,199.0,65.0,0.0,65.0,e9,P(fur)3,nD,0.6308820906080369
19170,199.0,66.0,0.0,66.0,e3,Kwong,nG,0.6379955567259125
19171,199.0,67.0,0.0,67.0,e7,PCy3 HBF4,nE,0.012884298674100353
19172,199.0,68.0,0.0,68.0,e10,Cy-vBRIDP,nG,0.3608953345580712
19173,199.0,69.0,0.0,69.0,e5,"P(3,5-CF3-Ph)3",nE,0.16245071334673533
19174,199.0,70.0,0.0,70.0,e3,PPh3,nE,0.056276657784168405
19175,199.0,71.0,0.0,71.0,e2,Cy-DavePhos,nB,0.3895783251678055
19176,199.0,72.0,0.0,72.0,e2,PPh2Me,nA,0.027726601641446406
19177,199.0,73.0,0.0,73.0,e7,A-caPhos,nC,0.6204517712369704
19178,199.0,74.0,0.0,74.0,e5,Et-PhenCar-Phos,nG,0.4088272163752651
19179,199.0,75.0,0.0,75.0,e9,P(o-Anis)3,nD,0.27540950106892115
19180,199.0,76.0,0.0,76.0,e9,PPhtBu2,nB,0.0744540569819119
19181,199.0,77.0,0.0,77.0,e7,Cy-BippyPhos,nC,0.8232211000009824
19182,199.0,78.0,0.0,78.0,e9,X-Phos,nI,0.48640092936162965
19183,199.0,79.0,0.0,79.0,e1,Kwong,nI,0.017331328917836657
19184,199.0,80.0,0.0,80.0,e4,CgMe-PPh,nB,0.010586928381835779
19185,199.0,81.0,0.0,81.0,e10,P(fur)3,nI,0.900708416999593
19186,199.0,82.0,0.0,82.0,e1,PPhMe2,nF,0.0
19187,199.0,83.0,0.0,83.0,e3,P(fur)3,nF,0.44484850798719355
19188,199.0,84.0,0.0,84.0,e5,Cy-BippyPhos,nI,0.8909978993536253
19189,199.0,85.0,0.0,85.0,e2,A-caPhos,nA,0.007619382274939298
19190,199.0,86.0,0.0,86.0,e9,MeO-KITPHOS,nA,0.3102142356694695
19191,199.0,87.0,0.0,87.0,e4,JackiePhos,nD,0.03756510618398426
19192,199.0,88.0,0.0,88.0,e2,BrettPhos,nF,0.3409853317756659
19193,199.0,89.0,0.0,89.0,e10,Cy-BippyPhos,nI,0.8194571896084138
19194,199.0,90.0,0.0,90.0,e7,PnBu3 HBF4,nA,0.19159700729969498
19195,199.0,91.0,0.0,91.0,e4,Cy-DavePhos,nB,0.0
19196,199.0,92.0,0.0,92.0,e2,Ph-PhenCar-Phos,nG,0.0
19197,199.0,93.0,0.0,93.0,e5,Cy-BippyPhos,nD,0.7452121533478554
19198,199.0,94.0,0.0,94.0,e5,PPh3,nG,0.0842244348649542
19199,199.0,95.0,0.0,95.0,e3,tBPh-CPhos,nI,0.40203943367844525
