,num_sims,round,experiment,horizon,chosen_arm,reward,cumulative_reward
0,0.0,0.0,0.0,0.0,0.0,0.20745119701015383,0.20745119701015383
1,0.0,1.0,0.0,1.0,1.0,0.9959745150176808,1.2034257120278347
2,0.0,2.0,0.0,2.0,2.0,0.41746763913831586,1.6208933511661505
3,0.0,3.0,0.0,3.0,3.0,0.0,1.6208933511661505
4,0.0,4.0,0.0,4.0,4.0,0.3845164824990986,2.005409833665249
5,0.0,5.0,0.0,5.0,5.0,0.21582234885179488,2.221232182517044
6,0.0,6.0,0.0,6.0,6.0,0.5609494988696637,2.7821816813867075
7,0.0,7.0,0.0,7.0,7.0,0.12720264438925566,2.9093843257759633
8,0.0,8.0,0.0,8.0,1.0,0.004865038927265206,2.9142493647032284
9,0.0,9.0,0.0,9.0,6.0,0.2355975950006196,3.149846959703848
10,0.0,10.0,0.0,10.0,2.0,0.025277121047566284,3.1751240807514143
11,0.0,11.0,0.0,11.0,4.0,0.06308539271434067,3.238209473465755
12,0.0,12.0,0.0,12.0,1.0,0.11338444405026506,3.35159391751602
13,0.0,13.0,0.0,13.0,6.0,0.10821198863204971,3.4598059061480697
14,0.0,14.0,0.0,14.0,5.0,0.190094615722883,3.649900521870953
15,0.0,15.0,0.0,15.0,0.0,0.06286079809602607,3.7127613199669787
16,0.0,16.0,0.0,16.0,1.0,0.5191650371090091,4.231926357075988
17,0.0,17.0,0.0,17.0,1.0,0.185681072301442,4.41760742937743
18,0.0,18.0,0.0,18.0,7.0,0.5091692201750498,4.92677664955248
19,0.0,19.0,0.0,19.0,7.0,0.45856256848509114,5.38533921803757
20,0.0,20.0,0.0,20.0,7.0,0.26958034497069683,5.654919563008267
21,0.0,21.0,0.0,21.0,7.0,0.3523297046050333,6.0072492676133
22,0.0,22.0,0.0,22.0,6.0,0.3152014117071101,6.3224506793204105
23,0.0,23.0,0.0,23.0,1.0,0.24526319585689446,6.567713875177305
24,0.0,24.0,0.0,24.0,4.0,0.35662687216539196,6.924340747342697
25,0.0,25.0,0.0,25.0,2.0,0.11796462285651328,7.042305370199211
26,0.0,26.0,0.0,26.0,7.0,0.26478666827767994,7.307092038476891
27,0.0,27.0,0.0,27.0,4.0,0.14496949301802708,7.452061531494918
28,0.0,28.0,0.0,28.0,5.0,0.049917863914325566,7.5019793954092435
29,0.0,29.0,0.0,29.0,6.0,0.09243667781140737,7.594416073220651
30,0.0,30.0,0.0,30.0,1.0,0.22346138720261824,7.817877460423269
31,0.0,31.0,0.0,31.0,7.0,0.09917719492813658,7.917054655351405
32,0.0,32.0,0.0,32.0,1.0,0.01157769227695752,7.928632347628363
33,0.0,33.0,0.0,33.0,3.0,0.08419597055910664,8.01282831818747
34,0.0,34.0,0.0,34.0,0.0,0.33003064520520264,8.342858963392672
35,0.0,35.0,0.0,35.0,0.0,0.0,8.342858963392672
36,0.0,36.0,0.0,36.0,4.0,0.26227852312629674,8.605137486518968
37,0.0,37.0,0.0,37.0,7.0,0.09818265512943311,8.703320141648401
38,0.0,38.0,0.0,38.0,6.0,0.060843244270408124,8.76416338591881
39,0.0,39.0,0.0,39.0,2.0,0.289774682159023,9.053938068077834
40,0.0,40.0,0.0,40.0,4.0,0.16403310077668387,9.217971168854518
41,0.0,41.0,0.0,41.0,1.0,0.028670031367413643,9.246641200221932
42,0.0,42.0,0.0,42.0,2.0,0.0,9.246641200221932
43,0.0,43.0,0.0,43.0,7.0,0.0,9.246641200221932
44,0.0,44.0,0.0,44.0,5.0,0.0,9.246641200221932
45,0.0,45.0,0.0,45.0,4.0,0.18805542412596601,9.434696624347898
46,0.0,46.0,0.0,46.0,6.0,0.08900059238186646,9.523697216729765
47,0.0,47.0,0.0,47.0,1.0,0.3409891715042017,9.864686388233967
48,0.0,48.0,0.0,48.0,1.0,0.5325149437924254,10.397201332026391
49,0.0,49.0,0.0,49.0,1.0,0.11896244309851166,10.516163775124904
50,0.0,50.0,0.0,50.0,1.0,0.0,10.516163775124904
51,0.0,51.0,0.0,51.0,4.0,0.12114345880479456,10.637307233929699
52,0.0,52.0,0.0,52.0,7.0,0.11533761676746272,10.75264485069716
53,0.0,53.0,0.0,53.0,0.0,0.0,10.75264485069716
54,0.0,54.0,0.0,54.0,6.0,0.754797882045112,11.507442732742273
55,0.0,55.0,0.0,55.0,6.0,0.5211461016164569,12.02858883435873
56,0.0,56.0,0.0,56.0,6.0,0.0,12.02858883435873
57,0.0,57.0,0.0,57.0,6.0,0.5048327715259897,12.53342160588472
58,0.0,58.0,0.0,58.0,6.0,0.4419319569723373,12.975353562857059
59,0.0,59.0,0.0,59.0,6.0,0.2888924503251035,13.264246013182163
60,0.0,60.0,0.0,60.0,6.0,0.12662947121033713,13.3908754843925
61,0.0,61.0,0.0,61.0,6.0,0.19237477602684144,13.583250260419343
62,0.0,62.0,0.0,62.0,6.0,0.470561563191029,14.053811823610372
63,0.0,63.0,0.0,63.0,6.0,0.0,14.053811823610372
64,0.0,64.0,0.0,64.0,6.0,0.06692797541129325,14.120739799021665
65,0.0,65.0,0.0,65.0,3.0,0.18076898800776417,14.30150878702943
66,0.0,66.0,0.0,66.0,1.0,0.11675306462359378,14.418261851653025
67,0.0,67.0,0.0,67.0,2.0,0.20242816608866174,14.620690017741687
68,0.0,68.0,0.0,68.0,7.0,0.11500588206885451,14.735695899810542
69,0.0,69.0,0.0,69.0,4.0,0.3628567677526115,15.098552667563153
70,0.0,70.0,0.0,70.0,4.0,0.3482376111706019,15.446790278733754
71,0.0,71.0,0.0,71.0,4.0,0.22645575073161234,15.673246029465366
72,0.0,72.0,0.0,72.0,4.0,0.3378213837210231,16.01106741318639
73,0.0,73.0,0.0,73.0,4.0,0.0456160838408476,16.056683497027237
74,0.0,74.0,0.0,74.0,6.0,0.1370475401392327,16.19373103716647
75,0.0,75.0,0.0,75.0,2.0,0.0,16.19373103716647
76,0.0,76.0,0.0,76.0,1.0,0.23376214866150832,16.427493185827977
77,0.0,77.0,0.0,77.0,3.0,0.6916736699244181,17.119166855752397
78,0.0,78.0,0.0,78.0,3.0,0.09300458273999601,17.212171438492394
79,0.0,79.0,0.0,79.0,3.0,0.04429925980485249,17.256470698297246
80,0.0,80.0,0.0,80.0,3.0,0.17859802399158817,17.435068722288833
81,0.0,81.0,0.0,81.0,6.0,0.0,17.435068722288833
82,0.0,82.0,0.0,82.0,1.0,0.1521898058916304,17.587258528180463
83,0.0,83.0,0.0,83.0,3.0,0.31311875945201073,17.900377287632473
84,0.0,84.0,0.0,84.0,3.0,0.3635186756069499,18.263895963239424
85,0.0,85.0,0.0,85.0,3.0,0.27104019678738106,18.534936160026806
86,0.0,86.0,0.0,86.0,3.0,0.12405932762911029,18.658995487655915
87,0.0,87.0,0.0,87.0,4.0,0.4202049514706216,19.079200439126538
88,0.0,88.0,0.0,88.0,4.0,0.0,19.079200439126538
89,0.0,89.0,0.0,89.0,7.0,0.15727691362384175,19.23647735275038
90,0.0,90.0,0.0,90.0,5.0,0.00260008851080455,19.239077441261184
91,0.0,91.0,0.0,91.0,1.0,0.3461068524360502,19.585184293697235
92,0.0,92.0,0.0,92.0,1.0,0.0772841125499467,19.662468406247182
93,0.0,93.0,0.0,93.0,3.0,0.18053033147432693,19.84299873772151
94,0.0,94.0,0.0,94.0,6.0,0.19330425654839078,20.0363029942699
95,0.0,95.0,0.0,95.0,7.0,0.04671064980753169,20.083013644077433
96,1.0,0.0,0.0,0.0,0.0,0.0,0.0
97,1.0,1.0,0.0,1.0,1.0,0.1250648719057287,0.1250648719057287
98,1.0,2.0,0.0,2.0,2.0,0.4898575650501079,0.6149224369558366
99,1.0,3.0,0.0,3.0,3.0,0.6916736699244181,1.3065961068802547
100,1.0,4.0,0.0,4.0,4.0,0.01616105790717103,1.3227571647874257
101,1.0,5.0,0.0,5.0,5.0,0.0,1.3227571647874257
102,1.0,6.0,0.0,6.0,6.0,0.14053761898862807,1.4632947837760537
103,1.0,7.0,0.0,7.0,7.0,0.08845181773763568,1.5517466015136894
104,1.0,8.0,0.0,8.0,3.0,0.001461682704674984,1.5532082842183643
105,1.0,9.0,0.0,9.0,2.0,0.2641208848836428,1.817329169102007
106,1.0,10.0,0.0,10.0,2.0,0.44976625428900363,2.2670954233910106
107,1.0,11.0,0.0,11.0,3.0,0.0,2.2670954233910106
108,1.0,12.0,0.0,12.0,2.0,0.03427022523850223,2.301365648629513
109,1.0,13.0,0.0,13.0,6.0,0.012576657579367172,2.31394230620888
110,1.0,14.0,0.0,14.0,1.0,0.04317602104936086,2.3571183272582408
111,1.0,15.0,0.0,15.0,7.0,0.3497936611859112,2.706911988444152
112,1.0,16.0,0.0,16.0,7.0,0.12980887699241067,2.836720865436563
113,1.0,17.0,0.0,17.0,2.0,0.41746763913831586,3.254188504574879
114,1.0,18.0,0.0,18.0,2.0,0.42591938102062793,3.6801078855955067
115,1.0,19.0,0.0,19.0,2.0,0.19935097092522613,3.879458856520733
116,1.0,20.0,0.0,20.0,3.0,0.17758193823470309,4.057040794755436
117,1.0,21.0,0.0,21.0,4.0,0.31800611952542285,4.375046914280859
118,1.0,22.0,0.0,22.0,4.0,0.5318065204421886,4.906853434723048
119,1.0,23.0,0.0,23.0,4.0,0.5370312334100855,5.443884668133133
120,1.0,24.0,0.0,24.0,4.0,0.2891704822674655,5.733055150400599
121,1.0,25.0,0.0,25.0,4.0,0.05778005683271747,5.790835207233316
122,1.0,26.0,0.0,26.0,2.0,0.0,5.790835207233316
123,1.0,27.0,0.0,27.0,0.0,0.024187376084340982,5.815022583317657
124,1.0,28.0,0.0,28.0,5.0,0.3671116304857597,6.182134213803417
125,1.0,29.0,0.0,29.0,5.0,0.0,6.182134213803417
126,1.0,30.0,0.0,30.0,4.0,0.29095081075282125,6.473085024556238
127,1.0,31.0,0.0,31.0,4.0,0.12114345880479456,6.594228483361032
128,1.0,32.0,0.0,32.0,7.0,0.314479252098775,6.908707735459807
129,1.0,33.0,0.0,33.0,7.0,0.26478666827767994,7.173494403737488
130,1.0,34.0,0.0,34.0,3.0,0.8079320082078706,7.981426411945359
131,1.0,35.0,0.0,35.0,3.0,0.0,7.981426411945359
132,1.0,36.0,0.0,36.0,3.0,0.4903446086842321,8.47177102062959
133,1.0,37.0,0.0,37.0,3.0,0.06695124930527994,8.53872226993487
134,1.0,38.0,0.0,38.0,2.0,0.17377914745726974,8.71250141739214
135,1.0,39.0,0.0,39.0,3.0,0.011662364837897463,8.724163782230038
136,1.0,40.0,0.0,40.0,7.0,0.6415126605240132,9.36567644275405
137,1.0,41.0,0.0,41.0,7.0,0.0,9.36567644275405
138,1.0,42.0,0.0,42.0,4.0,0.03512950138498507,9.400805944139035
139,1.0,43.0,0.0,43.0,7.0,0.15961076329720134,9.560416707436238
140,1.0,44.0,0.0,44.0,2.0,0.1905422112228126,9.75095891865905
141,1.0,45.0,0.0,45.0,1.0,0.7207407501430242,10.471699668802074
142,1.0,46.0,0.0,46.0,1.0,0.9959745150176808,11.467674183819755
143,1.0,47.0,0.0,47.0,1.0,0.21643836357841792,11.684112547398172
144,1.0,48.0,0.0,48.0,1.0,0.29156994495680316,11.975682492354975
145,1.0,49.0,0.0,49.0,1.0,0.15606839806007136,12.131750890415047
146,1.0,50.0,0.0,50.0,1.0,0.09468128799662574,12.226432178411672
147,1.0,51.0,0.0,51.0,1.0,0.028670031367413643,12.255102209779086
148,1.0,52.0,0.0,52.0,1.0,0.27119035406226066,12.526292563841347
149,1.0,53.0,0.0,53.0,1.0,0.4208360768007997,12.947128640642147
150,1.0,54.0,0.0,54.0,1.0,0.640526367398124,13.58765500804027
151,1.0,55.0,0.0,55.0,1.0,0.23376214866150832,13.821417156701779
152,1.0,56.0,0.0,56.0,1.0,0.14300684882151335,13.964424005523293
153,1.0,57.0,0.0,57.0,1.0,0.0,13.964424005523293
154,1.0,58.0,0.0,58.0,6.0,0.2358206865923345,14.200244692115628
155,1.0,59.0,0.0,59.0,2.0,0.08113905787797616,14.281383749993605
156,1.0,60.0,0.0,60.0,1.0,0.11959474932936898,14.400978499322974
157,1.0,61.0,0.0,61.0,7.0,0.0372746347292418,14.438253134052216
158,1.0,62.0,0.0,62.0,6.0,0.19330425654839078,14.631557390600607
159,1.0,63.0,0.0,63.0,3.0,0.14109950605318325,14.77265689665379
160,1.0,64.0,0.0,64.0,5.0,0.19914789524586868,14.97180479189966
161,1.0,65.0,0.0,65.0,4.0,0.10013514850155053,15.07193994040121
162,1.0,66.0,0.0,66.0,1.0,0.7343824664965894,15.806322406897799
163,1.0,67.0,0.0,67.0,1.0,0.40114156826807473,16.207463975165872
164,1.0,68.0,0.0,68.0,1.0,0.0,16.207463975165872
165,1.0,69.0,0.0,69.0,1.0,0.0,16.207463975165872
166,1.0,70.0,0.0,70.0,2.0,0.0,16.207463975165872
167,1.0,71.0,0.0,71.0,3.0,0.2285348190821269,16.435998794248
168,1.0,72.0,0.0,72.0,6.0,0.3152014117071101,16.75120020595511
169,1.0,73.0,0.0,73.0,6.0,0.02152766918353003,16.772727875138642
170,1.0,74.0,0.0,74.0,1.0,0.5102676826124355,17.28299555775108
171,1.0,75.0,0.0,75.0,1.0,0.09271436829694825,17.375709926048028
172,1.0,76.0,0.0,76.0,5.0,0.11740694843157064,17.4931168744796
173,1.0,77.0,0.0,77.0,1.0,0.18420213317850265,17.677319007658102
174,1.0,78.0,0.0,78.0,3.0,0.07173524956865848,17.74905425722676
175,1.0,79.0,0.0,79.0,4.0,0.28146556337815226,18.030519820604912
176,1.0,80.0,0.0,80.0,7.0,0.018202433303999167,18.04872225390891
177,1.0,81.0,0.0,81.0,4.0,0.1469609607874088,18.19568321469632
178,1.0,82.0,0.0,82.0,1.0,0.1252470864872485,18.32093030118357
179,1.0,83.0,0.0,83.0,1.0,0.1525595877654341,18.473489888949004
180,1.0,84.0,0.0,84.0,2.0,0.3004714236147025,18.773961312563706
181,1.0,85.0,0.0,85.0,2.0,0.0009678536600830689,18.77492916622379
182,1.0,86.0,0.0,86.0,4.0,0.16403310077668387,18.938962267000473
183,1.0,87.0,0.0,87.0,3.0,0.03301525633795021,18.971977523338424
184,1.0,88.0,0.0,88.0,1.0,0.0,18.971977523338424
185,1.0,89.0,0.0,89.0,0.0,0.11885831032078227,19.090835833659206
186,1.0,90.0,0.0,90.0,4.0,0.13505835684833514,19.225894190507542
187,1.0,91.0,0.0,91.0,5.0,0.0,19.225894190507542
188,1.0,92.0,0.0,92.0,7.0,0.26958034497069683,19.495474535478237
189,1.0,93.0,0.0,93.0,7.0,0.3522479878918014,19.847722523370038
190,1.0,94.0,0.0,94.0,7.0,0.0739714121023839,19.921693935472423
191,1.0,95.0,0.0,95.0,6.0,0.0,19.921693935472423
192,2.0,0.0,0.0,0.0,0.0,0.0,0.0
193,2.0,1.0,0.0,1.0,1.0,0.27391822828331297,0.27391822828331297
194,2.0,2.0,0.0,2.0,2.0,0.5201526156790977,0.7940708439624107
195,2.0,3.0,0.0,3.0,3.0,0.05696293260850334,0.8510337765709141
196,2.0,4.0,0.0,4.0,4.0,0.3097901048969641,1.1608238814678782
197,2.0,5.0,0.0,5.0,5.0,0.040966979361581224,1.2017908608294594
198,2.0,6.0,0.0,6.0,6.0,0.19275096950199988,1.3945418303314594
199,2.0,7.0,0.0,7.0,7.0,0.3191817414767788,1.7137235718082382
200,2.0,8.0,0.0,8.0,2.0,0.11796462285651328,1.8316881946647514
201,2.0,9.0,0.0,9.0,7.0,0.0,1.8316881946647514
202,2.0,10.0,0.0,10.0,4.0,0.2459794118468931,2.0776676065116444
203,2.0,11.0,0.0,11.0,1.0,0.11959474932936898,2.1972623558410134
204,2.0,12.0,0.0,12.0,6.0,0.46621206372626145,2.663474419567275
205,2.0,13.0,0.0,13.0,6.0,0.5721185095518746,3.2355929291191496
206,2.0,14.0,0.0,14.0,6.0,0.060843244270408124,3.2964361733895577
207,2.0,15.0,0.0,15.0,2.0,0.3004714236147025,3.59690759700426
208,2.0,16.0,0.0,16.0,4.0,0.1469609607874088,3.743868557791669
209,2.0,17.0,0.0,17.0,2.0,0.15436321182083243,3.8982317696125013
210,2.0,18.0,0.0,18.0,6.0,0.019802180604578484,3.9180339502170796
211,2.0,19.0,0.0,19.0,3.0,0.0,3.9180339502170796
212,2.0,20.0,0.0,20.0,1.0,0.19166078110951457,4.109694731326594
213,2.0,21.0,0.0,21.0,5.0,0.7159429210092614,4.825637652335855
214,2.0,22.0,0.0,22.0,5.0,0.1271290746976771,4.9527667270335325
215,2.0,23.0,0.0,23.0,5.0,0.1510381477286157,5.103804874762148
216,2.0,24.0,0.0,24.0,2.0,0.0072074941480090105,5.111012368910157
217,2.0,25.0,0.0,25.0,4.0,0.2742259822986554,5.3852383512088124
218,2.0,26.0,0.0,26.0,7.0,0.0,5.3852383512088124
219,2.0,27.0,0.0,27.0,5.0,0.25545532592559733,5.64069367713441
220,2.0,28.0,0.0,28.0,0.0,0.18031182752271988,5.82100550465713
221,2.0,29.0,0.0,29.0,4.0,0.20497945959324024,6.0259849642503704
222,2.0,30.0,0.0,30.0,6.0,0.0,6.0259849642503704
223,2.0,31.0,0.0,31.0,1.0,0.23702024352928716,6.263005207779657
224,2.0,32.0,0.0,32.0,5.0,0.1208852646021139,6.383890472381771
225,2.0,33.0,0.0,33.0,4.0,0.03244158328874442,6.416332055670516
226,2.0,34.0,0.0,34.0,1.0,0.21774518083343142,6.6340772365039475
227,2.0,35.0,0.0,35.0,0.0,0.11885831032078227,6.752935546824729
228,2.0,36.0,0.0,36.0,2.0,0.11327101634064082,6.86620656316537
229,2.0,37.0,0.0,37.0,5.0,0.056443085324379784,6.92264964848975
230,2.0,38.0,0.0,38.0,1.0,0.05668020652621607,6.9793298550159655
231,2.0,39.0,0.0,39.0,6.0,0.02152766918353003,7.000857524199495
232,2.0,40.0,0.0,40.0,4.0,0.12114345880479456,7.122000983004289
233,2.0,41.0,0.0,41.0,2.0,0.14626881783373236,7.268269800838022
234,2.0,42.0,0.0,42.0,5.0,0.15143727500736548,7.419707075845388
235,2.0,43.0,0.0,43.0,7.0,0.15884992243992793,7.578556998285316
236,2.0,44.0,0.0,44.0,0.0,0.06806513547863605,7.646622133763952
237,2.0,45.0,0.0,45.0,1.0,0.5459856231058668,8.192607756869819
238,2.0,46.0,0.0,46.0,1.0,0.0766334705336081,8.269241227403427
239,2.0,47.0,0.0,47.0,1.0,0.1521898058916304,8.421431033295057
240,2.0,48.0,0.0,48.0,2.0,0.038723990899334274,8.460155024194393
241,2.0,49.0,0.0,49.0,3.0,0.030472832457272593,8.490627856651665
242,2.0,50.0,0.0,50.0,4.0,0.0,8.490627856651665
243,2.0,51.0,0.0,51.0,6.0,0.18788376889070377,8.678511625542368
244,2.0,52.0,0.0,52.0,5.0,0.09069293668371073,8.76920456222608
245,2.0,53.0,0.0,53.0,1.0,0.6458467227103142,9.415051284936393
246,2.0,54.0,0.0,54.0,1.0,0.028670031367413643,9.443721316303806
247,2.0,55.0,0.0,55.0,1.0,0.03476387852119797,9.478485194825005
248,2.0,56.0,0.0,56.0,7.0,0.22951623073539107,9.708001425560397
249,2.0,57.0,0.0,57.0,6.0,0.04941931180611817,9.757420737366516
250,2.0,58.0,0.0,58.0,7.0,0.30489283886315693,10.062313576229673
251,2.0,59.0,0.0,59.0,7.0,0.3523297046050333,10.414643280834706
252,2.0,60.0,0.0,60.0,7.0,0.21288313045197185,10.627526411286679
253,2.0,61.0,0.0,61.0,7.0,0.08463113415129656,10.712157545437975
254,2.0,62.0,0.0,62.0,1.0,0.625716871682588,11.337874417120563
255,2.0,63.0,0.0,63.0,1.0,0.11896244309851166,11.456836860219076
256,2.0,64.0,0.0,64.0,1.0,0.0,11.456836860219076
257,2.0,65.0,0.0,65.0,5.0,0.001891977950375154,11.458728838169451
258,2.0,66.0,0.0,66.0,2.0,0.5913394163650157,12.050068254534466
259,2.0,67.0,0.0,67.0,2.0,0.07046722414389026,12.120535478678356
260,2.0,68.0,0.0,68.0,2.0,0.20584383201305861,12.326379310691415
261,2.0,69.0,0.0,69.0,2.0,0.44976625428900363,12.77614556498042
262,2.0,70.0,0.0,70.0,2.0,0.047006242528397114,12.823151807508816
263,2.0,71.0,0.0,71.0,7.0,0.031039358450981096,12.854191165959797
264,2.0,72.0,0.0,72.0,2.0,0.6027562012237242,13.45694736718352
265,2.0,73.0,0.0,73.0,2.0,0.03949449756546484,13.496441864748986
266,2.0,74.0,0.0,74.0,2.0,0.5537602076296071,14.050202072378593
267,2.0,75.0,0.0,75.0,2.0,0.25637356125238836,14.306575633630981
268,2.0,76.0,0.0,76.0,2.0,0.032480183465739686,14.339055817096721
269,2.0,77.0,0.0,77.0,2.0,0.0,14.339055817096721
270,2.0,78.0,0.0,78.0,1.0,0.031550322030998015,14.37060613912772
271,2.0,79.0,0.0,79.0,4.0,0.10013514850155053,14.47074128762927
272,2.0,80.0,0.0,80.0,0.0,0.0,14.47074128762927
273,2.0,81.0,0.0,81.0,6.0,0.38423498309596005,14.85497627072523
274,2.0,82.0,0.0,82.0,6.0,0.0,14.85497627072523
275,2.0,83.0,0.0,83.0,2.0,0.5927850394971269,15.447761310222356
276,2.0,84.0,0.0,84.0,2.0,0.2732812363944383,15.721042546616795
277,2.0,85.0,0.0,85.0,2.0,0.0,15.721042546616795
278,2.0,86.0,0.0,86.0,2.0,0.0,15.721042546616795
279,2.0,87.0,0.0,87.0,1.0,0.5506933393432334,16.271735885960027
280,2.0,88.0,0.0,88.0,1.0,0.5325149437924254,16.80425082975245
281,2.0,89.0,0.0,89.0,1.0,0.9959745150176808,17.800225344770134
282,2.0,90.0,0.0,90.0,1.0,0.2923975416172881,18.09262288638742
283,2.0,91.0,0.0,91.0,1.0,0.4978298030149915,18.59045268940241
284,2.0,92.0,0.0,92.0,1.0,0.0930474388599168,18.683500128262327
285,2.0,93.0,0.0,93.0,1.0,0.8012578002674544,19.48475792852978
286,2.0,94.0,0.0,94.0,1.0,0.4091289111380489,19.89388683966783
287,2.0,95.0,0.0,95.0,1.0,0.0,19.89388683966783
288,3.0,0.0,0.0,0.0,0.0,0.0,0.0
289,3.0,1.0,0.0,1.0,1.0,0.625716871682588,0.625716871682588
290,3.0,2.0,0.0,2.0,2.0,0.05071475147700608,0.6764316231595942
291,3.0,3.0,0.0,3.0,3.0,0.0,0.6764316231595942
292,3.0,4.0,0.0,4.0,4.0,0.1495593642703379,0.825990987429932
293,3.0,5.0,0.0,5.0,5.0,0.040966979361581224,0.8669579667915133
294,3.0,6.0,0.0,6.0,6.0,0.0,0.8669579667915133
295,3.0,7.0,0.0,7.0,7.0,0.3029126053848762,1.1698705721763893
296,3.0,8.0,0.0,8.0,1.0,0.1521898058916304,1.3220603780680198
297,3.0,9.0,0.0,9.0,7.0,0.031039358450981096,1.353099736519001
298,3.0,10.0,0.0,10.0,1.0,0.3177036958205914,1.6708034323395924
299,3.0,11.0,0.0,11.0,1.0,0.031550322030998015,1.7023537543705904
300,3.0,12.0,0.0,12.0,4.0,0.30316141851187267,2.005515172882463
301,3.0,13.0,0.0,13.0,4.0,0.0,2.005515172882463
302,3.0,14.0,0.0,14.0,2.0,0.6027562012237242,2.608271374106187
303,3.0,15.0,0.0,15.0,2.0,0.0,2.608271374106187
304,3.0,16.0,0.0,16.0,5.0,0.6427319227634976,3.2510032968696847
305,3.0,17.0,0.0,17.0,5.0,0.16528919434875355,3.4162924912184383
306,3.0,18.0,0.0,18.0,5.0,0.1271290746976771,3.5434215659161152
307,3.0,19.0,0.0,19.0,1.0,0.1122698472049673,3.6556914131210827
308,3.0,20.0,0.0,20.0,7.0,0.3632416151092178,4.0189330282303
309,3.0,21.0,0.0,21.0,7.0,0.04103739105239522,4.0599704192826955
310,3.0,22.0,0.0,22.0,2.0,0.06114289961588151,4.121113318898577
311,3.0,23.0,0.0,23.0,0.0,0.30754911887660585,4.428662437775183
312,3.0,24.0,0.0,24.0,0.0,0.27268806162729475,4.701350499402478
313,3.0,25.0,0.0,25.0,3.0,0.0,4.701350499402478
314,3.0,26.0,0.0,26.0,6.0,0.43814959519287755,5.1395000945953555
315,3.0,27.0,0.0,27.0,6.0,0.08544920153663012,5.224949296131985
316,3.0,28.0,0.0,28.0,5.0,0.4034908793754677,5.628440175507453
317,3.0,29.0,0.0,29.0,5.0,0.13948261044307597,5.767922785950529
318,3.0,30.0,0.0,30.0,0.0,0.0,5.767922785950529
319,3.0,31.0,0.0,31.0,1.0,0.0,5.767922785950529
320,3.0,32.0,0.0,32.0,6.0,0.2091349837990253,5.977057769749554
321,3.0,33.0,0.0,33.0,5.0,0.2248680210661569,6.201925790815711
322,3.0,34.0,0.0,34.0,4.0,0.0,6.201925790815711
323,3.0,35.0,0.0,35.0,5.0,0.0,6.201925790815711
324,3.0,36.0,0.0,36.0,7.0,0.0,6.201925790815711
325,3.0,37.0,0.0,37.0,6.0,0.7377651793174987,6.93969097013321
326,3.0,38.0,0.0,38.0,6.0,0.18466604549596066,7.124357015629171
327,3.0,39.0,0.0,39.0,6.0,0.10776919275082603,7.232126208379997
328,3.0,40.0,0.0,40.0,6.0,0.1350995944228713,7.367225802802868
329,3.0,41.0,0.0,41.0,2.0,0.0,7.367225802802868
330,3.0,42.0,0.0,42.0,6.0,0.5048327715259897,7.872058574328857
331,3.0,43.0,0.0,43.0,6.0,0.754797882045112,8.62685645637397
332,3.0,44.0,0.0,44.0,6.0,0.19330425654839078,8.82016071292236
333,3.0,45.0,0.0,45.0,6.0,0.19275096950199988,9.012911682424361
334,3.0,46.0,0.0,46.0,6.0,0.002161454739645614,9.015073137164007
335,3.0,47.0,0.0,47.0,6.0,0.2888924503251035,9.303965587489111
336,3.0,48.0,0.0,48.0,1.0,0.17515766824041448,9.479123255729526
337,3.0,49.0,0.0,49.0,6.0,0.29928972735028064,9.778412983079807
338,3.0,50.0,0.0,50.0,6.0,0.06692797541129325,9.8453409584911
339,3.0,51.0,0.0,51.0,0.0,0.1265919745726959,9.971932933063796
340,3.0,52.0,0.0,52.0,5.0,0.3213104541310374,10.293243387194833
341,3.0,53.0,0.0,53.0,5.0,0.49945965498331496,10.792703042178148
342,3.0,54.0,0.0,54.0,5.0,0.25545532592559733,11.048158368103746
343,3.0,55.0,0.0,55.0,5.0,0.190094615722883,11.238252983826628
344,3.0,56.0,0.0,56.0,5.0,0.0,11.238252983826628
345,3.0,57.0,0.0,57.0,1.0,0.0,11.238252983826628
346,3.0,58.0,0.0,58.0,6.0,0.525530725813632,11.76378370964026
347,3.0,59.0,0.0,59.0,6.0,0.0,11.76378370964026
348,3.0,60.0,0.0,60.0,6.0,0.36348110977950954,12.12726481941977
349,3.0,61.0,0.0,61.0,6.0,0.04396724673097683,12.171232066150747
350,3.0,62.0,0.0,62.0,7.0,0.2442715151719623,12.415503581322708
351,3.0,63.0,0.0,63.0,5.0,0.2899103974255209,12.70541397874823
352,3.0,64.0,0.0,64.0,5.0,0.0,12.70541397874823
353,3.0,65.0,0.0,65.0,6.0,0.3286820084901565,13.034095987238386
354,3.0,66.0,0.0,66.0,6.0,0.15948567313383155,13.193581660372217
355,3.0,67.0,0.0,67.0,7.0,0.0,13.193581660372217
356,3.0,68.0,0.0,68.0,2.0,0.0,13.193581660372217
357,3.0,69.0,0.0,69.0,0.0,0.12325565854824504,13.316837318920463
358,3.0,70.0,0.0,70.0,4.0,0.14496949301802708,13.46180681193849
359,3.0,71.0,0.0,71.0,6.0,0.46621206372626145,13.928018875664753
360,3.0,72.0,0.0,72.0,6.0,0.0,13.928018875664753
361,3.0,73.0,0.0,73.0,6.0,0.08473142129368774,14.01275029695844
362,3.0,74.0,0.0,74.0,1.0,0.14300684882151335,14.155757145779955
363,3.0,75.0,0.0,75.0,3.0,0.14589548209890857,14.301652627878862
364,3.0,76.0,0.0,76.0,5.0,0.15886400702583056,14.460516634904693
365,3.0,77.0,0.0,77.0,6.0,0.0,14.460516634904693
366,3.0,78.0,0.0,78.0,4.0,0.06660229217274866,14.52711892707744
367,3.0,79.0,0.0,79.0,0.0,0.0,14.52711892707744
368,3.0,80.0,0.0,80.0,5.0,0.0,14.52711892707744
369,3.0,81.0,0.0,81.0,1.0,0.21774518083343142,14.744864107910871
370,3.0,82.0,0.0,82.0,3.0,0.17859802399158817,14.92346213190246
371,3.0,83.0,0.0,83.0,1.0,0.0,14.92346213190246
372,3.0,84.0,0.0,84.0,6.0,0.3152014117071101,15.238663543609569
373,3.0,85.0,0.0,85.0,6.0,0.9633601102069204,16.20202365381649
374,3.0,86.0,0.0,86.0,6.0,0.2245370227069958,16.426560676523486
375,3.0,87.0,0.0,87.0,6.0,0.2355975950006196,16.662158271524106
376,3.0,88.0,0.0,88.0,6.0,0.08900059238186646,16.75115886390597
377,3.0,89.0,0.0,89.0,6.0,0.38423498309596005,17.135393847001932
378,3.0,90.0,0.0,90.0,6.0,0.0206337541478017,17.156027601149734
379,3.0,91.0,0.0,91.0,6.0,0.5609494988696637,17.7169771000194
380,3.0,92.0,0.0,92.0,6.0,0.5398005436791784,18.256777643698577
381,3.0,93.0,0.0,93.0,6.0,0.5415728013366148,18.79835044503519
382,3.0,94.0,0.0,94.0,6.0,0.46761061637242407,19.265961061407616
383,3.0,95.0,0.0,95.0,6.0,0.0989051148392537,19.36486617624687
384,4.0,0.0,0.0,0.0,0.0,0.1801451502088366,0.1801451502088366
385,4.0,1.0,0.0,1.0,1.0,0.7371334889638141,0.9172786391726507
386,4.0,2.0,0.0,2.0,2.0,0.0,0.9172786391726507
387,4.0,3.0,0.0,3.0,3.0,0.22459010399443233,1.141868743167083
388,4.0,4.0,0.0,4.0,4.0,0.3505563668212525,1.4924251099883357
389,4.0,5.0,0.0,5.0,5.0,0.23571743285633687,1.7281425428446726
390,4.0,6.0,0.0,6.0,6.0,0.308924290481592,2.0370668333262647
391,4.0,7.0,0.0,7.0,7.0,0.061569980833461685,2.0986368141597262
392,4.0,8.0,0.0,8.0,1.0,0.004865038927265206,2.1035018530869913
393,4.0,9.0,0.0,9.0,4.0,0.03512950138498507,2.1386313544719764
394,4.0,10.0,0.0,10.0,6.0,0.0206337541478017,2.159265108619778
395,4.0,11.0,0.0,11.0,5.0,0.2305694971756699,2.389834605795448
396,4.0,12.0,0.0,12.0,3.0,0.0,2.389834605795448
397,4.0,13.0,0.0,13.0,1.0,0.01157769227695752,2.4014122980724055
398,4.0,14.0,0.0,14.0,0.0,0.06286079809602607,2.464273096168432
399,4.0,15.0,0.0,15.0,5.0,0.16528919434875355,2.6295622905171854
400,4.0,16.0,0.0,16.0,7.0,0.8098490283050879,3.4394113188222732
401,4.0,17.0,0.0,17.0,7.0,0.28559811848043837,3.7250094373027114
402,4.0,18.0,0.0,18.0,7.0,0.0739714121023839,3.7989808494050954
403,4.0,19.0,0.0,19.0,7.0,0.1578071467912929,3.9567879961963883
404,4.0,20.0,0.0,20.0,4.0,0.10016360891352999,4.056951605109918
405,4.0,21.0,0.0,21.0,1.0,0.3461068524360502,4.403058457545969
406,4.0,22.0,0.0,22.0,1.0,0.0,4.403058457545969
407,4.0,23.0,0.0,23.0,6.0,0.5415728013366148,4.944631258882584
408,4.0,24.0,0.0,24.0,6.0,0.592467301916092,5.537098560798676
409,4.0,25.0,0.0,25.0,6.0,0.12433874510598864,5.6614373059046645
410,4.0,26.0,0.0,26.0,6.0,0.8206264844566112,6.482063790361276
411,4.0,27.0,0.0,27.0,6.0,0.46655973523908206,6.948623525600358
412,4.0,28.0,0.0,28.0,6.0,0.7074564648856323,7.65607999048599
413,4.0,29.0,0.0,29.0,6.0,0.1440283701753274,7.8001083606613175
414,4.0,30.0,0.0,30.0,6.0,0.0,7.8001083606613175
415,4.0,31.0,0.0,31.0,6.0,0.5048327715259897,8.304941132187308
416,4.0,32.0,0.0,32.0,6.0,0.3045366457502025,8.60947777793751
417,4.0,33.0,0.0,33.0,6.0,0.02152766918353003,8.63100544712104
418,4.0,34.0,0.0,34.0,7.0,0.0,8.63100544712104
419,4.0,35.0,0.0,35.0,2.0,0.13810536010235094,8.769110807223392
420,4.0,36.0,0.0,36.0,5.0,0.38817062381795203,9.157281431041344
421,4.0,37.0,0.0,37.0,5.0,0.05028223153043451,9.20756366257178
422,4.0,38.0,0.0,38.0,6.0,0.4832391209848758,9.690802783556656
423,4.0,39.0,0.0,39.0,6.0,0.07179891276627816,9.762601696322934
424,4.0,40.0,0.0,40.0,0.0,0.07309551109955656,9.83569720742249
425,4.0,41.0,0.0,41.0,6.0,0.25249491253368417,10.088192119956174
426,4.0,42.0,0.0,42.0,3.0,0.008668876753709993,10.096860996709884
427,4.0,43.0,0.0,43.0,6.0,0.46621206372626145,10.563073060436146
428,4.0,44.0,0.0,44.0,6.0,0.46761061637242407,11.03068367680857
429,4.0,45.0,0.0,45.0,6.0,0.0,11.03068367680857
430,4.0,46.0,0.0,46.0,4.0,0.0,11.03068367680857
431,4.0,47.0,0.0,47.0,6.0,0.4419319569723373,11.472615633780908
432,4.0,48.0,0.0,48.0,6.0,0.04941931180611817,11.522034945587027
433,4.0,49.0,0.0,49.0,1.0,0.24526319585689446,11.767298141443922
434,4.0,50.0,0.0,50.0,5.0,0.07041269781241034,11.837710839256331
435,4.0,51.0,0.0,51.0,7.0,0.13016600678161144,11.967876846037942
436,4.0,52.0,0.0,52.0,6.0,0.05187143270467871,12.019748278742622
437,4.0,53.0,0.0,53.0,1.0,0.0772841125499467,12.097032391292569
438,4.0,54.0,0.0,54.0,2.0,0.5537602076296071,12.650792598922175
439,4.0,55.0,0.0,55.0,2.0,0.2052375345025933,12.856030133424769
440,4.0,56.0,0.0,56.0,2.0,0.07183681467559985,12.927866948100368
441,4.0,57.0,0.0,57.0,6.0,0.41014276344445866,13.338009711544826
442,4.0,58.0,0.0,58.0,6.0,0.2380098281042837,13.57601953964911
443,4.0,59.0,0.0,59.0,2.0,0.3083246732118922,13.884344212861002
444,4.0,60.0,0.0,60.0,2.0,0.0,13.884344212861002
445,4.0,61.0,0.0,61.0,6.0,0.08569355050034418,13.970037763361347
446,4.0,62.0,0.0,62.0,7.0,0.7375721814246866,14.707609944786034
447,4.0,63.0,0.0,63.0,7.0,0.0,14.707609944786034
448,4.0,64.0,0.0,64.0,7.0,0.3497936611859112,15.057403605971945
449,4.0,65.0,0.0,65.0,7.0,0.6859517409375426,15.743355346909489
450,4.0,66.0,0.0,66.0,7.0,0.11500588206885451,15.858361228978344
451,4.0,67.0,0.0,67.0,7.0,0.0,15.858361228978344
452,4.0,68.0,0.0,68.0,6.0,0.0,15.858361228978344
453,4.0,69.0,0.0,69.0,7.0,0.4763979432030655,16.33475917218141
454,4.0,70.0,0.0,70.0,7.0,0.029232001322727855,16.36399117350414
455,4.0,71.0,0.0,71.0,5.0,0.15886400702583056,16.52285518052997
456,4.0,72.0,0.0,72.0,0.0,0.01491556061691698,16.537770741146886
457,4.0,73.0,0.0,73.0,1.0,0.29885514167787697,16.836625882824762
458,4.0,74.0,0.0,74.0,1.0,0.4091289111380489,17.24575479396281
459,4.0,75.0,0.0,75.0,1.0,0.0,17.24575479396281
460,4.0,76.0,0.0,76.0,7.0,0.0372746347292418,17.283029428692053
461,4.0,77.0,0.0,77.0,6.0,0.18216968160881716,17.46519911030087
462,4.0,78.0,0.0,78.0,6.0,0.8113111970305757,18.276510307331446
463,4.0,79.0,0.0,79.0,6.0,0.5211461016164569,18.7976564089479
464,4.0,80.0,0.0,80.0,6.0,0.5064850022994652,19.304141411247368
465,4.0,81.0,0.0,81.0,6.0,0.06692797541129325,19.37106938665866
466,4.0,82.0,0.0,82.0,6.0,0.2358206865923345,19.606890073250995
467,4.0,83.0,0.0,83.0,6.0,0.2355975950006196,19.842487668251614
468,4.0,84.0,0.0,84.0,6.0,0.10776919275082603,19.95025686100244
469,4.0,85.0,0.0,85.0,6.0,0.6681191236917254,20.618375984694165
470,4.0,86.0,0.0,86.0,6.0,0.45154853925075483,21.06992452394492
471,4.0,87.0,0.0,87.0,6.0,0.2690884433507071,21.339012967295627
472,4.0,88.0,0.0,88.0,6.0,0.08900059238186646,21.428013559677492
473,4.0,89.0,0.0,89.0,6.0,0.0,21.428013559677492
474,4.0,90.0,0.0,90.0,6.0,0.20104993189686238,21.629063491574353
475,4.0,91.0,0.0,91.0,6.0,0.1350995944228713,21.764163085997225
476,4.0,92.0,0.0,92.0,5.0,0.040966979361581224,21.805130065358806
477,4.0,93.0,0.0,93.0,6.0,0.9633601102069204,22.768490175565727
478,4.0,94.0,0.0,94.0,6.0,0.029858941276052695,22.79834911684178
479,4.0,95.0,0.0,95.0,6.0,0.19237477602684144,22.990723892868623
480,5.0,0.0,0.0,0.0,0.0,0.0,0.0
481,5.0,1.0,0.0,1.0,1.0,0.7864352531193769,0.7864352531193769
482,5.0,2.0,0.0,2.0,2.0,0.3004714236147025,1.0869066767340794
483,5.0,3.0,0.0,3.0,3.0,0.3437000409382609,1.4306067176723403
484,5.0,4.0,0.0,4.0,4.0,0.7468916268125877,2.177498344484928
485,5.0,5.0,0.0,5.0,5.0,0.5289754288227388,2.7064737733076667
486,5.0,6.0,0.0,6.0,6.0,0.12662947121033713,2.833103244518004
487,5.0,7.0,0.0,7.0,7.0,0.12720264438925566,2.9603058889072598
488,5.0,8.0,0.0,8.0,1.0,0.055820590489851885,3.0161264793971116
489,5.0,9.0,0.0,9.0,4.0,0.04666036375174277,3.0627868431488543
490,5.0,10.0,0.0,10.0,5.0,0.13948261044307597,3.2022694535919305
491,5.0,11.0,0.0,11.0,3.0,0.24065638461266484,3.4429258382045953
492,5.0,12.0,0.0,12.0,2.0,0.14808157325436302,3.5910074114589583
493,5.0,13.0,0.0,13.0,1.0,0.1252470864872485,3.7162544979462067
494,5.0,14.0,0.0,14.0,4.0,0.0,3.7162544979462067
495,5.0,15.0,0.0,15.0,5.0,0.061655103827774414,3.777909601773981
496,5.0,16.0,0.0,16.0,3.0,0.15771312543106009,3.935622727205041
497,5.0,17.0,0.0,17.0,7.0,0.0,3.935622727205041
498,5.0,18.0,0.0,18.0,6.0,0.7377651793174987,4.67338790652254
499,5.0,19.0,0.0,19.0,6.0,0.592467301916092,5.265855208438632
500,5.0,20.0,0.0,20.0,6.0,0.38423498309596005,5.650090191534592
501,5.0,21.0,0.0,21.0,6.0,0.2245370227069958,5.874627214241588
502,5.0,22.0,0.0,22.0,6.0,0.5048327715259897,6.3794599857675784
503,5.0,23.0,0.0,23.0,6.0,0.05187143270467871,6.431331418472257
504,5.0,24.0,0.0,24.0,1.0,0.1521898058916304,6.583521224363888
505,5.0,25.0,0.0,25.0,2.0,0.4604115321070168,7.043932756470904
506,5.0,26.0,0.0,26.0,2.0,0.289774682159023,7.3337074386299275
507,5.0,27.0,0.0,27.0,6.0,0.528994261355651,7.862701699985578
508,5.0,28.0,0.0,28.0,6.0,0.09260082505258796,7.955302525038166
509,5.0,29.0,0.0,29.0,4.0,0.35306467064568264,8.308367195683848
510,5.0,30.0,0.0,30.0,2.0,0.0,8.308367195683848
511,5.0,31.0,0.0,31.0,4.0,0.005519628586349254,8.313886824270197
512,5.0,32.0,0.0,32.0,3.0,0.45250052602955393,8.766387350299752
513,5.0,33.0,0.0,33.0,3.0,0.0,8.766387350299752
514,5.0,34.0,0.0,34.0,5.0,0.049917863914325566,8.816305214214077
515,5.0,35.0,0.0,35.0,1.0,0.39919928454817294,9.21550449876225
516,5.0,36.0,0.0,36.0,1.0,0.38990649885735673,9.605410997619607
517,5.0,37.0,0.0,37.0,6.0,0.754797882045112,10.36020887966472
518,5.0,38.0,0.0,38.0,6.0,0.709114106247022,11.069322985911741
519,5.0,39.0,0.0,39.0,6.0,0.2624626141648409,11.331785600076582
520,5.0,40.0,0.0,40.0,6.0,0.1440283701753274,11.47581397025191
521,5.0,41.0,0.0,41.0,6.0,0.2355975950006196,11.71141156525253
522,5.0,42.0,0.0,42.0,1.0,0.0,11.71141156525253
523,5.0,43.0,0.0,43.0,6.0,0.46761061637242407,12.179022181624953
524,5.0,44.0,0.0,44.0,6.0,0.2030643176852566,12.38208649931021
525,5.0,45.0,0.0,45.0,6.0,0.060843244270408124,12.442929743580619
526,5.0,46.0,0.0,46.0,0.0,0.04177638852618539,12.484706132106805
527,5.0,47.0,0.0,47.0,6.0,0.08326994649709853,12.567976078603904
528,5.0,48.0,0.0,48.0,2.0,0.15436321182083243,12.722339290424737
529,5.0,49.0,0.0,49.0,3.0,0.04429925980485249,12.766638550229588
530,5.0,50.0,0.0,50.0,1.0,0.11184940162260157,12.87848795185219
531,5.0,51.0,0.0,51.0,6.0,0.29928972735028064,13.177777679202471
532,5.0,52.0,0.0,52.0,6.0,0.5415728013366148,13.719350480539086
533,5.0,53.0,0.0,53.0,6.0,0.18788376889070377,13.90723424942979
534,5.0,54.0,0.0,54.0,4.0,0.3541487541408539,14.261383003570643
535,5.0,55.0,0.0,55.0,4.0,0.12114345880479456,14.382526462375438
536,5.0,56.0,0.0,56.0,6.0,0.2888924503251035,14.671418912700542
537,5.0,57.0,0.0,57.0,6.0,0.18466604549596066,14.856084958196503
538,5.0,58.0,0.0,58.0,5.0,0.3655504969632712,15.221635455159774
539,5.0,59.0,0.0,59.0,5.0,0.1510381477286157,15.372673602888389
540,5.0,60.0,0.0,60.0,6.0,0.019802180604578484,15.392475783492968
541,5.0,61.0,0.0,61.0,2.0,0.047006242528397114,15.439482026021365
542,5.0,62.0,0.0,62.0,1.0,0.03476387852119797,15.474245904542563
543,5.0,63.0,0.0,63.0,6.0,0.08569355050034418,15.559939455042908
544,5.0,64.0,0.0,64.0,4.0,0.07493619689443067,15.634875651937339
545,5.0,65.0,0.0,65.0,5.0,0.33067682826060296,15.965552480197942
546,5.0,66.0,0.0,66.0,5.0,0.07527754375067446,16.040830023948615
547,5.0,67.0,0.0,67.0,7.0,0.09266762551682779,16.133497649465443
548,5.0,68.0,0.0,68.0,6.0,0.10821198863204971,16.241709638097493
549,5.0,69.0,0.0,69.0,3.0,0.5566120011411148,16.79832163923861
550,5.0,70.0,0.0,70.0,3.0,0.008668876753709993,16.806990515992318
551,5.0,71.0,0.0,71.0,3.0,0.4903446086842321,17.29733512467655
552,5.0,72.0,0.0,72.0,3.0,0.20186904139831627,17.49920416607487
553,5.0,73.0,0.0,73.0,3.0,0.0,17.49920416607487
554,5.0,74.0,0.0,74.0,6.0,0.5609494988696637,18.060153664944533
555,5.0,75.0,0.0,75.0,6.0,0.25249491253368417,18.312648577478218
556,5.0,76.0,0.0,76.0,6.0,0.0,18.312648577478218
557,5.0,77.0,0.0,77.0,1.0,0.24526319585689446,18.55791177333511
558,5.0,78.0,0.0,78.0,6.0,0.5211461016164569,19.079057874951566
559,5.0,79.0,0.0,79.0,6.0,0.1370475401392327,19.216105415090798
560,5.0,80.0,0.0,80.0,6.0,0.1938598477639666,19.409965262854765
561,5.0,81.0,0.0,81.0,5.0,0.03503381451770802,19.444999077372472
562,5.0,82.0,0.0,82.0,4.0,0.01616105790717103,19.461160135279645
563,5.0,83.0,0.0,83.0,2.0,0.6027562012237242,20.063916336503368
564,5.0,84.0,0.0,84.0,2.0,0.6213972006776474,20.685313537181017
565,5.0,85.0,0.0,85.0,2.0,0.10287625647900679,20.788189793660024
566,5.0,86.0,0.0,86.0,2.0,0.5927850394971269,21.38097483315715
567,5.0,87.0,0.0,87.0,2.0,0.0,21.38097483315715
568,5.0,88.0,0.0,88.0,2.0,0.07148233893511084,21.452457172092263
569,5.0,89.0,0.0,89.0,2.0,0.5537602076296071,22.00621737972187
570,5.0,90.0,0.0,90.0,2.0,0.11886118707131776,22.12507856679319
571,5.0,91.0,0.0,91.0,2.0,0.6257180907935707,22.750796657586758
572,5.0,92.0,0.0,92.0,2.0,0.08113905787797616,22.831935715464734
573,5.0,93.0,0.0,93.0,2.0,0.0,22.831935715464734
574,5.0,94.0,0.0,94.0,1.0,0.2129057638025988,23.044841479267333
575,5.0,95.0,0.0,95.0,6.0,0.3152014117071101,23.360042890974444
576,6.0,0.0,0.0,0.0,0.0,0.14166395096102197,0.14166395096102197
577,6.0,1.0,0.0,1.0,1.0,0.4091289111380489,0.5507928620990709
578,6.0,2.0,0.0,2.0,2.0,0.17796714865995647,0.7287600107590273
579,6.0,3.0,0.0,3.0,3.0,0.2285348190821269,0.9572948298411542
580,6.0,4.0,0.0,4.0,4.0,0.619788147899107,1.577082977740261
581,6.0,5.0,0.0,5.0,5.0,0.16528919434875355,1.7423721720890146
582,6.0,6.0,0.0,6.0,6.0,0.060843244270408124,1.8032154163594227
583,6.0,7.0,0.0,7.0,7.0,0.12980887699241067,1.9330242933518333
584,6.0,8.0,0.0,8.0,4.0,0.0,1.9330242933518333
585,6.0,9.0,0.0,9.0,1.0,0.29156994495680316,2.2245942383086366
586,6.0,10.0,0.0,10.0,3.0,0.001461682704674984,2.2260559210133115
587,6.0,11.0,0.0,11.0,1.0,0.004865038927265206,2.2309209599405766
588,6.0,12.0,0.0,12.0,2.0,0.17377914745726974,2.4047001073978462
589,6.0,13.0,0.0,13.0,5.0,0.0,2.4047001073978462
590,6.0,14.0,0.0,14.0,4.0,0.024172346025505487,2.428872453423352
591,6.0,15.0,0.0,15.0,0.0,0.5344171398190677,2.9632895932424197
592,6.0,16.0,0.0,16.0,0.0,0.09862275909237994,3.0619123523347995
593,6.0,17.0,0.0,17.0,7.0,0.11533761676746272,3.177249969102262
594,6.0,18.0,0.0,18.0,6.0,0.5198631933975867,3.697113162499849
595,6.0,19.0,0.0,19.0,6.0,0.05187143270467871,3.7489845952045275
596,6.0,20.0,0.0,20.0,0.0,0.48448669996828364,4.233471295172811
597,6.0,21.0,0.0,21.0,0.0,0.0,4.233471295172811
598,6.0,22.0,0.0,22.0,2.0,0.4833660339380995,4.716837329110911
599,6.0,23.0,0.0,23.0,2.0,0.38831574574861955,5.105153074859531
600,6.0,24.0,0.0,24.0,2.0,0.5913394163650157,5.6964924912245465
601,6.0,25.0,0.0,25.0,2.0,0.0,5.6964924912245465
602,6.0,26.0,0.0,26.0,1.0,0.031550322030998015,5.728042813255544
603,6.0,27.0,0.0,27.0,2.0,0.0,5.728042813255544
604,6.0,28.0,0.0,28.0,4.0,0.35662687216539196,6.084669685420936
605,6.0,29.0,0.0,29.0,4.0,0.3406652420848293,6.425334927505765
606,6.0,30.0,0.0,30.0,6.0,0.754797882045112,7.1801328095508765
607,6.0,31.0,0.0,31.0,6.0,0.12662947121033713,7.306762280761213
608,6.0,32.0,0.0,32.0,6.0,0.11636299692256234,7.423125277683775
609,6.0,33.0,0.0,33.0,4.0,0.18805542412596601,7.611180701809741
610,6.0,34.0,0.0,34.0,7.0,0.12720264438925566,7.738383346198996
611,6.0,35.0,0.0,35.0,6.0,0.5064850022994652,8.244868348498462
612,6.0,36.0,0.0,36.0,6.0,0.09243667781140737,8.33730502630987
613,6.0,37.0,0.0,37.0,0.0,0.002858608451678879,8.340163634761549
614,6.0,38.0,0.0,38.0,3.0,0.2032469793155898,8.543410614077139
615,6.0,39.0,0.0,39.0,4.0,0.0,8.543410614077139
616,6.0,40.0,0.0,40.0,6.0,0.2676282183690528,8.811038832446192
617,6.0,41.0,0.0,41.0,2.0,0.025277121047566284,8.836315953493758
618,6.0,42.0,0.0,42.0,6.0,0.0206337541478017,8.85694970764156
619,6.0,43.0,0.0,43.0,5.0,0.1812152791592592,9.038164986800819
620,6.0,44.0,0.0,44.0,1.0,0.640526367398124,9.678691354198943
621,6.0,45.0,0.0,45.0,1.0,0.0772841125499467,9.75597546674889
622,6.0,46.0,0.0,46.0,1.0,0.0,9.75597546674889
623,6.0,47.0,0.0,47.0,3.0,0.7077056663835212,10.463681133132411
624,6.0,48.0,0.0,48.0,3.0,0.0,10.463681133132411
625,6.0,49.0,0.0,49.0,3.0,0.17758193823470309,10.641263071367113
626,6.0,50.0,0.0,50.0,3.0,0.6916736699244181,11.332936741291531
627,6.0,51.0,0.0,51.0,3.0,0.0,11.332936741291531
628,6.0,52.0,0.0,52.0,3.0,0.12405932762911029,11.456996068920642
629,6.0,53.0,0.0,53.0,0.0,0.01490140434742535,11.471897473268067
630,6.0,54.0,0.0,54.0,7.0,0.0,11.471897473268067
631,6.0,55.0,0.0,55.0,6.0,0.528994261355651,12.000891734623718
632,6.0,56.0,0.0,56.0,6.0,0.0,12.000891734623718
633,6.0,57.0,0.0,57.0,4.0,0.35306467064568264,12.3539564052694
634,6.0,58.0,0.0,58.0,4.0,0.1365648802244922,12.490521285493893
635,6.0,59.0,0.0,59.0,2.0,0.2992414906149762,12.78976277610887
636,6.0,60.0,0.0,60.0,2.0,0.5259817321483307,13.3157445082572
637,6.0,61.0,0.0,61.0,2.0,0.5537602076296071,13.869504715886807
638,6.0,62.0,0.0,62.0,2.0,0.05893971598014328,13.92844443186695
639,6.0,63.0,0.0,63.0,2.0,0.14626881783373236,14.074713249700682
640,6.0,64.0,0.0,64.0,5.0,0.027814322711726475,14.10252757241241
641,6.0,65.0,0.0,65.0,3.0,0.20758298031156905,14.310110552723978
642,6.0,66.0,0.0,66.0,2.0,0.16196479063327046,14.472075343357249
643,6.0,67.0,0.0,67.0,6.0,0.525530725813632,14.99760606917088
644,6.0,68.0,0.0,68.0,6.0,0.398606424860819,15.3962124940317
645,6.0,69.0,0.0,69.0,6.0,0.2690884433507071,15.665300937382407
646,6.0,70.0,0.0,70.0,6.0,0.08473142129368774,15.750032358676094
647,6.0,71.0,0.0,71.0,1.0,0.5102676826124355,16.26030004128853
648,6.0,72.0,0.0,72.0,1.0,0.43077514535649875,16.69107518664503
649,6.0,73.0,0.0,73.0,1.0,0.18420213317850265,16.87527731982353
650,6.0,74.0,0.0,74.0,1.0,0.025530299644546818,16.90080761946808
651,6.0,75.0,0.0,75.0,6.0,0.46621206372626145,17.36701968319434
652,6.0,76.0,0.0,76.0,6.0,0.5609494988696637,17.927969182064004
653,6.0,77.0,0.0,77.0,6.0,0.14418838926849195,18.072157571332497
654,6.0,78.0,0.0,78.0,6.0,0.4025312660474192,18.474688837379915
655,6.0,79.0,0.0,79.0,6.0,0.18466604549596066,18.659354882875874
656,6.0,80.0,0.0,80.0,6.0,0.09260082505258796,18.751955707928463
657,6.0,81.0,0.0,81.0,3.0,0.3437000409382609,19.095655748866726
658,6.0,82.0,0.0,82.0,3.0,0.47254251673467496,19.5681982656014
659,6.0,83.0,0.0,83.0,3.0,0.0,19.5681982656014
660,6.0,84.0,0.0,84.0,4.0,0.3628567677526115,19.93105503335401
661,6.0,85.0,0.0,85.0,4.0,0.30316141851187267,20.234216451865883
662,6.0,86.0,0.0,86.0,4.0,0.0,20.234216451865883
663,6.0,87.0,0.0,87.0,2.0,0.289774682159023,20.523991134024907
664,6.0,88.0,0.0,88.0,1.0,0.0,20.523991134024907
665,6.0,89.0,0.0,89.0,2.0,0.6027562012237242,21.12674733524863
666,6.0,90.0,0.0,90.0,2.0,0.3195571986524608,21.446304533901092
667,6.0,91.0,0.0,91.0,2.0,0.4604115321070168,21.90671606600811
668,6.0,92.0,0.0,92.0,2.0,0.0,21.90671606600811
669,6.0,93.0,0.0,93.0,2.0,0.38230358492209854,22.289019650930207
670,6.0,94.0,0.0,94.0,2.0,0.2732812363944383,22.562300887324646
671,6.0,95.0,0.0,95.0,2.0,0.26727365674660486,22.82957454407125
672,7.0,0.0,0.0,0.0,0.0,0.10953556120793838,0.10953556120793838
673,7.0,1.0,0.0,1.0,1.0,0.5325149437924254,0.6420505050003638
674,7.0,2.0,0.0,2.0,2.0,0.06114289961588151,0.7031934046162452
675,7.0,3.0,0.0,3.0,3.0,0.2032469793155898,0.906440383931835
676,7.0,4.0,0.0,4.0,4.0,0.0,0.906440383931835
677,7.0,5.0,0.0,5.0,5.0,0.3039231620092401,1.210363545941075
678,7.0,6.0,0.0,6.0,6.0,0.0,1.210363545941075
679,7.0,7.0,0.0,7.0,7.0,0.25759234324777713,1.4679558891888522
680,7.0,8.0,0.0,8.0,1.0,0.4208360768007997,1.888791965989652
681,7.0,9.0,0.0,9.0,1.0,0.23895507602304034,2.1277470420126923
682,7.0,10.0,0.0,10.0,5.0,0.0,2.1277470420126923
683,7.0,11.0,0.0,11.0,7.0,0.2442715151719623,2.3720185571846546
684,7.0,12.0,0.0,12.0,3.0,0.7077056663835212,3.0797242235681757
685,7.0,13.0,0.0,13.0,3.0,0.6916736699244181,3.771397893492594
686,7.0,14.0,0.0,14.0,3.0,0.1800108644972652,3.951408757989859
687,7.0,15.0,0.0,15.0,3.0,0.0,3.951408757989859
688,7.0,16.0,0.0,16.0,1.0,0.5191650371090091,4.470573795098868
689,7.0,17.0,0.0,17.0,1.0,0.2107072265151842,4.681281021614053
690,7.0,18.0,0.0,18.0,0.0,0.0,4.681281021614053
691,7.0,19.0,0.0,19.0,1.0,0.4978298030149915,5.179110824629045
692,7.0,20.0,0.0,20.0,1.0,0.1521898058916304,5.331300630520675
693,7.0,21.0,0.0,21.0,7.0,0.4259437601209804,5.757244390641656
694,7.0,22.0,0.0,22.0,7.0,0.3029126053848762,6.0601569960265325
695,7.0,23.0,0.0,23.0,3.0,0.3885911041625654,6.448748100189098
696,7.0,24.0,0.0,24.0,3.0,0.3128854636562684,6.761633563845367
697,7.0,25.0,0.0,25.0,2.0,0.4833660339380995,7.244999597783466
698,7.0,26.0,0.0,26.0,2.0,0.0,7.244999597783466
699,7.0,27.0,0.0,27.0,7.0,0.0,7.244999597783466
700,7.0,28.0,0.0,28.0,1.0,0.04845925959332829,7.293458857376795
701,7.0,29.0,0.0,29.0,3.0,0.08419597055910664,7.377654827935901
702,7.0,30.0,0.0,30.0,5.0,0.3213104541310374,7.698965282066938
703,7.0,31.0,0.0,31.0,1.0,0.5102676826124355,8.209232964679373
704,7.0,32.0,0.0,32.0,1.0,0.11338444405026506,8.322617408729638
705,7.0,33.0,0.0,33.0,4.0,0.29965634577184486,8.622273754501483
706,7.0,34.0,0.0,34.0,4.0,0.15383977509268065,8.776113529594165
707,7.0,35.0,0.0,35.0,6.0,0.38423498309596005,9.160348512690124
708,7.0,36.0,0.0,36.0,6.0,0.709114106247022,9.869462618937145
709,7.0,37.0,0.0,37.0,6.0,0.38478252254705636,10.254245141484201
710,7.0,38.0,0.0,38.0,6.0,0.05187143270467871,10.30611657418888
711,7.0,39.0,0.0,39.0,6.0,0.0,10.30611657418888
712,7.0,40.0,0.0,40.0,3.0,0.042142145651259406,10.34825871984014
713,7.0,41.0,0.0,41.0,5.0,0.0,10.34825871984014
714,7.0,42.0,0.0,42.0,1.0,0.09468128799662574,10.442940007836766
715,7.0,43.0,0.0,43.0,2.0,0.40138850547070165,10.844328513307468
716,7.0,44.0,0.0,44.0,2.0,0.3981486247182143,11.242477138025682
717,7.0,45.0,0.0,45.0,2.0,0.0,11.242477138025682
718,7.0,46.0,0.0,46.0,7.0,0.08816257292987052,11.330639710955554
719,7.0,47.0,0.0,47.0,6.0,0.2030643176852566,11.53370402864081
720,7.0,48.0,0.0,48.0,3.0,0.19564670942873996,11.72935073806955
721,7.0,49.0,0.0,49.0,1.0,0.0,11.72935073806955
722,7.0,50.0,0.0,50.0,4.0,0.1469609607874088,11.87631169885696
723,7.0,51.0,0.0,51.0,3.0,0.6012094297445113,12.47752112860147
724,7.0,52.0,0.0,52.0,3.0,0.20186904139831627,12.679390169999786
725,7.0,53.0,0.0,53.0,3.0,0.0,12.679390169999786
726,7.0,54.0,0.0,54.0,6.0,0.12433874510598864,12.803728915105776
727,7.0,55.0,0.0,55.0,2.0,0.0,12.803728915105776
728,7.0,56.0,0.0,56.0,7.0,0.35893392020488385,13.162662835310659
729,7.0,57.0,0.0,57.0,7.0,0.14518903393281696,13.307851869243477
730,7.0,58.0,0.0,58.0,1.0,0.0,13.307851869243477
731,7.0,59.0,0.0,59.0,3.0,0.37470943161685766,13.682561300860334
732,7.0,60.0,0.0,60.0,3.0,0.08066953314049238,13.763230834000826
733,7.0,61.0,0.0,61.0,6.0,0.22700732154927955,13.990238155550106
734,7.0,62.0,0.0,62.0,0.0,0.16065957806136022,14.150897733611465
735,7.0,63.0,0.0,63.0,5.0,0.2548228037622788,14.405720537373744
736,7.0,64.0,0.0,64.0,7.0,0.28559811848043837,14.691318655854182
737,7.0,65.0,0.0,65.0,7.0,0.21288313045197185,14.904201786306155
738,7.0,66.0,0.0,66.0,4.0,0.10016360891352999,15.004365395219684
739,7.0,67.0,0.0,67.0,3.0,0.0,15.004365395219684
740,7.0,68.0,0.0,68.0,5.0,0.02856175595510002,15.032927151174784
741,7.0,69.0,0.0,69.0,6.0,0.002161454739645614,15.03508860591443
742,7.0,70.0,0.0,70.0,1.0,0.0,15.03508860591443
743,7.0,71.0,0.0,71.0,7.0,0.0,15.03508860591443
744,7.0,72.0,0.0,72.0,2.0,0.0,15.03508860591443
745,7.0,73.0,0.0,73.0,3.0,0.3124487689648274,15.347537374879257
746,7.0,74.0,0.0,74.0,0.0,0.0,15.347537374879257
747,7.0,75.0,0.0,75.0,3.0,0.12846371562476425,15.476001090504022
748,7.0,76.0,0.0,76.0,1.0,0.11184940162260157,15.587850492126623
749,7.0,77.0,0.0,77.0,3.0,0.5983165769124134,16.186167069039037
750,7.0,78.0,0.0,78.0,3.0,0.3813698300550875,16.567536899094126
751,7.0,79.0,0.0,79.0,3.0,0.0,16.567536899094126
752,7.0,80.0,0.0,80.0,3.0,0.2794877389564897,16.847024638050616
753,7.0,81.0,0.0,81.0,3.0,0.0,16.847024638050616
754,7.0,82.0,0.0,82.0,6.0,0.525530725813632,17.372555363864247
755,7.0,83.0,0.0,83.0,6.0,0.5609494988696637,17.933504862733912
756,7.0,84.0,0.0,84.0,6.0,0.04941931180611817,17.98292417454003
757,7.0,85.0,0.0,85.0,6.0,0.40586275112066333,18.388786925660693
758,7.0,86.0,0.0,86.0,6.0,0.1370475401392327,18.525834465799925
759,7.0,87.0,0.0,87.0,6.0,0.19720425874379977,18.723038724543724
760,7.0,88.0,0.0,88.0,6.0,0.36348110977950954,19.086519834323234
761,7.0,89.0,0.0,89.0,6.0,0.592467301916092,19.678987136239325
762,7.0,90.0,0.0,90.0,6.0,0.029858941276052695,19.70884607751538
763,7.0,91.0,0.0,91.0,6.0,0.18466604549596066,19.893512123011337
764,7.0,92.0,0.0,92.0,6.0,0.8113111970305757,20.704823320041914
765,7.0,93.0,0.0,93.0,6.0,0.46761061637242407,21.17243393641434
766,7.0,94.0,0.0,94.0,6.0,0.2091349837990253,21.381568920213365
767,7.0,95.0,0.0,95.0,6.0,0.20751175649518033,21.589080676708544
768,8.0,0.0,0.0,0.0,0.0,0.12325565854824504,0.12325565854824504
769,8.0,1.0,0.0,1.0,1.0,0.2975171656525792,0.42077282420082424
770,8.0,2.0,0.0,2.0,2.0,0.0,0.42077282420082424
771,8.0,3.0,0.0,3.0,3.0,0.25537726099248537,0.6761500851933095
772,8.0,4.0,0.0,4.0,4.0,0.05778005683271747,0.733930142026027
773,8.0,5.0,0.0,5.0,5.0,0.05296194787752387,0.7868920899035509
774,8.0,6.0,0.0,6.0,6.0,0.41014276344445866,1.1970348533480095
775,8.0,7.0,0.0,7.0,7.0,0.3705421398642408,1.5675769932122503
776,8.0,8.0,0.0,8.0,6.0,0.5609494988696637,2.128526492081914
777,8.0,9.0,0.0,9.0,7.0,0.0,2.128526492081914
778,8.0,10.0,0.0,10.0,6.0,0.7330812715508707,2.8616077636327844
779,8.0,11.0,0.0,11.0,6.0,0.14418838926849195,3.005796152901276
780,8.0,12.0,0.0,12.0,1.0,0.09468128799662574,3.100477440897902
781,8.0,13.0,0.0,13.0,3.0,0.6916736699244181,3.79215111082232
782,8.0,14.0,0.0,14.0,3.0,0.14589548209890857,3.9380465929212285
783,8.0,15.0,0.0,15.0,6.0,0.592467301916092,4.530513894837321
784,8.0,16.0,0.0,16.0,6.0,0.6681191236917254,5.198633018529046
785,8.0,17.0,0.0,17.0,6.0,0.46761061637242407,5.66624363490147
786,8.0,18.0,0.0,18.0,6.0,0.08544920153663012,5.7516928364380995
787,8.0,19.0,0.0,19.0,3.0,0.10860300214653837,5.860295838584638
788,8.0,20.0,0.0,20.0,6.0,0.1938598477639666,6.054155686348604
789,8.0,21.0,0.0,21.0,0.0,0.2947614129510977,6.348917099299702
790,8.0,22.0,0.0,22.0,6.0,0.5199951664423675,6.868912265742069
791,8.0,23.0,0.0,23.0,6.0,0.0,6.868912265742069
792,8.0,24.0,0.0,24.0,0.0,0.12503130792408373,6.993943573666153
793,8.0,25.0,0.0,25.0,4.0,0.0456160838408476,7.0395596575070005
794,8.0,26.0,0.0,26.0,5.0,0.27855042756309173,7.318110085070092
795,8.0,27.0,0.0,27.0,3.0,0.47254251673467496,7.7906526018047675
796,8.0,28.0,0.0,28.0,3.0,0.8079320082078706,8.598584610012638
797,8.0,29.0,0.0,29.0,3.0,0.06695124930527994,8.665535859317918
798,8.0,30.0,0.0,30.0,3.0,0.08263274320301577,8.748168602520934
799,8.0,31.0,0.0,31.0,1.0,0.4208360768007997,9.169004679321734
800,8.0,32.0,0.0,32.0,1.0,0.18474591588561104,9.353750595207345
801,8.0,33.0,0.0,33.0,6.0,0.0,9.353750595207345
802,8.0,34.0,0.0,34.0,7.0,0.5762895628867217,9.930040158094066
803,8.0,35.0,0.0,35.0,7.0,0.15884992243992793,10.088890080533993
804,8.0,36.0,0.0,36.0,7.0,0.0,10.088890080533993
805,8.0,37.0,0.0,37.0,5.0,0.0,10.088890080533993
806,8.0,38.0,0.0,38.0,6.0,0.019802180604578484,10.108692261138572
807,8.0,39.0,0.0,39.0,3.0,0.27979422998214515,10.388486491120716
808,8.0,40.0,0.0,40.0,2.0,0.14626881783373236,10.534755308954448
809,8.0,41.0,0.0,41.0,1.0,0.0766334705336081,10.611388779488056
810,8.0,42.0,0.0,42.0,3.0,0.10567512643772035,10.717063905925777
811,8.0,43.0,0.0,43.0,6.0,0.04396724673097683,10.761031152656754
812,8.0,44.0,0.0,44.0,0.0,0.5485808382521186,11.309611990908872
813,8.0,45.0,0.0,45.0,0.0,0.18031182752271988,11.489923818431592
814,8.0,46.0,0.0,46.0,0.0,0.07309551109955656,11.563019329531148
815,8.0,47.0,0.0,47.0,3.0,0.0,11.563019329531148
816,8.0,48.0,0.0,48.0,6.0,0.5048327715259897,12.067852101057138
817,8.0,49.0,0.0,49.0,6.0,0.43814959519287755,12.506001696250015
818,8.0,50.0,0.0,50.0,6.0,0.40586275112066333,12.911864447370679
819,8.0,51.0,0.0,51.0,6.0,0.2030643176852566,13.114928765055936
820,8.0,52.0,0.0,52.0,6.0,0.22700732154927955,13.341936086605216
821,8.0,53.0,0.0,53.0,7.0,0.4478551091326492,13.789791195737864
822,8.0,54.0,0.0,54.0,7.0,0.18383185769136598,13.97362305342923
823,8.0,55.0,0.0,55.0,6.0,0.19275096950199988,14.166374022931231
824,8.0,56.0,0.0,56.0,1.0,0.0,14.166374022931231
825,8.0,57.0,0.0,57.0,7.0,0.6946860763679339,14.861060099299165
826,8.0,58.0,0.0,58.0,7.0,0.03966389497905114,14.900723994278216
827,8.0,59.0,0.0,59.0,7.0,0.21288313045197185,15.113607124730189
828,8.0,60.0,0.0,60.0,6.0,0.3116598759686686,15.425267000698858
829,8.0,61.0,0.0,61.0,6.0,0.0,15.425267000698858
830,8.0,62.0,0.0,62.0,0.0,0.12364928192121198,15.54891628262007
831,8.0,63.0,0.0,63.0,2.0,0.2992414906149762,15.848157773235046
832,8.0,64.0,0.0,64.0,2.0,0.08011626779528125,15.928274041030328
833,8.0,65.0,0.0,65.0,7.0,0.0,15.928274041030328
834,8.0,66.0,0.0,66.0,3.0,0.10133948080521624,16.029613521835543
835,8.0,67.0,0.0,67.0,6.0,0.525530725813632,16.555144247649174
836,8.0,68.0,0.0,68.0,6.0,0.14053761898862807,16.695681866637802
837,8.0,69.0,0.0,69.0,6.0,0.19720425874379977,16.8928861253816
838,8.0,70.0,0.0,70.0,4.0,0.005519628586349254,16.89840575396795
839,8.0,71.0,0.0,71.0,3.0,0.025510018405371447,16.92391577237332
840,8.0,72.0,0.0,72.0,6.0,0.12662947121033713,17.050545243583656
841,8.0,73.0,0.0,73.0,5.0,0.05134333965898673,17.101888583242644
842,8.0,74.0,0.0,74.0,0.0,0.034072549832249714,17.135961133074893
843,8.0,75.0,0.0,75.0,7.0,0.15961076329720134,17.295571896372095
844,8.0,76.0,0.0,76.0,6.0,0.1350995944228713,17.430671490794968
845,8.0,77.0,0.0,77.0,6.0,0.1440283701753274,17.574699860970295
846,8.0,78.0,0.0,78.0,1.0,0.15225671869257557,17.726956579662872
847,8.0,79.0,0.0,79.0,2.0,0.17377914745726974,17.900735727120143
848,8.0,80.0,0.0,80.0,7.0,0.16322828692812405,18.063964014048267
849,8.0,81.0,0.0,81.0,3.0,0.0,18.063964014048267
850,8.0,82.0,0.0,82.0,6.0,0.029858941276052695,18.09382295532432
851,8.0,83.0,0.0,83.0,7.0,0.04239551508702711,18.136218470411347
852,8.0,84.0,0.0,84.0,6.0,0.0989051148392537,18.2351235852506
853,8.0,85.0,0.0,85.0,0.0,0.0,18.2351235852506
854,8.0,86.0,0.0,86.0,1.0,0.06877401020269108,18.303897595453293
855,8.0,87.0,0.0,87.0,2.0,0.0,18.303897595453293
856,8.0,88.0,0.0,88.0,6.0,0.002161454739645614,18.30605905019294
857,8.0,89.0,0.0,89.0,3.0,0.07173524956865848,18.377794299761597
858,8.0,90.0,0.0,90.0,6.0,0.23042860433100323,18.6082229040926
859,8.0,91.0,0.0,91.0,7.0,0.11139279735658204,18.719615701449182
860,8.0,92.0,0.0,92.0,6.0,0.7074564648856323,19.427072166334813
861,8.0,93.0,0.0,93.0,6.0,0.2091349837990253,19.63620715013384
862,8.0,94.0,0.0,94.0,6.0,0.8113111970305757,20.447518347164415
863,8.0,95.0,0.0,95.0,6.0,0.2245370227069958,20.672055369871412
864,9.0,0.0,0.0,0.0,0.0,0.031745572507859386,0.031745572507859386
865,9.0,1.0,0.0,1.0,1.0,0.0,0.031745572507859386
866,9.0,2.0,0.0,2.0,2.0,0.40138850547070165,0.433134077978561
867,9.0,3.0,0.0,3.0,3.0,0.04102795575974671,0.47416203373830773
868,9.0,4.0,0.0,4.0,4.0,0.05283876478085068,0.5270007985191584
869,9.0,5.0,0.0,5.0,5.0,0.5289754288227388,1.0559762273418971
870,9.0,6.0,0.0,6.0,6.0,0.3731406200505958,1.429116847392493
871,9.0,7.0,0.0,7.0,7.0,0.12476591514236375,1.5538827625348566
872,9.0,8.0,0.0,8.0,5.0,0.09069293668371073,1.6445756992185674
873,9.0,9.0,0.0,9.0,2.0,0.1588172883297803,1.8033929875483476
874,9.0,10.0,0.0,10.0,6.0,0.14418838926849195,1.9475813768168395
875,9.0,11.0,0.0,11.0,5.0,0.0,1.9475813768168395
876,9.0,12.0,0.0,12.0,2.0,0.2641208848836428,2.2117022617004825
877,9.0,13.0,0.0,13.0,7.0,0.15961076329720134,2.3713130249976837
878,9.0,14.0,0.0,14.0,6.0,0.2888924503251035,2.6602054753227873
879,9.0,15.0,0.0,15.0,2.0,0.3981486247182143,3.0583541000410017
880,9.0,16.0,0.0,16.0,6.0,0.39899739331314654,3.4573514933541483
881,9.0,17.0,0.0,17.0,2.0,0.1972278864460845,3.6545793798002326
882,9.0,18.0,0.0,18.0,4.0,0.15027538281192757,3.8048547626121603
883,9.0,19.0,0.0,19.0,6.0,0.18466604549596066,3.989520808108121
884,9.0,20.0,0.0,20.0,3.0,0.07352085026470992,4.063041658372831
885,9.0,21.0,0.0,21.0,0.0,0.10452931469019261,4.1675709730630235
886,9.0,22.0,0.0,22.0,2.0,0.4120778195142538,4.579648792577277
887,9.0,23.0,0.0,23.0,2.0,0.08113905787797616,4.660787850455254
888,9.0,24.0,0.0,24.0,6.0,0.0,4.660787850455254
889,9.0,25.0,0.0,25.0,1.0,0.38990649885735673,5.050694349312611
890,9.0,26.0,0.0,26.0,1.0,0.0,5.050694349312611
891,9.0,27.0,0.0,27.0,7.0,0.0741373058509058,5.124831655163517
892,9.0,28.0,0.0,28.0,5.0,0.4034908793754677,5.528322534538985
893,9.0,29.0,0.0,29.0,5.0,0.0,5.528322534538985
894,9.0,30.0,0.0,30.0,2.0,0.08011626779528125,5.608438802334266
895,9.0,31.0,0.0,31.0,4.0,0.35306467064568264,5.961503472979949
896,9.0,32.0,0.0,32.0,4.0,0.6928212275644872,6.654324700544436
897,9.0,33.0,0.0,33.0,4.0,0.15383977509268065,6.808164475637116
898,9.0,34.0,0.0,34.0,4.0,0.0,6.808164475637116
899,9.0,35.0,0.0,35.0,4.0,0.6296318563139507,7.437796331951066
900,9.0,36.0,0.0,36.0,4.0,0.04666036375174277,7.484456695702809
901,9.0,37.0,0.0,37.0,4.0,0.08739218446663143,7.571848880169441
902,9.0,38.0,0.0,38.0,6.0,0.5211461016164569,8.092994981785898
903,9.0,39.0,0.0,39.0,6.0,0.5048327715259897,8.597827753311888
904,9.0,40.0,0.0,40.0,6.0,0.12433874510598864,8.722166498417877
905,9.0,41.0,0.0,41.0,6.0,0.012116503352960235,8.734283001770837
906,9.0,42.0,0.0,42.0,5.0,0.12956159087489713,8.863844592645734
907,9.0,43.0,0.0,43.0,2.0,0.04961298748480245,8.913457580130537
908,9.0,44.0,0.0,44.0,0.0,0.16065957806136022,9.074117158191896
909,9.0,45.0,0.0,45.0,1.0,0.21643836357841792,9.290555521770314
910,9.0,46.0,0.0,46.0,6.0,0.2380098281042837,9.528565349874597
911,9.0,47.0,0.0,47.0,3.0,0.2032469793155898,9.731812329190188
912,9.0,48.0,0.0,48.0,7.0,0.2094357913069121,9.9412481204971
913,9.0,49.0,0.0,49.0,4.0,0.3482376111706019,10.289485731667702
914,9.0,50.0,0.0,50.0,4.0,0.2965977540714963,10.586083485739199
915,9.0,51.0,0.0,51.0,4.0,0.35662687216539196,10.942710357904591
916,9.0,52.0,0.0,52.0,4.0,0.0,10.942710357904591
917,9.0,53.0,0.0,53.0,6.0,0.29928972735028064,11.242000085254872
918,9.0,54.0,0.0,54.0,6.0,0.20751175649518033,11.449511841750052
919,9.0,55.0,0.0,55.0,1.0,0.06877401020269108,11.518285851952744
920,9.0,56.0,0.0,56.0,5.0,0.21582234885179488,11.734108200804538
921,9.0,57.0,0.0,57.0,3.0,0.0,11.734108200804538
922,9.0,58.0,0.0,58.0,2.0,0.11327101634064082,11.847379217145178
923,9.0,59.0,0.0,59.0,6.0,0.5398005436791784,12.387179760824356
924,9.0,60.0,0.0,60.0,6.0,0.2624626141648409,12.649642374989197
925,9.0,61.0,0.0,61.0,6.0,0.1370475401392327,12.786689915128429
926,9.0,62.0,0.0,62.0,7.0,0.314479252098775,13.101169167227203
927,9.0,63.0,0.0,63.0,7.0,0.08463113415129656,13.1858003013785
928,9.0,64.0,0.0,64.0,6.0,0.08544920153663012,13.27124950291513
929,9.0,65.0,0.0,65.0,0.0,0.04177638852618539,13.313025891441315
930,9.0,66.0,0.0,66.0,5.0,0.0908247463196243,13.40385063776094
931,9.0,67.0,0.0,67.0,4.0,0.619788147899107,14.023638785660047
932,9.0,68.0,0.0,68.0,4.0,0.6273379479591693,14.650976733619217
933,9.0,69.0,0.0,69.0,4.0,0.08483909213874269,14.73581582575796
934,9.0,70.0,0.0,70.0,4.0,0.181316232947323,14.917132058705283
935,9.0,71.0,0.0,71.0,4.0,0.03512950138498507,14.952261560090268
936,9.0,72.0,0.0,72.0,4.0,0.06660229217274866,15.018863852263015
937,9.0,73.0,0.0,73.0,6.0,0.754797882045112,15.773661734308128
938,9.0,74.0,0.0,74.0,6.0,0.09243667781140737,15.866098412119536
939,9.0,75.0,0.0,75.0,6.0,0.0,15.866098412119536
940,9.0,76.0,0.0,76.0,2.0,0.7068413165322392,16.572939728651775
941,9.0,77.0,0.0,77.0,2.0,0.07046722414389026,16.643406952795665
942,9.0,78.0,0.0,78.0,2.0,0.1731947690353173,16.81660172183098
943,9.0,79.0,0.0,79.0,2.0,0.1113616455486472,16.92796336737963
944,9.0,80.0,0.0,80.0,6.0,0.0,16.92796336737963
945,9.0,81.0,0.0,81.0,4.0,0.29965634577184486,17.227619713151473
946,9.0,82.0,0.0,82.0,4.0,0.5370312334100855,17.76465094656156
947,9.0,83.0,0.0,83.0,4.0,0.07493619689443067,17.83958714345599
948,9.0,84.0,0.0,84.0,4.0,0.42565478925164,18.26524193270763
949,9.0,85.0,0.0,85.0,4.0,0.2742259822986554,18.539467915006288
950,9.0,86.0,0.0,86.0,4.0,0.12626645153161312,18.6657343665379
951,9.0,87.0,0.0,87.0,7.0,0.658941602314391,19.324675968852294
952,9.0,88.0,0.0,88.0,7.0,0.0,19.324675968852294
953,9.0,89.0,0.0,89.0,7.0,0.0,19.324675968852294
954,9.0,90.0,0.0,90.0,2.0,0.5913394163650157,19.91601538521731
955,9.0,91.0,0.0,91.0,2.0,0.537148762474358,20.45316414769167
956,9.0,92.0,0.0,92.0,2.0,0.587687788672903,21.04085193636457
957,9.0,93.0,0.0,93.0,2.0,0.6027562012237242,21.643608137588295
958,9.0,94.0,0.0,94.0,2.0,0.032480183465739686,21.676088321054035
959,9.0,95.0,0.0,95.0,2.0,0.41746763913831586,22.09355596019235
960,10.0,0.0,0.0,0.0,0.0,0.04497487212076914,0.04497487212076914
961,10.0,1.0,0.0,1.0,1.0,0.5325149437924254,0.5774898159131945
962,10.0,2.0,0.0,2.0,2.0,0.14626881783373236,0.7237586337469268
963,10.0,3.0,0.0,3.0,3.0,0.1800108644972652,0.9037694982441921
964,10.0,4.0,0.0,4.0,4.0,0.0,0.9037694982441921
965,10.0,5.0,0.0,5.0,5.0,0.001891977950375154,0.9056614761945672
966,10.0,6.0,0.0,6.0,6.0,0.38478252254705636,1.2904439987416234
967,10.0,7.0,0.0,7.0,7.0,0.17451046426450795,1.4649544630061313
968,10.0,8.0,0.0,8.0,1.0,0.2107072265151842,1.6756616895213154
969,10.0,9.0,0.0,9.0,6.0,0.07179891276627816,1.7474606022875936
970,10.0,10.0,0.0,10.0,1.0,0.39739577573671786,2.1448563780243113
971,10.0,11.0,0.0,11.0,3.0,0.09270862586868636,2.2375650038929975
972,10.0,12.0,0.0,12.0,7.0,0.0056253172433511625,2.243190321136349
973,10.0,13.0,0.0,13.0,1.0,0.0,2.243190321136349
974,10.0,14.0,0.0,14.0,2.0,0.1670621200099897,2.4102524411463384
975,10.0,15.0,0.0,15.0,6.0,0.0206337541478017,2.43088619529414
976,10.0,16.0,0.0,16.0,0.0,0.0,2.43088619529414
977,10.0,17.0,0.0,17.0,1.0,0.04845925959332829,2.4793454548874685
978,10.0,18.0,0.0,18.0,2.0,0.289774682159023,2.7691201370464915
979,10.0,19.0,0.0,19.0,5.0,0.1011811837154788,2.8703013207619703
980,10.0,20.0,0.0,20.0,4.0,0.3845164824990986,3.254817803261069
981,10.0,21.0,0.0,21.0,4.0,0.1365648802244922,3.391382683485561
982,10.0,22.0,0.0,22.0,3.0,0.12506065997339402,3.5164433434589553
983,10.0,23.0,0.0,23.0,2.0,0.0,3.5164433434589553
984,10.0,24.0,0.0,24.0,4.0,0.0,3.5164433434589553
985,10.0,25.0,0.0,25.0,1.0,0.1250648719057287,3.641508215364684
986,10.0,26.0,0.0,26.0,6.0,0.08544920153663012,3.726957416901314
987,10.0,27.0,0.0,27.0,7.0,0.018202433303999167,3.745159850205313
988,10.0,28.0,0.0,28.0,1.0,0.4978298030149915,4.242989653220304
989,10.0,29.0,0.0,29.0,1.0,0.39051636555348407,4.633506018773788
990,10.0,30.0,0.0,30.0,1.0,0.640526367398124,5.274032386171912
991,10.0,31.0,0.0,31.0,1.0,0.1252470864872485,5.399279472659161
992,10.0,32.0,0.0,32.0,1.0,0.2977196118715112,5.696999084530672
993,10.0,33.0,0.0,33.0,1.0,0.15694390699350397,5.8539429915241765
994,10.0,34.0,0.0,34.0,1.0,0.3461068524360502,6.200049843960227
995,10.0,35.0,0.0,35.0,1.0,0.0,6.200049843960227
996,10.0,36.0,0.0,36.0,3.0,0.08963784878726973,6.2896876927474965
997,10.0,37.0,0.0,37.0,5.0,0.21582234885179488,6.505510041599291
998,10.0,38.0,0.0,38.0,1.0,0.27119035406226066,6.7767003956615515
999,10.0,39.0,0.0,39.0,2.0,0.537148762474358,7.313849158135909
1000,10.0,40.0,0.0,40.0,2.0,0.3004714236147025,7.614320581750611
1001,10.0,41.0,0.0,41.0,2.0,0.0,7.614320581750611
1002,10.0,42.0,0.0,42.0,1.0,0.29885514167787697,7.9131757234284885
1003,10.0,43.0,0.0,43.0,1.0,0.09843267325163044,8.011608396680119
1004,10.0,44.0,0.0,44.0,5.0,0.11740694843157064,8.12901534511169
1005,10.0,45.0,0.0,45.0,2.0,0.7068413165322392,8.835856661643929
1006,10.0,46.0,0.0,46.0,2.0,0.14808157325436302,8.983938234898291
1007,10.0,47.0,0.0,47.0,2.0,0.05893971598014328,9.042877950878434
1008,10.0,48.0,0.0,48.0,2.0,0.13810536010235094,9.180983310980785
1009,10.0,49.0,0.0,49.0,6.0,0.2091349837990253,9.39011829477981
1010,10.0,50.0,0.0,50.0,1.0,0.2975171656525792,9.68763546043239
1011,10.0,51.0,0.0,51.0,1.0,0.0,9.68763546043239
1012,10.0,52.0,0.0,52.0,4.0,0.0456160838408476,9.733251544273237
1013,10.0,53.0,0.0,53.0,6.0,0.2888924503251035,10.022143994598341
1014,10.0,54.0,0.0,54.0,6.0,0.25249491253368417,10.274638907132026
1015,10.0,55.0,0.0,55.0,2.0,0.40117548832375627,10.675814395455783
1016,10.0,56.0,0.0,56.0,2.0,0.4604115321070168,11.1362259275628
1017,10.0,57.0,0.0,57.0,2.0,0.0,11.1362259275628
1018,10.0,58.0,0.0,58.0,6.0,0.2355975950006196,11.37182352256342
1019,10.0,59.0,0.0,59.0,0.0,0.0,11.37182352256342
1020,10.0,60.0,0.0,60.0,2.0,0.5537602076296071,11.925583730193026
1021,10.0,61.0,0.0,61.0,2.0,0.0,11.925583730193026
1022,10.0,62.0,0.0,62.0,3.0,0.028731351967359188,11.954315082160385
1023,10.0,63.0,0.0,63.0,6.0,0.012116503352960235,11.966431585513345
1024,10.0,64.0,0.0,64.0,2.0,0.20274467364983373,12.169176259163178
1025,10.0,65.0,0.0,65.0,1.0,0.11338444405026506,12.282560703213443
1026,10.0,66.0,0.0,66.0,2.0,0.0984534186733431,12.381014121886786
1027,10.0,67.0,0.0,67.0,5.0,0.0,12.381014121886786
1028,10.0,68.0,0.0,68.0,7.0,0.16322828692812405,12.54424240881491
1029,10.0,69.0,0.0,69.0,1.0,0.3409891715042017,12.885231580319111
1030,10.0,70.0,0.0,70.0,1.0,0.1581141854724727,13.043345765791583
1031,10.0,71.0,0.0,71.0,2.0,0.0,13.043345765791583
1032,10.0,72.0,0.0,72.0,1.0,0.23376214866150832,13.277107914453092
1033,10.0,73.0,0.0,73.0,1.0,0.0766334705336081,13.3537413849867
1034,10.0,74.0,0.0,74.0,7.0,0.45856256848509114,13.81230395347179
1035,10.0,75.0,0.0,75.0,7.0,0.2020575551425499,14.014361508614341
1036,10.0,76.0,0.0,76.0,7.0,0.0,14.014361508614341
1037,10.0,77.0,0.0,77.0,6.0,0.398606424860819,14.41296793347516
1038,10.0,78.0,0.0,78.0,6.0,0.46621206372626145,14.879179997201422
1039,10.0,79.0,0.0,79.0,6.0,0.46761061637242407,15.346790613573846
1040,10.0,80.0,0.0,80.0,6.0,0.5398005436791784,15.886591157253024
1041,10.0,81.0,0.0,81.0,6.0,0.36348110977950954,16.250072267032532
1042,10.0,82.0,0.0,82.0,6.0,0.5609494988696637,16.811021765902197
1043,10.0,83.0,0.0,83.0,6.0,0.06692797541129325,16.87794974131349
1044,10.0,84.0,0.0,84.0,6.0,0.45154853925075483,17.329498280564245
1045,10.0,85.0,0.0,85.0,6.0,0.002161454739645614,17.33165973530389
1046,10.0,86.0,0.0,86.0,6.0,0.3045366457502025,17.636196381054095
1047,10.0,87.0,0.0,87.0,6.0,0.04941931180611817,17.685615692860214
1048,10.0,88.0,0.0,88.0,6.0,0.4832391209848758,18.16885481384509
1049,10.0,89.0,0.0,89.0,6.0,0.5064850022994652,18.675339816144557
1050,10.0,90.0,0.0,90.0,6.0,0.02152766918353003,18.696867485328088
1051,10.0,91.0,0.0,91.0,6.0,0.2690884433507071,18.965955928678795
1052,10.0,92.0,0.0,92.0,6.0,0.08326994649709853,19.049225875175892
1053,10.0,93.0,0.0,93.0,6.0,0.38423498309596005,19.433460858271854
1054,10.0,94.0,0.0,94.0,6.0,0.0,19.433460858271854
1055,10.0,95.0,0.0,95.0,6.0,0.029858941276052695,19.463319799547907
1056,11.0,0.0,0.0,0.0,0.0,0.0,0.0
1057,11.0,1.0,0.0,1.0,1.0,0.0772841125499467,0.0772841125499467
1058,11.0,2.0,0.0,2.0,2.0,0.025277121047566284,0.10256123359751299
1059,11.0,3.0,0.0,3.0,3.0,0.09565973087312887,0.19822096447064186
1060,11.0,4.0,0.0,4.0,4.0,0.06660229217274866,0.2648232566433905
1061,11.0,5.0,0.0,5.0,5.0,0.16528919434875355,0.43011245099214407
1062,11.0,6.0,0.0,6.0,6.0,0.36348110977950954,0.7935935607716536
1063,11.0,7.0,0.0,7.0,7.0,0.0,0.7935935607716536
1064,11.0,8.0,0.0,8.0,6.0,0.0,0.7935935607716536
1065,11.0,9.0,0.0,9.0,5.0,0.18916438735281615,0.9827579481244697
1066,11.0,10.0,0.0,10.0,3.0,0.3530641579703023,1.335822106094772
1067,11.0,11.0,0.0,11.0,3.0,0.003936487151784531,1.3397585932465566
1068,11.0,12.0,0.0,12.0,1.0,0.09468128799662574,1.4344398812431822
1069,11.0,13.0,0.0,13.0,4.0,0.28146556337815226,1.7159054446213344
1070,11.0,14.0,0.0,14.0,6.0,0.5415728013366148,2.257478245957949
1071,11.0,15.0,0.0,15.0,6.0,0.2888924503251035,2.5463706962830526
1072,11.0,16.0,0.0,16.0,6.0,0.09243667781140737,2.6388073740944598
1073,11.0,17.0,0.0,17.0,5.0,0.1988526429963335,2.8376600170907933
1074,11.0,18.0,0.0,18.0,4.0,0.786538645224503,3.624198662315296
1075,11.0,19.0,0.0,19.0,4.0,0.0,3.624198662315296
1076,11.0,20.0,0.0,20.0,4.0,0.10016360891352999,3.7243622712288262
1077,11.0,21.0,0.0,21.0,2.0,0.07148233893511084,3.795844610163937
1078,11.0,22.0,0.0,22.0,0.0,0.1801451502088366,3.9759897603727734
1079,11.0,23.0,0.0,23.0,7.0,0.314479252098775,4.290469012471548
1080,11.0,24.0,0.0,24.0,7.0,0.26958034497069683,4.560049357442245
1081,11.0,25.0,0.0,25.0,7.0,0.3191817414767788,4.879231098919024
1082,11.0,26.0,0.0,26.0,6.0,0.46120539576978026,5.340436494688804
1083,11.0,27.0,0.0,27.0,6.0,0.25249491253368417,5.592931407222489
1084,11.0,28.0,0.0,28.0,7.0,0.0,5.592931407222489
1085,11.0,29.0,0.0,29.0,6.0,0.308924290481592,5.901855697704081
1086,11.0,30.0,0.0,30.0,5.0,0.4083245810104282,6.310180278714509
1087,11.0,31.0,0.0,31.0,5.0,0.008843280460235635,6.319023559174744
1088,11.0,32.0,0.0,32.0,4.0,0.16518765184318784,6.484211211017932
1089,11.0,33.0,0.0,33.0,6.0,0.2380098281042837,6.722221039122216
1090,11.0,34.0,0.0,34.0,6.0,0.002161454739645614,6.724382493861862
1091,11.0,35.0,0.0,35.0,0.0,0.04497487212076914,6.769357365982631
1092,11.0,36.0,0.0,36.0,3.0,0.25537726099248537,7.024734626975117
1093,11.0,37.0,0.0,37.0,1.0,0.4091289111380489,7.433863538113165
1094,11.0,38.0,0.0,38.0,1.0,0.1581141854724727,7.591977723585638
1095,11.0,39.0,0.0,39.0,4.0,0.07465631834671323,7.666634041932351
1096,11.0,40.0,0.0,40.0,1.0,0.1521898058916304,7.818823847823982
1097,11.0,41.0,0.0,41.0,3.0,0.31273620845765815,8.13156005628164
1098,11.0,42.0,0.0,42.0,3.0,0.10654364171625509,8.238103697997895
1099,11.0,43.0,0.0,43.0,5.0,0.0,8.238103697997895
1100,11.0,44.0,0.0,44.0,6.0,0.5048327715259897,8.742936469523885
1101,11.0,45.0,0.0,45.0,6.0,0.29928972735028064,9.042226196874166
1102,11.0,46.0,0.0,46.0,6.0,0.0206337541478017,9.062859951021968
1103,11.0,47.0,0.0,47.0,7.0,0.17451046426450795,9.237370415286476
1104,11.0,48.0,0.0,48.0,2.0,0.14808157325436302,9.385451988540838
1105,11.0,49.0,0.0,49.0,1.0,0.03476387852119797,9.420215867062037
1106,11.0,50.0,0.0,50.0,4.0,0.0,9.420215867062037
1107,11.0,51.0,0.0,51.0,6.0,0.3731406200505958,9.793356487112632
1108,11.0,52.0,0.0,52.0,6.0,0.2358206865923345,10.029177173704968
1109,11.0,53.0,0.0,53.0,6.0,0.5199951664423675,10.549172340147335
1110,11.0,54.0,0.0,54.0,6.0,0.31122773400729964,10.860400074154635
1111,11.0,55.0,0.0,55.0,6.0,0.012576657579367172,10.872976731734003
1112,11.0,56.0,0.0,56.0,3.0,0.17859802399158817,11.051574755725591
1113,11.0,57.0,0.0,57.0,6.0,0.09260082505258796,11.144175580778178
1114,11.0,58.0,0.0,58.0,7.0,0.34149124243916545,11.485666823217343
1115,11.0,59.0,0.0,59.0,7.0,0.08816257292987052,11.573829396147215
1116,11.0,60.0,0.0,60.0,3.0,0.1595965695819533,11.733425965729168
1117,11.0,61.0,0.0,61.0,6.0,0.36321665879061876,12.096642624519786
1118,11.0,62.0,0.0,62.0,6.0,0.7330812715508707,12.829723896070657
1119,11.0,63.0,0.0,63.0,6.0,0.8113111970305757,13.641035093101234
1120,11.0,64.0,0.0,64.0,6.0,0.5398005436791784,14.180835636780412
1121,11.0,65.0,0.0,65.0,6.0,0.7377651793174987,14.91860081609791
1122,11.0,66.0,0.0,66.0,6.0,0.05187143270467871,14.97047224880259
1123,11.0,67.0,0.0,67.0,6.0,0.04396724673097683,15.014439495533567
1124,11.0,68.0,0.0,68.0,6.0,0.0,15.014439495533567
1125,11.0,69.0,0.0,69.0,6.0,0.41014276344445866,15.424582258978026
1126,11.0,70.0,0.0,70.0,6.0,0.02152766918353003,15.446109928161556
1127,11.0,71.0,0.0,71.0,6.0,0.08544920153663012,15.531559129698186
1128,11.0,72.0,0.0,72.0,6.0,0.3116598759686686,15.843219005666855
1129,11.0,73.0,0.0,73.0,6.0,0.20751175649518033,16.050730762162036
1130,11.0,74.0,0.0,74.0,6.0,0.7615432087357681,16.812273970897806
1131,11.0,75.0,0.0,75.0,6.0,0.46655973523908206,17.278833706136886
1132,11.0,76.0,0.0,76.0,6.0,0.525530725813632,17.804364431950518
1133,11.0,77.0,0.0,77.0,6.0,0.030996621679545998,17.835361053630063
1134,11.0,78.0,0.0,78.0,6.0,0.528994261355651,18.364355314985715
1135,11.0,79.0,0.0,79.0,6.0,0.0,18.364355314985715
1136,11.0,80.0,0.0,80.0,6.0,0.470561563191029,18.834916878176745
1137,11.0,81.0,0.0,81.0,6.0,0.19275096950199988,19.027667847678746
1138,11.0,82.0,0.0,82.0,6.0,0.08326994649709853,19.110937794175843
1139,11.0,83.0,0.0,83.0,6.0,0.38478252254705636,19.4957203167229
1140,11.0,84.0,0.0,84.0,6.0,0.23958507229734452,19.735305389020244
1141,11.0,85.0,0.0,85.0,6.0,0.4832391209848758,20.21854451000512
1142,11.0,86.0,0.0,86.0,6.0,0.38423498309596005,20.60277949310108
1143,11.0,87.0,0.0,87.0,6.0,0.3286820084901565,20.931461501591237
1144,11.0,88.0,0.0,88.0,6.0,0.709114106247022,21.640575607838258
1145,11.0,89.0,0.0,89.0,6.0,0.12662947121033713,21.767205079048594
1146,11.0,90.0,0.0,90.0,6.0,0.39899739331314654,22.16620247236174
1147,11.0,91.0,0.0,91.0,6.0,0.43814959519287755,22.60435206755462
1148,11.0,92.0,0.0,92.0,6.0,0.15948567313383155,22.76383774068845
1149,11.0,93.0,0.0,93.0,6.0,0.18788376889070377,22.951721509579155
1150,11.0,94.0,0.0,94.0,6.0,0.398606424860819,23.350327934439974
1151,11.0,95.0,0.0,95.0,6.0,0.3152014117071101,23.665529346147085
1152,12.0,0.0,0.0,0.0,0.0,0.0,0.0
1153,12.0,1.0,0.0,1.0,1.0,0.39919928454817294,0.39919928454817294
1154,12.0,2.0,0.0,2.0,2.0,0.07046722414389026,0.46966650869206317
1155,12.0,3.0,0.0,3.0,3.0,0.48312616217283766,0.9527926708649008
1156,12.0,4.0,0.0,4.0,4.0,0.0,0.9527926708649008
1157,12.0,5.0,0.0,5.0,5.0,0.0,0.9527926708649008
1158,12.0,6.0,0.0,6.0,6.0,0.18788376889070377,1.1406764397556046
1159,12.0,7.0,0.0,7.0,7.0,0.24252754759834638,1.383203987353951
1160,12.0,8.0,0.0,8.0,3.0,0.0,1.383203987353951
1161,12.0,9.0,0.0,9.0,1.0,0.0,1.383203987353951
1162,12.0,10.0,0.0,10.0,7.0,0.11533761676746272,1.4985416041214137
1163,12.0,11.0,0.0,11.0,6.0,0.14418838926849195,1.6427299933899056
1164,12.0,12.0,0.0,12.0,3.0,0.09270862586868636,1.735438619258592
1165,12.0,13.0,0.0,13.0,2.0,0.08113905787797616,1.8165776771365683
1166,12.0,14.0,0.0,14.0,1.0,0.3728753173739762,2.1894529945105443
1167,12.0,15.0,0.0,15.0,1.0,0.236338495393307,2.4257914899038515
1168,12.0,16.0,0.0,16.0,7.0,0.7375721814246866,3.163363671328538
1169,12.0,17.0,0.0,17.0,7.0,0.21288313045197185,3.37624680178051
1170,12.0,18.0,0.0,18.0,7.0,0.03880437980675808,3.415051181587268
1171,12.0,19.0,0.0,19.0,6.0,0.002161454739645614,3.4172126363269135
1172,12.0,20.0,0.0,20.0,1.0,0.5350809140500077,3.952293550376921
1173,12.0,21.0,0.0,21.0,1.0,0.09843267325163044,4.050726223628551
1174,12.0,22.0,0.0,22.0,0.0,0.026462552773326972,4.077188776401878
1175,12.0,23.0,0.0,23.0,4.0,0.07128856318987772,4.148477339591756
1176,12.0,24.0,0.0,24.0,5.0,0.190094615722883,4.338571955314639
1177,12.0,25.0,0.0,25.0,7.0,0.0,4.338571955314639
1178,12.0,26.0,0.0,26.0,3.0,0.0,4.338571955314639
1179,12.0,27.0,0.0,27.0,1.0,0.24526319585689446,4.583835151171534
1180,12.0,28.0,0.0,28.0,1.0,0.028670031367413643,4.612505182538947
1181,12.0,29.0,0.0,29.0,5.0,0.015747168809085662,4.628252351348033
1182,12.0,30.0,0.0,30.0,2.0,0.07300531851332406,4.7012576698613575
1183,12.0,31.0,0.0,31.0,7.0,0.5762895628867217,5.277547232748079
1184,12.0,32.0,0.0,32.0,7.0,0.08463113415129656,5.362178366899375
1185,12.0,33.0,0.0,33.0,7.0,0.3497936611859112,5.711972028085286
1186,12.0,34.0,0.0,34.0,7.0,0.025365823974029863,5.737337852059317
1187,12.0,35.0,0.0,35.0,1.0,0.0772841125499467,5.814621964609263
1188,12.0,36.0,0.0,36.0,6.0,0.19330425654839078,6.007926221157654
1189,12.0,37.0,0.0,37.0,7.0,0.0056253172433511625,6.013551538401005
1190,12.0,38.0,0.0,38.0,3.0,0.0,6.013551538401005
1191,12.0,39.0,0.0,39.0,4.0,0.619788147899107,6.633339686300112
1192,12.0,40.0,0.0,40.0,4.0,0.5189731442966758,7.152312830596788
1193,12.0,41.0,0.0,41.0,4.0,0.31800611952542285,7.470318950122211
1194,12.0,42.0,0.0,42.0,4.0,0.1469609607874088,7.61727991090962
1195,12.0,43.0,0.0,43.0,4.0,0.0,7.61727991090962
1196,12.0,44.0,0.0,44.0,4.0,0.18805542412596601,7.805335335035585
1197,12.0,45.0,0.0,45.0,4.0,0.10016360891352999,7.905498943949115
1198,12.0,46.0,0.0,46.0,1.0,0.2107072265151842,8.116206170464299
1199,12.0,47.0,0.0,47.0,4.0,0.0456160838408476,8.161822254305147
1200,12.0,48.0,0.0,48.0,6.0,0.7330812715508707,8.894903525856018
1201,12.0,49.0,0.0,49.0,6.0,0.3116598759686686,9.206563401824686
1202,12.0,50.0,0.0,50.0,6.0,0.9633601102069204,10.169923512031607
1203,12.0,51.0,0.0,51.0,6.0,0.012576657579367172,10.182500169610975
1204,12.0,52.0,0.0,52.0,6.0,0.5415728013366148,10.72407297094759
1205,12.0,53.0,0.0,53.0,6.0,0.8206264844566112,11.544699455404201
1206,12.0,54.0,0.0,54.0,6.0,0.39899739331314654,11.943696848717348
1207,12.0,55.0,0.0,55.0,6.0,0.46761061637242407,12.411307465089772
1208,12.0,56.0,0.0,56.0,6.0,0.1938598477639666,12.60516731285374
1209,12.0,57.0,0.0,57.0,6.0,0.46120539576978026,13.06637270862352
1210,12.0,58.0,0.0,58.0,6.0,0.12433874510598864,13.19071145372951
1211,12.0,59.0,0.0,59.0,6.0,0.2030643176852566,13.393775771414766
1212,12.0,60.0,0.0,60.0,6.0,0.1350995944228713,13.528875365837639
1213,12.0,61.0,0.0,61.0,6.0,0.8113111970305757,14.340186562868215
1214,12.0,62.0,0.0,62.0,6.0,0.10821198863204971,14.448398551500265
1215,12.0,63.0,0.0,63.0,6.0,0.0,14.448398551500265
1216,12.0,64.0,0.0,64.0,6.0,0.46621206372626145,14.914610615226527
1217,12.0,65.0,0.0,65.0,6.0,0.14053761898862807,15.055148234215155
1218,12.0,66.0,0.0,66.0,6.0,0.0,15.055148234215155
1219,12.0,67.0,0.0,67.0,6.0,0.2355975950006196,15.290745829215775
1220,12.0,68.0,0.0,68.0,6.0,0.0,15.290745829215775
1221,12.0,69.0,0.0,69.0,6.0,0.38423498309596005,15.674980812311734
1222,12.0,70.0,0.0,70.0,6.0,0.45661860173922436,16.131599414050957
1223,12.0,71.0,0.0,71.0,6.0,0.2358206865923345,16.36742010064329
1224,12.0,72.0,0.0,72.0,6.0,0.1440283701753274,16.511448470818618
1225,12.0,73.0,0.0,73.0,6.0,0.5064850022994652,17.017933473118084
1226,12.0,74.0,0.0,74.0,6.0,0.0206337541478017,17.038567227265887
1227,12.0,75.0,0.0,75.0,6.0,0.5198631933975867,17.558430420663473
1228,12.0,76.0,0.0,76.0,6.0,0.46655973523908206,18.024990155902554
1229,12.0,77.0,0.0,77.0,6.0,0.38478252254705636,18.40977267844961
1230,12.0,78.0,0.0,78.0,6.0,0.2245370227069958,18.634309701156607
1231,12.0,79.0,0.0,79.0,6.0,0.2676282183690528,18.901937919525658
1232,12.0,80.0,0.0,80.0,6.0,0.08900059238186646,18.990938511907522
1233,12.0,81.0,0.0,81.0,6.0,0.0,18.990938511907522
1234,12.0,82.0,0.0,82.0,6.0,0.36321665879061876,19.354155170698142
1235,12.0,83.0,0.0,83.0,6.0,0.4832391209848758,19.83739429168302
1236,12.0,84.0,0.0,84.0,6.0,0.0,19.83739429168302
1237,12.0,85.0,0.0,85.0,1.0,0.09271436829694825,19.930108659979968
1238,12.0,86.0,0.0,86.0,6.0,0.7377651793174987,20.667873839297467
1239,12.0,87.0,0.0,87.0,6.0,0.4419319569723373,21.109805796269804
1240,12.0,88.0,0.0,88.0,6.0,0.7074564648856323,21.817262261155435
1241,12.0,89.0,0.0,89.0,6.0,0.5199951664423675,22.3372574275978
1242,12.0,90.0,0.0,90.0,6.0,0.709114106247022,23.046371533844823
1243,12.0,91.0,0.0,91.0,6.0,0.754797882045112,23.801169415889934
1244,12.0,92.0,0.0,92.0,6.0,0.08473142129368774,23.885900837183623
1245,12.0,93.0,0.0,93.0,6.0,0.0,23.885900837183623
1246,12.0,94.0,0.0,94.0,6.0,0.40586275112066333,24.291763588304285
1247,12.0,95.0,0.0,95.0,6.0,0.22700732154927955,24.518770909853565
1248,13.0,0.0,0.0,0.0,0.0,0.04067335314553405,0.04067335314553405
1249,13.0,1.0,0.0,1.0,1.0,0.39919928454817294,0.439872637693707
1250,13.0,2.0,0.0,2.0,2.0,0.0,0.439872637693707
1251,13.0,3.0,0.0,3.0,3.0,0.26914273809568673,0.7090153757893938
1252,13.0,4.0,0.0,4.0,4.0,0.786538645224503,1.4955540210138967
1253,13.0,5.0,0.0,5.0,5.0,0.16771754750020024,1.6632715685140969
1254,13.0,6.0,0.0,6.0,6.0,0.19330425654839078,1.8565758250624875
1255,13.0,7.0,0.0,7.0,7.0,0.3191817414767788,2.175757566539266
1256,13.0,8.0,0.0,8.0,4.0,0.2891704822674655,2.4649280488067316
1257,13.0,9.0,0.0,9.0,1.0,0.1521898058916304,2.617117854698362
1258,13.0,10.0,0.0,10.0,4.0,0.4262384419390214,3.0433562966373833
1259,13.0,11.0,0.0,11.0,7.0,0.0,3.0433562966373833
1260,13.0,12.0,0.0,12.0,4.0,0.12212621641662968,3.165482513054013
1261,13.0,13.0,0.0,13.0,3.0,0.3813698300550875,3.5468523431091006
1262,13.0,14.0,0.0,14.0,6.0,0.20751175649518033,3.754364099604281
1263,13.0,15.0,0.0,15.0,3.0,0.6012094297445113,4.355573529348792
1264,13.0,16.0,0.0,16.0,3.0,0.45250052602955393,4.808074055378346
1265,13.0,17.0,0.0,17.0,3.0,0.08263274320301577,4.890706798581362
1266,13.0,18.0,0.0,18.0,5.0,0.03503381451770802,4.9257406130990695
1267,13.0,19.0,0.0,19.0,4.0,0.1469609607874088,5.072701573886478
1268,13.0,20.0,0.0,20.0,1.0,0.1735308598711164,5.246232433757594
1269,13.0,21.0,0.0,21.0,3.0,0.03301525633795021,5.279247690095544
1270,13.0,22.0,0.0,22.0,4.0,0.7468916268125877,6.026139316908131
1271,13.0,23.0,0.0,23.0,4.0,0.0456160838408476,6.071755400748979
1272,13.0,24.0,0.0,24.0,4.0,0.15383977509268065,6.22559517584166
1273,13.0,25.0,0.0,25.0,6.0,0.528994261355651,6.7545894371973105
1274,13.0,26.0,0.0,26.0,6.0,0.4419319569723373,7.196521394169648
1275,13.0,27.0,0.0,27.0,6.0,0.46120539576978026,7.657726789939428
1276,13.0,28.0,0.0,28.0,6.0,0.12433874510598864,7.782065535045416
1277,13.0,29.0,0.0,29.0,0.0,0.0,7.782065535045416
1278,13.0,30.0,0.0,30.0,6.0,0.5064850022994652,8.288550537344882
1279,13.0,31.0,0.0,31.0,6.0,0.1370475401392327,8.425598077484114
1280,13.0,32.0,0.0,32.0,1.0,0.0,8.425598077484114
1281,13.0,33.0,0.0,33.0,4.0,0.5512595017927662,8.97685757927688
1282,13.0,34.0,0.0,34.0,4.0,0.6928212275644872,9.669678806841366
1283,13.0,35.0,0.0,35.0,4.0,0.08483909213874269,9.75451789898011
1284,13.0,36.0,0.0,36.0,4.0,0.0,9.75451789898011
1285,13.0,37.0,0.0,37.0,7.0,0.02758892282854971,9.782106821808659
1286,13.0,38.0,0.0,38.0,3.0,0.14589548209890857,9.928002303907567
1287,13.0,39.0,0.0,39.0,6.0,0.41014276344445866,10.338145067352025
1288,13.0,40.0,0.0,40.0,6.0,0.456597589962221,10.794742657314247
1289,13.0,41.0,0.0,41.0,6.0,0.07179891276627816,10.866541570080525
1290,13.0,42.0,0.0,42.0,2.0,0.5913394163650157,11.45788098644554
1291,13.0,43.0,0.0,43.0,2.0,0.4604115321070168,11.918292518552557
1292,13.0,44.0,0.0,44.0,2.0,0.1656307552320488,12.083923273784606
1293,13.0,45.0,0.0,45.0,2.0,0.20166360592346178,12.285586879708069
1294,13.0,46.0,0.0,46.0,2.0,0.20584383201305861,12.491430711721128
1295,13.0,47.0,0.0,47.0,4.0,0.19670552128951685,12.688136233010644
1296,13.0,48.0,0.0,48.0,2.0,0.289774682159023,12.977910915169666
1297,13.0,49.0,0.0,49.0,6.0,0.39899739331314654,13.376908308482813
1298,13.0,50.0,0.0,50.0,6.0,0.2030643176852566,13.57997262616807
1299,13.0,51.0,0.0,51.0,3.0,0.12697042011696535,13.706943046285035
1300,13.0,52.0,0.0,52.0,4.0,0.28146556337815226,13.988408609663187
1301,13.0,53.0,0.0,53.0,2.0,0.273959930967197,14.262368540630384
1302,13.0,54.0,0.0,54.0,6.0,0.060843244270408124,14.323211784900792
1303,13.0,55.0,0.0,55.0,4.0,0.15590532879380598,14.479117113694597
1304,13.0,56.0,0.0,56.0,5.0,0.02856175595510002,14.507678869649697
1305,13.0,57.0,0.0,57.0,2.0,0.3746667969555425,14.88234566660524
1306,13.0,58.0,0.0,58.0,2.0,0.3195571986524608,15.2019028652577
1307,13.0,59.0,0.0,59.0,2.0,0.15868138789215788,15.360584253149858
1308,13.0,60.0,0.0,60.0,4.0,0.3097901048969641,15.670374358046821
1309,13.0,61.0,0.0,61.0,3.0,0.5983165769124134,16.268690934959235
1310,13.0,62.0,0.0,62.0,3.0,0.7077056663835212,16.976396601342756
1311,13.0,63.0,0.0,63.0,3.0,0.06695124930527994,17.043347850648036
1312,13.0,64.0,0.0,64.0,3.0,0.10567512643772035,17.149022977085757
1313,13.0,65.0,0.0,65.0,3.0,0.12261651967535435,17.27163949676111
1314,13.0,66.0,0.0,66.0,4.0,0.5243230454212805,17.79596254218239
1315,13.0,67.0,0.0,67.0,4.0,0.0,17.79596254218239
1316,13.0,68.0,0.0,68.0,6.0,0.3045366457502025,18.100499187932595
1317,13.0,69.0,0.0,69.0,1.0,0.0,18.100499187932595
1318,13.0,70.0,0.0,70.0,6.0,0.525530725813632,18.626029913746226
1319,13.0,71.0,0.0,71.0,6.0,0.25249491253368417,18.87852482627991
1320,13.0,72.0,0.0,72.0,6.0,0.2091349837990253,19.087659810078936
1321,13.0,73.0,0.0,73.0,2.0,0.0,19.087659810078936
1322,13.0,74.0,0.0,74.0,4.0,0.35410539327964946,19.441765203358585
1323,13.0,75.0,0.0,75.0,4.0,0.3376566388633923,19.77942184222198
1324,13.0,76.0,0.0,76.0,6.0,0.4832391209848758,20.262660963206855
1325,13.0,77.0,0.0,77.0,6.0,0.15948567313383155,20.42214663634069
1326,13.0,78.0,0.0,78.0,3.0,0.24065638461266484,20.662803020953355
1327,13.0,79.0,0.0,79.0,4.0,0.15261367299991715,20.81541669395327
1328,13.0,80.0,0.0,80.0,6.0,0.15870422142553076,20.9741209153788
1329,13.0,81.0,0.0,81.0,3.0,0.31273620845765815,21.28685712383646
1330,13.0,82.0,0.0,82.0,3.0,0.2285348190821269,21.515391942918587
1331,13.0,83.0,0.0,83.0,4.0,0.26227852312629674,21.777670466044885
1332,13.0,84.0,0.0,84.0,6.0,0.19275096950199988,21.970421435546886
1333,13.0,85.0,0.0,85.0,4.0,0.35662687216539196,22.32704830771228
1334,13.0,86.0,0.0,86.0,4.0,0.10016360891352999,22.427211916625808
1335,13.0,87.0,0.0,87.0,3.0,0.0,22.427211916625808
1336,13.0,88.0,0.0,88.0,7.0,0.03880437980675808,22.466016296432567
1337,13.0,89.0,0.0,89.0,6.0,0.04396724673097683,22.509983543163543
1338,13.0,90.0,0.0,90.0,2.0,0.2697227342029752,22.779706277366518
1339,13.0,91.0,0.0,91.0,4.0,0.6630452028905913,23.442751480257108
1340,13.0,92.0,0.0,92.0,4.0,0.2352620848249543,23.67801356508206
1341,13.0,93.0,0.0,93.0,4.0,0.04666036375174277,23.724673928833806
1342,13.0,94.0,0.0,94.0,2.0,0.40117548832375627,24.12584941715756
1343,13.0,95.0,0.0,95.0,2.0,0.4833660339380995,24.60921545109566
1344,14.0,0.0,0.0,0.0,0.0,0.034072549832249714,0.034072549832249714
1345,14.0,1.0,0.0,1.0,1.0,0.29471142430324837,0.3287839741354981
1346,14.0,2.0,0.0,2.0,2.0,0.39818203123925505,0.7269660053747531
1347,14.0,3.0,0.0,3.0,3.0,0.07608616683900467,0.8030521722137578
1348,14.0,4.0,0.0,4.0,4.0,0.0,0.8030521722137578
1349,14.0,5.0,0.0,5.0,5.0,0.3041591797941908,1.1072113520079485
1350,14.0,6.0,0.0,6.0,6.0,0.46761061637242407,1.5748219683803726
1351,14.0,7.0,0.0,7.0,7.0,0.0,1.5748219683803726
1352,14.0,8.0,0.0,8.0,6.0,0.3152014117071101,1.8900233800874826
1353,14.0,9.0,0.0,9.0,2.0,0.11796462285651328,2.007988002943996
1354,14.0,10.0,0.0,10.0,5.0,0.07041269781241034,2.078400700756406
1355,14.0,11.0,0.0,11.0,1.0,0.1252470864872485,2.2036477872436544
1356,14.0,12.0,0.0,12.0,6.0,0.15948567313383155,2.363133460377486
1357,14.0,13.0,0.0,13.0,2.0,0.40117548832375627,2.764308948701242
1358,14.0,14.0,0.0,14.0,6.0,0.3045366457502025,3.0688455944514446
1359,14.0,15.0,0.0,15.0,2.0,0.42591938102062793,3.4947649754720724
1360,14.0,16.0,0.0,16.0,2.0,0.0,3.4947649754720724
1361,14.0,17.0,0.0,17.0,3.0,0.12261651967535435,3.6173814951474266
1362,14.0,18.0,0.0,18.0,1.0,0.10131102734794921,3.7186925224953757
1363,14.0,19.0,0.0,19.0,6.0,0.6681191236917254,4.386811646187101
1364,14.0,20.0,0.0,20.0,6.0,0.0,4.386811646187101
1365,14.0,21.0,0.0,21.0,5.0,0.07527754375067446,4.4620891899377755
1366,14.0,22.0,0.0,22.0,0.0,0.04177638852618539,4.5038655784639605
1367,14.0,23.0,0.0,23.0,6.0,0.012116503352960235,4.5159820818169205
1368,14.0,24.0,0.0,24.0,4.0,0.0702652958566233,4.586247377673544
1369,14.0,25.0,0.0,25.0,7.0,0.0,4.586247377673544
1370,14.0,26.0,0.0,26.0,2.0,0.1905422112228126,4.7767895888963565
1371,14.0,27.0,0.0,27.0,6.0,0.0989051148392537,4.87569470373561
1372,14.0,28.0,0.0,28.0,1.0,0.21643836357841792,5.092133067314029
1373,14.0,29.0,0.0,29.0,2.0,0.0073944663165102,5.099527533630539
1374,14.0,30.0,0.0,30.0,3.0,0.19564670942873996,5.295174243059279
1375,14.0,31.0,0.0,31.0,5.0,0.03503381451770802,5.330208057576987
1376,14.0,32.0,0.0,32.0,1.0,0.4978298030149915,5.828037860591978
1377,14.0,33.0,0.0,33.0,1.0,0.1122698472049673,5.940307707796945
1378,14.0,34.0,0.0,34.0,6.0,0.528994261355651,6.469301969152596
1379,14.0,35.0,0.0,35.0,6.0,0.398606424860819,6.867908394013416
1380,14.0,36.0,0.0,36.0,6.0,0.12433874510598864,6.992247139119404
1381,14.0,37.0,0.0,37.0,6.0,0.0,6.992247139119404
1382,14.0,38.0,0.0,38.0,1.0,0.9959745150176808,7.988221654137084
1383,14.0,39.0,0.0,39.0,1.0,0.0766334705336081,8.064855124670693
1384,14.0,40.0,0.0,40.0,1.0,0.09767182935369328,8.162526954024386
1385,14.0,41.0,0.0,41.0,1.0,0.27391822828331297,8.436445182307699
1386,14.0,42.0,0.0,42.0,1.0,0.0,8.436445182307699
1387,14.0,43.0,0.0,43.0,3.0,0.18076898800776417,8.617214170315464
1388,14.0,44.0,0.0,44.0,2.0,0.3981486247182143,9.015362795033678
1389,14.0,45.0,0.0,45.0,2.0,0.0,9.015362795033678
1390,14.0,46.0,0.0,46.0,1.0,0.0,9.015362795033678
1391,14.0,47.0,0.0,47.0,6.0,0.19237477602684144,9.20773757106052
1392,14.0,48.0,0.0,48.0,3.0,0.47254251673467496,9.680280087795195
1393,14.0,49.0,0.0,49.0,3.0,0.2794877389564897,9.959767826751685
1394,14.0,50.0,0.0,50.0,3.0,0.0,9.959767826751685
1395,14.0,51.0,0.0,51.0,0.0,0.17361444276394056,10.133382269515625
1396,14.0,52.0,0.0,52.0,6.0,0.9633601102069204,11.096742379722546
1397,14.0,53.0,0.0,53.0,6.0,0.10821198863204971,11.204954368354596
1398,14.0,54.0,0.0,54.0,6.0,0.20751175649518033,11.412466124849775
1399,14.0,55.0,0.0,55.0,6.0,0.5721185095518746,11.98458463440165
1400,14.0,56.0,0.0,56.0,6.0,0.40586275112066333,12.390447385522313
1401,14.0,57.0,0.0,57.0,6.0,0.08326994649709853,12.473717332019412
1402,14.0,58.0,0.0,58.0,6.0,0.525530725813632,12.999248057833043
1403,14.0,59.0,0.0,59.0,6.0,0.8206264844566112,13.819874542289654
1404,14.0,60.0,0.0,60.0,6.0,0.3116598759686686,14.131534418258322
1405,14.0,61.0,0.0,61.0,6.0,0.20104993189686238,14.332584350155186
1406,14.0,62.0,0.0,62.0,6.0,0.3286820084901565,14.661266358645342
1407,14.0,63.0,0.0,63.0,6.0,0.7377651793174987,15.399031537962841
1408,14.0,64.0,0.0,64.0,6.0,0.10776919275082603,15.506800730713667
1409,14.0,65.0,0.0,65.0,6.0,0.41014276344445866,15.916943494158126
1410,14.0,66.0,0.0,66.0,6.0,0.2030643176852566,16.120007811843383
1411,14.0,67.0,0.0,67.0,6.0,0.456597589962221,16.576605401805605
1412,14.0,68.0,0.0,68.0,6.0,0.5198631933975867,17.09646859520319
1413,14.0,69.0,0.0,69.0,6.0,0.1440283701753274,17.24049696537852
1414,14.0,70.0,0.0,70.0,6.0,0.5415728013366148,17.782069766715132
1415,14.0,71.0,0.0,71.0,6.0,0.0,17.782069766715132
1416,14.0,72.0,0.0,72.0,6.0,0.45661860173922436,18.238688368454355
1417,14.0,73.0,0.0,73.0,6.0,0.709114106247022,18.947802474701376
1418,14.0,74.0,0.0,74.0,6.0,0.18216968160881716,19.129972156310192
1419,14.0,75.0,0.0,75.0,6.0,0.0,19.129972156310192
1420,14.0,76.0,0.0,76.0,6.0,0.12662947121033713,19.256601627520528
1421,14.0,77.0,0.0,77.0,6.0,0.754797882045112,20.01139950956564
1422,14.0,78.0,0.0,78.0,6.0,0.2624626141648409,20.273862123730478
1423,14.0,79.0,0.0,79.0,6.0,0.308924290481592,20.58278641421207
1424,14.0,80.0,0.0,80.0,6.0,0.19330425654839078,20.77609067076046
1425,14.0,81.0,0.0,81.0,6.0,0.38423498309596005,21.16032565385642
1426,14.0,82.0,0.0,82.0,6.0,0.08569355050034418,21.246019204356767
1427,14.0,83.0,0.0,83.0,6.0,0.18788376889070377,21.43390297324747
1428,14.0,84.0,0.0,84.0,6.0,0.0,21.43390297324747
1429,14.0,85.0,0.0,85.0,6.0,0.04396724673097683,21.477870219978445
1430,14.0,86.0,0.0,86.0,4.0,0.5370312334100855,22.014901453388532
1431,14.0,87.0,0.0,87.0,4.0,0.0,22.014901453388532
1432,14.0,88.0,0.0,88.0,4.0,0.786538645224503,22.801440098613035
1433,14.0,89.0,0.0,89.0,4.0,0.10013514850155053,22.901575247114586
1434,14.0,90.0,0.0,90.0,4.0,0.0,22.901575247114586
1435,14.0,91.0,0.0,91.0,4.0,0.0,22.901575247114586
1436,14.0,92.0,0.0,92.0,6.0,0.592467301916092,23.494042549030677
1437,14.0,93.0,0.0,93.0,6.0,0.7330812715508707,24.227123820581546
1438,14.0,94.0,0.0,94.0,6.0,0.11636299692256234,24.343486817504107
1439,14.0,95.0,0.0,95.0,6.0,0.4025312660474192,24.746018083551526
1440,15.0,0.0,0.0,0.0,0.0,0.0,0.0
1441,15.0,1.0,0.0,1.0,1.0,0.15606839806007136,0.15606839806007136
1442,15.0,2.0,0.0,2.0,2.0,0.4120778195142538,0.5681462175743252
1443,15.0,3.0,0.0,3.0,3.0,0.09270862586868636,0.6608548434430115
1444,15.0,4.0,0.0,4.0,4.0,0.6273379479591693,1.2881927914021807
1445,15.0,5.0,0.0,5.0,5.0,0.1405045273169124,1.428697318719093
1446,15.0,6.0,0.0,6.0,6.0,0.43814959519287755,1.8668469139119706
1447,15.0,7.0,0.0,7.0,7.0,0.12388247804213057,1.9907293919541011
1448,15.0,8.0,0.0,8.0,4.0,0.06660229217274866,2.05733168412685
1449,15.0,9.0,0.0,9.0,6.0,0.3116598759686686,2.3689915600955187
1450,15.0,10.0,0.0,10.0,2.0,0.5201526156790977,2.889144175774616
1451,15.0,11.0,0.0,11.0,2.0,0.0,2.889144175774616
1452,15.0,12.0,0.0,12.0,6.0,0.7330812715508707,3.6222254473254867
1453,15.0,13.0,0.0,13.0,6.0,0.9633601102069204,4.585585557532407
1454,15.0,14.0,0.0,14.0,6.0,0.7074564648856323,5.293042022418039
1455,15.0,15.0,0.0,15.0,6.0,0.38478252254705636,5.6778245449650955
1456,15.0,16.0,0.0,16.0,6.0,0.592467301916092,6.270291846881188
1457,15.0,17.0,0.0,17.0,6.0,0.0,6.270291846881188
1458,15.0,18.0,0.0,18.0,4.0,0.786538645224503,7.056830492105691
1459,15.0,19.0,0.0,19.0,4.0,0.0702652958566233,7.127095787962315
1460,15.0,20.0,0.0,20.0,6.0,0.2030643176852566,7.330160105647571
1461,15.0,21.0,0.0,21.0,1.0,0.028670031367413643,7.3588301370149845
1462,15.0,22.0,0.0,22.0,6.0,0.1938598477639666,7.552689984778951
1463,15.0,23.0,0.0,23.0,5.0,0.34526090527631603,7.897950890055267
1464,15.0,24.0,0.0,24.0,4.0,0.6166947510523849,8.514645641107652
1465,15.0,25.0,0.0,25.0,4.0,0.0,8.514645641107652
1466,15.0,26.0,0.0,26.0,7.0,0.0,8.514645641107652
1467,15.0,27.0,0.0,27.0,6.0,0.0,8.514645641107652
1468,15.0,28.0,0.0,28.0,2.0,0.0,8.514645641107652
1469,15.0,29.0,0.0,29.0,5.0,0.3368873886964404,8.851533029804093
1470,15.0,30.0,0.0,30.0,3.0,0.030472832457272593,8.882005862261366
1471,15.0,31.0,0.0,31.0,4.0,0.0,8.882005862261366
1472,15.0,32.0,0.0,32.0,5.0,0.13288998660895118,9.014895848870317
1473,15.0,33.0,0.0,33.0,6.0,0.20751175649518033,9.222407605365497
1474,15.0,34.0,0.0,34.0,6.0,0.012116503352960235,9.234524108718457
1475,15.0,35.0,0.0,35.0,6.0,0.31122773400729964,9.545751842725757
1476,15.0,36.0,0.0,36.0,0.0,0.0,9.545751842725757
1477,15.0,37.0,0.0,37.0,4.0,0.020723335122281958,9.566475177848039
1478,15.0,38.0,0.0,38.0,6.0,0.10821198863204971,9.674687166480089
1479,15.0,39.0,0.0,39.0,5.0,0.2248680210661569,9.899555187546246
1480,15.0,40.0,0.0,40.0,2.0,0.05386861899525439,9.953423806541501
1481,15.0,41.0,0.0,41.0,6.0,0.029858941276052695,9.983282747817555
1482,15.0,42.0,0.0,42.0,5.0,0.027814322711726475,10.011097070529281
1483,15.0,43.0,0.0,43.0,4.0,0.0,10.011097070529281
1484,15.0,44.0,0.0,44.0,6.0,0.1370475401392327,10.148144610668513
1485,15.0,45.0,0.0,45.0,1.0,0.4208360768007997,10.568980687469313
1486,15.0,46.0,0.0,46.0,1.0,0.38990649885735673,10.95888718632667
1487,15.0,47.0,0.0,47.0,1.0,0.39919928454817294,11.358086470874843
1488,15.0,48.0,0.0,48.0,1.0,0.0,11.358086470874843
1489,15.0,49.0,0.0,49.0,1.0,0.23702024352928716,11.59510671440413
1490,15.0,50.0,0.0,50.0,6.0,0.456597589962221,12.051704304366352
1491,15.0,51.0,0.0,51.0,6.0,0.5721185095518746,12.623822813918226
1492,15.0,52.0,0.0,52.0,6.0,0.08544920153663012,12.709272015454856
1493,15.0,53.0,0.0,53.0,6.0,0.04941931180611817,12.758691327260975
1494,15.0,54.0,0.0,54.0,1.0,0.18474591588561104,12.943437243146585
1495,15.0,55.0,0.0,55.0,2.0,0.7236703978770197,13.667107641023605
1496,15.0,56.0,0.0,56.0,2.0,0.4604115321070168,14.127519173130622
1497,15.0,57.0,0.0,57.0,2.0,0.5913394163650157,14.718858589495637
1498,15.0,58.0,0.0,58.0,2.0,0.1588172883297803,14.877675877825418
1499,15.0,59.0,0.0,59.0,2.0,0.0,14.877675877825418
1500,15.0,60.0,0.0,60.0,2.0,0.0,14.877675877825418
1501,15.0,61.0,0.0,61.0,6.0,0.19330425654839078,15.070980134373809
1502,15.0,62.0,0.0,62.0,2.0,0.03949449756546484,15.110474631939274
1503,15.0,63.0,0.0,63.0,7.0,0.21001575520798305,15.320490387147258
1504,15.0,64.0,0.0,64.0,3.0,0.8079320082078706,16.128422395355127
1505,15.0,65.0,0.0,65.0,3.0,0.1400797834114359,16.268502178766564
1506,15.0,66.0,0.0,66.0,3.0,0.001461682704674984,16.26996386147124
1507,15.0,67.0,0.0,67.0,3.0,0.6774497976451884,16.947413659116428
1508,15.0,68.0,0.0,68.0,3.0,0.6916736699244181,17.639087329040848
1509,15.0,69.0,0.0,69.0,3.0,0.2285348190821269,17.867622148122976
1510,15.0,70.0,0.0,70.0,3.0,0.07173524956865848,17.939357397691634
1511,15.0,71.0,0.0,71.0,3.0,0.24604240966364027,18.185399807355275
1512,15.0,72.0,0.0,72.0,3.0,0.3437000409382609,18.529099848293534
1513,15.0,73.0,0.0,73.0,3.0,0.19581372444038134,18.724913572733914
1514,15.0,74.0,0.0,74.0,3.0,0.10133948080521624,18.82625305353913
1515,15.0,75.0,0.0,75.0,3.0,0.10654364171625509,18.932796695255384
1516,15.0,76.0,0.0,76.0,6.0,0.11636299692256234,19.049159692177945
1517,15.0,77.0,0.0,77.0,4.0,0.6928212275644872,19.74198091974243
1518,15.0,78.0,0.0,78.0,4.0,0.36899642420942863,20.11097734395186
1519,15.0,79.0,0.0,79.0,4.0,0.0456160838408476,20.156593427792707
1520,15.0,80.0,0.0,80.0,4.0,0.10013514850155053,20.256728576294257
1521,15.0,81.0,0.0,81.0,5.0,0.3655504969632712,20.622279073257527
1522,15.0,82.0,0.0,82.0,5.0,0.0,20.622279073257527
1523,15.0,83.0,0.0,83.0,1.0,0.1525595877654341,20.77483866102296
1524,15.0,84.0,0.0,84.0,3.0,0.020094125614477917,20.79493278663744
1525,15.0,85.0,0.0,85.0,6.0,0.18216968160881716,20.977102468246255
1526,15.0,86.0,0.0,86.0,7.0,0.05537060155804675,21.0324730698043
1527,15.0,87.0,0.0,87.0,4.0,0.29965634577184486,21.332129415576144
1528,15.0,88.0,0.0,88.0,4.0,0.3845164824990986,21.716645898075242
1529,15.0,89.0,0.0,89.0,4.0,0.0,21.716645898075242
1530,15.0,90.0,0.0,90.0,6.0,0.754797882045112,22.471443780120353
1531,15.0,91.0,0.0,91.0,6.0,0.3045366457502025,22.775980425870557
1532,15.0,92.0,0.0,92.0,6.0,0.470561563191029,23.246541989061587
1533,15.0,93.0,0.0,93.0,6.0,0.1350995944228713,23.38164158348446
1534,15.0,94.0,0.0,94.0,6.0,0.6681191236917254,24.049760707176183
1535,15.0,95.0,0.0,95.0,6.0,0.15948567313383155,24.209246380310017
1536,16.0,0.0,0.0,0.0,0.0,0.1265919745726959,0.1265919745726959
1537,16.0,1.0,0.0,1.0,1.0,0.3728753173739762,0.4994672919466721
1538,16.0,2.0,0.0,2.0,2.0,0.6027562012237242,1.1022234931703963
1539,16.0,3.0,0.0,3.0,3.0,0.0,1.1022234931703963
1540,16.0,4.0,0.0,4.0,4.0,0.2352620848249543,1.3374855779953505
1541,16.0,5.0,0.0,5.0,5.0,0.28810875083932547,1.625594328834676
1542,16.0,6.0,0.0,6.0,6.0,0.012576657579367172,1.638170986414043
1543,16.0,7.0,0.0,7.0,7.0,0.09818265512943311,1.7363536415434762
1544,16.0,8.0,0.0,8.0,2.0,0.42591938102062793,2.1622730225641043
1545,16.0,9.0,0.0,9.0,1.0,0.44922488554479406,2.6114979081088983
1546,16.0,10.0,0.0,10.0,2.0,0.17796714865995647,2.789465056768855
1547,16.0,11.0,0.0,11.0,5.0,0.4083245810104282,3.197789637779283
1548,16.0,12.0,0.0,12.0,1.0,0.0,3.197789637779283
1549,16.0,13.0,0.0,13.0,4.0,0.3482376111706019,3.5460272489498847
1550,16.0,14.0,0.0,14.0,5.0,0.13288998660895118,3.6789172355588358
1551,16.0,15.0,0.0,15.0,2.0,0.537148762474358,4.216065998033194
1552,16.0,16.0,0.0,16.0,2.0,0.153056971216033,4.3691229692492275
1553,16.0,17.0,0.0,17.0,4.0,0.2891704822674655,4.658293451516693
1554,16.0,18.0,0.0,18.0,0.0,0.2947614129510977,4.9530548644677905
1555,16.0,19.0,0.0,19.0,2.0,0.2052375345025933,5.158292398970384
1556,16.0,20.0,0.0,20.0,7.0,0.4410508038344497,5.5993432028048336
1557,16.0,21.0,0.0,21.0,7.0,0.6859517409375426,6.285294943742376
1558,16.0,22.0,0.0,22.0,7.0,0.04239551508702711,6.327690458829403
1559,16.0,23.0,0.0,23.0,4.0,0.0,6.327690458829403
1560,16.0,24.0,0.0,24.0,7.0,0.6415126605240132,6.969203119353416
1561,16.0,25.0,0.0,25.0,7.0,0.8098490283050879,7.779052147658504
1562,16.0,26.0,0.0,26.0,7.0,0.22951623073539107,8.008568378393896
1563,16.0,27.0,0.0,27.0,7.0,0.03966389497905114,8.048232273372948
1564,16.0,28.0,0.0,28.0,5.0,0.22127064602955218,8.2695029194025
1565,16.0,29.0,0.0,29.0,0.0,0.01490140434742535,8.284404323749925
1566,16.0,30.0,0.0,30.0,1.0,0.21774518083343142,8.502149504583356
1567,16.0,31.0,0.0,31.0,2.0,0.04195847045540713,8.544107975038763
1568,16.0,32.0,0.0,32.0,7.0,0.06863775353354312,8.612745728572307
1569,16.0,33.0,0.0,33.0,5.0,0.09067390774368256,8.703419636315989
1570,16.0,34.0,0.0,34.0,6.0,0.030996621679545998,8.734416257995534
1571,16.0,35.0,0.0,35.0,1.0,0.7371334889638141,9.471549746959347
1572,16.0,36.0,0.0,36.0,1.0,0.8012578002674544,10.272807547226801
1573,16.0,37.0,0.0,37.0,1.0,0.14788550522949867,10.420693052456299
1574,16.0,38.0,0.0,38.0,1.0,0.0,10.420693052456299
1575,16.0,39.0,0.0,39.0,1.0,0.14996651879064163,10.57065957124694
1576,16.0,40.0,0.0,40.0,7.0,0.314479252098775,10.885138823345715
1577,16.0,41.0,0.0,41.0,3.0,0.31311875945201073,11.198257582797725
1578,16.0,42.0,0.0,42.0,3.0,0.350068861673392,11.548326444471117
1579,16.0,43.0,0.0,43.0,3.0,0.04102795575974671,11.589354400230864
1580,16.0,44.0,0.0,44.0,2.0,0.17377914745726974,11.763133547688133
1581,16.0,45.0,0.0,45.0,7.0,0.3523297046050333,12.115463252293166
1582,16.0,46.0,0.0,46.0,7.0,0.025365823974029863,12.140829076267195
1583,16.0,47.0,0.0,47.0,1.0,0.14690456218978679,12.287733638456983
1584,16.0,48.0,0.0,48.0,4.0,0.786538645224503,13.074272283681486
1585,16.0,49.0,0.0,49.0,4.0,0.07151951990290359,13.14579180358439
1586,16.0,50.0,0.0,50.0,4.0,0.0456160838408476,13.191407887425237
1587,16.0,51.0,0.0,51.0,2.0,0.6213972006776474,13.812805088102884
1588,16.0,52.0,0.0,52.0,2.0,0.03949449756546484,13.85229958566835
1589,16.0,53.0,0.0,53.0,1.0,0.5102676826124355,14.362567268280785
1590,16.0,54.0,0.0,54.0,1.0,0.11959474932936898,14.482162017610154
1591,16.0,55.0,0.0,55.0,7.0,0.14518903393281696,14.627351051542972
1592,16.0,56.0,0.0,56.0,2.0,0.0,14.627351051542972
1593,16.0,57.0,0.0,57.0,5.0,0.07332434542589378,14.700675396968865
1594,16.0,58.0,0.0,58.0,1.0,0.15694390699350397,14.85761930396237
1595,16.0,59.0,0.0,59.0,4.0,0.01616105790717103,14.87378036186954
1596,16.0,60.0,0.0,60.0,7.0,0.041228864090092084,14.915009225959633
1597,16.0,61.0,0.0,61.0,0.0,0.12685150903703096,15.041860734996664
1598,16.0,62.0,0.0,62.0,1.0,0.0,15.041860734996664
1599,16.0,63.0,0.0,63.0,3.0,0.2032469793155898,15.245107714312255
1600,16.0,64.0,0.0,64.0,2.0,0.39818203123925505,15.64328974555151
1601,16.0,65.0,0.0,65.0,2.0,0.07300531851332406,15.716295064064834
1602,16.0,66.0,0.0,66.0,7.0,0.12980887699241067,15.846103941057244
1603,16.0,67.0,0.0,67.0,5.0,0.16771754750020024,16.013821488557443
1604,16.0,68.0,0.0,68.0,1.0,0.055820590489851885,16.069642079047295
1605,16.0,69.0,0.0,69.0,3.0,0.6774497976451884,16.747091876692483
1606,16.0,70.0,0.0,70.0,3.0,0.0,16.747091876692483
1607,16.0,71.0,0.0,71.0,3.0,0.24272613617104483,16.989818012863527
1608,16.0,72.0,0.0,72.0,3.0,0.30727719064634834,17.297095203509876
1609,16.0,73.0,0.0,73.0,2.0,0.0,17.297095203509876
1610,16.0,74.0,0.0,74.0,3.0,0.5254767966993704,17.822572000209245
1611,16.0,75.0,0.0,75.0,3.0,0.04429925980485249,17.866871260014097
1612,16.0,76.0,0.0,76.0,4.0,0.35662687216539196,18.22349813217949
1613,16.0,77.0,0.0,77.0,4.0,0.0,18.22349813217949
1614,16.0,78.0,0.0,78.0,7.0,0.0741373058509058,18.297635438030394
1615,16.0,79.0,0.0,79.0,3.0,0.06695124930527994,18.364586687335674
1616,16.0,80.0,0.0,80.0,0.0,0.07309551109955656,18.43768219843523
1617,16.0,81.0,0.0,81.0,1.0,0.09271436829694825,18.53039656673218
1618,16.0,82.0,0.0,82.0,5.0,0.0,18.53039656673218
1619,16.0,83.0,0.0,83.0,7.0,0.7375721814246866,19.267968748156864
1620,16.0,84.0,0.0,84.0,7.0,0.2908331151793469,19.55880186333621
1621,16.0,85.0,0.0,85.0,7.0,0.24252754759834638,19.801329410934557
1622,16.0,86.0,0.0,86.0,7.0,0.3522479878918014,20.153577398826357
1623,16.0,87.0,0.0,87.0,7.0,0.0,20.153577398826357
1624,16.0,88.0,0.0,88.0,7.0,0.08463113415129656,20.238208532977655
1625,16.0,89.0,0.0,89.0,2.0,0.587687788672903,20.825896321650557
1626,16.0,90.0,0.0,90.0,2.0,0.0,20.825896321650557
1627,16.0,91.0,0.0,91.0,2.0,0.4472118799386729,21.27310820158923
1628,16.0,92.0,0.0,92.0,2.0,0.2641208848836428,21.537229086472873
1629,16.0,93.0,0.0,93.0,2.0,0.19935097092522613,21.7365800573981
1630,16.0,94.0,0.0,94.0,6.0,0.2676282183690528,22.004208275767155
1631,16.0,95.0,0.0,95.0,6.0,0.02152766918353003,22.025735944950686
1632,17.0,0.0,0.0,0.0,0.0,0.034072549832249714,0.034072549832249714
1633,17.0,1.0,0.0,1.0,1.0,0.2923975416172881,0.3264700914495378
1634,17.0,2.0,0.0,2.0,2.0,0.30371061480436934,0.6301807062539071
1635,17.0,3.0,0.0,3.0,3.0,0.0,0.6301807062539071
1636,17.0,4.0,0.0,4.0,4.0,0.0,0.6301807062539071
1637,17.0,5.0,0.0,5.0,5.0,0.02856175595510002,0.6587424622090071
1638,17.0,6.0,0.0,6.0,6.0,0.5198631933975867,1.1786056556065938
1639,17.0,7.0,0.0,7.0,7.0,0.2020575551425499,1.3806632107491437
1640,17.0,8.0,0.0,8.0,6.0,0.19237477602684144,1.5730379867759852
1641,17.0,9.0,0.0,9.0,2.0,0.5537602076296071,2.126798194405592
1642,17.0,10.0,0.0,10.0,1.0,0.9645942569749285,3.0913924513805204
1643,17.0,11.0,0.0,11.0,1.0,0.21643836357841792,3.307830814958938
1644,17.0,12.0,0.0,12.0,2.0,0.42591938102062793,3.733750195979566
1645,17.0,13.0,0.0,13.0,1.0,0.17515766824041448,3.9089078642199806
1646,17.0,14.0,0.0,14.0,2.0,0.537148762474358,4.446056626694339
1647,17.0,15.0,0.0,15.0,6.0,0.0,4.446056626694339
1648,17.0,16.0,0.0,16.0,2.0,0.31838380442486014,4.764440431119199
1649,17.0,17.0,0.0,17.0,7.0,0.025365823974029863,4.789806255093229
1650,17.0,18.0,0.0,18.0,1.0,0.0,4.789806255093229
1651,17.0,19.0,0.0,19.0,2.0,0.11327101634064082,4.90307727143387
1652,17.0,20.0,0.0,20.0,2.0,0.40117548832375627,5.304252759757626
1653,17.0,21.0,0.0,21.0,2.0,0.07300531851332406,5.37725807827095
1654,17.0,22.0,0.0,22.0,1.0,0.3177036958205914,5.694961774091541
1655,17.0,23.0,0.0,23.0,0.0,0.0,5.694961774091541
1656,17.0,24.0,0.0,24.0,1.0,0.04317602104936086,5.7381377951409025
1657,17.0,25.0,0.0,25.0,5.0,0.43922493403029017,6.177362729171192
1658,17.0,26.0,0.0,26.0,5.0,0.15788754467582478,6.335250273847017
1659,17.0,27.0,0.0,27.0,6.0,0.7377651793174987,7.073015453164516
1660,17.0,28.0,0.0,28.0,6.0,0.0,7.073015453164516
1661,17.0,29.0,0.0,29.0,2.0,0.0,7.073015453164516
1662,17.0,30.0,0.0,30.0,6.0,0.0,7.073015453164516
1663,17.0,31.0,0.0,31.0,3.0,0.025510018405371447,7.098525471569888
1664,17.0,32.0,0.0,32.0,4.0,0.05283876478085068,7.151364236350738
1665,17.0,33.0,0.0,33.0,5.0,0.3671116304857597,7.518475866836498
1666,17.0,34.0,0.0,34.0,5.0,0.1510381477286157,7.669514014565114
1667,17.0,35.0,0.0,35.0,1.0,0.1178259592096348,7.787339973774749
1668,17.0,36.0,0.0,36.0,2.0,0.0,7.787339973774749
1669,17.0,37.0,0.0,37.0,7.0,0.0,7.787339973774749
1670,17.0,38.0,0.0,38.0,5.0,0.012731154762606778,7.800071128537356
1671,17.0,39.0,0.0,39.0,6.0,0.8206264844566112,8.620697612993967
1672,17.0,40.0,0.0,40.0,6.0,0.012116503352960235,8.632814116346927
1673,17.0,41.0,0.0,41.0,6.0,0.4419319569723373,9.074746073319265
1674,17.0,42.0,0.0,42.0,6.0,0.0206337541478017,9.095379827467067
1675,17.0,43.0,0.0,43.0,1.0,0.7343824664965894,9.829762293963656
1676,17.0,44.0,0.0,44.0,1.0,0.31376821855801423,10.14353051252167
1677,17.0,45.0,0.0,45.0,1.0,0.39919928454817294,10.542729797069843
1678,17.0,46.0,0.0,46.0,1.0,0.11675306462359378,10.659482861693437
1679,17.0,47.0,0.0,47.0,1.0,0.7864352531193769,11.445918114812814
1680,17.0,48.0,0.0,48.0,1.0,0.03476387852119797,11.480681993334013
1681,17.0,49.0,0.0,49.0,1.0,0.9959745150176808,12.476656508351693
1682,17.0,50.0,0.0,50.0,1.0,0.4978298030149915,12.974486311366684
1683,17.0,51.0,0.0,51.0,1.0,0.5325149437924254,13.507001255159109
1684,17.0,52.0,0.0,52.0,1.0,0.2977196118715112,13.80472086703062
1685,17.0,53.0,0.0,53.0,1.0,0.11896244309851166,13.923683310129132
1686,17.0,54.0,0.0,54.0,1.0,0.1581141854724727,14.081797495601604
1687,17.0,55.0,0.0,55.0,1.0,0.14788550522949867,14.229683000831102
1688,17.0,56.0,0.0,56.0,1.0,0.35164524988197277,14.581328250713074
1689,17.0,57.0,0.0,57.0,1.0,0.40114156826807473,14.98246981898115
1690,17.0,58.0,0.0,58.0,1.0,0.7207407501430242,15.703210569124174
1691,17.0,59.0,0.0,59.0,1.0,0.5506933393432334,16.253903908467407
1692,17.0,60.0,0.0,60.0,1.0,0.0,16.253903908467407
1693,17.0,61.0,0.0,61.0,1.0,0.15694390699350397,16.41084781546091
1694,17.0,62.0,0.0,62.0,1.0,0.22346138720261824,16.63430920266353
1695,17.0,63.0,0.0,63.0,1.0,0.09259758356345157,16.726906786226984
1696,17.0,64.0,0.0,64.0,6.0,0.5199951664423675,17.24690195266935
1697,17.0,65.0,0.0,65.0,6.0,0.18216968160881716,17.429071634278166
1698,17.0,66.0,0.0,66.0,6.0,0.23042860433100323,17.65950023860917
1699,17.0,67.0,0.0,67.0,2.0,0.40138850547070165,18.06088874407987
1700,17.0,68.0,0.0,68.0,2.0,0.0984534186733431,18.159342162753216
1701,17.0,69.0,0.0,69.0,1.0,0.14763267170963074,18.306974834462846
1702,17.0,70.0,0.0,70.0,6.0,0.25249491253368417,18.55946974699653
1703,17.0,71.0,0.0,71.0,1.0,0.43077514535649875,18.99024489235303
1704,17.0,72.0,0.0,72.0,1.0,0.10131102734794921,19.09155591970098
1705,17.0,73.0,0.0,73.0,1.0,0.5102676826124355,19.601823602313416
1706,17.0,74.0,0.0,74.0,1.0,0.0930474388599168,19.694871041173332
1707,17.0,75.0,0.0,75.0,6.0,0.019802180604578484,19.71467322177791
1708,17.0,76.0,0.0,76.0,2.0,0.6027562012237242,20.317429423001634
1709,17.0,77.0,0.0,77.0,2.0,0.3083246732118922,20.625754096213527
1710,17.0,78.0,0.0,78.0,2.0,0.38831574574861955,21.014069841962147
1711,17.0,79.0,0.0,79.0,2.0,0.27508209868767286,21.28915194064982
1712,17.0,80.0,0.0,80.0,2.0,0.07046722414389026,21.35961916479371
1713,17.0,81.0,0.0,81.0,1.0,0.0,21.35961916479371
1714,17.0,82.0,0.0,82.0,2.0,0.3981486247182143,21.757767789511924
1715,17.0,83.0,0.0,83.0,2.0,0.19935097092522613,21.95711876043715
1716,17.0,84.0,0.0,84.0,2.0,0.0,21.95711876043715
1717,17.0,85.0,0.0,85.0,1.0,0.05668020652621607,22.013798966963368
1718,17.0,86.0,0.0,86.0,5.0,0.05134333965898673,22.065142306622356
1719,17.0,87.0,0.0,87.0,6.0,0.04941931180611817,22.114561618428475
1720,17.0,88.0,0.0,88.0,1.0,0.4208360768007997,22.535397695229275
1721,17.0,89.0,0.0,89.0,1.0,0.625716871682588,23.161114566911863
1722,17.0,90.0,0.0,90.0,1.0,0.5191650371090091,23.68027960402087
1723,17.0,91.0,0.0,91.0,1.0,0.18420213317850265,23.864481737199373
1724,17.0,92.0,0.0,92.0,1.0,0.27837232626576186,24.142854063465133
1725,17.0,93.0,0.0,93.0,1.0,0.0,24.142854063465133
1726,17.0,94.0,0.0,94.0,1.0,0.11184940162260157,24.254703465087736
1727,17.0,95.0,0.0,95.0,2.0,0.1656307552320488,24.420334220319784
1728,18.0,0.0,0.0,0.0,0.0,0.01490140434742535,0.01490140434742535
1729,18.0,1.0,0.0,1.0,1.0,0.14763267170963074,0.16253407605705608
1730,18.0,2.0,0.0,2.0,2.0,0.0,0.16253407605705608
1731,18.0,3.0,0.0,3.0,3.0,0.08066953314049238,0.24320360919754846
1732,18.0,4.0,0.0,4.0,4.0,0.4202049514706216,0.6634085606681701
1733,18.0,5.0,0.0,5.0,5.0,0.38817062381795203,1.0515791844861222
1734,18.0,6.0,0.0,6.0,6.0,0.14053761898862807,1.1921168034747502
1735,18.0,7.0,0.0,7.0,7.0,0.0372746347292418,1.229391438203992
1736,18.0,8.0,0.0,8.0,4.0,0.6166947510523849,1.846086189256377
1737,18.0,9.0,0.0,9.0,5.0,0.12956159087489713,1.975647780131274
1738,18.0,10.0,0.0,10.0,4.0,0.3815607206079411,2.357208500739215
1739,18.0,11.0,0.0,11.0,4.0,0.31800611952542285,2.675214620264638
1740,18.0,12.0,0.0,12.0,4.0,0.13505835684833514,2.810272977112973
1741,18.0,13.0,0.0,13.0,1.0,0.1581141854724727,2.968387162585446
1742,18.0,14.0,0.0,14.0,6.0,0.528994261355651,3.4973814239410967
1743,18.0,15.0,0.0,15.0,6.0,0.4419319569723373,3.939313380913434
1744,18.0,16.0,0.0,16.0,6.0,0.38423498309596005,4.323548364009394
1745,18.0,17.0,0.0,17.0,6.0,0.1350995944228713,4.458647958432265
1746,18.0,18.0,0.0,18.0,5.0,0.15002432556116005,4.6086722839934255
1747,18.0,19.0,0.0,19.0,4.0,0.08483909213874269,4.693511376132168
1748,18.0,20.0,0.0,20.0,3.0,0.3813698300550875,5.074881206187255
1749,18.0,21.0,0.0,21.0,3.0,0.13611159388976898,5.210992800077024
1750,18.0,22.0,0.0,22.0,6.0,0.07179891276627816,5.282791712843302
1751,18.0,23.0,0.0,23.0,7.0,0.10038865027494817,5.38318036311825
1752,18.0,24.0,0.0,24.0,4.0,0.0,5.38318036311825
1753,18.0,25.0,0.0,25.0,0.0,0.002858608451678879,5.3860389715699295
1754,18.0,26.0,0.0,26.0,5.0,0.490234345716472,5.876273317286402
1755,18.0,27.0,0.0,27.0,5.0,0.3213104541310374,6.197583771417439
1756,18.0,28.0,0.0,28.0,5.0,0.43922493403029017,6.636808705447729
1757,18.0,29.0,0.0,29.0,5.0,0.190094615722883,6.826903321170612
1758,18.0,30.0,0.0,30.0,1.0,0.43077514535649875,7.257678466527111
1759,18.0,31.0,0.0,31.0,1.0,0.5191650371090091,7.77684350363612
1760,18.0,32.0,0.0,32.0,1.0,0.39051636555348407,8.167359869189603
1761,18.0,33.0,0.0,33.0,1.0,0.023156626925220768,8.190516496114824
1762,18.0,34.0,0.0,34.0,2.0,0.10287625647900679,8.293392752593832
1763,18.0,35.0,0.0,35.0,5.0,0.0,8.293392752593832
1764,18.0,36.0,0.0,36.0,3.0,0.17758193823470309,8.470974690828534
1765,18.0,37.0,0.0,37.0,6.0,0.06692797541129325,8.537902666239827
1766,18.0,38.0,0.0,38.0,1.0,0.2336797832809992,8.771582449520826
1767,18.0,39.0,0.0,39.0,4.0,0.14496949301802708,8.916551942538854
1768,18.0,40.0,0.0,40.0,1.0,0.0,8.916551942538854
1769,18.0,41.0,0.0,41.0,3.0,0.07608616683900467,8.99263810937786
1770,18.0,42.0,0.0,42.0,6.0,0.20751175649518033,9.200149865873039
1771,18.0,43.0,0.0,43.0,5.0,0.3671116304857597,9.567261496358798
1772,18.0,44.0,0.0,44.0,5.0,0.0,9.567261496358798
1773,18.0,45.0,0.0,45.0,4.0,0.5401870119994172,10.107448508358216
1774,18.0,46.0,0.0,46.0,4.0,0.16518765184318784,10.272636160201404
1775,18.0,47.0,0.0,47.0,4.0,0.7468916268125877,11.019527787013992
1776,18.0,48.0,0.0,48.0,4.0,0.01616105790717103,11.035688844921163
1777,18.0,49.0,0.0,49.0,4.0,0.0,11.035688844921163
1778,18.0,50.0,0.0,50.0,6.0,0.5415728013366148,11.577261646257778
1779,18.0,51.0,0.0,51.0,6.0,0.40586275112066333,11.983124397378441
1780,18.0,52.0,0.0,52.0,6.0,0.41014276344445866,12.3932671608229
1781,18.0,53.0,0.0,53.0,6.0,0.5609494988696637,12.954216659692563
1782,18.0,54.0,0.0,54.0,6.0,0.6681191236917254,13.622335783384289
1783,18.0,55.0,0.0,55.0,6.0,0.29928972735028064,13.92162551073457
1784,18.0,56.0,0.0,56.0,6.0,0.05187143270467871,13.97349694343925
1785,18.0,57.0,0.0,57.0,6.0,0.08569355050034418,14.059190493939594
1786,18.0,58.0,0.0,58.0,6.0,0.46655973523908206,14.525750229178676
1787,18.0,59.0,0.0,59.0,6.0,0.5198631933975867,15.045613422576263
1788,18.0,60.0,0.0,60.0,6.0,0.18466604549596066,15.230279468072224
1789,18.0,61.0,0.0,61.0,6.0,0.36321665879061876,15.593496126862842
1790,18.0,62.0,0.0,62.0,6.0,0.0,15.593496126862842
1791,18.0,63.0,0.0,63.0,7.0,0.0,15.593496126862842
1792,18.0,64.0,0.0,64.0,6.0,0.2888924503251035,15.882388577187946
1793,18.0,65.0,0.0,65.0,6.0,0.08544920153663012,15.967837778724576
1794,18.0,66.0,0.0,66.0,1.0,0.09259758356345157,16.06043536228803
1795,18.0,67.0,0.0,67.0,4.0,0.41110112443122054,16.47153648671925
1796,18.0,68.0,0.0,68.0,4.0,0.0,16.47153648671925
1797,18.0,69.0,0.0,69.0,5.0,0.049917863914325566,16.521454350633572
1798,18.0,70.0,0.0,70.0,2.0,0.5913394163650157,17.11279376699859
1799,18.0,71.0,0.0,71.0,2.0,0.3083246732118922,17.42111844021048
1800,18.0,72.0,0.0,72.0,2.0,0.01598791051695434,17.437106350727436
1801,18.0,73.0,0.0,73.0,2.0,0.11886118707131776,17.555967537798754
1802,18.0,74.0,0.0,74.0,6.0,0.45661860173922436,18.012586139537976
1803,18.0,75.0,0.0,75.0,6.0,0.398606424860819,18.411192564398796
1804,18.0,76.0,0.0,76.0,6.0,0.709114106247022,19.120306670645817
1805,18.0,77.0,0.0,77.0,6.0,0.060843244270408124,19.181149914916226
1806,18.0,78.0,0.0,78.0,6.0,0.04941931180611817,19.230569226722345
1807,18.0,79.0,0.0,79.0,6.0,0.45863258329410067,19.689201810016446
1808,18.0,80.0,0.0,80.0,6.0,0.7615432087357681,20.450745018752215
1809,18.0,81.0,0.0,81.0,6.0,0.0,20.450745018752215
1810,18.0,82.0,0.0,82.0,6.0,0.3116598759686686,20.762404894720884
1811,18.0,83.0,0.0,83.0,6.0,0.029858941276052695,20.792263835996938
1812,18.0,84.0,0.0,84.0,4.0,0.6273379479591693,21.419601783956107
1813,18.0,85.0,0.0,85.0,4.0,0.0,21.419601783956107
1814,18.0,86.0,0.0,86.0,6.0,0.0,21.419601783956107
1815,18.0,87.0,0.0,87.0,3.0,0.07173524956865848,21.491337033524765
1816,18.0,88.0,0.0,88.0,2.0,0.08113905787797616,21.57247609140274
1817,18.0,89.0,0.0,89.0,4.0,0.0,21.57247609140274
1818,18.0,90.0,0.0,90.0,1.0,0.10131102734794921,21.673787118750692
1819,18.0,91.0,0.0,91.0,6.0,0.23042860433100323,21.904215723081695
1820,18.0,92.0,0.0,92.0,6.0,0.0,21.904215723081695
1821,18.0,93.0,0.0,93.0,5.0,0.03503381451770802,21.9392495375994
1822,18.0,94.0,0.0,94.0,4.0,0.10016360891352999,22.03941314651293
1823,18.0,95.0,0.0,95.0,6.0,0.3152014117071101,22.354614558220042
1824,19.0,0.0,0.0,0.0,0.0,0.0,0.0
1825,19.0,1.0,0.0,1.0,1.0,0.09271436829694825,0.09271436829694825
1826,19.0,2.0,0.0,2.0,2.0,0.0,0.09271436829694825
1827,19.0,3.0,0.0,3.0,3.0,0.19581372444038134,0.2885280927373296
1828,19.0,4.0,0.0,4.0,4.0,0.0,0.2885280927373296
1829,19.0,5.0,0.0,5.0,5.0,0.13948261044307597,0.42801070318040557
1830,19.0,6.0,0.0,6.0,6.0,0.40586275112066333,0.8338734543010689
1831,19.0,7.0,0.0,7.0,7.0,0.3029126053848762,1.136786059685945
1832,19.0,8.0,0.0,8.0,6.0,0.8113111970305757,1.9480972567165207
1833,19.0,9.0,0.0,9.0,6.0,0.1440283701753274,2.092125626891848
1834,19.0,10.0,0.0,10.0,7.0,0.0,2.092125626891848
1835,19.0,11.0,0.0,11.0,6.0,0.19720425874379977,2.289329885635648
1836,19.0,12.0,0.0,12.0,3.0,0.04102795575974671,2.3303578413953945
1837,19.0,13.0,0.0,13.0,6.0,0.0,2.3303578413953945
1838,19.0,14.0,0.0,14.0,5.0,0.027814322711726475,2.358172164107121
1839,19.0,15.0,0.0,15.0,1.0,0.11959474932936898,2.47776691343649
1840,19.0,16.0,0.0,16.0,6.0,0.7330812715508707,3.2108481849873605
1841,19.0,17.0,0.0,17.0,6.0,0.0,3.2108481849873605
1842,19.0,18.0,0.0,18.0,6.0,0.012116503352960235,3.222964688340321
1843,19.0,19.0,0.0,19.0,7.0,0.3632416151092178,3.5862063034495386
1844,19.0,20.0,0.0,20.0,7.0,0.02758892282854971,3.6137952262780884
1845,19.0,21.0,0.0,21.0,0.0,0.07309551109955656,3.6868907373776447
1846,19.0,22.0,0.0,22.0,2.0,0.0,3.6868907373776447
1847,19.0,23.0,0.0,23.0,4.0,0.0456160838408476,3.732506821218492
1848,19.0,24.0,0.0,24.0,3.0,0.15771312543106009,3.890219946649552
1849,19.0,25.0,0.0,25.0,6.0,0.46120539576978026,4.351425342419333
1850,19.0,26.0,0.0,26.0,6.0,0.3731406200505958,4.724565962469929
1851,19.0,27.0,0.0,27.0,6.0,0.15870422142553076,4.883270183895459
1852,19.0,28.0,0.0,28.0,1.0,0.4091289111380489,5.292399095033508
1853,19.0,29.0,0.0,29.0,1.0,0.05668020652621607,5.3490793015597236
1854,19.0,30.0,0.0,30.0,6.0,0.38478252254705636,5.73386182410678
1855,19.0,31.0,0.0,31.0,6.0,0.456597589962221,6.190459414069001
1856,19.0,32.0,0.0,32.0,6.0,0.4025312660474192,6.59299068011642
1857,19.0,33.0,0.0,33.0,6.0,0.18466604549596066,6.777656725612381
1858,19.0,34.0,0.0,34.0,6.0,0.19237477602684144,6.970031501639222
1859,19.0,35.0,0.0,35.0,5.0,0.0,6.970031501639222
1860,19.0,36.0,0.0,36.0,6.0,0.38423498309596005,7.354266484735183
1861,19.0,37.0,0.0,37.0,6.0,0.4419319569723373,7.79619844170752
1862,19.0,38.0,0.0,38.0,6.0,0.23958507229734452,8.035783514004864
1863,19.0,39.0,0.0,39.0,6.0,0.20104993189686238,8.236833445901727
1864,19.0,40.0,0.0,40.0,7.0,0.3522479878918014,8.589081433793528
1865,19.0,41.0,0.0,41.0,7.0,0.04239551508702711,8.631476948880554
1866,19.0,42.0,0.0,42.0,6.0,0.19330425654839078,8.824781205428945
1867,19.0,43.0,0.0,43.0,3.0,0.07896543589840778,8.903746641327352
1868,19.0,44.0,0.0,44.0,1.0,0.22346138720261824,9.12720802852997
1869,19.0,45.0,0.0,45.0,6.0,0.31122773400729964,9.43843576253727
1870,19.0,46.0,0.0,46.0,6.0,0.2355975950006196,9.67403335753789
1871,19.0,47.0,0.0,47.0,6.0,0.2091349837990253,9.883168341336916
1872,19.0,48.0,0.0,48.0,1.0,0.35845450021337216,10.241622841550289
1873,19.0,49.0,0.0,49.0,1.0,0.31376821855801423,10.555391060108303
1874,19.0,50.0,0.0,50.0,1.0,0.14690456218978679,10.70229562229809
1875,19.0,51.0,0.0,51.0,6.0,0.0,10.70229562229809
1876,19.0,52.0,0.0,52.0,1.0,0.32124548368694295,11.023541105985032
1877,19.0,53.0,0.0,53.0,1.0,0.2975171656525792,11.321058271637611
1878,19.0,54.0,0.0,54.0,1.0,0.18420213317850265,11.505260404816113
1879,19.0,55.0,0.0,55.0,0.0,0.04220093898319513,11.547461343799307
1880,19.0,56.0,0.0,56.0,7.0,0.28559811848043837,11.833059462279746
1881,19.0,57.0,0.0,57.0,6.0,0.18216968160881716,12.015229143888563
1882,19.0,58.0,0.0,58.0,7.0,0.08463113415129656,12.09986027803986
1883,19.0,59.0,0.0,59.0,1.0,0.0772841125499467,12.177144390589806
1884,19.0,60.0,0.0,60.0,6.0,0.2624626141648409,12.439607004754647
1885,19.0,61.0,0.0,61.0,6.0,0.46621206372626145,12.905819068480909
1886,19.0,62.0,0.0,62.0,6.0,0.6681191236917254,13.573938192172635
1887,19.0,63.0,0.0,63.0,6.0,0.0,13.573938192172635
1888,19.0,64.0,0.0,64.0,6.0,0.15948567313383155,13.733423865306467
1889,19.0,65.0,0.0,65.0,4.0,0.0,13.733423865306467
1890,19.0,66.0,0.0,66.0,6.0,0.754797882045112,14.488221747351579
1891,19.0,67.0,0.0,67.0,6.0,0.398606424860819,14.886828172212399
1892,19.0,68.0,0.0,68.0,6.0,0.2245370227069958,15.111365194919394
1893,19.0,69.0,0.0,69.0,6.0,0.08326994649709853,15.194635141416493
1894,19.0,70.0,0.0,70.0,6.0,0.0,15.194635141416493
1895,19.0,71.0,0.0,71.0,6.0,0.5199951664423675,15.71463030785886
1896,19.0,72.0,0.0,72.0,6.0,0.3116598759686686,16.026290183827527
1897,19.0,73.0,0.0,73.0,6.0,0.08473142129368774,16.111021605121216
1898,19.0,74.0,0.0,74.0,6.0,0.5048327715259897,16.615854376647206
1899,19.0,75.0,0.0,75.0,6.0,0.0989051148392537,16.71475949148646
1900,19.0,76.0,0.0,76.0,3.0,0.27104019678738106,16.985799688273843
1901,19.0,77.0,0.0,77.0,3.0,0.37470943161685766,17.3605091198907
1902,19.0,78.0,0.0,78.0,3.0,0.0,17.3605091198907
1903,19.0,79.0,0.0,79.0,6.0,0.5415728013366148,17.902081921227314
1904,19.0,80.0,0.0,80.0,6.0,0.46761061637242407,18.36969253759974
1905,19.0,81.0,0.0,81.0,6.0,0.0206337541478017,18.39032629174754
1906,19.0,82.0,0.0,82.0,6.0,0.06692797541129325,18.457254267158834
1907,19.0,83.0,0.0,83.0,6.0,0.470561563191029,18.927815830349864
1908,19.0,84.0,0.0,84.0,6.0,0.012576657579367172,18.94039248792923
1909,19.0,85.0,0.0,85.0,1.0,0.03476387852119797,18.975156366450427
1910,19.0,86.0,0.0,86.0,7.0,0.0,18.975156366450427
1911,19.0,87.0,0.0,87.0,6.0,0.23042860433100323,19.20558497078143
1912,19.0,88.0,0.0,88.0,6.0,0.45863258329410067,19.66421755407553
1913,19.0,89.0,0.0,89.0,6.0,0.19275096950199988,19.85696852357753
1914,19.0,90.0,0.0,90.0,6.0,0.4832391209848758,20.34020764456241
1915,19.0,91.0,0.0,91.0,6.0,0.0,20.34020764456241
1916,19.0,92.0,0.0,92.0,6.0,0.7074564648856323,21.04766410944804
1917,19.0,93.0,0.0,93.0,6.0,0.029858941276052695,21.077523050724093
1918,19.0,94.0,0.0,94.0,6.0,0.019802180604578484,21.09732523132867
1919,19.0,95.0,0.0,95.0,2.0,0.0,21.09732523132867
1920,20.0,0.0,0.0,0.0,0.0,0.30193260026714136,0.30193260026714136
1921,20.0,1.0,0.0,1.0,1.0,0.24526319585689446,0.5471957961240358
1922,20.0,2.0,0.0,2.0,2.0,0.40364005699886474,0.9508358531229005
1923,20.0,3.0,0.0,3.0,3.0,0.008668876753709993,0.9595047298766105
1924,20.0,4.0,0.0,4.0,4.0,0.004890111547855993,0.9643948414244665
1925,20.0,5.0,0.0,5.0,5.0,0.4083245810104282,1.3727194224348946
1926,20.0,6.0,0.0,6.0,6.0,0.2091349837990253,1.58185440623392
1927,20.0,7.0,0.0,7.0,7.0,0.0372746347292418,1.6191290409631618
1928,20.0,8.0,0.0,8.0,5.0,0.15788754467582478,1.7770165856389866
1929,20.0,9.0,0.0,9.0,2.0,0.0,1.7770165856389866
1930,20.0,10.0,0.0,10.0,0.0,0.002858608451678879,1.7798751940906654
1931,20.0,11.0,0.0,11.0,1.0,0.19166078110951457,1.97153597520018
1932,20.0,12.0,0.0,12.0,6.0,0.02152766918353003,1.99306364438371
1933,20.0,13.0,0.0,13.0,5.0,0.3355502795163708,2.3286139239000807
1934,20.0,14.0,0.0,14.0,5.0,0.07826673374384487,2.4068806576439257
1935,20.0,15.0,0.0,15.0,1.0,0.03476387852119797,2.4416445361651236
1936,20.0,16.0,0.0,16.0,2.0,0.4120778195142538,2.8537223556793774
1937,20.0,17.0,0.0,17.0,2.0,0.7236703978770197,3.577392753556397
1938,20.0,18.0,0.0,18.0,2.0,0.0073944663165102,3.5847872198729074
1939,20.0,19.0,0.0,19.0,7.0,0.08816257292987052,3.672949792802778
1940,20.0,20.0,0.0,20.0,2.0,0.07300531851332406,3.745955111316102
1941,20.0,21.0,0.0,21.0,3.0,0.0,3.745955111316102
1942,20.0,22.0,0.0,22.0,0.0,0.11717595902856863,3.8631310703446706
1943,20.0,23.0,0.0,23.0,4.0,0.3378213837210231,4.2009524540656935
1944,20.0,24.0,0.0,24.0,4.0,0.0,4.2009524540656935
1945,20.0,25.0,0.0,25.0,5.0,0.0488407511838819,4.249793205249575
1946,20.0,26.0,0.0,26.0,2.0,0.032480183465739686,4.282273388715315
1947,20.0,27.0,0.0,27.0,6.0,0.0,4.282273388715315
1948,20.0,28.0,0.0,28.0,1.0,0.0,4.282273388715315
1949,20.0,29.0,0.0,29.0,5.0,0.562081128391816,4.844354517107131
1950,20.0,30.0,0.0,30.0,5.0,0.023341935947433844,4.867696453054565
1951,20.0,31.0,0.0,31.0,0.0,0.0,4.867696453054565
1952,20.0,32.0,0.0,32.0,2.0,0.0,4.867696453054565
1953,20.0,33.0,0.0,33.0,5.0,0.31773180429062425,5.1854282573451895
1954,20.0,34.0,0.0,34.0,5.0,0.3039231620092401,5.4893514193544295
1955,20.0,35.0,0.0,35.0,7.0,0.2908331151793469,5.780184534533777
1956,20.0,36.0,0.0,36.0,7.0,0.7256040504195268,6.5057885849533035
1957,20.0,37.0,0.0,37.0,7.0,0.11533761676746272,6.621126201720767
1958,20.0,38.0,0.0,38.0,7.0,0.3497936611859112,6.970919862906678
1959,20.0,39.0,0.0,39.0,7.0,0.11500588206885451,7.085925744975532
1960,20.0,40.0,0.0,40.0,7.0,0.34149124243916545,7.427416987414698
1961,20.0,41.0,0.0,41.0,7.0,0.0056253172433511625,7.4330423046580485
1962,20.0,42.0,0.0,42.0,5.0,0.1189977910814536,7.552040095739502
1963,20.0,43.0,0.0,43.0,4.0,0.0,7.552040095739502
1964,20.0,44.0,0.0,44.0,7.0,0.4763979432030655,8.028438038942568
1965,20.0,45.0,0.0,45.0,7.0,0.0,8.028438038942568
1966,20.0,46.0,0.0,46.0,5.0,0.07041269781241034,8.098850736754978
1967,20.0,47.0,0.0,47.0,2.0,0.40138850547070165,8.50023924222568
1968,20.0,48.0,0.0,48.0,2.0,0.0009678536600830689,8.501207095885762
1969,20.0,49.0,0.0,49.0,7.0,0.22951623073539107,8.730723326621153
1970,20.0,50.0,0.0,50.0,7.0,0.6820921113526627,9.412815437973816
1971,20.0,51.0,0.0,51.0,7.0,0.314479252098775,9.72729469007259
1972,20.0,52.0,0.0,52.0,7.0,0.0,9.72729469007259
1973,20.0,53.0,0.0,53.0,7.0,0.1578071467912929,9.885101836863882
1974,20.0,54.0,0.0,54.0,5.0,0.13538863996928308,10.020490476833166
1975,20.0,55.0,0.0,55.0,7.0,0.0,10.020490476833166
1976,20.0,56.0,0.0,56.0,1.0,0.1735308598711164,10.194021336704282
1977,20.0,57.0,0.0,57.0,6.0,0.0,10.194021336704282
1978,20.0,58.0,0.0,58.0,2.0,0.0,10.194021336704282
1979,20.0,59.0,0.0,59.0,3.0,0.108472937332383,10.302494274036665
1980,20.0,60.0,0.0,60.0,5.0,0.03503381451770802,10.337528088554373
1981,20.0,61.0,0.0,61.0,0.0,0.0,10.337528088554373
1982,20.0,62.0,0.0,62.0,1.0,0.7864352531193769,11.12396334167375
1983,20.0,63.0,0.0,63.0,1.0,0.1581141854724727,11.282077527146223
1984,20.0,64.0,0.0,64.0,1.0,0.09271436829694825,11.37479189544317
1985,20.0,65.0,0.0,65.0,1.0,0.0,11.37479189544317
1986,20.0,66.0,0.0,66.0,1.0,0.0,11.37479189544317
1987,20.0,67.0,0.0,67.0,7.0,0.3029126053848762,11.677704500828046
1988,20.0,68.0,0.0,68.0,7.0,0.0,11.677704500828046
1989,20.0,69.0,0.0,69.0,5.0,0.015747168809085662,11.693451669637131
1990,20.0,70.0,0.0,70.0,2.0,0.0,11.693451669637131
1991,20.0,71.0,0.0,71.0,7.0,0.08845181773763568,11.781903487374766
1992,20.0,72.0,0.0,72.0,4.0,0.0,11.781903487374766
1993,20.0,73.0,0.0,73.0,7.0,0.4573021530267772,12.239205640401543
1994,20.0,74.0,0.0,74.0,7.0,0.0,12.239205640401543
1995,20.0,75.0,0.0,75.0,3.0,0.24604240966364027,12.485248050065184
1996,20.0,76.0,0.0,76.0,3.0,0.001461682704674984,12.48670973276986
1997,20.0,77.0,0.0,77.0,1.0,0.09843267325163044,12.585142406021491
1998,20.0,78.0,0.0,78.0,7.0,0.658941602314391,13.244084008335882
1999,20.0,79.0,0.0,79.0,7.0,0.05063330393183056,13.294717312267712
2000,20.0,80.0,0.0,80.0,7.0,0.4259437601209804,13.720661072388692
2001,20.0,81.0,0.0,81.0,7.0,0.3632416151092178,14.08390268749791
2002,20.0,82.0,0.0,82.0,7.0,0.15961076329720134,14.243513450795112
2003,20.0,83.0,0.0,83.0,7.0,0.15727691362384175,14.400790364418953
2004,20.0,84.0,0.0,84.0,7.0,0.04239551508702711,14.443185879505979
2005,20.0,85.0,0.0,85.0,7.0,0.12388247804213057,14.56706835754811
2006,20.0,86.0,0.0,86.0,5.0,0.5289754288227388,15.096043786370847
2007,20.0,87.0,0.0,87.0,5.0,0.6430608029323872,15.739104589303235
2008,20.0,88.0,0.0,88.0,5.0,0.25545532592559733,15.994559915228832
2009,20.0,89.0,0.0,89.0,5.0,0.1011811837154788,16.09574109894431
2010,20.0,90.0,0.0,90.0,5.0,0.3213104541310374,16.417051553075346
2011,20.0,91.0,0.0,91.0,5.0,0.0,16.417051553075346
2012,20.0,92.0,0.0,92.0,5.0,0.15143727500736548,16.56848882808271
2013,20.0,93.0,0.0,93.0,5.0,0.056443085324379784,16.62493191340709
2014,20.0,94.0,0.0,94.0,5.0,0.0,16.62493191340709
2015,20.0,95.0,0.0,95.0,7.0,0.037894009123875756,16.662825922530963
2016,21.0,0.0,0.0,0.0,0.0,0.10953556120793838,0.10953556120793838
2017,21.0,1.0,0.0,1.0,1.0,0.5191650371090091,0.6287005983169475
2018,21.0,2.0,0.0,2.0,2.0,0.2697227342029752,0.8984233325199227
2019,21.0,3.0,0.0,3.0,3.0,0.042142145651259406,0.9405654781711821
2020,21.0,4.0,0.0,4.0,4.0,0.0,0.9405654781711821
2021,21.0,5.0,0.0,5.0,5.0,0.0,0.9405654781711821
2022,21.0,6.0,0.0,6.0,6.0,0.5415728013366148,1.4821382795077969
2023,21.0,7.0,0.0,7.0,7.0,0.0741373058509058,1.5562755853587027
2024,21.0,8.0,0.0,8.0,6.0,0.9633601102069204,2.519635695565623
2025,21.0,9.0,0.0,9.0,6.0,0.019802180604578484,2.5394378761702012
2026,21.0,10.0,0.0,10.0,1.0,0.44922488554479406,2.9886627617149952
2027,21.0,11.0,0.0,11.0,1.0,0.39051636555348407,3.3791791272684795
2028,21.0,12.0,0.0,12.0,6.0,0.3116598759686686,3.690839003237148
2029,21.0,13.0,0.0,13.0,2.0,0.289774682159023,3.980613685396171
2030,21.0,14.0,0.0,14.0,1.0,0.031550322030998015,4.0121640074271685
2031,21.0,15.0,0.0,15.0,6.0,0.2676282183690528,4.279792225796221
2032,21.0,16.0,0.0,16.0,6.0,0.2358206865923345,4.515612912388556
2033,21.0,17.0,0.0,17.0,2.0,0.153056971216033,4.668669883604589
2034,21.0,18.0,0.0,18.0,0.0,0.0,4.668669883604589
2035,21.0,19.0,0.0,19.0,1.0,0.4091289111380489,5.0777987947426375
2036,21.0,20.0,0.0,20.0,6.0,0.12433874510598864,5.202137539848626
2037,21.0,21.0,0.0,21.0,1.0,0.11959474932936898,5.321732289177994
2038,21.0,22.0,0.0,22.0,7.0,0.6946860763679339,6.0164183655459285
2039,21.0,23.0,0.0,23.0,7.0,0.28559811848043837,6.302016484026367
2040,21.0,24.0,0.0,24.0,7.0,0.0,6.302016484026367
2041,21.0,25.0,0.0,25.0,3.0,0.00048590855662026,6.302502392582987
2042,21.0,26.0,0.0,26.0,6.0,0.2888924503251035,6.59139484290809
2043,21.0,27.0,0.0,27.0,2.0,0.2052375345025933,6.796632377410684
2044,21.0,28.0,0.0,28.0,1.0,0.10131102734794921,6.897943404758633
2045,21.0,29.0,0.0,29.0,6.0,0.19275096950199988,7.090694374260633
2046,21.0,30.0,0.0,30.0,7.0,0.6859517409375426,7.776646115198176
2047,21.0,31.0,0.0,31.0,7.0,0.0,7.776646115198176
2048,21.0,32.0,0.0,32.0,4.0,0.4202049514706216,8.196851066668797
2049,21.0,33.0,0.0,33.0,4.0,0.3376566388633923,8.534507705532189
2050,21.0,34.0,0.0,34.0,4.0,0.16403310077668387,8.698540806308873
2051,21.0,35.0,0.0,35.0,5.0,0.09069293668371073,8.789233742992584
2052,21.0,36.0,0.0,36.0,7.0,0.26478666827767994,9.054020411270264
2053,21.0,37.0,0.0,37.0,6.0,0.08544920153663012,9.139469612806893
2054,21.0,38.0,0.0,38.0,4.0,0.07151951990290359,9.210989132709797
2055,21.0,39.0,0.0,39.0,2.0,0.3746667969555425,9.58565592966534
2056,21.0,40.0,0.0,40.0,2.0,0.1905422112228126,9.776198140888152
2057,21.0,41.0,0.0,41.0,1.0,0.1178259592096348,9.894024100097786
2058,21.0,42.0,0.0,42.0,7.0,0.2020575551425499,10.096081655240337
2059,21.0,43.0,0.0,43.0,6.0,0.25249491253368417,10.348576567774021
2060,21.0,44.0,0.0,44.0,7.0,0.21288313045197185,10.561459698225994
2061,21.0,45.0,0.0,45.0,2.0,0.0,10.561459698225994
2062,21.0,46.0,0.0,46.0,6.0,0.6681191236917254,11.22957882191772
2063,21.0,47.0,0.0,47.0,6.0,0.5609494988696637,11.790528320787384
2064,21.0,48.0,0.0,48.0,6.0,0.15948567313383155,11.950013993921216
2065,21.0,49.0,0.0,49.0,6.0,0.2030643176852566,12.153078311606473
2066,21.0,50.0,0.0,50.0,6.0,0.4419319569723373,12.595010268578811
2067,21.0,51.0,0.0,51.0,6.0,0.029858941276052695,12.624869209854864
2068,21.0,52.0,0.0,52.0,1.0,0.32124548368694295,12.946114693541807
2069,21.0,53.0,0.0,53.0,1.0,0.14763267170963074,13.093747365251437
2070,21.0,54.0,0.0,54.0,6.0,0.0,13.093747365251437
2071,21.0,55.0,0.0,55.0,7.0,0.022183306689947068,13.115930671941383
2072,21.0,56.0,0.0,56.0,4.0,0.4269573308108327,13.542888002752216
2073,21.0,57.0,0.0,57.0,4.0,0.5189731442966758,14.06186114704889
2074,21.0,58.0,0.0,58.0,4.0,0.3628567677526115,14.424717914801501
2075,21.0,59.0,0.0,59.0,4.0,0.4262384419390214,14.850956356740523
2076,21.0,60.0,0.0,60.0,4.0,0.024172346025505487,14.875128702766029
2077,21.0,61.0,0.0,61.0,4.0,0.0,14.875128702766029
2078,21.0,62.0,0.0,62.0,1.0,0.0930474388599168,14.968176141625946
2079,21.0,63.0,0.0,63.0,6.0,0.0,14.968176141625946
2080,21.0,64.0,0.0,64.0,0.0,0.05684979826683998,15.025025939892787
2081,21.0,65.0,0.0,65.0,7.0,0.06863775353354312,15.09366369342633
2082,21.0,66.0,0.0,66.0,4.0,0.6296318563139507,15.723295549740282
2083,21.0,67.0,0.0,67.0,4.0,0.16518765184318784,15.888483201583469
2084,21.0,68.0,0.0,68.0,4.0,0.3378213837210231,16.226304585304494
2085,21.0,69.0,0.0,69.0,4.0,0.21617570620019438,16.442480291504687
2086,21.0,70.0,0.0,70.0,4.0,0.28973804014574706,16.732218331650433
2087,21.0,71.0,0.0,71.0,2.0,0.20274467364983373,16.93496300530027
2088,21.0,72.0,0.0,72.0,4.0,0.35662687216539196,17.29158987746566
2089,21.0,73.0,0.0,73.0,4.0,0.06308539271434067,17.354675270180003
2090,21.0,74.0,0.0,74.0,5.0,0.061655103827774414,17.416330374007778
2091,21.0,75.0,0.0,75.0,1.0,0.5459856231058668,17.962315997113645
2092,21.0,76.0,0.0,76.0,1.0,0.11896244309851166,18.081278440212156
2093,21.0,77.0,0.0,77.0,1.0,0.27391822828331297,18.35519666849547
2094,21.0,78.0,0.0,78.0,6.0,0.754797882045112,19.10999455054058
2095,21.0,79.0,0.0,79.0,6.0,0.10776919275082603,19.217763743291407
2096,21.0,80.0,0.0,80.0,6.0,0.19330425654839078,19.411067999839798
2097,21.0,81.0,0.0,81.0,6.0,0.45154853925075483,19.862616539090553
2098,21.0,82.0,0.0,82.0,6.0,0.29928972735028064,20.161906266440834
2099,21.0,83.0,0.0,83.0,6.0,0.2380098281042837,20.399916094545116
2100,21.0,84.0,0.0,84.0,6.0,0.308924290481592,20.708840385026708
2101,21.0,85.0,0.0,85.0,6.0,0.0,20.708840385026708
2102,21.0,86.0,0.0,86.0,1.0,0.640526367398124,21.34936675242483
2103,21.0,87.0,0.0,87.0,1.0,0.5350809140500077,21.884447666474838
2104,21.0,88.0,0.0,88.0,1.0,0.23702024352928716,22.121467910004124
2105,21.0,89.0,0.0,89.0,1.0,0.0,22.121467910004124
2106,21.0,90.0,0.0,90.0,1.0,0.5102676826124355,22.63173559261656
2107,21.0,91.0,0.0,91.0,1.0,0.21643836357841792,22.84817395619498
2108,21.0,92.0,0.0,92.0,1.0,0.028670031367413643,22.876843987562395
2109,21.0,93.0,0.0,93.0,2.0,0.482186826413389,23.359030813975785
2110,21.0,94.0,0.0,94.0,2.0,0.038723990899334274,23.39775480487512
2111,21.0,95.0,0.0,95.0,1.0,0.0,23.39775480487512
2112,22.0,0.0,0.0,0.0,0.0,0.0,0.0
2113,22.0,1.0,0.0,1.0,1.0,0.04845925959332829,0.04845925959332829
2114,22.0,2.0,0.0,2.0,2.0,0.25637356125238836,0.30483282084571667
2115,22.0,3.0,0.0,3.0,3.0,0.09270862586868636,0.39754144671440306
2116,22.0,4.0,0.0,4.0,4.0,0.14496949301802708,0.5425109397324301
2117,22.0,5.0,0.0,5.0,5.0,0.15788754467582478,0.7003984844082549
2118,22.0,6.0,0.0,6.0,6.0,0.0,0.7003984844082549
2119,22.0,7.0,0.0,7.0,7.0,0.3191817414767788,1.0195802258850337
2120,22.0,8.0,0.0,8.0,7.0,0.3029126053848762,1.3224928312699098
2121,22.0,9.0,0.0,9.0,2.0,0.0,1.3224928312699098
2122,22.0,10.0,0.0,10.0,7.0,0.18383185769136598,1.5063246889612758
2123,22.0,11.0,0.0,11.0,5.0,0.3041591797941908,1.8104838687554667
2124,22.0,12.0,0.0,12.0,4.0,0.45969118074479987,2.2701750495002666
2125,22.0,13.0,0.0,13.0,4.0,0.07151951990290359,2.3416945694031703
2126,22.0,14.0,0.0,14.0,3.0,0.1595965695819533,2.5012911389851236
2127,22.0,15.0,0.0,15.0,5.0,0.190094615722883,2.6913857547080067
2128,22.0,16.0,0.0,16.0,7.0,0.14046681190174445,2.831852566609751
2129,22.0,17.0,0.0,17.0,1.0,0.14763267170963074,2.979485238319382
2130,22.0,18.0,0.0,18.0,4.0,0.181316232947323,3.160801471266705
2131,22.0,19.0,0.0,19.0,5.0,0.12956159087489713,3.2903630621416022
2132,22.0,20.0,0.0,20.0,0.0,0.1369825643388808,3.427345626480483
2133,22.0,21.0,0.0,21.0,6.0,0.14418838926849195,3.5715340157489748
2134,22.0,22.0,0.0,22.0,7.0,0.1578071467912929,3.7293411625402677
2135,22.0,23.0,0.0,23.0,2.0,0.17796714865995647,3.9073083112002243
2136,22.0,24.0,0.0,24.0,3.0,0.26914273809568673,4.176451049295911
2137,22.0,25.0,0.0,25.0,4.0,0.3628567677526115,4.539307817048522
2138,22.0,26.0,0.0,26.0,4.0,0.42565478925164,4.964962606300162
2139,22.0,27.0,0.0,27.0,4.0,0.014489782945512395,4.979452389245674
2140,22.0,28.0,0.0,28.0,3.0,0.24272613617104483,5.222178525416719
2141,22.0,29.0,0.0,29.0,1.0,0.10131102734794921,5.323489552764668
2142,22.0,30.0,0.0,30.0,5.0,0.0,5.323489552764668
2143,22.0,31.0,0.0,31.0,7.0,0.3705421398642408,5.694031692628909
2144,22.0,32.0,0.0,32.0,7.0,0.11139279735658204,5.805424489985491
2145,22.0,33.0,0.0,33.0,3.0,0.3437000409382609,6.149124530923752
2146,22.0,34.0,0.0,34.0,3.0,0.00048590855662026,6.149610439480372
2147,22.0,35.0,0.0,35.0,2.0,0.0,6.149610439480372
2148,22.0,36.0,0.0,36.0,4.0,0.18805542412596601,6.337665863606338
2149,22.0,37.0,0.0,37.0,6.0,0.2624626141648409,6.600128477771179
2150,22.0,38.0,0.0,38.0,6.0,0.0,6.600128477771179
2151,22.0,39.0,0.0,39.0,0.0,0.3052502660187513,6.90537874378993
2152,22.0,40.0,0.0,40.0,0.0,0.0,6.90537874378993
2153,22.0,41.0,0.0,41.0,7.0,0.022183306689947068,6.927562050479877
2154,22.0,42.0,0.0,42.0,4.0,0.0,6.927562050479877
2155,22.0,43.0,0.0,43.0,3.0,0.09565973087312887,7.023221781353006
2156,22.0,44.0,0.0,44.0,1.0,0.35845450021337216,7.381676281566378
2157,22.0,45.0,0.0,45.0,1.0,0.32124548368694295,7.702921765253321
2158,22.0,46.0,0.0,46.0,1.0,0.5325149437924254,8.235436709045747
2159,22.0,47.0,0.0,47.0,1.0,0.1122698472049673,8.347706556250714
2160,22.0,48.0,0.0,48.0,1.0,0.7343824664965894,9.082089022747303
2161,22.0,49.0,0.0,49.0,1.0,0.2975171656525792,9.379606188399881
2162,22.0,50.0,0.0,50.0,1.0,0.14690456218978679,9.526510750589669
2163,22.0,51.0,0.0,51.0,1.0,0.29156994495680316,9.818080695546472
2164,22.0,52.0,0.0,52.0,1.0,0.2923975416172881,10.11047823716376
2165,22.0,53.0,0.0,53.0,1.0,0.35164524988197277,10.462123487045732
2166,22.0,54.0,0.0,54.0,1.0,0.7371334889638141,11.199256976009545
2167,22.0,55.0,0.0,55.0,1.0,0.0772841125499467,11.276541088559492
2168,22.0,56.0,0.0,56.0,1.0,0.15606839806007136,11.432609486619564
2169,22.0,57.0,0.0,57.0,1.0,0.2129057638025988,11.645515250422163
2170,22.0,58.0,0.0,58.0,1.0,0.9645942569749285,12.610109507397091
2171,22.0,59.0,0.0,59.0,1.0,0.0,12.610109507397091
2172,22.0,60.0,0.0,60.0,1.0,0.11675306462359378,12.726862572020686
2173,22.0,61.0,0.0,61.0,1.0,0.2107072265151842,12.93756979853587
2174,22.0,62.0,0.0,62.0,1.0,0.031550322030998015,12.969120120566869
2175,22.0,63.0,0.0,63.0,1.0,0.11184940162260157,13.08096952218947
2176,22.0,64.0,0.0,64.0,1.0,0.023156626925220768,13.104126149114691
2177,22.0,65.0,0.0,65.0,5.0,0.6430608029323872,13.747186952047079
2178,22.0,66.0,0.0,66.0,5.0,0.43922493403029017,14.18641188607737
2179,22.0,67.0,0.0,67.0,5.0,0.1812152791592592,14.367627165236629
2180,22.0,68.0,0.0,68.0,5.0,0.0,14.367627165236629
2181,22.0,69.0,0.0,69.0,5.0,0.5943235436047835,14.961950708841412
2182,22.0,70.0,0.0,70.0,5.0,0.15886400702583056,15.120814715867242
2183,22.0,71.0,0.0,71.0,5.0,0.3614743312712399,15.482289047138481
2184,22.0,72.0,0.0,72.0,5.0,0.38817062381795203,15.870459670956434
2185,22.0,73.0,0.0,73.0,5.0,0.11740694843157064,15.987866619388004
2186,22.0,74.0,0.0,74.0,5.0,0.26795080419067996,16.255817423578684
2187,22.0,75.0,0.0,75.0,5.0,0.23571743285633687,16.49153485643502
2188,22.0,76.0,0.0,76.0,5.0,0.18916438735281615,16.680699243787835
2189,22.0,77.0,0.0,77.0,7.0,0.44759909174127827,17.128298335529113
2190,22.0,78.0,0.0,78.0,7.0,0.2094357913069121,17.337734126836025
2191,22.0,79.0,0.0,79.0,7.0,0.0,17.337734126836025
2192,22.0,80.0,0.0,80.0,5.0,0.0908247463196243,17.428558873155648
2193,22.0,81.0,0.0,81.0,4.0,0.2914393100528348,17.71999818320848
2194,22.0,82.0,0.0,82.0,4.0,0.15027538281192757,17.87027356602041
2195,22.0,83.0,0.0,83.0,1.0,0.19166078110951457,18.061934347129924
2196,22.0,84.0,0.0,84.0,5.0,0.3060716499089532,18.36800599703888
2197,22.0,85.0,0.0,85.0,5.0,0.0,18.36800599703888
2198,22.0,86.0,0.0,86.0,1.0,0.2217983483299603,18.58980434536884
2199,22.0,87.0,0.0,87.0,3.0,0.21444009859115623,18.804244443959995
2200,22.0,88.0,0.0,88.0,0.0,0.07987026212693644,18.88411470608693
2201,22.0,89.0,0.0,89.0,1.0,0.055820590489851885,18.93993529657678
2202,22.0,90.0,0.0,90.0,4.0,0.0,18.93993529657678
2203,22.0,91.0,0.0,91.0,2.0,0.7236703978770197,19.6636056944538
2204,22.0,92.0,0.0,92.0,2.0,0.38831574574861955,20.05192144020242
2205,22.0,93.0,0.0,93.0,2.0,0.31838380442486014,20.370305244627282
2206,22.0,94.0,0.0,94.0,2.0,0.025277121047566284,20.395582365674848
2207,22.0,95.0,0.0,95.0,2.0,0.07300531851332406,20.468587684188172
2208,23.0,0.0,0.0,0.0,0.0,0.15235659301307192,0.15235659301307192
2209,23.0,1.0,0.0,1.0,1.0,0.1525595877654341,0.304916180778506
2210,23.0,2.0,0.0,2.0,2.0,0.38831574574861955,0.6932319265271256
2211,23.0,3.0,0.0,3.0,3.0,0.8079320082078706,1.501163934734996
2212,23.0,4.0,0.0,4.0,4.0,0.0,1.501163934734996
2213,23.0,5.0,0.0,5.0,5.0,0.00260008851080455,1.5037640232458007
2214,23.0,6.0,0.0,6.0,6.0,0.1938598477639666,1.6976238710097673
2215,23.0,7.0,0.0,7.0,7.0,0.3522479878918014,2.0498718589015685
2216,23.0,8.0,0.0,8.0,3.0,0.3124487689648274,2.3623206278663957
2217,23.0,9.0,0.0,9.0,3.0,0.07608616683900467,2.4384067947054002
2218,23.0,10.0,0.0,10.0,2.0,0.0984534186733431,2.5368602133787435
2219,23.0,11.0,0.0,11.0,7.0,0.15727691362384175,2.6941371270025853
2220,23.0,12.0,0.0,12.0,6.0,0.012576657579367172,2.7067137845819524
2221,23.0,13.0,0.0,13.0,3.0,0.20186904139831627,2.9085828259802686
2222,23.0,14.0,0.0,14.0,1.0,0.2217983483299603,3.1303811743102288
2223,23.0,15.0,0.0,15.0,0.0,0.0,3.1303811743102288
2224,23.0,16.0,0.0,16.0,7.0,0.022183306689947068,3.152564481000176
2225,23.0,17.0,0.0,17.0,3.0,0.12405932762911029,3.2766238086292865
2226,23.0,18.0,0.0,18.0,2.0,0.0,3.2766238086292865
2227,23.0,19.0,0.0,19.0,1.0,0.35845450021337216,3.6350783088426586
2228,23.0,20.0,0.0,20.0,1.0,0.4091289111380489,4.0442072199807075
2229,23.0,21.0,0.0,21.0,1.0,0.39051636555348407,4.434723585534192
2230,23.0,22.0,0.0,22.0,1.0,0.0,4.434723585534192
2231,23.0,23.0,0.0,23.0,3.0,0.08419597055910664,4.518919556093298
2232,23.0,24.0,0.0,24.0,5.0,0.0908247463196243,4.609744302412922
2233,23.0,25.0,0.0,25.0,4.0,0.1495593642703379,4.759303666683261
2234,23.0,26.0,0.0,26.0,3.0,0.3128854636562684,5.072189130339529
2235,23.0,27.0,0.0,27.0,7.0,0.21001575520798305,5.282204885547512
2236,23.0,28.0,0.0,28.0,3.0,0.0,5.282204885547512
2237,23.0,29.0,0.0,29.0,1.0,0.22346138720261824,5.50566627275013
2238,23.0,30.0,0.0,30.0,6.0,0.25249491253368417,5.758161185283814
2239,23.0,31.0,0.0,31.0,2.0,0.0,5.758161185283814
2240,23.0,32.0,0.0,32.0,6.0,0.3045366457502025,6.062697831034017
2241,23.0,33.0,0.0,33.0,6.0,0.3116598759686686,6.374357707002686
2242,23.0,34.0,0.0,34.0,1.0,0.055820590489851885,6.430178297492537
2243,23.0,35.0,0.0,35.0,6.0,0.2888924503251035,6.71907074781764
2244,23.0,36.0,0.0,36.0,7.0,0.11500588206885451,6.834076629886495
2245,23.0,37.0,0.0,37.0,6.0,0.0,6.834076629886495
2246,23.0,38.0,0.0,38.0,0.0,0.0,6.834076629886495
2247,23.0,39.0,0.0,39.0,4.0,0.5189731442966758,7.35304977418317
2248,23.0,40.0,0.0,40.0,4.0,0.45969118074479987,7.81274095492797
2249,23.0,41.0,0.0,41.0,4.0,0.2914393100528348,8.104180264980805
2250,23.0,42.0,0.0,42.0,4.0,0.1365648802244922,8.240745145205297
2251,23.0,43.0,0.0,43.0,4.0,0.7468916268125877,8.987636772017884
2252,23.0,44.0,0.0,44.0,4.0,0.0,8.987636772017884
2253,23.0,45.0,0.0,45.0,4.0,0.20497945959324024,9.192616231611124
2254,23.0,46.0,0.0,46.0,4.0,0.03244158328874442,9.225057814899868
2255,23.0,47.0,0.0,47.0,3.0,0.12261651967535435,9.347674334575222
2256,23.0,48.0,0.0,48.0,4.0,0.07465631834671323,9.422330652921936
2257,23.0,49.0,0.0,49.0,1.0,0.1735308598711164,9.595861512793052
2258,23.0,50.0,0.0,50.0,5.0,0.7159429210092614,10.311804433802314
2259,23.0,51.0,0.0,51.0,5.0,0.21528111200447786,10.527085545806791
2260,23.0,52.0,0.0,52.0,5.0,0.12956159087489713,10.656647136681688
2261,23.0,53.0,0.0,53.0,5.0,0.15002432556116005,10.806671462242848
2262,23.0,54.0,0.0,54.0,5.0,0.0,10.806671462242848
2263,23.0,55.0,0.0,55.0,7.0,0.008325910589010882,10.81499737283186
2264,23.0,56.0,0.0,56.0,3.0,0.001461682704674984,10.816459055536535
2265,23.0,57.0,0.0,57.0,4.0,0.01616105790717103,10.832620113443706
2266,23.0,58.0,0.0,58.0,1.0,0.0,10.832620113443706
2267,23.0,59.0,0.0,59.0,6.0,0.5415728013366148,11.374192914780322
2268,23.0,60.0,0.0,60.0,6.0,0.7074564648856323,12.081649379665954
2269,23.0,61.0,0.0,61.0,6.0,0.0989051148392537,12.180554494505207
2270,23.0,62.0,0.0,62.0,6.0,0.019802180604578484,12.200356675109786
2271,23.0,63.0,0.0,63.0,6.0,0.18216968160881716,12.382526356718603
2272,23.0,64.0,0.0,64.0,6.0,0.46761061637242407,12.850136973091027
2273,23.0,65.0,0.0,65.0,6.0,0.2624626141648409,13.112599587255868
2274,23.0,66.0,0.0,66.0,6.0,0.7330812715508707,13.84568085880674
2275,23.0,67.0,0.0,67.0,6.0,0.0,13.84568085880674
2276,23.0,68.0,0.0,68.0,6.0,0.14053761898862807,13.986218477795367
2277,23.0,69.0,0.0,69.0,6.0,0.2380098281042837,14.22422830589965
2278,23.0,70.0,0.0,70.0,6.0,0.592467301916092,14.816695607815742
2279,23.0,71.0,0.0,71.0,6.0,0.012116503352960235,14.828812111168702
2280,23.0,72.0,0.0,72.0,6.0,0.12433874510598864,14.953150856274691
2281,23.0,73.0,0.0,73.0,5.0,0.43922493403029017,15.392375790304982
2282,23.0,74.0,0.0,74.0,5.0,0.38483968791955336,15.777215478224536
2283,23.0,75.0,0.0,75.0,5.0,0.07527754375067446,15.85249302197521
2284,23.0,76.0,0.0,76.0,5.0,0.0,15.85249302197521
2285,23.0,77.0,0.0,77.0,2.0,0.482186826413389,16.3346798483886
2286,23.0,78.0,0.0,78.0,2.0,0.1588172883297803,16.49349713671838
2287,23.0,79.0,0.0,79.0,2.0,0.7236703978770197,17.217167534595397
2288,23.0,80.0,0.0,80.0,2.0,0.15436321182083243,17.37153074641623
2289,23.0,81.0,0.0,81.0,2.0,0.1731947690353173,17.544725515451546
2290,23.0,82.0,0.0,82.0,2.0,0.587687788672903,18.132413304124448
2291,23.0,83.0,0.0,83.0,2.0,0.1670621200099897,18.29947542413444
2292,23.0,84.0,0.0,84.0,2.0,0.41746763913831586,18.716943063272755
2293,23.0,85.0,0.0,85.0,2.0,0.44976625428900363,19.166709317561757
2294,23.0,86.0,0.0,86.0,2.0,0.0,19.166709317561757
2295,23.0,87.0,0.0,87.0,2.0,0.1905422112228126,19.35725152878457
2296,23.0,88.0,0.0,88.0,2.0,0.0,19.35725152878457
2297,23.0,89.0,0.0,89.0,2.0,0.2732812363944383,19.63053276517901
2298,23.0,90.0,0.0,90.0,2.0,0.07148233893511084,19.70201510411412
2299,23.0,91.0,0.0,91.0,6.0,0.5198631933975867,20.221878297511708
2300,23.0,92.0,0.0,92.0,6.0,0.470561563191029,20.692439860702738
2301,23.0,93.0,0.0,93.0,6.0,0.06692797541129325,20.75936783611403
2302,23.0,94.0,0.0,94.0,6.0,0.0,20.75936783611403
2303,23.0,95.0,0.0,95.0,4.0,0.0,20.75936783611403
2304,24.0,0.0,0.0,0.0,0.0,0.0,0.0
2305,24.0,1.0,0.0,1.0,1.0,0.1521898058916304,0.1521898058916304
2306,24.0,2.0,0.0,2.0,2.0,0.13810536010235094,0.2902951659939813
2307,24.0,3.0,0.0,3.0,3.0,0.056484563299236415,0.3467797292932177
2308,24.0,4.0,0.0,4.0,4.0,0.0,0.3467797292932177
2309,24.0,5.0,0.0,5.0,5.0,0.3655504969632712,0.7123302262564889
2310,24.0,6.0,0.0,6.0,6.0,0.2690884433507071,0.981418669607196
2311,24.0,7.0,0.0,7.0,7.0,0.11500588206885451,1.0964245516760505
2312,24.0,8.0,0.0,8.0,5.0,0.07041269781241034,1.166837249488461
2313,24.0,9.0,0.0,9.0,6.0,0.45863258329410067,1.6254698327825616
2314,24.0,10.0,0.0,10.0,6.0,0.0,1.6254698327825616
2315,24.0,11.0,0.0,11.0,1.0,0.625716871682588,2.25118670446515
2316,24.0,12.0,0.0,12.0,1.0,0.32124548368694295,2.572432188152093
2317,24.0,13.0,0.0,13.0,1.0,0.14788550522949867,2.720317693381592
2318,24.0,14.0,0.0,14.0,2.0,0.17377914745726974,2.8940968408388614
2319,24.0,15.0,0.0,15.0,7.0,0.0,2.8940968408388614
2320,24.0,16.0,0.0,16.0,5.0,0.0,2.8940968408388614
2321,24.0,17.0,0.0,17.0,1.0,0.2975171656525792,3.1916140064914407
2322,24.0,18.0,0.0,18.0,3.0,0.12697042011696535,3.318584426608406
2323,24.0,19.0,0.0,19.0,1.0,0.2977196118715112,3.616304038479917
2324,24.0,20.0,0.0,20.0,6.0,0.19720425874379977,3.813508297223717
2325,24.0,21.0,0.0,21.0,1.0,0.15606839806007136,3.9695766952837883
2326,24.0,22.0,0.0,22.0,2.0,0.26727365674660486,4.236850352030393
2327,24.0,23.0,0.0,23.0,0.0,0.19270071571413808,4.429551067744531
2328,24.0,24.0,0.0,24.0,4.0,0.6928212275644872,5.1223722953090185
2329,24.0,25.0,0.0,25.0,4.0,0.30316141851187267,5.425533713820891
2330,24.0,26.0,0.0,26.0,4.0,0.0,5.425533713820891
2331,24.0,27.0,0.0,27.0,4.0,0.07128856318987772,5.496822277010769
2332,24.0,28.0,0.0,28.0,2.0,0.19074406487779483,5.687566341888564
2333,24.0,29.0,0.0,29.0,6.0,0.0,5.687566341888564
2334,24.0,30.0,0.0,30.0,1.0,0.04317602104936086,5.730742362937925
2335,24.0,31.0,0.0,31.0,0.0,0.0,5.730742362937925
2336,24.0,32.0,0.0,32.0,3.0,0.028731351967359188,5.759473714905284
2337,24.0,33.0,0.0,33.0,2.0,0.19935097092522613,5.9588246858305105
2338,24.0,34.0,0.0,34.0,4.0,0.3628567677526115,6.321681453583122
2339,24.0,35.0,0.0,35.0,4.0,0.45969118074479987,6.781372634327922
2340,24.0,36.0,0.0,36.0,4.0,0.21617570620019438,6.997548340528116
2341,24.0,37.0,0.0,37.0,4.0,0.18805542412596601,7.185603764654082
2342,24.0,38.0,0.0,38.0,5.0,0.33067682826060296,7.5162805929146845
2343,24.0,39.0,0.0,39.0,5.0,0.16528919434875355,7.681569787263438
2344,24.0,40.0,0.0,40.0,1.0,0.04845925959332829,7.7300290468567665
2345,24.0,41.0,0.0,41.0,4.0,0.619788147899107,8.349817194755873
2346,24.0,42.0,0.0,42.0,4.0,0.10013514850155053,8.449952343257424
2347,24.0,43.0,0.0,43.0,4.0,0.5243230454212805,8.974275388678704
2348,24.0,44.0,0.0,44.0,4.0,0.7468916268125877,9.721167015491291
2349,24.0,45.0,0.0,45.0,4.0,0.0,9.721167015491291
2350,24.0,46.0,0.0,46.0,4.0,0.6296318563139507,10.350798871805242
2351,24.0,47.0,0.0,47.0,4.0,0.2965977540714963,10.64739662587674
2352,24.0,48.0,0.0,48.0,4.0,0.12114345880479456,10.768540084681534
2353,24.0,49.0,0.0,49.0,4.0,0.15027538281192757,10.918815467493461
2354,24.0,50.0,0.0,50.0,4.0,0.3541487541408539,11.272964221634314
2355,24.0,51.0,0.0,51.0,4.0,0.041223720141801624,11.314187941776115
2356,24.0,52.0,0.0,52.0,2.0,0.11327101634064082,11.427458958116755
2357,24.0,53.0,0.0,53.0,7.0,0.12388247804213057,11.551341436158886
2358,24.0,54.0,0.0,54.0,5.0,0.0908247463196243,11.64216618247851
2359,24.0,55.0,0.0,55.0,6.0,0.7330812715508707,12.375247454029381
2360,24.0,56.0,0.0,56.0,6.0,0.7074564648856323,13.082703918915014
2361,24.0,57.0,0.0,57.0,6.0,0.1938598477639666,13.276563766678981
2362,24.0,58.0,0.0,58.0,6.0,0.3152014117071101,13.59176517838609
2363,24.0,59.0,0.0,59.0,6.0,0.060843244270408124,13.652608422656499
2364,24.0,60.0,0.0,60.0,6.0,0.22700732154927955,13.879615744205779
2365,24.0,61.0,0.0,61.0,6.0,0.12433874510598864,14.003954489311768
2366,24.0,62.0,0.0,62.0,6.0,0.5415728013366148,14.545527290648383
2367,24.0,63.0,0.0,63.0,6.0,0.45661860173922436,15.002145892387608
2368,24.0,64.0,0.0,64.0,6.0,0.2888924503251035,15.291038342712712
2369,24.0,65.0,0.0,65.0,6.0,0.2091349837990253,15.500173326511737
2370,24.0,66.0,0.0,66.0,6.0,0.7377651793174987,16.237938505829234
2371,24.0,67.0,0.0,67.0,6.0,0.2358206865923345,16.473759192421568
2372,24.0,68.0,0.0,68.0,6.0,0.470561563191029,16.944320755612598
2373,24.0,69.0,0.0,69.0,6.0,0.002161454739645614,16.946482210352244
2374,24.0,70.0,0.0,70.0,6.0,0.019802180604578484,16.966284390956822
2375,24.0,71.0,0.0,71.0,6.0,0.14418838926849195,17.110472780225315
2376,24.0,72.0,0.0,72.0,4.0,0.15590532879380598,17.266378109019122
2377,24.0,73.0,0.0,73.0,1.0,0.1178259592096348,17.384204068228758
2378,24.0,74.0,0.0,74.0,6.0,0.7615432087357681,18.145747276964528
2379,24.0,75.0,0.0,75.0,6.0,0.08544920153663012,18.231196478501158
2380,24.0,76.0,0.0,76.0,6.0,0.46621206372626145,18.697408542227418
2381,24.0,77.0,0.0,77.0,6.0,0.38423498309596005,19.08164352532338
2382,24.0,78.0,0.0,78.0,6.0,0.11636299692256234,19.19800652224594
2383,24.0,79.0,0.0,79.0,6.0,0.08569355050034418,19.283700072746285
2384,24.0,80.0,0.0,80.0,4.0,0.0,19.283700072746285
2385,24.0,81.0,0.0,81.0,6.0,0.754797882045112,20.038497954791396
2386,24.0,82.0,0.0,82.0,6.0,0.2380098281042837,20.276507782895678
2387,24.0,83.0,0.0,83.0,6.0,0.0989051148392537,20.375412897734932
2388,24.0,84.0,0.0,84.0,6.0,0.1370475401392327,20.512460437874164
2389,24.0,85.0,0.0,85.0,6.0,0.5609494988696637,21.07340993674383
2390,24.0,86.0,0.0,86.0,6.0,0.012576657579367172,21.085986594323195
2391,24.0,87.0,0.0,87.0,2.0,0.0,21.085986594323195
2392,24.0,88.0,0.0,88.0,6.0,0.5211461016164569,21.60713269593965
2393,24.0,89.0,0.0,89.0,6.0,0.029858941276052695,21.636991637215704
2394,24.0,90.0,0.0,90.0,4.0,0.05778005683271747,21.694771694048423
2395,24.0,91.0,0.0,91.0,6.0,0.46761061637242407,22.16238231042085
2396,24.0,92.0,0.0,92.0,6.0,0.31122773400729964,22.47361004442815
2397,24.0,93.0,0.0,93.0,6.0,0.5064850022994652,22.980095046727616
2398,24.0,94.0,0.0,94.0,6.0,0.19330425654839078,23.173399303276007
2399,24.0,95.0,0.0,95.0,6.0,0.030996621679545998,23.204395924955552
2400,25.0,0.0,0.0,0.0,0.0,0.1908288003675769,0.1908288003675769
2401,25.0,1.0,0.0,1.0,1.0,0.0,0.1908288003675769
2402,25.0,2.0,0.0,2.0,2.0,0.5259817321483307,0.7168105325159075
2403,25.0,3.0,0.0,3.0,3.0,0.09565973087312887,0.8124702633890364
2404,25.0,4.0,0.0,4.0,4.0,0.0,0.8124702633890364
2405,25.0,5.0,0.0,5.0,5.0,0.0,0.8124702633890364
2406,25.0,6.0,0.0,6.0,6.0,0.060843244270408124,0.8733135076594445
2407,25.0,7.0,0.0,7.0,7.0,0.45856256848509114,1.3318760761445356
2408,25.0,8.0,0.0,8.0,2.0,0.0072074941480090105,1.3390835702925445
2409,25.0,9.0,0.0,9.0,7.0,0.0372746347292418,1.3763582050217864
2410,25.0,10.0,0.0,10.0,0.0,0.30754911887660585,1.6839073238983921
2411,25.0,11.0,0.0,11.0,2.0,0.038723990899334274,1.7226313147977264
2412,25.0,12.0,0.0,12.0,0.0,0.48448669996828364,2.20711801476601
2413,25.0,13.0,0.0,13.0,0.0,0.0,2.20711801476601
2414,25.0,14.0,0.0,14.0,7.0,0.6820921113526627,2.8892101261186727
2415,25.0,15.0,0.0,15.0,7.0,0.08816257292987052,2.9773726990485434
2416,25.0,16.0,0.0,16.0,3.0,0.09270862586868636,3.0700813249172296
2417,25.0,17.0,0.0,17.0,7.0,0.2075341574424337,3.2776154823596633
2418,25.0,18.0,0.0,18.0,6.0,0.7615432087357681,4.039158691095431
2419,25.0,19.0,0.0,19.0,6.0,0.012116503352960235,4.051275194448391
2420,25.0,20.0,0.0,20.0,6.0,0.1938598477639666,4.2451350422123575
2421,25.0,21.0,0.0,21.0,7.0,0.0,4.2451350422123575
2422,25.0,22.0,0.0,22.0,6.0,0.05187143270467871,4.297006474917036
2423,25.0,23.0,0.0,23.0,1.0,0.1525595877654341,4.44956606268247
2424,25.0,24.0,0.0,24.0,4.0,0.29965634577184486,4.749222408454314
2425,25.0,25.0,0.0,25.0,4.0,0.0,4.749222408454314
2426,25.0,26.0,0.0,26.0,5.0,0.22127064602955218,4.970493054483867
2427,25.0,27.0,0.0,27.0,0.0,0.0766001135159025,5.047093167999769
2428,25.0,28.0,0.0,28.0,2.0,0.26727365674660486,5.314366824746374
2429,25.0,29.0,0.0,29.0,5.0,0.38817062381795203,5.702537448564326
2430,25.0,30.0,0.0,30.0,5.0,0.6430608029323872,6.345598251496713
2431,25.0,31.0,0.0,31.0,5.0,0.1208852646021139,6.466483516098827
2432,25.0,32.0,0.0,32.0,5.0,0.00260008851080455,6.469083604609631
2433,25.0,33.0,0.0,33.0,2.0,0.20166360592346178,6.670747210533093
2434,25.0,34.0,0.0,34.0,7.0,0.3523297046050333,7.023076915138126
2435,25.0,35.0,0.0,35.0,7.0,0.025365823974029863,7.048442739112156
2436,25.0,36.0,0.0,36.0,3.0,0.19564670942873996,7.244089448540896
2437,25.0,37.0,0.0,37.0,6.0,0.12662947121033713,7.370718919751233
2438,25.0,38.0,0.0,38.0,0.0,0.01491556061691698,7.385634480368149
2439,25.0,39.0,0.0,39.0,5.0,0.056443085324379784,7.442077565692529
2440,25.0,40.0,0.0,40.0,2.0,0.40117548832375627,7.843253054016285
2441,25.0,41.0,0.0,41.0,2.0,0.19935097092522613,8.042604024941511
2442,25.0,42.0,0.0,42.0,1.0,0.4091289111380489,8.45173293607956
2443,25.0,43.0,0.0,43.0,1.0,0.11338444405026506,8.565117380129825
2444,25.0,44.0,0.0,44.0,2.0,0.07058480069441396,8.63570218082424
2445,25.0,45.0,0.0,45.0,1.0,0.04845925959332829,8.684161440417567
2446,25.0,46.0,0.0,46.0,3.0,0.07917327843515808,8.763334718852725
2447,25.0,47.0,0.0,47.0,7.0,0.11139279735658204,8.874727516209308
2448,25.0,48.0,0.0,48.0,6.0,0.19237477602684144,9.06710229223615
2449,25.0,49.0,0.0,49.0,5.0,0.0,9.06710229223615
2450,25.0,50.0,0.0,50.0,2.0,0.07300531851332406,9.140107610749475
2451,25.0,51.0,0.0,51.0,6.0,0.3286820084901565,9.468789619239631
2452,25.0,52.0,0.0,52.0,6.0,0.4025312660474192,9.87132088528705
2453,25.0,53.0,0.0,53.0,6.0,0.10821198863204971,9.9795328739191
2454,25.0,54.0,0.0,54.0,4.0,0.13505835684833514,10.114591230767434
2455,25.0,55.0,0.0,55.0,7.0,0.45690301731070837,10.571494248078142
2456,25.0,56.0,0.0,56.0,7.0,0.5762895628867217,11.147783810964864
2457,25.0,57.0,0.0,57.0,7.0,0.11500588206885451,11.262789693033719
2458,25.0,58.0,0.0,58.0,7.0,0.0,11.262789693033719
2459,25.0,59.0,0.0,59.0,0.0,0.16065957806136022,11.423449271095079
2460,25.0,60.0,0.0,60.0,6.0,0.3045366457502025,11.727985916845281
2461,25.0,61.0,0.0,61.0,6.0,0.0,11.727985916845281
2462,25.0,62.0,0.0,62.0,7.0,0.0,11.727985916845281
2463,25.0,63.0,0.0,63.0,1.0,0.2129057638025988,11.94089168064788
2464,25.0,64.0,0.0,64.0,3.0,0.2794877389564897,12.22037941960437
2465,25.0,65.0,0.0,65.0,3.0,0.6774497976451884,12.897829217249559
2466,25.0,66.0,0.0,66.0,3.0,0.24272613617104483,13.140555353420604
2467,25.0,67.0,0.0,67.0,3.0,0.30727719064634834,13.447832544066951
2468,25.0,68.0,0.0,68.0,3.0,0.17758193823470309,13.625414482301654
2469,25.0,69.0,0.0,69.0,3.0,0.011662364837897463,13.637076847139552
2470,25.0,70.0,0.0,70.0,3.0,0.10133948080521624,13.738416327944767
2471,25.0,71.0,0.0,71.0,0.0,0.06806513547863605,13.806481463423403
2472,25.0,72.0,0.0,72.0,2.0,0.4604115321070168,14.26689299553042
2473,25.0,73.0,0.0,73.0,2.0,0.16196479063327046,14.42885778616369
2474,25.0,74.0,0.0,74.0,2.0,0.3195571986524608,14.74841498481615
2475,25.0,75.0,0.0,75.0,2.0,0.3004714236147025,15.048886408430853
2476,25.0,76.0,0.0,76.0,2.0,0.0,15.048886408430853
2477,25.0,77.0,0.0,77.0,1.0,0.2336797832809992,15.282566191711853
2478,25.0,78.0,0.0,78.0,4.0,0.3628567677526115,15.645422959464463
2479,25.0,79.0,0.0,79.0,4.0,0.3376566388633923,15.983079598327855
2480,25.0,80.0,0.0,80.0,4.0,0.020723335122281958,16.003802933450135
2481,25.0,81.0,0.0,81.0,3.0,0.23503314504653663,16.23883607849667
2482,25.0,82.0,0.0,82.0,6.0,0.43814959519287755,16.67698567368955
2483,25.0,83.0,0.0,83.0,6.0,0.4832391209848758,17.160224794674427
2484,25.0,84.0,0.0,84.0,6.0,0.6681191236917254,17.82834391836615
2485,25.0,85.0,0.0,85.0,6.0,0.40586275112066333,18.234206669486813
2486,25.0,86.0,0.0,86.0,6.0,0.8113111970305757,19.04551786651739
2487,25.0,87.0,0.0,87.0,6.0,0.1350995944228713,19.18061746094026
2488,25.0,88.0,0.0,88.0,6.0,0.3116598759686686,19.49227733690893
2489,25.0,89.0,0.0,89.0,6.0,0.46120539576978026,19.95348273267871
2490,25.0,90.0,0.0,90.0,6.0,0.20104993189686238,20.154532664575573
2491,25.0,91.0,0.0,91.0,6.0,0.3731406200505958,20.527673284626168
2492,25.0,92.0,0.0,92.0,6.0,0.2355975950006196,20.763270879626788
2493,25.0,93.0,0.0,93.0,6.0,0.09260082505258796,20.855871704679377
2494,25.0,94.0,0.0,94.0,6.0,0.08473142129368774,20.940603125973066
2495,25.0,95.0,0.0,95.0,6.0,0.3152014117071101,21.255804537680177
2496,26.0,0.0,0.0,0.0,0.0,0.0,0.0
2497,26.0,1.0,0.0,1.0,1.0,0.5459856231058668,0.5459856231058668
2498,26.0,2.0,0.0,2.0,2.0,0.6213972006776474,1.1673828237835142
2499,26.0,3.0,0.0,3.0,3.0,0.10133948080521624,1.2687223045887304
2500,26.0,4.0,0.0,4.0,4.0,0.28973804014574706,1.5584603447344774
2501,26.0,5.0,0.0,5.0,5.0,0.5943235436047835,2.1527838883392607
2502,26.0,6.0,0.0,6.0,6.0,0.40586275112066333,2.558646639459924
2503,26.0,7.0,0.0,7.0,7.0,0.0372746347292418,2.5959212741891657
2504,26.0,8.0,0.0,8.0,2.0,0.42591938102062793,3.0218406552097936
2505,26.0,9.0,0.0,9.0,5.0,0.556448204261036,3.5782888594708298
2506,26.0,10.0,0.0,10.0,1.0,0.8012578002674544,4.379546659738284
2507,26.0,11.0,0.0,11.0,1.0,0.1178259592096348,4.497372618947919
2508,26.0,12.0,0.0,12.0,5.0,0.4299809133878022,4.927353532335721
2509,26.0,13.0,0.0,13.0,6.0,0.5415728013366148,5.468926333672336
2510,26.0,14.0,0.0,14.0,2.0,0.025277121047566284,5.494203454719902
2511,26.0,15.0,0.0,15.0,6.0,0.25249491253368417,5.746698367253586
2512,26.0,16.0,0.0,16.0,5.0,0.3355502795163708,6.082248646769957
2513,26.0,17.0,0.0,17.0,4.0,0.6548917240652656,6.737140370835222
2514,26.0,18.0,0.0,18.0,4.0,0.01616105790717103,6.753301428742393
2515,26.0,19.0,0.0,19.0,1.0,0.025530299644546818,6.77883172838694
2516,26.0,20.0,0.0,20.0,5.0,0.28810875083932547,7.066940479226266
2517,26.0,21.0,0.0,21.0,6.0,0.07179891276627816,7.1387393919925435
2518,26.0,22.0,0.0,22.0,5.0,0.15886400702583056,7.297603399018374
2519,26.0,23.0,0.0,23.0,2.0,0.30371061480436934,7.601314013822744
2520,26.0,24.0,0.0,24.0,1.0,0.09843267325163044,7.6997466870743745
2521,26.0,25.0,0.0,25.0,4.0,0.2742259822986554,7.97397266937303
2522,26.0,26.0,0.0,26.0,3.0,0.07896543589840778,8.052938105271437
2523,26.0,27.0,0.0,27.0,5.0,0.0,8.052938105271437
2524,26.0,28.0,0.0,28.0,2.0,0.0,8.052938105271437
2525,26.0,29.0,0.0,29.0,6.0,0.5721185095518746,8.625056614823311
2526,26.0,30.0,0.0,30.0,6.0,0.1938598477639666,8.818916462587278
2527,26.0,31.0,0.0,31.0,4.0,0.619788147899107,9.438704610486386
2528,26.0,32.0,0.0,32.0,4.0,0.10013514850155053,9.538839758987937
2529,26.0,33.0,0.0,33.0,6.0,0.12433874510598864,9.663178504093926
2530,26.0,34.0,0.0,34.0,1.0,0.09767182935369328,9.76085033344762
2531,26.0,35.0,0.0,35.0,7.0,0.3705421398642408,10.13139247331186
2532,26.0,36.0,0.0,36.0,7.0,0.0,10.13139247331186
2533,26.0,37.0,0.0,37.0,4.0,0.786538645224503,10.917931118536364
2534,26.0,38.0,0.0,38.0,4.0,0.0,10.917931118536364
2535,26.0,39.0,0.0,39.0,5.0,0.16771754750020024,11.085648666036564
2536,26.0,40.0,0.0,40.0,4.0,0.28146556337815226,11.367114229414716
2537,26.0,41.0,0.0,41.0,4.0,0.4269573308108327,11.794071560225548
2538,26.0,42.0,0.0,42.0,4.0,0.13505835684833514,11.929129917073883
2539,26.0,43.0,0.0,43.0,0.0,0.07365740875287344,12.002787325826757
2540,26.0,44.0,0.0,44.0,2.0,0.0,12.002787325826757
2541,26.0,45.0,0.0,45.0,6.0,0.2624626141648409,12.265249939991598
2542,26.0,46.0,0.0,46.0,5.0,0.056443085324379784,12.321693025315978
2543,26.0,47.0,0.0,47.0,1.0,0.028670031367413643,12.350363056683392
2544,26.0,48.0,0.0,48.0,6.0,0.29928972735028064,12.649652784033673
2545,26.0,49.0,0.0,49.0,4.0,0.024172346025505487,12.673825130059178
2546,26.0,50.0,0.0,50.0,6.0,0.5048327715259897,13.178657901585169
2547,26.0,51.0,0.0,51.0,6.0,0.0,13.178657901585169
2548,26.0,52.0,0.0,52.0,5.0,0.0,13.178657901585169
2549,26.0,53.0,0.0,53.0,4.0,0.3097901048969641,13.488448006482132
2550,26.0,54.0,0.0,54.0,6.0,0.20751175649518033,13.695959762977312
2551,26.0,55.0,0.0,55.0,3.0,0.6916736699244181,14.38763343290173
2552,26.0,56.0,0.0,56.0,3.0,0.27979422998214515,14.667427662883874
2553,26.0,57.0,0.0,57.0,3.0,0.18076898800776417,14.848196650891639
2554,26.0,58.0,0.0,58.0,3.0,0.26702269374071647,15.115219344632356
2555,26.0,59.0,0.0,59.0,3.0,0.26914273809568673,15.384362082728043
2556,26.0,60.0,0.0,60.0,3.0,0.0747189184831523,15.459081001211194
2557,26.0,61.0,0.0,61.0,4.0,0.014489782945512395,15.473570784156706
2558,26.0,62.0,0.0,62.0,1.0,0.0,15.473570784156706
2559,26.0,63.0,0.0,63.0,2.0,0.289774682159023,15.76334546631573
2560,26.0,64.0,0.0,64.0,6.0,0.8206264844566112,16.58397195077234
2561,26.0,65.0,0.0,65.0,6.0,0.1370475401392327,16.721019490911573
2562,26.0,66.0,0.0,66.0,6.0,0.0,16.721019490911573
2563,26.0,67.0,0.0,67.0,2.0,0.10287625647900679,16.82389574739058
2564,26.0,68.0,0.0,68.0,7.0,0.2075341574424337,17.031429904833015
2565,26.0,69.0,0.0,69.0,6.0,0.46655973523908206,17.497989640072095
2566,26.0,70.0,0.0,70.0,6.0,0.5199951664423675,18.017984806514463
2567,26.0,71.0,0.0,71.0,6.0,0.2380098281042837,18.255994634618744
2568,26.0,72.0,0.0,72.0,6.0,0.019802180604578484,18.275796815223323
2569,26.0,73.0,0.0,73.0,3.0,0.0,18.275796815223323
2570,26.0,74.0,0.0,74.0,5.0,0.25009537864149917,18.525892193864824
2571,26.0,75.0,0.0,75.0,4.0,0.07493619689443067,18.600828390759254
2572,26.0,76.0,0.0,76.0,6.0,0.7377651793174987,19.338593570076753
2573,26.0,77.0,0.0,77.0,6.0,0.470561563191029,19.809155133267783
2574,26.0,78.0,0.0,78.0,6.0,0.3286820084901565,20.137837141757938
2575,26.0,79.0,0.0,79.0,6.0,0.08326994649709853,20.221107088255035
2576,26.0,80.0,0.0,80.0,6.0,0.2245370227069958,20.445644110962032
2577,26.0,81.0,0.0,81.0,6.0,0.351198302995685,20.796842413957716
2578,26.0,82.0,0.0,82.0,6.0,0.1350995944228713,20.931942008380588
2579,26.0,83.0,0.0,83.0,5.0,0.5396395039110845,21.47158151229167
2580,26.0,84.0,0.0,84.0,5.0,0.3671116304857597,21.83869314277743
2581,26.0,85.0,0.0,85.0,5.0,0.3368873886964404,22.17558053147387
2582,26.0,86.0,0.0,86.0,5.0,0.5504746613797407,22.72605519285361
2583,26.0,87.0,0.0,87.0,5.0,0.18916438735281615,22.915219580206426
2584,26.0,88.0,0.0,88.0,5.0,0.190094615722883,23.10531419592931
2585,26.0,89.0,0.0,89.0,5.0,0.0,23.10531419592931
2586,26.0,90.0,0.0,90.0,6.0,0.08569355050034418,23.191007746429655
2587,26.0,91.0,0.0,91.0,7.0,0.09917719492813658,23.29018494135779
2588,26.0,92.0,0.0,92.0,2.0,0.40117548832375627,23.691360429681545
2589,26.0,93.0,0.0,93.0,2.0,0.5537602076296071,24.245120637311153
2590,26.0,94.0,0.0,94.0,2.0,0.5927850394971269,24.83790567680828
2591,26.0,95.0,0.0,95.0,2.0,0.0,24.83790567680828
2592,27.0,0.0,0.0,0.0,0.0,0.0920635712636228,0.0920635712636228
2593,27.0,1.0,0.0,1.0,1.0,0.028670031367413643,0.12073360263103644
2594,27.0,2.0,0.0,2.0,2.0,0.537148762474358,0.6578823651053944
2595,27.0,3.0,0.0,3.0,3.0,0.025510018405371447,0.6833923835107659
2596,27.0,4.0,0.0,4.0,4.0,0.0,0.6833923835107659
2597,27.0,5.0,0.0,5.0,5.0,0.0,0.6833923835107659
2598,27.0,6.0,0.0,6.0,6.0,0.05187143270467871,0.7352638162154447
2599,27.0,7.0,0.0,7.0,7.0,0.5762895628867217,1.3115533791021665
2600,27.0,8.0,0.0,8.0,7.0,0.0,1.3115533791021665
2601,27.0,9.0,0.0,9.0,2.0,0.5259817321483307,1.8375351112504972
2602,27.0,10.0,0.0,10.0,2.0,0.025277121047566284,1.8628122322980634
2603,27.0,11.0,0.0,11.0,2.0,0.31838380442486014,2.1811960367229233
2604,27.0,12.0,0.0,12.0,7.0,0.2908331151793469,2.4720291519022703
2605,27.0,13.0,0.0,13.0,2.0,0.4833660339380995,2.95539518584037
2606,27.0,14.0,0.0,14.0,2.0,0.6257180907935707,3.581113276633941
2607,27.0,15.0,0.0,15.0,2.0,0.0,3.581113276633941
2608,27.0,16.0,0.0,16.0,0.0,0.09968082273709172,3.6807940993710324
2609,27.0,17.0,0.0,17.0,7.0,0.0,3.6807940993710324
2610,27.0,18.0,0.0,18.0,6.0,0.0,3.6807940993710324
2611,27.0,19.0,0.0,19.0,2.0,0.04961298748480245,3.730407086855835
2612,27.0,20.0,0.0,20.0,1.0,0.31376821855801423,4.044175305413849
2613,27.0,21.0,0.0,21.0,3.0,0.5254767966993704,4.56965210211322
2614,27.0,22.0,0.0,22.0,3.0,0.10860300214653837,4.678255104259758
2615,27.0,23.0,0.0,23.0,1.0,0.09767182935369328,4.7759269336134516
2616,27.0,24.0,0.0,24.0,3.0,0.04429925980485249,4.820226193418304
2617,27.0,25.0,0.0,25.0,4.0,0.14305431294694723,4.963280506365251
2618,27.0,26.0,0.0,26.0,5.0,0.5943235436047835,5.557604049970035
2619,27.0,27.0,0.0,27.0,5.0,0.1271290746976771,5.684733124667712
2620,27.0,28.0,0.0,28.0,5.0,0.15002432556116005,5.834757450228873
2621,27.0,29.0,0.0,29.0,2.0,0.0,5.834757450228873
2622,27.0,30.0,0.0,30.0,5.0,0.27855042756309173,6.113307877791964
2623,27.0,31.0,0.0,31.0,7.0,0.06863775353354312,6.181945631325507
2624,27.0,32.0,0.0,32.0,5.0,0.0,6.181945631325507
2625,27.0,33.0,0.0,33.0,2.0,0.19935097092522613,6.381296602250734
2626,27.0,34.0,0.0,34.0,0.0,0.33003064520520264,6.7113272474559365
2627,27.0,35.0,0.0,35.0,0.0,0.3052502660187513,7.0165775134746875
2628,27.0,36.0,0.0,36.0,0.0,0.30754911887660585,7.324126632351294
2629,27.0,37.0,0.0,37.0,0.0,0.513449698258166,7.83757633060946
2630,27.0,38.0,0.0,38.0,0.0,0.41174567644419385,8.249322007053655
2631,27.0,39.0,0.0,39.0,0.0,0.1265919745726959,8.37591398162635
2632,27.0,40.0,0.0,40.0,0.0,0.07987026212693644,8.455784243753287
2633,27.0,41.0,0.0,41.0,1.0,0.14763267170963074,8.603416915462917
2634,27.0,42.0,0.0,42.0,2.0,0.2732812363944383,8.876698151857356
2635,27.0,43.0,0.0,43.0,2.0,0.07300531851332406,8.94970347037068
2636,27.0,44.0,0.0,44.0,3.0,0.31273620845765815,9.262439678828338
2637,27.0,45.0,0.0,45.0,3.0,0.18053033147432693,9.442970010302664
2638,27.0,46.0,0.0,46.0,4.0,0.1495593642703379,9.592529374573003
2639,27.0,47.0,0.0,47.0,0.0,0.0,9.592529374573003
2640,27.0,48.0,0.0,48.0,7.0,0.03880437980675808,9.63133375437976
2641,27.0,49.0,0.0,49.0,3.0,0.08963784878726973,9.72097160316703
2642,27.0,50.0,0.0,50.0,2.0,0.10287625647900679,9.823847859646037
2643,27.0,51.0,0.0,51.0,1.0,0.5102676826124355,10.334115542258472
2644,27.0,52.0,0.0,52.0,1.0,0.1581141854724727,10.492229727730944
2645,27.0,53.0,0.0,53.0,1.0,0.24526319585689446,10.737492923587839
2646,27.0,54.0,0.0,54.0,1.0,0.185681072301442,10.92317399588928
2647,27.0,55.0,0.0,55.0,5.0,0.1405045273169124,11.063678523206192
2648,27.0,56.0,0.0,56.0,1.0,0.1252470864872485,11.188925609693442
2649,27.0,57.0,0.0,57.0,4.0,0.786538645224503,11.975464254917945
2650,27.0,58.0,0.0,58.0,4.0,0.01616105790717103,11.991625312825116
2651,27.0,59.0,0.0,59.0,4.0,0.004890111547855993,11.996515424372973
2652,27.0,60.0,0.0,60.0,4.0,0.6548917240652656,12.651407148438238
2653,27.0,61.0,0.0,61.0,4.0,0.7468916268125877,13.398298775250826
2654,27.0,62.0,0.0,62.0,4.0,0.5189731442966758,13.917271919547503
2655,27.0,63.0,0.0,63.0,4.0,0.6928212275644872,14.61009314711199
2656,27.0,64.0,0.0,64.0,4.0,0.26227852312629674,14.872371670238286
2657,27.0,65.0,0.0,65.0,4.0,0.3376566388633923,15.210028309101677
2658,27.0,66.0,0.0,66.0,4.0,0.36899642420942863,15.579024733311106
2659,27.0,67.0,0.0,67.0,4.0,0.2459794118468931,15.825004145158
2660,27.0,68.0,0.0,68.0,4.0,0.04666036375174277,15.871664508909742
2661,27.0,69.0,0.0,69.0,4.0,0.07493619689443067,15.946600705804173
2662,27.0,70.0,0.0,70.0,4.0,0.2742259822986554,16.22082668810283
2663,27.0,71.0,0.0,71.0,4.0,0.23110148611791392,16.451928174220743
2664,27.0,72.0,0.0,72.0,4.0,0.07128856318987772,16.52321673741062
2665,27.0,73.0,0.0,73.0,4.0,0.11081989247498787,16.63403662988561
2666,27.0,74.0,0.0,74.0,4.0,0.5401870119994172,17.17422364188503
2667,27.0,75.0,0.0,75.0,4.0,0.20497945959324024,17.379203101478268
2668,27.0,76.0,0.0,76.0,4.0,0.0456160838408476,17.424819185319116
2669,27.0,77.0,0.0,77.0,4.0,0.11041446593207717,17.535233651251193
2670,27.0,78.0,0.0,78.0,2.0,0.0,17.535233651251193
2671,27.0,79.0,0.0,79.0,0.0,0.0,17.535233651251193
2672,27.0,80.0,0.0,80.0,6.0,0.1938598477639666,17.72909349901516
2673,27.0,81.0,0.0,81.0,4.0,0.2891704822674655,18.018263981282626
2674,27.0,82.0,0.0,82.0,4.0,0.4202049514706216,18.43846893275325
2675,27.0,83.0,0.0,83.0,4.0,0.31800611952542285,18.75647505227867
2676,27.0,84.0,0.0,84.0,4.0,0.22645575073161234,18.982930803010284
2677,27.0,85.0,0.0,85.0,4.0,0.8641538969732209,19.847084699983505
2678,27.0,86.0,0.0,86.0,4.0,0.020723335122281958,19.867808035105785
2679,27.0,87.0,0.0,87.0,4.0,0.3815607206079411,20.249368755713725
2680,27.0,88.0,0.0,88.0,4.0,0.28146556337815226,20.530834319091877
2681,27.0,89.0,0.0,89.0,4.0,0.08483909213874269,20.61567341123062
2682,27.0,90.0,0.0,90.0,4.0,0.16403310077668387,20.779706512007305
2683,27.0,91.0,0.0,91.0,5.0,0.15788754467582478,20.93759405668313
2684,27.0,92.0,0.0,92.0,3.0,0.13611159388976898,21.073705650572897
2685,27.0,93.0,0.0,93.0,4.0,0.29965634577184486,21.37336199634474
2686,27.0,94.0,0.0,94.0,6.0,0.07179891276627816,21.44516090911102
2687,27.0,95.0,0.0,95.0,4.0,0.024172346025505487,21.469333255136526
2688,28.0,0.0,0.0,0.0,0.0,0.04836594814127285,0.04836594814127285
2689,28.0,1.0,0.0,1.0,1.0,0.35845450021337216,0.40682044835464504
2690,28.0,2.0,0.0,2.0,2.0,0.3083246732118922,0.7151451215665372
2691,28.0,3.0,0.0,3.0,3.0,0.2656910608312819,0.9808361823978191
2692,28.0,4.0,0.0,4.0,4.0,0.4269573308108327,1.4077935132086519
2693,28.0,5.0,0.0,5.0,5.0,0.1988526429963335,1.6066461562049854
2694,28.0,6.0,0.0,6.0,6.0,0.38423498309596005,1.9908811393009453
2695,28.0,7.0,0.0,7.0,7.0,0.21001575520798305,2.2008968945089284
2696,28.0,8.0,0.0,8.0,4.0,0.03244158328874442,2.233338477797673
2697,28.0,9.0,0.0,9.0,6.0,0.9633601102069204,3.196698588004593
2698,28.0,10.0,0.0,10.0,6.0,0.18216968160881716,3.37886826961341
2699,28.0,11.0,0.0,11.0,1.0,0.8012578002674544,4.180126069880864
2700,28.0,12.0,0.0,12.0,1.0,0.1178259592096348,4.297952029090499
2701,28.0,13.0,0.0,13.0,2.0,0.5201526156790977,4.818104644769597
2702,28.0,14.0,0.0,14.0,6.0,0.18466604549596066,5.0027706902655575
2703,28.0,15.0,0.0,15.0,2.0,0.1670621200099897,5.1698328102755475
2704,28.0,16.0,0.0,16.0,3.0,0.2032469793155898,5.373079789591137
2705,28.0,17.0,0.0,17.0,1.0,0.05727556146362054,5.430355351054757
2706,28.0,18.0,0.0,18.0,7.0,0.4048413410201004,5.835196692074858
2707,28.0,19.0,0.0,19.0,5.0,0.07527754375067446,5.910474235825532
2708,28.0,20.0,0.0,20.0,6.0,0.0,5.910474235825532
2709,28.0,21.0,0.0,21.0,7.0,0.0,5.910474235825532
2710,28.0,22.0,0.0,22.0,2.0,0.5537602076296071,6.4642344434551395
2711,28.0,23.0,0.0,23.0,2.0,0.0,6.4642344434551395
2712,28.0,24.0,0.0,24.0,3.0,0.07173524956865848,6.535969693023798
2713,28.0,25.0,0.0,25.0,1.0,0.1525595877654341,6.688529280789232
2714,28.0,26.0,0.0,26.0,4.0,0.5243230454212805,7.212852326210513
2715,28.0,27.0,0.0,27.0,4.0,0.2965977540714963,7.509450080282009
2716,28.0,28.0,0.0,28.0,4.0,0.04666036375174277,7.556110444033751
2717,28.0,29.0,0.0,29.0,6.0,0.07179891276627816,7.627909356800029
2718,28.0,30.0,0.0,30.0,0.0,0.12364928192121198,7.751558638721241
2719,28.0,31.0,0.0,31.0,2.0,0.0984534186733431,7.850012057394585
2720,28.0,32.0,0.0,32.0,1.0,0.14690456218978679,7.996916619584371
2721,28.0,33.0,0.0,33.0,6.0,0.20751175649518033,8.204428376079552
2722,28.0,34.0,0.0,34.0,7.0,0.10038865027494817,8.304817026354499
2723,28.0,35.0,0.0,35.0,5.0,0.1208852646021139,8.425702290956613
2724,28.0,36.0,0.0,36.0,4.0,0.3845164824990986,8.810218773455711
2725,28.0,37.0,0.0,37.0,4.0,0.0,8.810218773455711
2726,28.0,38.0,0.0,38.0,2.0,0.289774682159023,9.099993455614733
2727,28.0,39.0,0.0,39.0,1.0,0.3720624105248227,9.472055866139556
2728,28.0,40.0,0.0,40.0,1.0,0.26917241091670174,9.741228277056258
2729,28.0,41.0,0.0,41.0,6.0,0.19720425874379977,9.938432535800057
2730,28.0,42.0,0.0,42.0,3.0,0.4903446086842321,10.42877714448429
2731,28.0,43.0,0.0,43.0,3.0,0.00048590855662026,10.42926305304091
2732,28.0,44.0,0.0,44.0,2.0,0.0,10.42926305304091
2733,28.0,45.0,0.0,45.0,1.0,0.29471142430324837,10.723974477344157
2734,28.0,46.0,0.0,46.0,1.0,0.03476387852119797,10.758738355865356
2735,28.0,47.0,0.0,47.0,6.0,0.0,10.758738355865356
2736,28.0,48.0,0.0,48.0,0.0,0.0,10.758738355865356
2737,28.0,49.0,0.0,49.0,4.0,0.07151951990290359,10.83025787576826
2738,28.0,50.0,0.0,50.0,3.0,0.07352085026470992,10.90377872603297
2739,28.0,51.0,0.0,51.0,7.0,0.09266762551682779,10.996446351549798
2740,28.0,52.0,0.0,52.0,5.0,0.11740694843157064,11.113853299981368
2741,28.0,53.0,0.0,53.0,2.0,0.27508209868767286,11.388935398669041
2742,28.0,54.0,0.0,54.0,1.0,0.14300684882151335,11.531942247490555
2743,28.0,55.0,0.0,55.0,2.0,0.3746667969555425,11.906609044446098
2744,28.0,56.0,0.0,56.0,2.0,0.043892043518105,11.950501087964202
2745,28.0,57.0,0.0,57.0,6.0,0.709114106247022,12.659615194211224
2746,28.0,58.0,0.0,58.0,6.0,0.5415728013366148,13.201187995547839
2747,28.0,59.0,0.0,59.0,6.0,0.0989051148392537,13.300093110387092
2748,28.0,60.0,0.0,60.0,6.0,0.22700732154927955,13.527100431936372
2749,28.0,61.0,0.0,61.0,6.0,0.5721185095518746,14.099218941488246
2750,28.0,62.0,0.0,62.0,6.0,0.060843244270408124,14.160062185758655
2751,28.0,63.0,0.0,63.0,6.0,0.2690884433507071,14.429150629109362
2752,28.0,64.0,0.0,64.0,6.0,0.308924290481592,14.738074919590954
2753,28.0,65.0,0.0,65.0,6.0,0.470561563191029,15.208636482781984
2754,28.0,66.0,0.0,66.0,6.0,0.351198302995685,15.559834785777669
2755,28.0,67.0,0.0,67.0,6.0,0.7330812715508707,16.29291605732854
2756,28.0,68.0,0.0,68.0,6.0,0.12662947121033713,16.419545528538876
2757,28.0,69.0,0.0,69.0,6.0,0.5199951664423675,16.939540694981243
2758,28.0,70.0,0.0,70.0,6.0,0.36348110977950954,17.303021804760753
2759,28.0,71.0,0.0,71.0,6.0,0.08900059238186646,17.392022397142618
2760,28.0,72.0,0.0,72.0,6.0,0.08326994649709853,17.475292343639715
2761,28.0,73.0,0.0,73.0,6.0,0.5048327715259897,17.980125115165706
2762,28.0,74.0,0.0,74.0,6.0,0.45661860173922436,18.436743716904928
2763,28.0,75.0,0.0,75.0,6.0,0.45863258329410067,18.89537630019903
2764,28.0,76.0,0.0,76.0,6.0,0.592467301916092,19.48784360211512
2765,28.0,77.0,0.0,77.0,6.0,0.2091349837990253,19.696978585914145
2766,28.0,78.0,0.0,78.0,6.0,0.40586275112066333,20.102841337034807
2767,28.0,79.0,0.0,79.0,6.0,0.45154853925075483,20.554389876285562
2768,28.0,80.0,0.0,80.0,6.0,0.3731406200505958,20.927530496336157
2769,28.0,81.0,0.0,81.0,6.0,0.08569355050034418,21.013224046836502
2770,28.0,82.0,0.0,82.0,6.0,0.029858941276052695,21.043082988112555
2771,28.0,83.0,0.0,83.0,6.0,0.19330425654839078,21.236387244660946
2772,28.0,84.0,0.0,84.0,6.0,0.0,21.236387244660946
2773,28.0,85.0,0.0,85.0,1.0,0.16259328171919027,21.398980526380136
2774,28.0,86.0,0.0,86.0,4.0,0.35662687216539196,21.75560739854553
2775,28.0,87.0,0.0,87.0,4.0,0.12114345880479456,21.876750857350324
2776,28.0,88.0,0.0,88.0,6.0,0.31122773400729964,22.187978591357624
2777,28.0,89.0,0.0,89.0,6.0,0.002161454739645614,22.19014004609727
2778,28.0,90.0,0.0,90.0,2.0,0.3981486247182143,22.588288670815484
2779,28.0,91.0,0.0,91.0,2.0,0.08011626779528125,22.668404938610763
2780,28.0,92.0,0.0,92.0,3.0,0.31311875945201073,22.981523698062773
2781,28.0,93.0,0.0,93.0,3.0,0.3635186756069499,23.345042373669724
2782,28.0,94.0,0.0,94.0,3.0,0.0,23.345042373669724
2783,28.0,95.0,0.0,95.0,1.0,0.625716871682588,23.970759245352312
2784,29.0,0.0,0.0,0.0,0.0,0.0,0.0
2785,29.0,1.0,0.0,1.0,1.0,0.23702024352928716,0.23702024352928716
2786,29.0,2.0,0.0,2.0,2.0,0.07300531851332406,0.3100255620426112
2787,29.0,3.0,0.0,3.0,3.0,0.0,0.3100255620426112
2788,29.0,4.0,0.0,4.0,4.0,0.14496949301802708,0.4549950550606383
2789,29.0,5.0,0.0,5.0,5.0,0.4034908793754677,0.858485934436106
2790,29.0,6.0,0.0,6.0,6.0,0.8113111970305757,1.6697971314666817
2791,29.0,7.0,0.0,7.0,7.0,0.3705421398642408,2.0403392713309225
2792,29.0,8.0,0.0,8.0,6.0,0.31122773400729964,2.351567005338222
2793,29.0,9.0,0.0,9.0,6.0,0.0,2.351567005338222
2794,29.0,10.0,0.0,10.0,5.0,0.5396395039110845,2.8912065092493067
2795,29.0,11.0,0.0,11.0,7.0,0.2094357913069121,3.1006423005562187
2796,29.0,12.0,0.0,12.0,5.0,0.7159429210092614,3.81658522156548
2797,29.0,13.0,0.0,13.0,5.0,0.0,3.81658522156548
2798,29.0,14.0,0.0,14.0,1.0,0.031550322030998015,3.848135543596478
2799,29.0,15.0,0.0,15.0,5.0,0.6074606983847354,4.455596241981214
2800,29.0,16.0,0.0,16.0,5.0,0.1189977910814536,4.5745940330626675
2801,29.0,17.0,0.0,17.0,6.0,0.5415728013366148,5.116166834399282
2802,29.0,18.0,0.0,18.0,6.0,0.11636299692256234,5.232529831321844
2803,29.0,19.0,0.0,19.0,4.0,0.10013514850155053,5.332664979823394
2804,29.0,20.0,0.0,20.0,7.0,0.0,5.332664979823394
2805,29.0,21.0,0.0,21.0,5.0,0.4083245810104282,5.740989560833823
2806,29.0,22.0,0.0,22.0,5.0,0.13948261044307597,5.880472171276899
2807,29.0,23.0,0.0,23.0,6.0,0.029858941276052695,5.910331112552951
2808,29.0,24.0,0.0,24.0,2.0,0.2822795401633952,6.192610652716346
2809,29.0,25.0,0.0,25.0,5.0,0.07826673374384487,6.2708773864601906
2810,29.0,26.0,0.0,26.0,2.0,0.40364005699886474,6.674517443459055
2811,29.0,27.0,0.0,27.0,2.0,0.11327101634064082,6.787788459799696
2812,29.0,28.0,0.0,28.0,6.0,0.19275096950199988,6.980539429301696
2813,29.0,29.0,0.0,29.0,5.0,0.2548228037622788,7.235362233063975
2814,29.0,30.0,0.0,30.0,0.0,0.41174567644419385,7.647107909508168
2815,29.0,31.0,0.0,31.0,0.0,0.1265919745726959,7.773699884080864
2816,29.0,32.0,0.0,32.0,3.0,0.07352085026470992,7.847220734345574
2817,29.0,33.0,0.0,33.0,1.0,0.09271436829694825,7.939935102642522
2818,29.0,34.0,0.0,34.0,5.0,0.07525820400177534,8.015193306644298
2819,29.0,35.0,0.0,35.0,7.0,0.018202433303999167,8.033395739948297
2820,29.0,36.0,0.0,36.0,4.0,0.35662687216539196,8.39002261211369
2821,29.0,37.0,0.0,37.0,4.0,0.15590532879380598,8.545927940907495
2822,29.0,38.0,0.0,38.0,6.0,0.1440283701753274,8.689956311082822
2823,29.0,39.0,0.0,39.0,0.0,0.0766001135159025,8.766556424598726
2824,29.0,40.0,0.0,40.0,2.0,0.17377914745726974,8.940335572055995
2825,29.0,41.0,0.0,41.0,5.0,0.049917863914325566,8.99025343597032
2826,29.0,42.0,0.0,42.0,6.0,0.25249491253368417,9.242748348504005
2827,29.0,43.0,0.0,43.0,4.0,0.15027538281192757,9.393023731315932
2828,29.0,44.0,0.0,44.0,6.0,0.19237477602684144,9.585398507342774
2829,29.0,45.0,0.0,45.0,2.0,0.11886118707131776,9.704259694414091
2830,29.0,46.0,0.0,46.0,5.0,0.023341935947433844,9.727601630361525
2831,29.0,47.0,0.0,47.0,6.0,0.09260082505258796,9.820202455414112
2832,29.0,48.0,0.0,48.0,1.0,0.22346138720261824,10.04366384261673
2833,29.0,49.0,0.0,49.0,4.0,0.5189731442966758,10.562636986913407
2834,29.0,50.0,0.0,50.0,4.0,0.2768550193866439,10.839492006300052
2835,29.0,51.0,0.0,51.0,4.0,0.3628567677526115,11.202348774052663
2836,29.0,52.0,0.0,52.0,4.0,0.619788147899107,11.82213692195177
2837,29.0,53.0,0.0,53.0,4.0,0.4262384419390214,12.248375363890792
2838,29.0,54.0,0.0,54.0,4.0,0.4202049514706216,12.668580315361414
2839,29.0,55.0,0.0,55.0,4.0,0.21617570620019438,12.884756021561609
2840,29.0,56.0,0.0,56.0,4.0,0.0,12.884756021561609
2841,29.0,57.0,0.0,57.0,4.0,0.31800611952542285,13.202762141087032
2842,29.0,58.0,0.0,58.0,4.0,0.0,13.202762141087032
2843,29.0,59.0,0.0,59.0,0.0,0.12364928192121198,13.326411423008244
2844,29.0,60.0,0.0,60.0,5.0,0.0,13.326411423008244
2845,29.0,61.0,0.0,61.0,4.0,0.35306467064568264,13.679476093653927
2846,29.0,62.0,0.0,62.0,4.0,0.36899642420942863,14.048472517863356
2847,29.0,63.0,0.0,63.0,4.0,0.2459794118468931,14.294451929710249
2848,29.0,64.0,0.0,64.0,7.0,0.0056253172433511625,14.3000772469536
2849,29.0,65.0,0.0,65.0,2.0,0.10287625647900679,14.402953503432608
2850,29.0,66.0,0.0,66.0,4.0,0.5243230454212805,14.927276548853888
2851,29.0,67.0,0.0,67.0,4.0,0.3815607206079411,15.30883726946183
2852,29.0,68.0,0.0,68.0,4.0,0.3378213837210231,15.646658653182852
2853,29.0,69.0,0.0,69.0,4.0,0.11081989247498787,15.75747854565784
2854,29.0,70.0,0.0,70.0,4.0,0.26227852312629674,16.019757068784138
2855,29.0,71.0,0.0,71.0,1.0,0.15694390699350397,16.176700975777642
2856,29.0,72.0,0.0,72.0,6.0,0.5211461016164569,16.697847077394098
2857,29.0,73.0,0.0,73.0,6.0,0.45154853925075483,17.149395616644853
2858,29.0,74.0,0.0,74.0,6.0,0.46621206372626145,17.615607680371113
2859,29.0,75.0,0.0,75.0,6.0,0.04941931180611817,17.665026992177232
2860,29.0,76.0,0.0,76.0,6.0,0.398606424860819,18.06363341703805
2861,29.0,77.0,0.0,77.0,6.0,0.6681191236917254,18.731752540729776
2862,29.0,78.0,0.0,78.0,6.0,0.2690884433507071,19.000840984080483
2863,29.0,79.0,0.0,79.0,6.0,0.18466604549596066,19.185507029576442
2864,29.0,80.0,0.0,80.0,6.0,0.7377651793174987,19.92327220889394
2865,29.0,81.0,0.0,81.0,6.0,0.8206264844566112,20.743898693350552
2866,29.0,82.0,0.0,82.0,6.0,0.2888924503251035,21.032791143675656
2867,29.0,83.0,0.0,83.0,6.0,0.019802180604578484,21.052593324280235
2868,29.0,84.0,0.0,84.0,6.0,0.2380098281042837,21.290603152384517
2869,29.0,85.0,0.0,85.0,6.0,0.15948567313383155,21.45008882551835
2870,29.0,86.0,0.0,86.0,6.0,0.23958507229734452,21.689673897815695
2871,29.0,87.0,0.0,87.0,6.0,0.2355975950006196,21.925271492816314
2872,29.0,88.0,0.0,88.0,6.0,0.0,21.925271492816314
2873,29.0,89.0,0.0,89.0,6.0,0.5609494988696637,22.48622099168598
2874,29.0,90.0,0.0,90.0,6.0,0.0,22.48622099168598
2875,29.0,91.0,0.0,91.0,4.0,0.1469609607874088,22.63318195247339
2876,29.0,92.0,0.0,92.0,6.0,0.0,22.63318195247339
2877,29.0,93.0,0.0,93.0,3.0,0.3124487689648274,22.945630721438217
2878,29.0,94.0,0.0,94.0,3.0,0.24065638461266484,23.186287106050884
2879,29.0,95.0,0.0,95.0,3.0,0.45250052602955393,23.638787632080437
2880,30.0,0.0,0.0,0.0,0.0,0.14603725991723326,0.14603725991723326
2881,30.0,1.0,0.0,1.0,1.0,0.2977196118715112,0.44375687178874446
2882,30.0,2.0,0.0,2.0,2.0,0.5537602076296071,0.9975170794183515
2883,30.0,3.0,0.0,3.0,3.0,0.3813698300550875,1.378886909473439
2884,30.0,4.0,0.0,4.0,4.0,0.30316141851187267,1.6820483279853118
2885,30.0,5.0,0.0,5.0,5.0,0.1271290746976771,1.8091774026829888
2886,30.0,6.0,0.0,6.0,6.0,0.46761061637242407,2.276788019055413
2887,30.0,7.0,0.0,7.0,7.0,0.05537060155804675,2.33215862061346
2888,30.0,8.0,0.0,8.0,2.0,0.11327101634064082,2.445429636954101
2889,30.0,9.0,0.0,9.0,6.0,0.7330812715508707,3.1785109085049714
2890,30.0,10.0,0.0,10.0,6.0,0.8206264844566112,3.9991373929615825
2891,30.0,11.0,0.0,11.0,6.0,0.04396724673097683,4.043104639692559
2892,30.0,12.0,0.0,12.0,3.0,0.030472832457272593,4.0735774721498315
2893,30.0,13.0,0.0,13.0,4.0,0.2768550193866439,4.350432491536475
2894,30.0,14.0,0.0,14.0,1.0,0.1122698472049673,4.462702338741442
2895,30.0,15.0,0.0,15.0,6.0,0.7377651793174987,5.200467518058941
2896,30.0,16.0,0.0,16.0,6.0,0.29928972735028064,5.499757245409222
2897,30.0,17.0,0.0,17.0,6.0,0.7615432087357681,6.2613004541449895
2898,30.0,18.0,0.0,18.0,6.0,0.05187143270467871,6.313171886849668
2899,30.0,19.0,0.0,19.0,2.0,0.3195571986524608,6.632729085502129
2900,30.0,20.0,0.0,20.0,6.0,0.14053761898862807,6.773266704490758
2901,30.0,21.0,0.0,21.0,0.0,0.07365740875287344,6.846924113243631
2902,30.0,22.0,0.0,22.0,4.0,0.15590532879380598,7.002829442037437
2903,30.0,23.0,0.0,23.0,5.0,0.556448204261036,7.559277646298473
2904,30.0,24.0,0.0,24.0,5.0,0.0,7.559277646298473
2905,30.0,25.0,0.0,25.0,2.0,0.0,7.559277646298473
2906,30.0,26.0,0.0,26.0,6.0,0.45863258329410067,8.017910229592573
2907,30.0,27.0,0.0,27.0,6.0,0.36321665879061876,8.381126888383191
2908,30.0,28.0,0.0,28.0,6.0,0.0,8.381126888383191
2909,30.0,29.0,0.0,29.0,3.0,0.3437000409382609,8.724826929321452
2910,30.0,30.0,0.0,30.0,1.0,0.21643836357841792,8.94126529289987
2911,30.0,31.0,0.0,31.0,7.0,0.3705421398642408,9.31180743276411
2912,30.0,32.0,0.0,32.0,7.0,0.2075341574424337,9.519341590206544
2913,30.0,33.0,0.0,33.0,6.0,0.15870422142553076,9.678045811632074
2914,30.0,34.0,0.0,34.0,3.0,0.350068861673392,10.028114673305467
2915,30.0,35.0,0.0,35.0,4.0,0.786538645224503,10.81465331852997
2916,30.0,36.0,0.0,36.0,4.0,0.11081989247498787,10.925473211004958
2917,30.0,37.0,0.0,37.0,4.0,0.04666036375174277,10.9721335747567
2918,30.0,38.0,0.0,38.0,3.0,0.3635186756069499,11.33565225036365
2919,30.0,39.0,0.0,39.0,6.0,0.002161454739645614,11.337813705103295
2920,30.0,40.0,0.0,40.0,3.0,0.18053033147432693,11.518344036577622
2921,30.0,41.0,0.0,41.0,5.0,0.13288998660895118,11.651234023186573
2922,30.0,42.0,0.0,42.0,7.0,0.0,11.651234023186573
2923,30.0,43.0,0.0,43.0,1.0,0.3177036958205914,11.968937719007165
2924,30.0,44.0,0.0,44.0,2.0,0.2064163726873327,12.175354091694498
2925,30.0,45.0,0.0,45.0,6.0,0.11636299692256234,12.29171708861706
2926,30.0,46.0,0.0,46.0,1.0,0.5102676826124355,12.801984771229495
2927,30.0,47.0,0.0,47.0,1.0,0.05668020652621607,12.858664977755712
2928,30.0,48.0,0.0,48.0,4.0,0.16518765184318784,13.023852629598899
2929,30.0,49.0,0.0,49.0,3.0,0.0,13.023852629598899
2930,30.0,50.0,0.0,50.0,6.0,0.09260082505258796,13.116453454651486
2931,30.0,51.0,0.0,51.0,0.0,0.13959975313410164,13.256053207785587
2932,30.0,52.0,0.0,52.0,2.0,0.08113905787797616,13.337192265663564
2933,30.0,53.0,0.0,53.0,1.0,0.5191650371090091,13.856357302772572
2934,30.0,54.0,0.0,54.0,1.0,0.4978298030149915,14.354187105787563
2935,30.0,55.0,0.0,55.0,1.0,0.01157769227695752,14.365764798064522
2936,30.0,56.0,0.0,56.0,5.0,0.38817062381795203,14.753935421882474
2937,30.0,57.0,0.0,57.0,5.0,0.1189977910814536,14.872933212963927
2938,30.0,58.0,0.0,58.0,6.0,0.43814959519287755,15.311082808156804
2939,30.0,59.0,0.0,59.0,6.0,0.41014276344445866,15.721225571601263
2940,30.0,60.0,0.0,60.0,6.0,0.012576657579367172,15.73380222918063
2941,30.0,61.0,0.0,61.0,4.0,0.07493619689443067,15.808738426075061
2942,30.0,62.0,0.0,62.0,1.0,0.23895507602304034,16.047693502098102
2943,30.0,63.0,0.0,63.0,6.0,0.592467301916092,16.640160804014194
2944,30.0,64.0,0.0,64.0,6.0,0.08900059238186646,16.72916139639606
2945,30.0,65.0,0.0,65.0,1.0,0.27391822828331297,17.003079624679373
2946,30.0,66.0,0.0,66.0,6.0,0.030996621679545998,17.034076246358918
2947,30.0,67.0,0.0,67.0,1.0,0.3409891715042017,17.37506541786312
2948,30.0,68.0,0.0,68.0,1.0,0.1250648719057287,17.500130289768848
2949,30.0,69.0,0.0,69.0,5.0,0.3039231620092401,17.80405345177809
2950,30.0,70.0,0.0,70.0,3.0,0.6916736699244181,18.495727121702508
2951,30.0,71.0,0.0,71.0,3.0,0.0,18.495727121702508
2952,30.0,72.0,0.0,72.0,3.0,0.3124487689648274,18.808175890667336
2953,30.0,73.0,0.0,73.0,3.0,0.09270862586868636,18.90088451653602
2954,30.0,74.0,0.0,74.0,5.0,0.07525820400177534,18.976142720537798
2955,30.0,75.0,0.0,75.0,4.0,0.0,18.976142720537798
2956,30.0,76.0,0.0,76.0,6.0,0.456597589962221,19.43274031050002
2957,30.0,77.0,0.0,77.0,6.0,0.6681191236917254,20.100859434191744
2958,30.0,78.0,0.0,78.0,6.0,0.23042860433100323,20.331288038522747
2959,30.0,79.0,0.0,79.0,6.0,0.528994261355651,20.8602822998784
2960,30.0,80.0,0.0,80.0,6.0,0.19275096950199988,21.0530332693804
2961,30.0,81.0,0.0,81.0,6.0,0.19720425874379977,21.2502375281242
2962,30.0,82.0,0.0,82.0,6.0,0.5198631933975867,21.770100721521786
2963,30.0,83.0,0.0,83.0,6.0,0.7074564648856323,22.477557186407417
2964,30.0,84.0,0.0,84.0,6.0,0.308924290481592,22.78648147688901
2965,30.0,85.0,0.0,85.0,6.0,0.060843244270408124,22.847324721159417
2966,30.0,86.0,0.0,86.0,6.0,0.3116598759686686,23.158984597128086
2967,30.0,87.0,0.0,87.0,6.0,0.0989051148392537,23.25788971196734
2968,30.0,88.0,0.0,88.0,2.0,0.2641208848836428,23.522010596850983
2969,30.0,89.0,0.0,89.0,6.0,0.22700732154927955,23.749017918400263
2970,30.0,90.0,0.0,90.0,1.0,0.09271436829694825,23.841732286697212
2971,30.0,91.0,0.0,91.0,2.0,0.482186826413389,24.323919113110602
2972,30.0,92.0,0.0,92.0,2.0,0.5259817321483307,24.849900845258933
2973,30.0,93.0,0.0,93.0,2.0,0.0,24.849900845258933
2974,30.0,94.0,0.0,94.0,2.0,0.40117548832375627,25.251076333582688
2975,30.0,95.0,0.0,95.0,2.0,0.4898575650501079,25.740933898632797
2976,31.0,0.0,0.0,0.0,0.0,0.10953556120793838,0.10953556120793838
2977,31.0,1.0,0.0,1.0,1.0,0.9959745150176808,1.1055100762256191
2978,31.0,2.0,0.0,2.0,2.0,0.7068413165322392,1.8123513927578583
2979,31.0,3.0,0.0,3.0,3.0,0.030472832457272593,1.8428242252151308
2980,31.0,4.0,0.0,4.0,4.0,0.0,1.8428242252151308
2981,31.0,5.0,0.0,5.0,5.0,0.562081128391816,2.4049053536069467
2982,31.0,6.0,0.0,6.0,6.0,0.5609494988696637,2.9658548524766104
2983,31.0,7.0,0.0,7.0,7.0,0.3632416151092178,3.329096467585828
2984,31.0,8.0,0.0,8.0,1.0,0.29885514167787697,3.627951609263705
2985,31.0,9.0,0.0,9.0,2.0,0.0,3.627951609263705
2986,31.0,10.0,0.0,10.0,5.0,0.5943235436047835,4.222275152868488
2987,31.0,11.0,0.0,11.0,6.0,0.0,4.222275152868488
2988,31.0,12.0,0.0,12.0,1.0,0.7343824664965894,4.956657619365078
2989,31.0,13.0,0.0,13.0,1.0,0.26917241091670174,5.22583003028178
2990,31.0,14.0,0.0,14.0,5.0,0.1208852646021139,5.346715294883894
2991,31.0,15.0,0.0,15.0,7.0,0.09917719492813658,5.445892489812031
2992,31.0,16.0,0.0,16.0,1.0,0.11675306462359378,5.562645554435624
2993,31.0,17.0,0.0,17.0,5.0,0.0,5.562645554435624
2994,31.0,18.0,0.0,18.0,2.0,0.2641208848836428,5.826766439319267
2995,31.0,19.0,0.0,19.0,1.0,0.5350809140500077,6.361847353369275
2996,31.0,20.0,0.0,20.0,1.0,0.39739577573671786,6.759243129105993
2997,31.0,21.0,0.0,21.0,1.0,0.0772841125499467,6.83652724165594
2998,31.0,22.0,0.0,22.0,6.0,0.1370475401392327,6.973574781795173
2999,31.0,23.0,0.0,23.0,2.0,0.0,6.973574781795173
3000,31.0,24.0,0.0,24.0,0.0,0.0,6.973574781795173
3001,31.0,25.0,0.0,25.0,1.0,0.0930474388599168,7.0666222206550895
3002,31.0,26.0,0.0,26.0,7.0,0.0,7.0666222206550895
3003,31.0,27.0,0.0,27.0,5.0,0.07041269781241034,7.1370349184675
3004,31.0,28.0,0.0,28.0,1.0,0.14763267170963074,7.284667590177131
3005,31.0,29.0,0.0,29.0,3.0,0.07352085026470992,7.3581884404418405
3006,31.0,30.0,0.0,30.0,1.0,0.35164524988197277,7.709833690323813
3007,31.0,31.0,0.0,31.0,6.0,0.09260082505258796,7.802434515376401
3008,31.0,32.0,0.0,32.0,1.0,0.14690456218978679,7.949339077566187
3009,31.0,33.0,0.0,33.0,4.0,0.0,7.949339077566187
3010,31.0,34.0,0.0,34.0,5.0,0.6430608029323872,8.592399880498574
3011,31.0,35.0,0.0,35.0,5.0,0.2305694971756699,8.822969377674244
3012,31.0,36.0,0.0,36.0,5.0,0.28810875083932547,9.11107812851357
3013,31.0,37.0,0.0,37.0,2.0,0.7236703978770197,9.834748526390591
3014,31.0,38.0,0.0,38.0,2.0,0.025277121047566284,9.860025647438157
3015,31.0,39.0,0.0,39.0,1.0,0.4978298030149915,10.357855450453147
3016,31.0,40.0,0.0,40.0,1.0,0.04845925959332829,10.406314710046475
3017,31.0,41.0,0.0,41.0,2.0,0.1670621200099897,10.573376830056464
3018,31.0,42.0,0.0,42.0,5.0,0.31773180429062425,10.891108634347088
3019,31.0,43.0,0.0,43.0,5.0,0.1812152791592592,11.072323913506347
3020,31.0,44.0,0.0,44.0,1.0,0.2129057638025988,11.285229677308946
3021,31.0,45.0,0.0,45.0,5.0,0.0,11.285229677308946
3022,31.0,46.0,0.0,46.0,2.0,0.4898575650501079,11.775087242359055
3023,31.0,47.0,0.0,47.0,2.0,0.537148762474358,12.312236004833412
3024,31.0,48.0,0.0,48.0,2.0,0.0073944663165102,12.319630471149923
3025,31.0,49.0,0.0,49.0,1.0,0.17515766824041448,12.494788139390337
3026,31.0,50.0,0.0,50.0,2.0,0.39818203123925505,12.892970170629592
3027,31.0,51.0,0.0,51.0,2.0,0.2992414906149762,13.192211661244569
3028,31.0,52.0,0.0,52.0,6.0,0.456597589962221,13.64880925120679
3029,31.0,53.0,0.0,53.0,6.0,0.38478252254705636,14.033591773753846
3030,31.0,54.0,0.0,54.0,6.0,0.10776919275082603,14.141360966504672
3031,31.0,55.0,0.0,55.0,2.0,0.0,14.141360966504672
3032,31.0,56.0,0.0,56.0,1.0,0.2336797832809992,14.375040749785672
3033,31.0,57.0,0.0,57.0,7.0,0.658941602314391,15.033982352100063
3034,31.0,58.0,0.0,58.0,7.0,0.12388247804213057,15.157864830142193
3035,31.0,59.0,0.0,59.0,7.0,0.30489283886315693,15.46275766900535
3036,31.0,60.0,0.0,60.0,7.0,0.2020575551425499,15.664815224147901
3037,31.0,61.0,0.0,61.0,7.0,0.06863775353354312,15.733452977681445
3038,31.0,62.0,0.0,62.0,6.0,0.23958507229734452,15.97303804997879
3039,31.0,63.0,0.0,63.0,1.0,0.5325149437924254,16.505552993771214
3040,31.0,64.0,0.0,64.0,1.0,0.3409891715042017,16.846542165275416
3041,31.0,65.0,0.0,65.0,1.0,0.031550322030998015,16.878092487306414
3042,31.0,66.0,0.0,66.0,5.0,0.556448204261036,17.43454069156745
3043,31.0,67.0,0.0,67.0,5.0,0.13948261044307597,17.574023302010524
3044,31.0,68.0,0.0,68.0,6.0,0.709114106247022,18.283137408257545
3045,31.0,69.0,0.0,69.0,6.0,0.08326994649709853,18.366407354754642
3046,31.0,70.0,0.0,70.0,6.0,0.2358206865923345,18.602228041346976
3047,31.0,71.0,0.0,71.0,6.0,0.08473142129368774,18.686959462640665
3048,31.0,72.0,0.0,72.0,1.0,0.0,18.686959462640665
3049,31.0,73.0,0.0,73.0,5.0,0.00260008851080455,18.68955955115147
3050,31.0,74.0,0.0,74.0,2.0,0.14808157325436302,18.83764112440583
3051,31.0,75.0,0.0,75.0,0.0,0.01491556061691698,18.852556685022748
3052,31.0,76.0,0.0,76.0,1.0,0.0,18.852556685022748
3053,31.0,77.0,0.0,77.0,3.0,0.23503314504653663,19.087589830069284
3054,31.0,78.0,0.0,78.0,7.0,0.24291591879383728,19.33050574886312
3055,31.0,79.0,0.0,79.0,2.0,0.40117548832375627,19.731681237186876
3056,31.0,80.0,0.0,80.0,2.0,0.01598791051695434,19.74766914770383
3057,31.0,81.0,0.0,81.0,6.0,0.18216968160881716,19.929838829312647
3058,31.0,82.0,0.0,82.0,3.0,0.07153296251594632,20.001371791828593
3059,31.0,83.0,0.0,83.0,5.0,0.3060716499089532,20.307443441737547
3060,31.0,84.0,0.0,84.0,5.0,0.27855042756309173,20.58599386930064
3061,31.0,85.0,0.0,85.0,7.0,0.6859517409375426,21.271945610238184
3062,31.0,86.0,0.0,86.0,7.0,0.0,21.271945610238184
3063,31.0,87.0,0.0,87.0,7.0,0.8098490283050879,22.081794638543272
3064,31.0,88.0,0.0,88.0,7.0,0.3497936611859112,22.43158829972918
3065,31.0,89.0,0.0,89.0,7.0,0.24252754759834638,22.674115847327528
3066,31.0,90.0,0.0,90.0,7.0,0.45898782090217066,23.133103668229698
3067,31.0,91.0,0.0,91.0,7.0,0.0,23.133103668229698
3068,31.0,92.0,0.0,92.0,7.0,0.0,23.133103668229698
3069,31.0,93.0,0.0,93.0,5.0,0.0,23.133103668229698
3070,31.0,94.0,0.0,94.0,7.0,0.15884992243992793,23.291953590669625
3071,31.0,95.0,0.0,95.0,6.0,0.5064850022994652,23.79843859296909
3072,32.0,0.0,0.0,0.0,0.0,0.11885831032078227,0.11885831032078227
3073,32.0,1.0,0.0,1.0,1.0,0.39919928454817294,0.5180575948689552
3074,32.0,2.0,0.0,2.0,2.0,0.3004714236147025,0.8185290184836578
3075,32.0,3.0,0.0,3.0,3.0,0.0,0.8185290184836578
3076,32.0,4.0,0.0,4.0,4.0,0.03512950138498507,0.8536585198686428
3077,32.0,5.0,0.0,5.0,5.0,0.049917863914325566,0.9035763837829685
3078,32.0,6.0,0.0,6.0,6.0,0.25249491253368417,1.1560712963166526
3079,32.0,7.0,0.0,7.0,7.0,0.0,1.1560712963166526
3080,32.0,8.0,0.0,8.0,1.0,0.0,1.1560712963166526
3081,32.0,9.0,0.0,9.0,2.0,0.06114289961588151,1.2172141959325342
3082,32.0,10.0,0.0,10.0,6.0,0.0,1.2172141959325342
3083,32.0,11.0,0.0,11.0,0.0,0.18031182752271988,1.397526023455254
3084,32.0,12.0,0.0,12.0,1.0,0.7207407501430242,2.118266773598278
3085,32.0,13.0,0.0,13.0,1.0,0.185681072301442,2.30394784589972
3086,32.0,14.0,0.0,14.0,1.0,0.19166078110951457,2.4956086270092346
3087,32.0,15.0,0.0,15.0,5.0,0.21582234885179488,2.7114309758610293
3088,32.0,16.0,0.0,16.0,4.0,0.10016360891352999,2.8115945847745594
3089,32.0,17.0,0.0,17.0,2.0,0.0072074941480090105,2.8188020789225683
3090,32.0,18.0,0.0,18.0,1.0,0.004865038927265206,2.8236671178498334
3091,32.0,19.0,0.0,19.0,0.0,0.47815931578689846,3.301826433636732
3092,32.0,20.0,0.0,20.0,0.0,0.0,3.301826433636732
3093,32.0,21.0,0.0,21.0,3.0,0.12697042011696535,3.4287968537536972
3094,32.0,22.0,0.0,22.0,7.0,0.14518903393281696,3.573985887686514
3095,32.0,23.0,0.0,23.0,5.0,0.1271290746976771,3.701114962384191
3096,32.0,24.0,0.0,24.0,6.0,0.1938598477639666,3.894974810148158
3097,32.0,25.0,0.0,25.0,1.0,0.7371334889638141,4.632108299111972
3098,32.0,26.0,0.0,26.0,1.0,0.39739577573671786,5.02950407484869
3099,32.0,27.0,0.0,27.0,1.0,0.01157769227695752,5.041081767125648
3100,32.0,28.0,0.0,28.0,1.0,0.16259328171919027,5.203675048844838
3101,32.0,29.0,0.0,29.0,0.0,0.0,5.203675048844838
3102,32.0,30.0,0.0,30.0,1.0,0.14300684882151335,5.346681897666351
3103,32.0,31.0,0.0,31.0,6.0,0.09260082505258796,5.439282722718939
3104,32.0,32.0,0.0,32.0,7.0,0.0,5.439282722718939
3105,32.0,33.0,0.0,33.0,4.0,0.0702652958566233,5.509548018575563
3106,32.0,34.0,0.0,34.0,5.0,0.2501458808505047,5.759693899426067
3107,32.0,35.0,0.0,35.0,1.0,0.09767182935369328,5.857365728779761
3108,32.0,36.0,0.0,36.0,3.0,0.0,5.857365728779761
3109,32.0,37.0,0.0,37.0,2.0,0.2052375345025933,6.062603263282354
3110,32.0,38.0,0.0,38.0,5.0,0.3655504969632712,6.428153760245626
3111,32.0,39.0,0.0,39.0,5.0,0.16528919434875355,6.593442954594379
3112,32.0,40.0,0.0,40.0,5.0,0.28810875083932547,6.881551705433704
3113,32.0,41.0,0.0,41.0,1.0,0.4091289111380489,7.290680616571753
3114,32.0,42.0,0.0,42.0,1.0,0.03476387852119797,7.325444495092951
3115,32.0,43.0,0.0,43.0,5.0,0.23508109547473272,7.560525590567684
3116,32.0,44.0,0.0,44.0,2.0,0.0,7.560525590567684
3117,32.0,45.0,0.0,45.0,5.0,0.0,7.560525590567684
3118,32.0,46.0,0.0,46.0,6.0,0.4025312660474192,7.963056856615103
3119,32.0,47.0,0.0,47.0,6.0,0.0,7.963056856615103
3120,32.0,48.0,0.0,48.0,1.0,0.21774518083343142,8.180802037448535
3121,32.0,49.0,0.0,49.0,0.0,0.14166395096102197,8.322465988409556
3122,32.0,50.0,0.0,50.0,1.0,0.15606839806007136,8.478534386469628
3123,32.0,51.0,0.0,51.0,1.0,0.0,8.478534386469628
3124,32.0,52.0,0.0,52.0,6.0,0.308924290481592,8.78745867695122
3125,32.0,53.0,0.0,53.0,6.0,0.40586275112066333,9.193321428071883
3126,32.0,54.0,0.0,54.0,6.0,0.029858941276052695,9.223180369347936
3127,32.0,55.0,0.0,55.0,0.0,0.3052502660187513,9.528430635366687
3128,32.0,56.0,0.0,56.0,0.0,0.0,9.528430635366687
3129,32.0,57.0,0.0,57.0,4.0,0.0,9.528430635366687
3130,32.0,58.0,0.0,58.0,5.0,0.07527754375067446,9.603708179117362
3131,32.0,59.0,0.0,59.0,6.0,0.3286820084901565,9.932390187607519
3132,32.0,60.0,0.0,60.0,6.0,0.15948567313383155,10.09187586074135
3133,32.0,61.0,0.0,61.0,1.0,0.3177036958205914,10.409579556561942
3134,32.0,62.0,0.0,62.0,1.0,0.17515766824041448,10.584737224802357
3135,32.0,63.0,0.0,63.0,6.0,0.398606424860819,10.983343649663176
3136,32.0,64.0,0.0,64.0,6.0,0.12662947121033713,11.109973120873514
3137,32.0,65.0,0.0,65.0,6.0,0.351198302995685,11.4611714238692
3138,32.0,66.0,0.0,66.0,6.0,0.45863258329410067,11.9198040071633
3139,32.0,67.0,0.0,67.0,6.0,0.15870422142553076,12.07850822858883
3140,32.0,68.0,0.0,68.0,6.0,0.23958507229734452,12.318093300886176
3141,32.0,69.0,0.0,69.0,6.0,0.06692797541129325,12.385021276297469
3142,32.0,70.0,0.0,70.0,1.0,0.4978298030149915,12.88285107931246
3143,32.0,71.0,0.0,71.0,1.0,0.23702024352928716,13.119871322841746
3144,32.0,72.0,0.0,72.0,1.0,0.5102676826124355,13.630139005454181
3145,32.0,73.0,0.0,73.0,1.0,0.14690456218978679,13.777043567643968
3146,32.0,74.0,0.0,74.0,1.0,0.11338444405026506,13.890428011694233
3147,32.0,75.0,0.0,75.0,1.0,0.5459856231058668,14.4364136348001
3148,32.0,76.0,0.0,76.0,1.0,0.625716871682588,15.062130506482688
3149,32.0,77.0,0.0,77.0,1.0,0.1122698472049673,15.174400353687655
3150,32.0,78.0,0.0,78.0,1.0,0.05668020652621607,15.231080560213872
3151,32.0,79.0,0.0,79.0,1.0,0.2129057638025988,15.443986324016471
3152,32.0,80.0,0.0,80.0,1.0,0.0,15.443986324016471
3153,32.0,81.0,0.0,81.0,6.0,0.14053761898862807,15.584523943005099
3154,32.0,82.0,0.0,82.0,1.0,0.11675306462359378,15.701277007628693
3155,32.0,83.0,0.0,83.0,2.0,0.05386861899525439,15.755145626623948
3156,32.0,84.0,0.0,84.0,7.0,0.658941602314391,16.41408722893834
3157,32.0,85.0,0.0,85.0,7.0,0.21001575520798305,16.624102984146322
3158,32.0,86.0,0.0,86.0,7.0,0.02758892282854971,16.65169190697487
3159,32.0,87.0,0.0,87.0,7.0,0.6820921113526627,17.333784018327535
3160,32.0,88.0,0.0,88.0,7.0,0.12476591514236375,17.4585499334699
3161,32.0,89.0,0.0,89.0,7.0,0.24252754759834638,17.701077481068246
3162,32.0,90.0,0.0,90.0,7.0,0.11139279735658204,17.81247027842483
3163,32.0,91.0,0.0,91.0,7.0,0.09917719492813658,17.911647473352964
3164,32.0,92.0,0.0,92.0,7.0,0.0739714121023839,17.98561888545535
3165,32.0,93.0,0.0,93.0,7.0,0.0,17.98561888545535
3166,32.0,94.0,0.0,94.0,5.0,0.0,17.98561888545535
3167,32.0,95.0,0.0,95.0,1.0,0.5325149437924254,18.518133829247773
3168,33.0,0.0,0.0,0.0,0.0,0.0,0.0
3169,33.0,1.0,0.0,1.0,1.0,0.1581141854724727,0.1581141854724727
3170,33.0,2.0,0.0,2.0,2.0,0.2732812363944383,0.431395421866911
3171,33.0,3.0,0.0,3.0,3.0,0.056484563299236415,0.4878799851661474
3172,33.0,4.0,0.0,4.0,4.0,0.20497945959324024,0.6928594447593877
3173,33.0,5.0,0.0,5.0,5.0,0.0,0.6928594447593877
3174,33.0,6.0,0.0,6.0,6.0,0.592467301916092,1.2853267466754796
3175,33.0,7.0,0.0,7.0,7.0,0.09818265512943311,1.3835094018049128
3176,33.0,8.0,0.0,8.0,6.0,0.39899739331314654,1.7825067951180593
3177,33.0,9.0,0.0,9.0,6.0,0.05187143270467871,1.834378227822738
3178,33.0,10.0,0.0,10.0,2.0,0.1656307552320488,2.0000089830547867
3179,33.0,11.0,0.0,11.0,4.0,0.35410539327964946,2.354114376334436
3180,33.0,12.0,0.0,12.0,1.0,0.5325149437924254,2.8866293201268616
3181,33.0,13.0,0.0,13.0,1.0,0.031550322030998015,2.9181796421578596
3182,33.0,14.0,0.0,14.0,6.0,0.08473142129368774,3.0029110634515472
3183,33.0,15.0,0.0,15.0,4.0,0.5243230454212805,3.5272341088728276
3184,33.0,16.0,0.0,16.0,4.0,0.23110148611791392,3.7583355949907418
3185,33.0,17.0,0.0,17.0,7.0,0.022183306689947068,3.780518901680689
3186,33.0,18.0,0.0,18.0,4.0,0.2352620848249543,4.015780986505644
3187,33.0,19.0,0.0,19.0,2.0,0.11327101634064082,4.129052002846285
3188,33.0,20.0,0.0,20.0,3.0,0.0,4.129052002846285
3189,33.0,21.0,0.0,21.0,4.0,0.2742259822986554,4.40327798514494
3190,33.0,22.0,0.0,22.0,6.0,0.0,4.40327798514494
3191,33.0,23.0,0.0,23.0,1.0,0.29885514167787697,4.702133126822817
3192,33.0,24.0,0.0,24.0,4.0,0.0456160838408476,4.747749210663665
3193,33.0,25.0,0.0,25.0,1.0,0.39919928454817294,5.146948495211838
3194,33.0,26.0,0.0,26.0,1.0,0.11675306462359378,5.2637015598354315
3195,33.0,27.0,0.0,27.0,0.0,0.0,5.2637015598354315
3196,33.0,28.0,0.0,28.0,5.0,0.4331310121324684,5.6968325719679
3197,33.0,29.0,0.0,29.0,5.0,0.23571743285633687,5.932550004824237
3198,33.0,30.0,0.0,30.0,5.0,0.023341935947433844,5.955891940771671
3199,33.0,31.0,0.0,31.0,2.0,0.07300531851332406,6.028897259284995
3200,33.0,32.0,0.0,32.0,1.0,0.01157769227695752,6.0404749515619525
3201,33.0,33.0,0.0,33.0,4.0,0.15590532879380598,6.196380280355759
3202,33.0,34.0,0.0,34.0,6.0,0.7330812715508707,6.92946155190663
3203,33.0,35.0,0.0,35.0,6.0,0.6681191236917254,7.597580675598355
3204,33.0,36.0,0.0,36.0,6.0,0.10821198863204971,7.705792664230405
3205,33.0,37.0,0.0,37.0,6.0,0.398606424860819,8.104399089091224
3206,33.0,38.0,0.0,38.0,6.0,0.45863258329410067,8.563031672385325
3207,33.0,39.0,0.0,39.0,6.0,0.02152766918353003,8.584559341568855
3208,33.0,40.0,0.0,40.0,6.0,0.08326994649709853,8.667829288065954
3209,33.0,41.0,0.0,41.0,6.0,0.23958507229734452,8.9074143603633
3210,33.0,42.0,0.0,42.0,6.0,0.2690884433507071,9.176502803714007
3211,33.0,43.0,0.0,43.0,4.0,0.1365648802244922,9.313067683938499
3212,33.0,44.0,0.0,44.0,6.0,0.04396724673097683,9.357034930669476
3213,33.0,45.0,0.0,45.0,5.0,0.1271290746976771,9.484164005367154
3214,33.0,46.0,0.0,46.0,7.0,0.03880437980675808,9.522968385173911
3215,33.0,47.0,0.0,47.0,1.0,0.05727556146362054,9.580243946637532
3216,33.0,48.0,0.0,48.0,4.0,0.12212621641662968,9.702370163054162
3217,33.0,49.0,0.0,49.0,2.0,0.153056971216033,9.855427134270196
3218,33.0,50.0,0.0,50.0,6.0,0.20751175649518033,10.062938890765375
3219,33.0,51.0,0.0,51.0,6.0,0.08900059238186646,10.151939483147242
3220,33.0,52.0,0.0,52.0,5.0,0.25545532592559733,10.407394809072839
3221,33.0,53.0,0.0,53.0,4.0,0.0,10.407394809072839
3222,33.0,54.0,0.0,54.0,5.0,0.00260008851080455,10.409994897583644
3223,33.0,55.0,0.0,55.0,6.0,0.3045366457502025,10.714531543333846
3224,33.0,56.0,0.0,56.0,6.0,0.0,10.714531543333846
3225,33.0,57.0,0.0,57.0,3.0,0.07173524956865848,10.786266792902504
3226,33.0,58.0,0.0,58.0,2.0,0.01598791051695434,10.80225470341946
3227,33.0,59.0,0.0,59.0,1.0,0.0,10.80225470341946
3228,33.0,60.0,0.0,60.0,6.0,0.3116598759686686,11.113914579388128
3229,33.0,61.0,0.0,61.0,6.0,0.4419319569723373,11.555846536360466
3230,33.0,62.0,0.0,62.0,6.0,0.029858941276052695,11.58570547763652
3231,33.0,63.0,0.0,63.0,4.0,0.03512950138498507,11.620834979021504
3232,33.0,64.0,0.0,64.0,6.0,0.19275096950199988,11.813585948523505
3233,33.0,65.0,0.0,65.0,0.0,0.2090346472697647,12.022620595793269
3234,33.0,66.0,0.0,66.0,0.0,0.30754911887660585,12.330169714669875
3235,33.0,67.0,0.0,67.0,0.0,0.12685150903703096,12.457021223706906
3236,33.0,68.0,0.0,68.0,6.0,0.5198631933975867,12.976884417104493
3237,33.0,69.0,0.0,69.0,6.0,0.18216968160881716,13.15905409871331
3238,33.0,70.0,0.0,70.0,6.0,0.11636299692256234,13.275417095635873
3239,33.0,71.0,0.0,71.0,0.0,0.01880307483854212,13.294220170474416
3240,33.0,72.0,0.0,72.0,6.0,0.20104993189686238,13.495270102371279
3241,33.0,73.0,0.0,73.0,6.0,0.12662947121033713,13.621899573581617
3242,33.0,74.0,0.0,74.0,1.0,0.185681072301442,13.807580645883059
3243,33.0,75.0,0.0,75.0,5.0,0.03503381451770802,13.842614460400767
3244,33.0,76.0,0.0,76.0,7.0,0.30489283886315693,14.147507299263925
3245,33.0,77.0,0.0,77.0,7.0,0.0,14.147507299263925
3246,33.0,78.0,0.0,78.0,6.0,0.43814959519287755,14.585656894456802
3247,33.0,79.0,0.0,79.0,6.0,0.45661860173922436,15.042275496196027
3248,33.0,80.0,0.0,80.0,6.0,0.2245370227069958,15.266812518903022
3249,33.0,81.0,0.0,81.0,6.0,0.29928972735028064,15.566102246253303
3250,33.0,82.0,0.0,82.0,6.0,0.754797882045112,16.320900128298415
3251,33.0,83.0,0.0,83.0,6.0,0.09243667781140737,16.41333680610982
3252,33.0,84.0,0.0,84.0,6.0,0.5609494988696637,16.974286304979486
3253,33.0,85.0,0.0,85.0,6.0,0.7377651793174987,17.712051484296985
3254,33.0,86.0,0.0,86.0,6.0,0.456597589962221,18.168649074259207
3255,33.0,87.0,0.0,87.0,6.0,0.40586275112066333,18.57451182537987
3256,33.0,88.0,0.0,88.0,6.0,0.46655973523908206,19.04107156061895
3257,33.0,89.0,0.0,89.0,6.0,0.060843244270408124,19.101914804889358
3258,33.0,90.0,0.0,90.0,6.0,0.23042860433100323,19.33234340922036
3259,33.0,91.0,0.0,91.0,6.0,0.5415728013366148,19.873916210556974
3260,33.0,92.0,0.0,92.0,6.0,0.2358206865923345,20.109736897149308
3261,33.0,93.0,0.0,93.0,6.0,0.5048327715259897,20.614569668675298
3262,33.0,94.0,0.0,94.0,6.0,0.0206337541478017,20.6352034228231
3263,33.0,95.0,0.0,95.0,6.0,0.18788376889070377,20.823087191713803
3264,34.0,0.0,0.0,0.0,0.0,0.0,0.0
3265,34.0,1.0,0.0,1.0,1.0,0.11184940162260157,0.11184940162260157
3266,34.0,2.0,0.0,2.0,2.0,0.0,0.11184940162260157
3267,34.0,3.0,0.0,3.0,3.0,0.25537726099248537,0.36722666261508696
3268,34.0,4.0,0.0,4.0,4.0,0.14496949301802708,0.512196155633114
3269,34.0,5.0,0.0,5.0,5.0,0.09067390774368256,0.6028700633767966
3270,34.0,6.0,0.0,6.0,6.0,0.38478252254705636,0.987652585923853
3271,34.0,7.0,0.0,7.0,7.0,0.10038865027494817,1.0880412361988012
3272,34.0,8.0,0.0,8.0,6.0,0.470561563191029,1.5586027993898302
3273,34.0,9.0,0.0,9.0,6.0,0.9633601102069204,2.5219629095967506
3274,34.0,10.0,0.0,10.0,6.0,0.46621206372626145,2.9881749733230123
3275,34.0,11.0,0.0,11.0,6.0,0.2358206865923345,3.2239956599153468
3276,34.0,12.0,0.0,12.0,3.0,0.003936487151784531,3.2279321470671314
3277,34.0,13.0,0.0,13.0,6.0,0.18788376889070377,3.415815915957835
3278,34.0,14.0,0.0,14.0,6.0,0.25249491253368417,3.6683108284915193
3279,34.0,15.0,0.0,15.0,4.0,0.619788147899107,4.288098976390627
3280,34.0,16.0,0.0,16.0,4.0,0.15027538281192757,4.438374359202554
3281,34.0,17.0,0.0,17.0,6.0,0.2676282183690528,4.706002577571607
3282,34.0,18.0,0.0,18.0,1.0,0.03476387852119797,4.740766456092805
3283,34.0,19.0,0.0,19.0,7.0,0.0,4.740766456092805
3284,34.0,20.0,0.0,20.0,4.0,0.2742259822986554,5.01499243839146
3285,34.0,21.0,0.0,21.0,5.0,0.5943235436047835,5.609315981996244
3286,34.0,22.0,0.0,22.0,5.0,0.4331310121324684,6.042446994128713
3287,34.0,23.0,0.0,23.0,5.0,0.07695982053318112,6.119406814661894
3288,34.0,24.0,0.0,24.0,6.0,0.43814959519287755,6.557556409854771
3289,34.0,25.0,0.0,25.0,6.0,0.3286820084901565,6.886238418344928
3290,34.0,26.0,0.0,26.0,6.0,0.7330812715508707,7.619319689895799
3291,34.0,27.0,0.0,27.0,6.0,0.09260082505258796,7.711920514948387
3292,34.0,28.0,0.0,28.0,5.0,0.28810875083932547,8.000029265787713
3293,34.0,29.0,0.0,29.0,4.0,0.3376566388633923,8.337685904651105
3294,34.0,30.0,0.0,30.0,6.0,0.15948567313383155,8.497171577784936
3295,34.0,31.0,0.0,31.0,4.0,0.005519628586349254,8.502691206371285
3296,34.0,32.0,0.0,32.0,6.0,0.528994261355651,9.031685467726936
3297,34.0,33.0,0.0,33.0,6.0,0.754797882045112,9.786483349772048
3298,34.0,34.0,0.0,34.0,6.0,0.1440283701753274,9.930511719947376
3299,34.0,35.0,0.0,35.0,6.0,0.2355975950006196,10.166109314947995
3300,34.0,36.0,0.0,36.0,5.0,0.25009537864149917,10.416204693589494
3301,34.0,37.0,0.0,37.0,6.0,0.2888924503251035,10.705097143914598
3302,34.0,38.0,0.0,38.0,6.0,0.398606424860819,11.103703568775417
3303,34.0,39.0,0.0,39.0,6.0,0.19275096950199988,11.296454538277418
3304,34.0,40.0,0.0,40.0,0.0,0.14166395096102197,11.43811848923844
3305,34.0,41.0,0.0,41.0,2.0,0.5913394163650157,12.029457905603454
3306,34.0,42.0,0.0,42.0,2.0,0.3004714236147025,12.329929329218157
3307,34.0,43.0,0.0,43.0,2.0,0.0,12.329929329218157
3308,34.0,44.0,0.0,44.0,5.0,0.26795080419067996,12.597880133408836
3309,34.0,45.0,0.0,45.0,6.0,0.0,12.597880133408836
3310,34.0,46.0,0.0,46.0,3.0,0.0,12.597880133408836
3311,34.0,47.0,0.0,47.0,5.0,0.0488407511838819,12.646720884592717
3312,34.0,48.0,0.0,48.0,2.0,0.16196479063327046,12.808685675225988
3313,34.0,49.0,0.0,49.0,6.0,0.1938598477639666,13.002545522989955
3314,34.0,50.0,0.0,50.0,4.0,0.0,13.002545522989955
3315,34.0,51.0,0.0,51.0,6.0,0.0989051148392537,13.101450637829208
3316,34.0,52.0,0.0,52.0,6.0,0.4025312660474192,13.503981903876626
3317,34.0,53.0,0.0,53.0,6.0,0.5199951664423675,14.023977070318994
3318,34.0,54.0,0.0,54.0,6.0,0.5721185095518746,14.596095579870868
3319,34.0,55.0,0.0,55.0,6.0,0.3116598759686686,14.907755455839537
3320,34.0,56.0,0.0,56.0,6.0,0.10821198863204971,15.015967444471586
3321,34.0,57.0,0.0,57.0,6.0,0.1350995944228713,15.151067038894459
3322,34.0,58.0,0.0,58.0,2.0,0.4833660339380995,15.634433072832557
3323,34.0,59.0,0.0,59.0,2.0,0.11886118707131776,15.753294259903875
3324,34.0,60.0,0.0,60.0,6.0,0.09243667781140737,15.845730937715283
3325,34.0,61.0,0.0,61.0,5.0,0.3041591797941908,16.149890117509475
3326,34.0,62.0,0.0,62.0,5.0,0.05296194787752387,16.202852065387
3327,34.0,63.0,0.0,63.0,1.0,0.5325149437924254,16.735367009179424
3328,34.0,64.0,0.0,64.0,1.0,0.1122698472049673,16.84763685638439
3329,34.0,65.0,0.0,65.0,1.0,0.39739577573671786,17.24503263212111
3330,34.0,66.0,0.0,66.0,1.0,0.44922488554479406,17.694257517665903
3331,34.0,67.0,0.0,67.0,1.0,0.0,17.694257517665903
3332,34.0,68.0,0.0,68.0,2.0,0.44976625428900363,18.144023771954906
3333,34.0,69.0,0.0,69.0,2.0,0.5259817321483307,18.670005504103237
3334,34.0,70.0,0.0,70.0,2.0,0.6027562012237242,19.27276170532696
3335,34.0,71.0,0.0,71.0,2.0,0.0073944663165102,19.28015617164347
3336,34.0,72.0,0.0,72.0,2.0,0.3195571986524608,19.59971337029593
3337,34.0,73.0,0.0,73.0,2.0,0.482186826413389,20.08190019670932
3338,34.0,74.0,0.0,74.0,2.0,0.0,20.08190019670932
3339,34.0,75.0,0.0,75.0,0.0,0.04836594814127285,20.130266144850594
3340,34.0,76.0,0.0,76.0,6.0,0.3152014117071101,20.445467556557706
3341,34.0,77.0,0.0,77.0,1.0,0.9645942569749285,21.410061813532636
3342,34.0,78.0,0.0,78.0,1.0,0.27837232626576186,21.688434139798396
3343,34.0,79.0,0.0,79.0,1.0,0.028670031367413643,21.71710417116581
3344,34.0,80.0,0.0,80.0,1.0,0.09271436829694825,21.80981853946276
3345,34.0,81.0,0.0,81.0,1.0,0.2217983483299603,22.031616887792723
3346,34.0,82.0,0.0,82.0,2.0,0.17796714865995647,22.20958403645268
3347,34.0,83.0,0.0,83.0,6.0,0.0,22.20958403645268
3348,34.0,84.0,0.0,84.0,1.0,0.5102676826124355,22.719851719065115
3349,34.0,85.0,0.0,85.0,1.0,0.1178259592096348,22.83767767827475
3350,34.0,86.0,0.0,86.0,2.0,0.6257180907935707,23.46339576906832
3351,34.0,87.0,0.0,87.0,2.0,0.07058480069441396,23.533980569762733
3352,34.0,88.0,0.0,88.0,2.0,0.1588172883297803,23.69279785809251
3353,34.0,89.0,0.0,89.0,6.0,0.08473142129368774,23.7775292793862
3354,34.0,90.0,0.0,90.0,1.0,0.2336797832809992,24.0112090626672
3355,34.0,91.0,0.0,91.0,4.0,0.22645575073161234,24.237664813398812
3356,34.0,92.0,0.0,92.0,7.0,0.14046681190174445,24.378131625300558
3357,34.0,93.0,0.0,93.0,1.0,0.3461068524360502,24.72423847773661
3358,34.0,94.0,0.0,94.0,1.0,0.39051636555348407,25.114754843290093
3359,34.0,95.0,0.0,95.0,1.0,0.15225671869257557,25.26701156198267
3360,35.0,0.0,0.0,0.0,0.0,0.0,0.0
3361,35.0,1.0,0.0,1.0,1.0,0.04845925959332829,0.04845925959332829
3362,35.0,2.0,0.0,2.0,2.0,0.39818203123925505,0.44664129083258336
3363,35.0,3.0,0.0,3.0,3.0,0.011662364837897463,0.4583036556704808
3364,35.0,4.0,0.0,4.0,4.0,0.29095081075282125,0.7492544664233021
3365,35.0,5.0,0.0,5.0,5.0,0.18916438735281615,0.9384188537761182
3366,35.0,6.0,0.0,6.0,6.0,0.3731406200505958,1.311559473826714
3367,35.0,7.0,0.0,7.0,7.0,0.0,1.311559473826714
3368,35.0,8.0,0.0,8.0,2.0,0.05071475147700608,1.36227422530372
3369,35.0,9.0,0.0,9.0,6.0,0.2676282183690528,1.629902443672773
3370,35.0,10.0,0.0,10.0,4.0,0.0,1.629902443672773
3371,35.0,11.0,0.0,11.0,5.0,0.49945965498331496,2.1293620986560877
3372,35.0,12.0,0.0,12.0,5.0,0.27855042756309173,2.4079125262191794
3373,35.0,13.0,0.0,13.0,6.0,0.2358206865923345,2.643733212811514
3374,35.0,14.0,0.0,14.0,5.0,0.0,2.643733212811514
3375,35.0,15.0,0.0,15.0,6.0,0.012576657579367172,2.656309870390881
3376,35.0,16.0,0.0,16.0,2.0,0.2822795401633952,2.9385894105542762
3377,35.0,17.0,0.0,17.0,1.0,0.640526367398124,3.5791157779524
3378,35.0,18.0,0.0,18.0,1.0,0.39739577573671786,3.976511553689118
3379,35.0,19.0,0.0,19.0,1.0,0.09767182935369328,4.074183383042811
3380,35.0,20.0,0.0,20.0,1.0,0.27119035406226066,4.3453737371050725
3381,35.0,21.0,0.0,21.0,2.0,0.0,4.3453737371050725
3382,35.0,22.0,0.0,22.0,1.0,0.0,4.3453737371050725
3383,35.0,23.0,0.0,23.0,3.0,0.12506065997339402,4.470434397078466
3384,35.0,24.0,0.0,24.0,0.0,0.0,4.470434397078466
3385,35.0,25.0,0.0,25.0,7.0,0.0,4.470434397078466
3386,35.0,26.0,0.0,26.0,4.0,0.0,4.470434397078466
3387,35.0,27.0,0.0,27.0,5.0,0.3614743312712399,4.831908728349706
3388,35.0,28.0,0.0,28.0,5.0,0.07527754375067446,4.907186272100381
3389,35.0,29.0,0.0,29.0,6.0,0.3116598759686686,5.21884614806905
3390,35.0,30.0,0.0,30.0,6.0,0.1938598477639666,5.412705995833016
3391,35.0,31.0,0.0,31.0,1.0,0.2975171656525792,5.710223161485595
3392,35.0,32.0,0.0,32.0,1.0,0.27391822828331297,5.984141389768908
3393,35.0,33.0,0.0,33.0,5.0,0.5943235436047835,6.5784649333736915
3394,35.0,34.0,0.0,34.0,5.0,0.12956159087489713,6.708026524248589
3395,35.0,35.0,0.0,35.0,5.0,0.05134333965898673,6.759369863907575
3396,35.0,36.0,0.0,36.0,6.0,0.0,6.759369863907575
3397,35.0,37.0,0.0,37.0,2.0,0.1656307552320488,6.925000619139624
3398,35.0,38.0,0.0,38.0,1.0,0.1122698472049673,7.037270466344591
3399,35.0,39.0,0.0,39.0,3.0,0.24065638461266484,7.277926850957256
3400,35.0,40.0,0.0,40.0,3.0,0.07917327843515808,7.357100129392414
3401,35.0,41.0,0.0,41.0,5.0,0.040966979361581224,7.398067108753995
3402,35.0,42.0,0.0,42.0,1.0,0.2977196118715112,7.695786720625507
3403,35.0,43.0,0.0,43.0,2.0,0.40117548832375627,8.096962208949263
3404,35.0,44.0,0.0,44.0,2.0,0.17377914745726974,8.270741356406532
3405,35.0,45.0,0.0,45.0,1.0,0.236338495393307,8.507079851799839
3406,35.0,46.0,0.0,46.0,2.0,0.0,8.507079851799839
3407,35.0,47.0,0.0,47.0,1.0,0.29156994495680316,8.798649796756642
3408,35.0,48.0,0.0,48.0,1.0,0.15225671869257557,8.950906515449217
3409,35.0,49.0,0.0,49.0,6.0,0.09243667781140737,9.043343193260625
3410,35.0,50.0,0.0,50.0,4.0,0.3378213837210231,9.381164576981648
3411,35.0,51.0,0.0,51.0,4.0,0.42565478925164,9.806819366233288
3412,35.0,52.0,0.0,52.0,4.0,0.12626645153161312,9.933085817764901
3413,35.0,53.0,0.0,53.0,4.0,0.03244158328874442,9.965527401053645
3414,35.0,54.0,0.0,54.0,5.0,0.3039231620092401,10.269450563062886
3415,35.0,55.0,0.0,55.0,5.0,0.43922493403029017,10.708675497093177
3416,35.0,56.0,0.0,56.0,5.0,0.02856175595510002,10.737237253048276
3417,35.0,57.0,0.0,57.0,1.0,0.2107072265151842,10.94794447956346
3418,35.0,58.0,0.0,58.0,1.0,0.14763267170963074,11.09557715127309
3419,35.0,59.0,0.0,59.0,5.0,0.0,11.09557715127309
3420,35.0,60.0,0.0,60.0,3.0,0.04429925980485249,11.139876411077942
3421,35.0,61.0,0.0,61.0,6.0,0.2690884433507071,11.40896485442865
3422,35.0,62.0,0.0,62.0,4.0,0.3628567677526115,11.77182162218126
3423,35.0,63.0,0.0,63.0,4.0,0.0,11.77182162218126
3424,35.0,64.0,0.0,64.0,6.0,0.6681191236917254,12.439940745872986
3425,35.0,65.0,0.0,65.0,6.0,0.19330425654839078,12.633245002421377
3426,35.0,66.0,0.0,66.0,6.0,0.019802180604578484,12.653047183025956
3427,35.0,67.0,0.0,67.0,6.0,0.5398005436791784,13.192847726705134
3428,35.0,68.0,0.0,68.0,6.0,0.22700732154927955,13.419855048254414
3429,35.0,69.0,0.0,69.0,6.0,0.5211461016164569,13.941001149870871
3430,35.0,70.0,0.0,70.0,6.0,0.5721185095518746,14.513119659422745
3431,35.0,71.0,0.0,71.0,6.0,0.36321665879061876,14.876336318213363
3432,35.0,72.0,0.0,72.0,6.0,0.29928972735028064,15.175626045563645
3433,35.0,73.0,0.0,73.0,6.0,0.2245370227069958,15.40016306827064
3434,35.0,74.0,0.0,74.0,6.0,0.060843244270408124,15.461006312541048
3435,35.0,75.0,0.0,75.0,6.0,0.8113111970305757,16.272317509571625
3436,35.0,76.0,0.0,76.0,6.0,0.15948567313383155,16.43180318270546
3437,35.0,77.0,0.0,77.0,6.0,0.0,16.43180318270546
3438,35.0,78.0,0.0,78.0,6.0,0.04941931180611817,16.481222494511577
3439,35.0,79.0,0.0,79.0,6.0,0.38423498309596005,16.86545747760754
3440,35.0,80.0,0.0,80.0,6.0,0.02152766918353003,16.88698514679107
3441,35.0,81.0,0.0,81.0,6.0,0.14053761898862807,17.027522765779697
3442,35.0,82.0,0.0,82.0,1.0,0.06877401020269108,17.09629677598239
3443,35.0,83.0,0.0,83.0,2.0,0.08011626779528125,17.176413043777668
3444,35.0,84.0,0.0,84.0,6.0,0.0,17.176413043777668
3445,35.0,85.0,0.0,85.0,0.0,0.0,17.176413043777668
3446,35.0,86.0,0.0,86.0,7.0,0.061569980833461685,17.23798302461113
3447,35.0,87.0,0.0,87.0,5.0,0.061655103827774414,17.299638128438904
3448,35.0,88.0,0.0,88.0,1.0,0.3728753173739762,17.67251344581288
3449,35.0,89.0,0.0,89.0,1.0,0.35164524988197277,18.02415869569485
3450,35.0,90.0,0.0,90.0,1.0,0.5506933393432334,18.574852035038084
3451,35.0,91.0,0.0,91.0,1.0,0.1178259592096348,18.69267799424772
3452,35.0,92.0,0.0,92.0,1.0,0.09271436829694825,18.78539236254467
3453,35.0,93.0,0.0,93.0,1.0,0.0,18.78539236254467
3454,35.0,94.0,0.0,94.0,6.0,0.3286820084901565,19.114074371034825
3455,35.0,95.0,0.0,95.0,6.0,0.5199951664423675,19.634069537477192
3456,36.0,0.0,0.0,0.0,0.0,0.47815931578689846,0.47815931578689846
3457,36.0,1.0,0.0,1.0,1.0,0.14690456218978679,0.6250638779766853
3458,36.0,2.0,0.0,2.0,2.0,0.1905422112228126,0.8156060891994978
3459,36.0,3.0,0.0,3.0,3.0,0.108472937332383,0.9240790265318808
3460,36.0,4.0,0.0,4.0,4.0,0.29095081075282125,1.215029837284702
3461,36.0,5.0,0.0,5.0,5.0,0.0,1.215029837284702
3462,36.0,6.0,0.0,6.0,6.0,0.2355975950006196,1.4506274322853216
3463,36.0,7.0,0.0,7.0,7.0,0.4410508038344497,1.8916782361197715
3464,36.0,8.0,0.0,8.0,0.0,0.30754911887660585,2.1992273549963772
3465,36.0,9.0,0.0,9.0,7.0,0.12980887699241067,2.329036231988788
3466,36.0,10.0,0.0,10.0,4.0,0.0,2.329036231988788
3467,36.0,11.0,0.0,11.0,0.0,0.0,2.329036231988788
3468,36.0,12.0,0.0,12.0,6.0,0.5398005436791784,2.8688367756679662
3469,36.0,13.0,0.0,13.0,6.0,0.08544920153663012,2.9542859772045964
3470,36.0,14.0,0.0,14.0,2.0,0.0,2.9542859772045964
3471,36.0,15.0,0.0,15.0,1.0,0.14788550522949867,3.102171482434095
3472,36.0,16.0,0.0,16.0,7.0,0.4478551091326492,3.5500265915667444
3473,36.0,17.0,0.0,17.0,7.0,0.08816257292987052,3.638189164496615
3474,36.0,18.0,0.0,18.0,3.0,0.0,3.638189164496615
3475,36.0,19.0,0.0,19.0,6.0,0.019802180604578484,3.6579913451011934
3476,36.0,20.0,0.0,20.0,0.0,0.4367721168526441,4.094763461953837
3477,36.0,21.0,0.0,21.0,0.0,0.12685150903703096,4.221614970990868
3478,36.0,22.0,0.0,22.0,7.0,0.0,4.221614970990868
3479,36.0,23.0,0.0,23.0,1.0,0.21643836357841792,4.438053334569286
3480,36.0,24.0,0.0,24.0,5.0,0.15002432556116005,4.5880776601304465
3481,36.0,25.0,0.0,25.0,4.0,0.6928212275644872,5.280898887694933
3482,36.0,26.0,0.0,26.0,4.0,0.1469609607874088,5.427859848482342
3483,36.0,27.0,0.0,27.0,4.0,0.35306467064568264,5.780924519128025
3484,36.0,28.0,0.0,28.0,4.0,0.3482376111706019,6.129162130298627
3485,36.0,29.0,0.0,29.0,4.0,0.020723335122281958,6.149885465420909
3486,36.0,30.0,0.0,30.0,0.0,0.0,6.149885465420909
3487,36.0,31.0,0.0,31.0,6.0,0.012576657579367172,6.162462123000276
3488,36.0,32.0,0.0,32.0,1.0,0.0,6.162462123000276
3489,36.0,33.0,0.0,33.0,4.0,0.0,6.162462123000276
3490,36.0,34.0,0.0,34.0,2.0,0.1731947690353173,6.335656892035594
3491,36.0,35.0,0.0,35.0,7.0,0.0,6.335656892035594
3492,36.0,36.0,0.0,36.0,0.0,0.0,6.335656892035594
3493,36.0,37.0,0.0,37.0,5.0,0.0,6.335656892035594
3494,36.0,38.0,0.0,38.0,2.0,0.40117548832375627,6.73683238035935
3495,36.0,39.0,0.0,39.0,2.0,0.3195571986524608,7.05638957901181
3496,36.0,40.0,0.0,40.0,2.0,0.289774682159023,7.346164261170833
3497,36.0,41.0,0.0,41.0,2.0,0.44976625428900363,7.795930515459837
3498,36.0,42.0,0.0,42.0,2.0,0.0,7.795930515459837
3499,36.0,43.0,0.0,43.0,4.0,0.1495593642703379,7.945489879730175
3500,36.0,44.0,0.0,44.0,3.0,0.23503314504653663,8.180523024776711
3501,36.0,45.0,0.0,45.0,2.0,0.0,8.180523024776711
3502,36.0,46.0,0.0,46.0,3.0,0.30727719064634834,8.487800215423059
3503,36.0,47.0,0.0,47.0,3.0,0.04102795575974671,8.528828171182806
3504,36.0,48.0,0.0,48.0,6.0,0.46621206372626145,8.995040234909068
3505,36.0,49.0,0.0,49.0,6.0,0.07179891276627816,9.066839147675346
3506,36.0,50.0,0.0,50.0,6.0,0.1370475401392327,9.203886687814578
3507,36.0,51.0,0.0,51.0,4.0,0.6548917240652656,9.858778411879843
3508,36.0,52.0,0.0,52.0,4.0,0.07465631834671323,9.933434730226557
3509,36.0,53.0,0.0,53.0,4.0,0.0,9.933434730226557
3510,36.0,54.0,0.0,54.0,7.0,0.03966389497905114,9.973098625205608
3511,36.0,55.0,0.0,55.0,0.0,0.1801451502088366,10.153243775414445
3512,36.0,56.0,0.0,56.0,1.0,0.35164524988197277,10.504889025296418
3513,36.0,57.0,0.0,57.0,1.0,0.09767182935369328,10.602560854650111
3514,36.0,58.0,0.0,58.0,6.0,0.2030643176852566,10.805625172335368
3515,36.0,59.0,0.0,59.0,4.0,0.6630452028905913,11.46867037522596
3516,36.0,60.0,0.0,60.0,4.0,0.28973804014574706,11.758408415371708
3517,36.0,61.0,0.0,61.0,4.0,0.01616105790717103,11.774569473278879
3518,36.0,62.0,0.0,62.0,4.0,0.3716799242424243,12.146249397521304
3519,36.0,63.0,0.0,63.0,4.0,0.0,12.146249397521304
3520,36.0,64.0,0.0,64.0,2.0,0.0,12.146249397521304
3521,36.0,65.0,0.0,65.0,0.0,0.0,12.146249397521304
3522,36.0,66.0,0.0,66.0,1.0,0.17515766824041448,12.321407065761719
3523,36.0,67.0,0.0,67.0,6.0,0.04396724673097683,12.365374312492696
3524,36.0,68.0,0.0,68.0,3.0,0.07896543589840778,12.444339748391103
3525,36.0,69.0,0.0,69.0,4.0,0.3845164824990986,12.828856230890201
3526,36.0,70.0,0.0,70.0,4.0,0.3505563668212525,13.179412597711453
3527,36.0,71.0,0.0,71.0,4.0,0.2965977540714963,13.47601035178295
3528,36.0,72.0,0.0,72.0,4.0,0.16403310077668387,13.640043452559635
3529,36.0,73.0,0.0,73.0,4.0,0.5401870119994172,14.180230464559052
3530,36.0,74.0,0.0,74.0,4.0,0.45159698088013056,14.631827445439184
3531,36.0,75.0,0.0,75.0,4.0,0.12114345880479456,14.752970904243979
3532,36.0,76.0,0.0,76.0,4.0,0.13505835684833514,14.888029261092314
3533,36.0,77.0,0.0,77.0,4.0,0.3541487541408539,15.242178015233167
3534,36.0,78.0,0.0,78.0,4.0,0.07151951990290359,15.31369753513607
3535,36.0,79.0,0.0,79.0,4.0,0.0,15.31369753513607
3536,36.0,80.0,0.0,80.0,7.0,0.6859517409375426,15.999649276073612
3537,36.0,81.0,0.0,81.0,7.0,0.5762895628867217,16.575938838960333
3538,36.0,82.0,0.0,82.0,7.0,0.44759909174127827,17.02353793070161
3539,36.0,83.0,0.0,83.0,7.0,0.061569980833461685,17.085107911535072
3540,36.0,84.0,0.0,84.0,7.0,0.7256040504195268,17.8107119619546
3541,36.0,85.0,0.0,85.0,7.0,0.2020575551425499,18.012769517097148
3542,36.0,86.0,0.0,86.0,7.0,0.45898782090217066,18.471757337999318
3543,36.0,87.0,0.0,87.0,7.0,0.08845181773763568,18.560209155736953
3544,36.0,88.0,0.0,88.0,7.0,0.0,18.560209155736953
3545,36.0,89.0,0.0,89.0,7.0,0.658941602314391,19.219150758051345
3546,36.0,90.0,0.0,90.0,7.0,0.6820921113526627,19.901242869404008
3547,36.0,91.0,0.0,91.0,7.0,0.05063330393183056,19.95187617333584
3548,36.0,92.0,0.0,92.0,7.0,0.2442715151719623,20.196147688507804
3549,36.0,93.0,0.0,93.0,7.0,0.029232001322727855,20.225379689830532
3550,36.0,94.0,0.0,94.0,7.0,0.0,20.225379689830532
3551,36.0,95.0,0.0,95.0,7.0,0.45856256848509114,20.683942258315625
3552,37.0,0.0,0.0,0.0,0.0,0.2356382760871811,0.2356382760871811
3553,37.0,1.0,0.0,1.0,1.0,0.05727556146362054,0.29291383755080164
3554,37.0,2.0,0.0,2.0,2.0,0.153056971216033,0.44597080876683465
3555,37.0,3.0,0.0,3.0,3.0,0.0,0.44597080876683465
3556,37.0,4.0,0.0,4.0,4.0,0.0,0.44597080876683465
3557,37.0,5.0,0.0,5.0,5.0,0.1011811837154788,0.5471519924823134
3558,37.0,6.0,0.0,6.0,6.0,0.7615432087357681,1.3086952012180815
3559,37.0,7.0,0.0,7.0,7.0,0.05063330393183056,1.359328505149912
3560,37.0,8.0,0.0,8.0,6.0,0.31122773400729964,1.6705562391572117
3561,37.0,9.0,0.0,9.0,6.0,0.4419319569723373,2.112488196129549
3562,37.0,10.0,0.0,10.0,6.0,0.2380098281042837,2.3504980242338327
3563,37.0,11.0,0.0,11.0,0.0,0.0666793137692062,2.417177338003039
3564,37.0,12.0,0.0,12.0,6.0,0.0,2.417177338003039
3565,37.0,13.0,0.0,13.0,2.0,0.1656307552320488,2.5828080932350876
3566,37.0,14.0,0.0,14.0,5.0,0.190094615722883,2.7729027089579708
3567,37.0,15.0,0.0,15.0,6.0,0.23042860433100323,3.003331313288974
3568,37.0,16.0,0.0,16.0,1.0,0.09468128799662574,3.0980126012855997
3569,37.0,17.0,0.0,17.0,7.0,0.02758892282854971,3.1256015241141495
3570,37.0,18.0,0.0,18.0,6.0,0.20104993189686238,3.326651456011012
3571,37.0,19.0,0.0,19.0,2.0,0.0,3.326651456011012
3572,37.0,20.0,0.0,20.0,0.0,0.12685150903703096,3.453502965048043
3573,37.0,21.0,0.0,21.0,6.0,0.39899739331314654,3.8525003583611896
3574,37.0,22.0,0.0,22.0,3.0,0.028731351967359188,3.881231710328549
3575,37.0,23.0,0.0,23.0,4.0,0.0,3.881231710328549
3576,37.0,24.0,0.0,24.0,6.0,0.19237477602684144,4.0736064863553905
3577,37.0,25.0,0.0,25.0,5.0,0.0,4.0736064863553905
3578,37.0,26.0,0.0,26.0,6.0,0.5048327715259897,4.57843925788138
3579,37.0,27.0,0.0,27.0,6.0,0.1370475401392327,4.7154867980206125
3580,37.0,28.0,0.0,28.0,6.0,0.23958507229734452,4.9550718703179575
3581,37.0,29.0,0.0,29.0,6.0,0.592467301916092,5.54753917223405
3582,37.0,30.0,0.0,30.0,6.0,0.7330812715508707,6.280620443784921
3583,37.0,31.0,0.0,31.0,6.0,0.4025312660474192,6.68315170983234
3584,37.0,32.0,0.0,32.0,6.0,0.012116503352960235,6.6952682131853
3585,37.0,33.0,0.0,33.0,6.0,0.470561563191029,7.165829776376329
3586,37.0,34.0,0.0,34.0,6.0,0.19330425654839078,7.35913403292472
3587,37.0,35.0,0.0,35.0,6.0,0.0,7.35913403292472
3588,37.0,36.0,0.0,36.0,6.0,0.11636299692256234,7.475497029847282
3589,37.0,37.0,0.0,37.0,0.0,0.07309551109955656,7.548592540946839
3590,37.0,38.0,0.0,38.0,1.0,0.29156994495680316,7.840162485903642
3591,37.0,39.0,0.0,39.0,1.0,0.04317602104936086,7.883338506953003
3592,37.0,40.0,0.0,40.0,6.0,0.08569355050034418,7.969032057453347
3593,37.0,41.0,0.0,41.0,6.0,0.08544920153663012,8.054481258989977
3594,37.0,42.0,0.0,42.0,6.0,0.29928972735028064,8.353770986340258
3595,37.0,43.0,0.0,43.0,2.0,0.0,8.353770986340258
3596,37.0,44.0,0.0,44.0,6.0,0.0,8.353770986340258
3597,37.0,45.0,0.0,45.0,7.0,0.2094357913069121,8.56320677764717
3598,37.0,46.0,0.0,46.0,5.0,0.07332434542589378,8.636531123073064
3599,37.0,47.0,0.0,47.0,7.0,0.04103739105239522,8.67756851412546
3600,37.0,48.0,0.0,48.0,6.0,0.20751175649518033,8.885080270620639
3601,37.0,49.0,0.0,49.0,0.0,0.0,8.885080270620639
3602,37.0,50.0,0.0,50.0,6.0,0.36348110977950954,9.24856138040015
3603,37.0,51.0,0.0,51.0,6.0,0.46120539576978026,9.70976677616993
3604,37.0,52.0,0.0,52.0,6.0,0.5721185095518746,10.281885285721804
3605,37.0,53.0,0.0,53.0,6.0,0.40586275112066333,10.687748036842468
3606,37.0,54.0,0.0,54.0,6.0,0.45661860173922436,11.144366638581692
3607,37.0,55.0,0.0,55.0,6.0,0.7074564648856323,11.851823103467325
3608,37.0,56.0,0.0,56.0,6.0,0.38423498309596005,12.236058086563284
3609,37.0,57.0,0.0,57.0,6.0,0.04396724673097683,12.280025333294262
3610,37.0,58.0,0.0,58.0,6.0,0.2030643176852566,12.483089650979519
3611,37.0,59.0,0.0,59.0,6.0,0.19275096950199988,12.67584062048152
3612,37.0,60.0,0.0,60.0,6.0,0.1440283701753274,12.819868990656847
3613,37.0,61.0,0.0,61.0,6.0,0.8113111970305757,13.631180187687423
3614,37.0,62.0,0.0,62.0,6.0,0.1350995944228713,13.766279782110296
3615,37.0,63.0,0.0,63.0,6.0,0.398606424860819,14.164886206971115
3616,37.0,64.0,0.0,64.0,6.0,0.351198302995685,14.5160845099668
3617,37.0,65.0,0.0,65.0,6.0,0.45863258329410067,14.974717093260901
3618,37.0,66.0,0.0,66.0,6.0,0.019802180604578484,14.99451927386548
3619,37.0,67.0,0.0,67.0,6.0,0.3152014117071101,15.30972068557259
3620,37.0,68.0,0.0,68.0,6.0,0.6681191236917254,15.977839809264315
3621,37.0,69.0,0.0,69.0,6.0,0.5199951664423675,16.497834975706684
3622,37.0,70.0,0.0,70.0,6.0,0.0,16.497834975706684
3623,37.0,71.0,0.0,71.0,6.0,0.08326994649709853,16.58110492220378
3624,37.0,72.0,0.0,72.0,6.0,0.754797882045112,17.335902804248892
3625,37.0,73.0,0.0,73.0,6.0,0.308924290481592,17.644827094730484
3626,37.0,74.0,0.0,74.0,6.0,0.10821198863204971,17.753039083362534
3627,37.0,75.0,0.0,75.0,6.0,0.07179891276627816,17.824837996128814
3628,37.0,76.0,0.0,76.0,6.0,0.3045366457502025,18.129374641879018
3629,37.0,77.0,0.0,77.0,6.0,0.10776919275082603,18.237143834629844
3630,37.0,78.0,0.0,78.0,6.0,0.030996621679545998,18.26814045630939
3631,37.0,79.0,0.0,79.0,1.0,0.0,18.26814045630939
3632,37.0,80.0,0.0,80.0,6.0,0.2624626141648409,18.53060307047423
3633,37.0,81.0,0.0,81.0,3.0,0.108472937332383,18.63907600780661
3634,37.0,82.0,0.0,82.0,6.0,0.7377651793174987,19.37684118712411
3635,37.0,83.0,0.0,83.0,6.0,0.18788376889070377,19.564724956014814
3636,37.0,84.0,0.0,84.0,6.0,0.4832391209848758,20.04796407699969
3637,37.0,85.0,0.0,85.0,6.0,0.14418838926849195,20.192152466268183
3638,37.0,86.0,0.0,86.0,6.0,0.2690884433507071,20.46124090961889
3639,37.0,87.0,0.0,87.0,6.0,0.2091349837990253,20.670375893417916
3640,37.0,88.0,0.0,88.0,6.0,0.06692797541129325,20.73730386882921
3641,37.0,89.0,0.0,89.0,6.0,0.5609494988696637,21.298253367698873
3642,37.0,90.0,0.0,90.0,6.0,0.0,21.298253367698873
3643,37.0,91.0,0.0,91.0,6.0,0.15870422142553076,21.456957589124404
3644,37.0,92.0,0.0,92.0,6.0,0.0,21.456957589124404
3645,37.0,93.0,0.0,93.0,6.0,0.15948567313383155,21.616443262258237
3646,37.0,94.0,0.0,94.0,4.0,0.6296318563139507,22.246075118572186
3647,37.0,95.0,0.0,95.0,4.0,0.2891704822674655,22.53524560083965
3648,38.0,0.0,0.0,0.0,0.0,0.024187376084340982,0.024187376084340982
3649,38.0,1.0,0.0,1.0,1.0,0.0,0.024187376084340982
3650,38.0,2.0,0.0,2.0,2.0,0.0,0.024187376084340982
3651,38.0,3.0,0.0,3.0,3.0,0.17859802399158817,0.20278540007592916
3652,38.0,4.0,0.0,4.0,4.0,0.0,0.20278540007592916
3653,38.0,5.0,0.0,5.0,5.0,0.3041591797941908,0.50694457987012
3654,38.0,6.0,0.0,6.0,6.0,0.754797882045112,1.261742461915232
3655,38.0,7.0,0.0,7.0,7.0,0.018202433303999167,1.2799448952192312
3656,38.0,8.0,0.0,8.0,6.0,0.5064850022994652,1.7864298975186963
3657,38.0,9.0,0.0,9.0,6.0,0.7074564648856323,2.4938863624043286
3658,38.0,10.0,0.0,10.0,6.0,0.0,2.4938863624043286
3659,38.0,11.0,0.0,11.0,5.0,0.556448204261036,3.0503345666653647
3660,38.0,12.0,0.0,12.0,5.0,0.28810875083932547,3.3384433175046904
3661,38.0,13.0,0.0,13.0,6.0,0.528994261355651,3.8674375788603412
3662,38.0,14.0,0.0,14.0,6.0,0.1440283701753274,4.011465949035669
3663,38.0,15.0,0.0,15.0,3.0,0.26914273809568673,4.280608687131355
3664,38.0,16.0,0.0,16.0,5.0,0.07377049642032883,4.354379183551684
3665,38.0,17.0,0.0,17.0,6.0,0.709114106247022,5.063493289798706
3666,38.0,18.0,0.0,18.0,6.0,0.46120539576978026,5.524698685568486
3667,38.0,19.0,0.0,19.0,6.0,0.22700732154927955,5.7517060071177655
3668,38.0,20.0,0.0,20.0,6.0,0.2245370227069958,5.9762430298247615
3669,38.0,21.0,0.0,21.0,6.0,0.012116503352960235,5.9883595331777215
3670,38.0,22.0,0.0,22.0,3.0,0.3813698300550875,6.369729363232809
3671,38.0,23.0,0.0,23.0,3.0,0.07608616683900467,6.445815530071814
3672,38.0,24.0,0.0,24.0,5.0,0.3039231620092401,6.749738692081054
3673,38.0,25.0,0.0,25.0,6.0,0.0206337541478017,6.770372446228856
3674,38.0,26.0,0.0,26.0,5.0,0.22127064602955218,6.991643092258408
3675,38.0,27.0,0.0,27.0,0.0,0.11395249262034009,7.105595584878748
3676,38.0,28.0,0.0,28.0,7.0,0.0,7.105595584878748
3677,38.0,29.0,0.0,29.0,6.0,0.08473142129368774,7.190327006172436
3678,38.0,30.0,0.0,30.0,1.0,0.43077514535649875,7.621102151528935
3679,38.0,31.0,0.0,31.0,1.0,0.10131102734794921,7.722413178876884
3680,38.0,32.0,0.0,32.0,2.0,0.2641208848836428,7.986534063760527
3681,38.0,33.0,0.0,33.0,4.0,0.3815607206079411,8.368094784368468
3682,38.0,34.0,0.0,34.0,4.0,0.3505563668212525,8.71865115118972
3683,38.0,35.0,0.0,35.0,4.0,0.0,8.71865115118972
3684,38.0,36.0,0.0,36.0,5.0,0.061655103827774414,8.780306255017495
3685,38.0,37.0,0.0,37.0,2.0,0.44976625428900363,9.230072509306499
3686,38.0,38.0,0.0,38.0,2.0,0.0984534186733431,9.328525927979841
3687,38.0,39.0,0.0,39.0,3.0,0.025510018405371447,9.354035946385213
3688,38.0,40.0,0.0,40.0,6.0,0.2380098281042837,9.592045774489497
3689,38.0,41.0,0.0,41.0,1.0,0.625716871682588,10.217762646172085
3690,38.0,42.0,0.0,42.0,1.0,0.23702024352928716,10.454782889701372
3691,38.0,43.0,0.0,43.0,1.0,0.39919928454817294,10.853982174249545
3692,38.0,44.0,0.0,44.0,1.0,0.0,10.853982174249545
3693,38.0,45.0,0.0,45.0,6.0,0.060843244270408124,10.914825418519953
3694,38.0,46.0,0.0,46.0,2.0,0.10287625647900679,11.01770167499896
3695,38.0,47.0,0.0,47.0,5.0,0.3671116304857597,11.38481330548472
3696,38.0,48.0,0.0,48.0,5.0,0.13538863996928308,11.520201945454003
3697,38.0,49.0,0.0,49.0,1.0,0.24526319585689446,11.765465141310898
3698,38.0,50.0,0.0,50.0,6.0,0.0,11.765465141310898
3699,38.0,51.0,0.0,51.0,4.0,0.0,11.765465141310898
3700,38.0,52.0,0.0,52.0,1.0,0.0766334705336081,11.842098611844506
3701,38.0,53.0,0.0,53.0,5.0,0.0,11.842098611844506
3702,38.0,54.0,0.0,54.0,0.0,0.049788940430507446,11.891887552275014
3703,38.0,55.0,0.0,55.0,6.0,0.0,11.891887552275014
3704,38.0,56.0,0.0,56.0,3.0,0.07896543589840778,11.970852988173421
3705,38.0,57.0,0.0,57.0,2.0,0.15436321182083243,12.125216199994254
3706,38.0,58.0,0.0,58.0,1.0,0.31376821855801423,12.438984418552268
3707,38.0,59.0,0.0,59.0,1.0,0.3720624105248227,12.81104682907709
3708,38.0,60.0,0.0,60.0,1.0,0.023156626925220768,12.834203456002312
3709,38.0,61.0,0.0,61.0,6.0,0.1370475401392327,12.971250996141544
3710,38.0,62.0,0.0,62.0,5.0,0.09069293668371073,13.061943932825255
3711,38.0,63.0,0.0,63.0,6.0,0.029858941276052695,13.091802874101308
3712,38.0,64.0,0.0,64.0,2.0,0.3195571986524608,13.41136007275377
3713,38.0,65.0,0.0,65.0,2.0,0.5927850394971269,14.004145112250896
3714,38.0,66.0,0.0,66.0,2.0,0.08113905787797616,14.085284170128872
3715,38.0,67.0,0.0,67.0,2.0,0.26727365674660486,14.352557826875477
3716,38.0,68.0,0.0,68.0,2.0,0.19935097092522613,14.551908797800703
3717,38.0,69.0,0.0,69.0,2.0,0.043892043518105,14.595800841318807
3718,38.0,70.0,0.0,70.0,1.0,0.025530299644546818,14.621331140963354
3719,38.0,71.0,0.0,71.0,3.0,0.10860300214653837,14.729934143109892
3720,38.0,72.0,0.0,72.0,4.0,0.2768550193866439,15.006789162496537
3721,38.0,73.0,0.0,73.0,4.0,0.07128856318987772,15.078077725686414
3722,38.0,74.0,0.0,74.0,6.0,0.46761061637242407,15.545688342058838
3723,38.0,75.0,0.0,75.0,6.0,0.7615432087357681,16.307231550794608
3724,38.0,76.0,0.0,76.0,6.0,0.0,16.307231550794608
3725,38.0,77.0,0.0,77.0,6.0,0.2030643176852566,16.510295868479865
3726,38.0,78.0,0.0,78.0,6.0,0.04396724673097683,16.55426311521084
3727,38.0,79.0,0.0,79.0,5.0,0.3614743312712399,16.91573744648208
3728,38.0,80.0,0.0,80.0,5.0,0.0,16.91573744648208
3729,38.0,81.0,0.0,81.0,6.0,0.5198631933975867,17.435600639879667
3730,38.0,82.0,0.0,82.0,6.0,0.31122773400729964,17.746828373886967
3731,38.0,83.0,0.0,83.0,6.0,0.3116598759686686,18.058488249855635
3732,38.0,84.0,0.0,84.0,6.0,0.8206264844566112,18.879114734312246
3733,38.0,85.0,0.0,85.0,6.0,0.5415728013366148,19.42068753564886
3734,38.0,86.0,0.0,86.0,6.0,0.19275096950199988,19.61343850515086
3735,38.0,87.0,0.0,87.0,6.0,0.525530725813632,20.13896923096449
3736,38.0,88.0,0.0,88.0,6.0,0.4419319569723373,20.580901187936828
3737,38.0,89.0,0.0,89.0,6.0,0.002161454739645614,20.583062642676474
3738,38.0,90.0,0.0,90.0,6.0,0.308924290481592,20.891986933158066
3739,38.0,91.0,0.0,91.0,6.0,0.9633601102069204,21.855347043364986
3740,38.0,92.0,0.0,92.0,6.0,0.19237477602684144,22.04772181939183
3741,38.0,93.0,0.0,93.0,6.0,0.1350995944228713,22.1828214138147
3742,38.0,94.0,0.0,94.0,6.0,0.2676282183690528,22.450449632183755
3743,38.0,95.0,0.0,95.0,6.0,0.592467301916092,23.042916934099846
3744,39.0,0.0,0.0,0.0,0.0,0.48448669996828364,0.48448669996828364
3745,39.0,1.0,0.0,1.0,1.0,0.14690456218978679,0.6313912621580704
3746,39.0,2.0,0.0,2.0,2.0,0.08011626779528125,0.7115075299533516
3747,39.0,3.0,0.0,3.0,3.0,0.3885911041625654,1.1000986341159171
3748,39.0,4.0,0.0,4.0,4.0,0.11081989247498787,1.210918526590905
3749,39.0,5.0,0.0,5.0,5.0,0.13948261044307597,1.350401137033981
3750,39.0,6.0,0.0,6.0,6.0,0.0989051148392537,1.4493062518732347
3751,39.0,7.0,0.0,7.0,7.0,0.25759234324777713,1.7068985951210118
3752,39.0,8.0,0.0,8.0,0.0,0.0,1.7068985951210118
3753,39.0,9.0,0.0,9.0,3.0,0.09300458273999601,1.7999031778610077
3754,39.0,10.0,0.0,10.0,7.0,0.4573021530267772,2.257205330887785
3755,39.0,11.0,0.0,11.0,7.0,0.12476591514236375,2.3819712460301488
3756,39.0,12.0,0.0,12.0,1.0,0.055820590489851885,2.4377918365200006
3757,39.0,13.0,0.0,13.0,5.0,0.6427319227634976,3.080523759283498
3758,39.0,14.0,0.0,14.0,5.0,0.562081128391816,3.642604887675314
3759,39.0,15.0,0.0,15.0,5.0,0.05296194787752387,3.695566835552838
3760,39.0,16.0,0.0,16.0,4.0,0.15383977509268065,3.8494066106455187
3761,39.0,17.0,0.0,17.0,5.0,0.012731154762606778,3.8621377654081255
3762,39.0,18.0,0.0,18.0,6.0,0.5211461016164569,4.383283867024582
3763,39.0,19.0,0.0,19.0,6.0,0.4025312660474192,4.785815133072002
3764,39.0,20.0,0.0,20.0,6.0,0.08544920153663012,4.8712643346086315
3765,39.0,21.0,0.0,21.0,0.0,0.0666793137692062,4.937943648377837
3766,39.0,22.0,0.0,22.0,3.0,0.18053033147432693,5.118473979852165
3767,39.0,23.0,0.0,23.0,2.0,0.2052375345025933,5.323711514354758
3768,39.0,24.0,0.0,24.0,7.0,0.13016600678161144,5.45387752113637
3769,39.0,25.0,0.0,25.0,6.0,0.0,5.45387752113637
3770,39.0,26.0,0.0,26.0,3.0,0.6916736699244181,6.145551191060788
3771,39.0,27.0,0.0,27.0,3.0,0.0,6.145551191060788
3772,39.0,28.0,0.0,28.0,5.0,0.21582234885179488,6.361373539912583
3773,39.0,29.0,0.0,29.0,2.0,0.03427022523850223,6.3956437651510845
3774,39.0,30.0,0.0,30.0,3.0,0.12405932762911029,6.519703092780195
3775,39.0,31.0,0.0,31.0,7.0,0.09917719492813658,6.618880287708332
3776,39.0,32.0,0.0,32.0,4.0,0.0,6.618880287708332
3777,39.0,33.0,0.0,33.0,5.0,0.0,6.618880287708332
3778,39.0,34.0,0.0,34.0,0.0,0.0,6.618880287708332
3779,39.0,35.0,0.0,35.0,1.0,0.031550322030998015,6.650430609739329
3780,39.0,36.0,0.0,36.0,3.0,0.028731351967359188,6.679161961706688
3781,39.0,37.0,0.0,37.0,6.0,0.45661860173922436,7.135780563445913
3782,39.0,38.0,0.0,38.0,6.0,0.04941931180611817,7.185199875252031
3783,39.0,39.0,0.0,39.0,7.0,0.24252754759834638,7.427727422850377
3784,39.0,40.0,0.0,40.0,7.0,0.0,7.427727422850377
3785,39.0,41.0,0.0,41.0,5.0,0.190094615722883,7.61782203857326
3786,39.0,42.0,0.0,42.0,6.0,0.18466604549596066,7.80248808406922
3787,39.0,43.0,0.0,43.0,3.0,0.0,7.80248808406922
3788,39.0,44.0,0.0,44.0,5.0,0.0488407511838819,7.851328835253102
3789,39.0,45.0,0.0,45.0,6.0,0.19720425874379977,8.048533093996902
3790,39.0,46.0,0.0,46.0,2.0,0.7236703978770197,8.772203491873922
3791,39.0,47.0,0.0,47.0,2.0,0.42591938102062793,9.198122872894551
3792,39.0,48.0,0.0,48.0,2.0,0.0,9.198122872894551
3793,39.0,49.0,0.0,49.0,2.0,0.6257180907935707,9.823840963688122
3794,39.0,50.0,0.0,50.0,2.0,0.2697227342029752,10.093563697891097
3795,39.0,51.0,0.0,51.0,2.0,0.5259817321483307,10.619545430039429
3796,39.0,52.0,0.0,52.0,2.0,0.0984534186733431,10.71799884871277
3797,39.0,53.0,0.0,53.0,2.0,0.0,10.71799884871277
3798,39.0,54.0,0.0,54.0,2.0,0.1670621200099897,10.88506096872276
3799,39.0,55.0,0.0,55.0,2.0,0.17377914745726974,11.05884011618003
3800,39.0,56.0,0.0,56.0,2.0,0.0073944663165102,11.06623458249654
3801,39.0,57.0,0.0,57.0,6.0,0.060843244270408124,11.127077826766948
3802,39.0,58.0,0.0,58.0,0.0,0.2356382760871811,11.36271610285413
3803,39.0,59.0,0.0,59.0,0.0,0.30193260026714136,11.664648703121271
3804,39.0,60.0,0.0,60.0,0.0,0.0,11.664648703121271
3805,39.0,61.0,0.0,61.0,4.0,0.3815607206079411,12.046209423729213
3806,39.0,62.0,0.0,62.0,4.0,0.11041446593207717,12.15662388966129
3807,39.0,63.0,0.0,63.0,7.0,0.3029126053848762,12.459536495046166
3808,39.0,64.0,0.0,64.0,7.0,0.7256040504195268,13.185140545465693
3809,39.0,65.0,0.0,65.0,7.0,0.041228864090092084,13.226369409555785
3810,39.0,66.0,0.0,66.0,7.0,0.04671064980753169,13.273080059363316
3811,39.0,67.0,0.0,67.0,4.0,0.2459794118468931,13.519059471210209
3812,39.0,68.0,0.0,68.0,5.0,0.07332434542589378,13.592383816636103
3813,39.0,69.0,0.0,69.0,2.0,0.19074406487779483,13.783127881513897
3814,39.0,70.0,0.0,70.0,7.0,0.3497936611859112,14.132921542699808
3815,39.0,71.0,0.0,71.0,7.0,0.11500588206885451,14.247927424768664
3816,39.0,72.0,0.0,72.0,4.0,0.005519628586349254,14.253447053355012
3817,39.0,73.0,0.0,73.0,1.0,0.27119035406226066,14.524637407417273
3818,39.0,74.0,0.0,74.0,1.0,0.0,14.524637407417273
3819,39.0,75.0,0.0,75.0,3.0,0.00048590855662026,14.525123315973893
3820,39.0,76.0,0.0,76.0,2.0,0.25637356125238836,14.781496877226282
3821,39.0,77.0,0.0,77.0,6.0,0.0,14.781496877226282
3822,39.0,78.0,0.0,78.0,2.0,0.0,14.781496877226282
3823,39.0,79.0,0.0,79.0,7.0,0.16322828692812405,14.944725164154406
3824,39.0,80.0,0.0,80.0,5.0,0.19914789524586868,15.143873059400274
3825,39.0,81.0,0.0,81.0,7.0,0.037894009123875756,15.18176706852415
3826,39.0,82.0,0.0,82.0,5.0,0.0,15.18176706852415
3827,39.0,83.0,0.0,83.0,0.0,0.27268806162729475,15.454455130151445
3828,39.0,84.0,0.0,84.0,0.0,0.0,15.454455130151445
3829,39.0,85.0,0.0,85.0,2.0,0.13810536010235094,15.592560490253796
3830,39.0,86.0,0.0,86.0,6.0,0.0,15.592560490253796
3831,39.0,87.0,0.0,87.0,2.0,0.38831574574861955,15.980876236002414
3832,39.0,88.0,0.0,88.0,2.0,0.1905422112228126,16.17141844722523
3833,39.0,89.0,0.0,89.0,2.0,0.482186826413389,16.653605273638618
3834,39.0,90.0,0.0,90.0,2.0,0.26727365674660486,16.92087893038522
3835,39.0,91.0,0.0,91.0,2.0,0.0,16.92087893038522
3836,39.0,92.0,0.0,92.0,7.0,0.09818265512943311,17.019061585514656
3837,39.0,93.0,0.0,93.0,3.0,0.003936487151784531,17.02299807266644
3838,39.0,94.0,0.0,94.0,4.0,0.35306467064568264,17.376062743312122
3839,39.0,95.0,0.0,95.0,4.0,0.8641538969732209,18.240216640285343
3840,40.0,0.0,0.0,0.0,0.0,0.18031182752271988,0.18031182752271988
3841,40.0,1.0,0.0,1.0,1.0,0.1252470864872485,0.3055589140099684
3842,40.0,2.0,0.0,2.0,2.0,0.3004714236147025,0.606030337624671
3843,40.0,3.0,0.0,3.0,3.0,0.028731351967359188,0.6347616895920302
3844,40.0,4.0,0.0,4.0,4.0,0.15027538281192757,0.7850370724039577
3845,40.0,5.0,0.0,5.0,5.0,0.0,0.7850370724039577
3846,40.0,6.0,0.0,6.0,6.0,0.1440283701753274,0.9290654425792851
3847,40.0,7.0,0.0,7.0,7.0,0.12388247804213057,1.0529479206214156
3848,40.0,8.0,0.0,8.0,2.0,0.0,1.0529479206214156
3849,40.0,9.0,0.0,9.0,0.0,0.27268806162729475,1.3256359822487105
3850,40.0,10.0,0.0,10.0,4.0,0.2768550193866439,1.6024910016353544
3851,40.0,11.0,0.0,11.0,6.0,0.04941931180611817,1.6519103134414725
3852,40.0,12.0,0.0,12.0,1.0,0.15225671869257557,1.8041670321340482
3853,40.0,13.0,0.0,13.0,7.0,0.0,1.8041670321340482
3854,40.0,14.0,0.0,14.0,0.0,0.0,1.8041670321340482
3855,40.0,15.0,0.0,15.0,4.0,0.2914393100528348,2.095606342186883
3856,40.0,16.0,0.0,16.0,3.0,0.12846371562476425,2.2240700578116472
3857,40.0,17.0,0.0,17.0,4.0,0.5512595017927662,2.7753295596044136
3858,40.0,18.0,0.0,18.0,4.0,0.2459794118468931,3.021308971451307
3859,40.0,19.0,0.0,19.0,4.0,0.2352620848249543,3.256571056276261
3860,40.0,20.0,0.0,20.0,2.0,0.0,3.256571056276261
3861,40.0,21.0,0.0,21.0,5.0,0.13236637124382183,3.3889374275200828
3862,40.0,22.0,0.0,22.0,4.0,0.3716799242424243,3.760617351762507
3863,40.0,23.0,0.0,23.0,1.0,0.0,3.760617351762507
3864,40.0,24.0,0.0,24.0,4.0,0.28973804014574706,4.050355391908254
3865,40.0,25.0,0.0,25.0,4.0,0.31800611952542285,4.368361511433677
3866,40.0,26.0,0.0,26.0,4.0,0.1495593642703379,4.517920875704014
3867,40.0,27.0,0.0,27.0,6.0,0.38423498309596005,4.902155858799975
3868,40.0,28.0,0.0,28.0,6.0,0.06692797541129325,4.969083834211268
3869,40.0,29.0,0.0,29.0,4.0,0.3628567677526115,5.33194060196388
3870,40.0,30.0,0.0,30.0,4.0,0.42565478925164,5.75759539121552
3871,40.0,31.0,0.0,31.0,4.0,0.0,5.75759539121552
3872,40.0,32.0,0.0,32.0,0.0,0.0,5.75759539121552
3873,40.0,33.0,0.0,33.0,3.0,0.19321782807184884,5.950813219287369
3874,40.0,34.0,0.0,34.0,4.0,0.6273379479591693,6.5781511672465385
3875,40.0,35.0,0.0,35.0,4.0,0.0,6.5781511672465385
3876,40.0,36.0,0.0,36.0,5.0,0.3355502795163708,6.913701446762909
3877,40.0,37.0,0.0,37.0,5.0,0.1510381477286157,7.064739594491525
3878,40.0,38.0,0.0,38.0,7.0,0.30489283886315693,7.369632433354682
3879,40.0,39.0,0.0,39.0,7.0,0.15961076329720134,7.529243196651883
3880,40.0,40.0,0.0,40.0,4.0,0.15261367299991715,7.6818568696518
3881,40.0,41.0,0.0,41.0,6.0,0.18788376889070377,7.8697406385425035
3882,40.0,42.0,0.0,42.0,3.0,0.47254251673467496,8.342283155277178
3883,40.0,43.0,0.0,43.0,3.0,0.07917327843515808,8.421456433712336
3884,40.0,44.0,0.0,44.0,5.0,0.43922493403029017,8.860681367742627
3885,40.0,45.0,0.0,45.0,5.0,0.15143727500736548,9.012118642749993
3886,40.0,46.0,0.0,46.0,5.0,0.28810875083932547,9.300227393589319
3887,40.0,47.0,0.0,47.0,3.0,0.1800108644972652,9.480238258086585
3888,40.0,48.0,0.0,48.0,4.0,0.16403310077668387,9.64427135886327
3889,40.0,49.0,0.0,49.0,5.0,0.3039231620092401,9.94819452087251
3890,40.0,50.0,0.0,50.0,5.0,0.15788754467582478,10.106082065548335
3891,40.0,51.0,0.0,51.0,7.0,0.0,10.106082065548335
3892,40.0,52.0,0.0,52.0,4.0,0.0,10.106082065548335
3893,40.0,53.0,0.0,53.0,6.0,0.3731406200505958,10.47922268559893
3894,40.0,54.0,0.0,54.0,6.0,0.8206264844566112,11.299849170055541
3895,40.0,55.0,0.0,55.0,6.0,0.46761061637242407,11.767459786427965
3896,40.0,56.0,0.0,56.0,6.0,0.11636299692256234,11.883822783350528
3897,40.0,57.0,0.0,57.0,6.0,0.0,11.883822783350528
3898,40.0,58.0,0.0,58.0,6.0,0.592467301916092,12.47629008526662
3899,40.0,59.0,0.0,59.0,6.0,0.2690884433507071,12.745378528617326
3900,40.0,60.0,0.0,60.0,6.0,0.0,12.745378528617326
3901,40.0,61.0,0.0,61.0,6.0,0.754797882045112,13.500176410662439
3902,40.0,62.0,0.0,62.0,6.0,0.04396724673097683,13.544143657393416
3903,40.0,63.0,0.0,63.0,6.0,0.470561563191029,14.014705220584446
3904,40.0,64.0,0.0,64.0,6.0,0.2624626141648409,14.277167834749287
3905,40.0,65.0,0.0,65.0,6.0,0.43814959519287755,14.715317429942164
3906,40.0,66.0,0.0,66.0,6.0,0.29928972735028064,15.014607157292446
3907,40.0,67.0,0.0,67.0,6.0,0.1938598477639666,15.208467005056413
3908,40.0,68.0,0.0,68.0,6.0,0.19275096950199988,15.401217974558413
3909,40.0,69.0,0.0,69.0,6.0,0.528994261355651,15.930212235914064
3910,40.0,70.0,0.0,70.0,6.0,0.36321665879061876,16.293428894704682
3911,40.0,71.0,0.0,71.0,6.0,0.07179891276627816,16.365227807470962
3912,40.0,72.0,0.0,72.0,6.0,0.12433874510598864,16.48956655257695
3913,40.0,73.0,0.0,73.0,2.0,0.0072074941480090105,16.49677404672496
3914,40.0,74.0,0.0,74.0,6.0,0.308924290481592,16.80569833720655
3915,40.0,75.0,0.0,75.0,6.0,0.4832391209848758,17.288937458191427
3916,40.0,76.0,0.0,76.0,6.0,0.15870422142553076,17.447641679616957
3917,40.0,77.0,0.0,77.0,6.0,0.5064850022994652,17.954126681916424
3918,40.0,78.0,0.0,78.0,6.0,0.2358206865923345,18.189947368508758
3919,40.0,79.0,0.0,79.0,6.0,0.18216968160881716,18.372117050117573
3920,40.0,80.0,0.0,80.0,3.0,0.5930123040989156,18.96512935421649
3921,40.0,81.0,0.0,81.0,3.0,0.15771312543106009,19.12284247964755
3922,40.0,82.0,0.0,82.0,3.0,0.6916736699244181,19.81451614957197
3923,40.0,83.0,0.0,83.0,3.0,0.10654364171625509,19.921059791288222
3924,40.0,84.0,0.0,84.0,3.0,0.056484563299236415,19.977544354587458
3925,40.0,85.0,0.0,85.0,3.0,0.31273620845765815,20.290280563045116
3926,40.0,86.0,0.0,86.0,3.0,0.12261651967535435,20.41289708272047
3927,40.0,87.0,0.0,87.0,5.0,0.21528111200447786,20.62817819472495
3928,40.0,88.0,0.0,88.0,6.0,0.19720425874379977,20.825382453468748
3929,40.0,89.0,0.0,89.0,1.0,0.11184940162260157,20.93723185509135
3930,40.0,90.0,0.0,90.0,3.0,0.27104019678738106,21.208272051878733
3931,40.0,91.0,0.0,91.0,6.0,0.5609494988696637,21.769221550748398
3932,40.0,92.0,0.0,92.0,6.0,0.2676282183690528,22.036849769117453
3933,40.0,93.0,0.0,93.0,6.0,0.46120539576978026,22.498055164887234
3934,40.0,94.0,0.0,94.0,6.0,0.08900059238186646,22.5870557572691
3935,40.0,95.0,0.0,95.0,6.0,0.4025312660474192,22.989587023316517
3936,41.0,0.0,0.0,0.0,0.0,0.0,0.0
3937,41.0,1.0,0.0,1.0,1.0,0.2336797832809992,0.2336797832809992
3938,41.0,2.0,0.0,2.0,2.0,0.04961298748480245,0.28329277076580167
3939,41.0,3.0,0.0,3.0,3.0,0.0,0.28329277076580167
3940,41.0,4.0,0.0,4.0,4.0,0.20497945959324024,0.4882722303590419
3941,41.0,5.0,0.0,5.0,5.0,0.3614743312712399,0.8497465616302817
3942,41.0,6.0,0.0,6.0,6.0,0.1938598477639666,1.0436064093942483
3943,41.0,7.0,0.0,7.0,7.0,0.1302687467552846,1.1738751561495329
3944,41.0,8.0,0.0,8.0,5.0,0.16771754750020024,1.341592703649733
3945,41.0,9.0,0.0,9.0,1.0,0.06877401020269108,1.410366713852424
3946,41.0,10.0,0.0,10.0,4.0,0.03244158328874442,1.4428082971411684
3947,41.0,11.0,0.0,11.0,6.0,0.2624626141648409,1.7052709113060094
3948,41.0,12.0,0.0,12.0,7.0,0.0,1.7052709113060094
3949,41.0,13.0,0.0,13.0,5.0,0.05028223153043451,1.755553142836444
3950,41.0,14.0,0.0,14.0,6.0,0.398606424860819,2.154159567697263
3951,41.0,15.0,0.0,15.0,6.0,0.08569355050034418,2.239853118197607
3952,41.0,16.0,0.0,16.0,2.0,0.1731947690353173,2.413047887232924
3953,41.0,17.0,0.0,17.0,1.0,0.11338444405026506,2.526432331283189
3954,41.0,18.0,0.0,18.0,0.0,0.07141833269289534,2.5978506639760846
3955,41.0,19.0,0.0,19.0,3.0,0.25616649659567714,2.854017160571762
3956,41.0,20.0,0.0,20.0,6.0,0.23958507229734452,3.0936022328691064
3957,41.0,21.0,0.0,21.0,5.0,0.6430608029323872,3.7366630358014934
3958,41.0,22.0,0.0,22.0,5.0,0.0,3.7366630358014934
3959,41.0,23.0,0.0,23.0,3.0,0.001461682704674984,3.7381247185061683
3960,41.0,24.0,0.0,24.0,4.0,0.3716799242424243,4.109804642748593
3961,41.0,25.0,0.0,25.0,4.0,0.0,4.109804642748593
3962,41.0,26.0,0.0,26.0,5.0,0.19914789524586868,4.308952537994461
3963,41.0,27.0,0.0,27.0,2.0,0.11327101634064082,4.422223554335102
3964,41.0,28.0,0.0,28.0,6.0,0.0,4.422223554335102
3965,41.0,29.0,0.0,29.0,5.0,0.023341935947433844,4.445565490282536
3966,41.0,30.0,0.0,30.0,1.0,0.23702024352928716,4.682585733811822
3967,41.0,31.0,0.0,31.0,7.0,0.6415126605240132,5.324098394335835
3968,41.0,32.0,0.0,32.0,7.0,0.13016600678161144,5.454264401117447
3969,41.0,33.0,0.0,33.0,7.0,0.45898782090217066,5.913252222019618
3970,41.0,34.0,0.0,34.0,7.0,0.14518903393281696,6.0584412559524345
3971,41.0,35.0,0.0,35.0,7.0,0.5091692201750498,6.567610476127484
3972,41.0,36.0,0.0,36.0,7.0,0.04239551508702711,6.6100059912145115
3973,41.0,37.0,0.0,37.0,7.0,0.3191817414767788,6.9291877326912905
3974,41.0,38.0,0.0,38.0,7.0,0.2908331151793469,7.220020847870638
3975,41.0,39.0,0.0,39.0,7.0,0.30489283886315693,7.524913686733795
3976,41.0,40.0,0.0,40.0,7.0,0.041228864090092084,7.566142550823887
3977,41.0,41.0,0.0,41.0,1.0,0.05727556146362054,7.623418112287507
3978,41.0,42.0,0.0,42.0,4.0,0.0,7.623418112287507
3979,41.0,43.0,0.0,43.0,6.0,0.525530725813632,8.14894883810114
3980,41.0,44.0,0.0,44.0,6.0,0.08473142129368774,8.233680259394827
3981,41.0,45.0,0.0,45.0,2.0,0.15436321182083243,8.38804347121566
3982,41.0,46.0,0.0,46.0,6.0,0.528994261355651,8.91703773257131
3983,41.0,47.0,0.0,47.0,6.0,0.31122773400729964,9.22826546657861
3984,41.0,48.0,0.0,48.0,6.0,0.19275096950199988,9.421016436080611
3985,41.0,49.0,0.0,49.0,6.0,0.2380098281042837,9.659026264184895
3986,41.0,50.0,0.0,50.0,6.0,0.38478252254705636,10.043808786731951
3987,41.0,51.0,0.0,51.0,6.0,0.14053761898862807,10.184346405720579
3988,41.0,52.0,0.0,52.0,7.0,0.2020575551425499,10.38640396086313
3989,41.0,53.0,0.0,53.0,5.0,0.12956159087489713,10.515965551738025
3990,41.0,54.0,0.0,54.0,6.0,0.19237477602684144,10.708340327764867
3991,41.0,55.0,0.0,55.0,0.0,0.04177638852618539,10.750116716291053
3992,41.0,56.0,0.0,56.0,7.0,0.0,10.750116716291053
3993,41.0,57.0,0.0,57.0,6.0,0.09260082505258796,10.84271754134364
3994,41.0,58.0,0.0,58.0,3.0,0.0,10.84271754134364
3995,41.0,59.0,0.0,59.0,5.0,0.2548228037622788,11.09754034510592
3996,41.0,60.0,0.0,60.0,2.0,0.2052375345025933,11.302777879608513
3997,41.0,61.0,0.0,61.0,5.0,0.3060716499089532,11.608849529517466
3998,41.0,62.0,0.0,62.0,5.0,0.049917863914325566,11.658767393431791
3999,41.0,63.0,0.0,63.0,6.0,0.05187143270467871,11.71063882613647
4000,41.0,64.0,0.0,64.0,1.0,0.0,11.71063882613647
4001,41.0,65.0,0.0,65.0,7.0,0.0,11.71063882613647
4002,41.0,66.0,0.0,66.0,2.0,0.3083246732118922,12.018963499348363
4003,41.0,67.0,0.0,67.0,2.0,0.0,12.018963499348363
4004,41.0,68.0,0.0,68.0,6.0,0.002161454739645614,12.021124954088009
4005,41.0,69.0,0.0,69.0,5.0,0.25009537864149917,12.271220332729508
4006,41.0,70.0,0.0,70.0,5.0,0.001891977950375154,12.273112310679883
4007,41.0,71.0,0.0,71.0,4.0,0.3482376111706019,12.621349921850484
4008,41.0,72.0,0.0,72.0,4.0,0.2891704822674655,12.91052040411795
4009,41.0,73.0,0.0,73.0,4.0,0.45969118074479987,13.37021158486275
4010,41.0,74.0,0.0,74.0,4.0,0.0,13.37021158486275
4011,41.0,75.0,0.0,75.0,4.0,0.5318065204421886,13.902018105304938
4012,41.0,76.0,0.0,76.0,4.0,0.6928212275644872,14.594839332869425
4013,41.0,77.0,0.0,77.0,4.0,0.2914393100528348,14.88627864292226
4014,41.0,78.0,0.0,78.0,4.0,0.29095081075282125,15.177229453675082
4015,41.0,79.0,0.0,79.0,4.0,0.4262384419390214,15.603467895614104
4016,41.0,80.0,0.0,80.0,4.0,0.0,15.603467895614104
4017,41.0,81.0,0.0,81.0,4.0,0.2742259822986554,15.87769387791276
4018,41.0,82.0,0.0,82.0,4.0,0.014489782945512395,15.892183660858272
4019,41.0,83.0,0.0,83.0,4.0,0.12626645153161312,16.018450112389885
4020,41.0,84.0,0.0,84.0,4.0,0.5512595017927662,16.569709614182653
4021,41.0,85.0,0.0,85.0,4.0,0.0,16.569709614182653
4022,41.0,86.0,0.0,86.0,4.0,0.0,16.569709614182653
4023,41.0,87.0,0.0,87.0,7.0,0.4259437601209804,16.995653374303632
4024,41.0,88.0,0.0,88.0,7.0,0.02758892282854971,17.02324229713218
4025,41.0,89.0,0.0,89.0,4.0,0.41110112443122054,17.4343434215634
4026,41.0,90.0,0.0,90.0,4.0,0.10013514850155053,17.53447857006495
4027,41.0,91.0,0.0,91.0,4.0,0.2352620848249543,17.769740654889905
4028,41.0,92.0,0.0,92.0,4.0,0.11041446593207717,17.880155120821982
4029,41.0,93.0,0.0,93.0,7.0,0.24252754759834638,18.122682668420328
4030,41.0,94.0,0.0,94.0,6.0,0.18788376889070377,18.31056643731103
4031,41.0,95.0,0.0,95.0,7.0,0.4763979432030655,18.786964380514096
4032,42.0,0.0,0.0,0.0,0.0,0.0,0.0
4033,42.0,1.0,0.0,1.0,1.0,0.01157769227695752,0.01157769227695752
4034,42.0,2.0,0.0,2.0,2.0,0.31838380442486014,0.3299614967018177
4035,42.0,3.0,0.0,3.0,3.0,0.18053033147432693,0.5104918281761446
4036,42.0,4.0,0.0,4.0,4.0,0.14305431294694723,0.6535461411230918
4037,42.0,5.0,0.0,5.0,5.0,0.0,0.6535461411230918
4038,42.0,6.0,0.0,6.0,6.0,0.19720425874379977,0.8507503998668916
4039,42.0,7.0,0.0,7.0,7.0,0.061569980833461685,0.9123203807003533
4040,42.0,8.0,0.0,8.0,2.0,0.0,0.9123203807003533
4041,42.0,9.0,0.0,9.0,6.0,0.12433874510598864,1.036659125806342
4042,42.0,10.0,0.0,10.0,3.0,0.3128854636562684,1.3495445894626104
4043,42.0,11.0,0.0,11.0,4.0,0.0702652958566233,1.4198098853192336
4044,42.0,12.0,0.0,12.0,3.0,0.12846371562476425,1.548273600943998
4045,42.0,13.0,0.0,13.0,7.0,0.06166327491542525,1.6099368758594232
4046,42.0,14.0,0.0,14.0,6.0,0.20104993189686238,1.8109868077562856
4047,42.0,15.0,0.0,15.0,2.0,0.0,1.8109868077562856
4048,42.0,16.0,0.0,16.0,1.0,0.0766334705336081,1.8876202782898936
4049,42.0,17.0,0.0,17.0,0.0,0.2729458951420526,2.1605661734319463
4050,42.0,18.0,0.0,18.0,5.0,0.05296194787752387,2.21352812130947
4051,42.0,19.0,0.0,19.0,3.0,0.2285348190821269,2.442062940391597
4052,42.0,20.0,0.0,20.0,0.0,0.41174567644419385,2.853808616835791
4053,42.0,21.0,0.0,21.0,0.0,0.04220093898319513,2.896009555818986
4054,42.0,22.0,0.0,22.0,6.0,0.06692797541129325,2.962937531230279
4055,42.0,23.0,0.0,23.0,3.0,0.21444009859115623,3.1773776298214353
4056,42.0,24.0,0.0,24.0,4.0,0.062174288129666674,3.239551917951102
4057,42.0,25.0,0.0,25.0,3.0,0.18076898800776417,3.420320905958866
4058,42.0,26.0,0.0,26.0,0.0,0.0,3.420320905958866
4059,42.0,27.0,0.0,27.0,7.0,0.2075341574424337,3.6278550634012996
4060,42.0,28.0,0.0,28.0,3.0,0.19321782807184884,3.8210728914731487
4061,42.0,29.0,0.0,29.0,7.0,0.09266762551682779,3.9137405169899764
4062,42.0,30.0,0.0,30.0,1.0,0.1178259592096348,4.031566476199611
4063,42.0,31.0,0.0,31.0,6.0,0.04396724673097683,4.0755337229305875
4064,42.0,32.0,0.0,32.0,2.0,0.20166360592346178,4.277197328854049
4065,42.0,33.0,0.0,33.0,3.0,0.04429925980485249,4.321496588658902
4066,42.0,34.0,0.0,34.0,4.0,0.786538645224503,5.108035233883405
4067,42.0,35.0,0.0,35.0,4.0,0.08739218446663143,5.195427418350037
4068,42.0,36.0,0.0,36.0,4.0,0.45969118074479987,5.655118599094837
4069,42.0,37.0,0.0,37.0,4.0,0.31800611952542285,5.97312471862026
4070,42.0,38.0,0.0,38.0,4.0,0.5243230454212805,6.4974477640415405
4071,42.0,39.0,0.0,39.0,4.0,0.36899642420942863,6.866444188250969
4072,42.0,40.0,0.0,40.0,4.0,0.13505835684833514,7.001502545099304
4073,42.0,41.0,0.0,41.0,4.0,0.3628567677526115,7.364359312851915
4074,42.0,42.0,0.0,42.0,4.0,0.014489782945512395,7.3788490957974275
4075,42.0,43.0,0.0,43.0,4.0,0.2891704822674655,7.668019578064893
4076,42.0,44.0,0.0,44.0,4.0,0.07128856318987772,7.739308141254771
4077,42.0,45.0,0.0,45.0,4.0,0.30316141851187267,8.042469559766644
4078,42.0,46.0,0.0,46.0,4.0,0.041223720141801624,8.083693279908445
4079,42.0,47.0,0.0,47.0,5.0,0.21582234885179488,8.29951562876024
4080,42.0,48.0,0.0,48.0,2.0,0.0,8.29951562876024
4081,42.0,49.0,0.0,49.0,5.0,0.049917863914325566,8.349433492674565
4082,42.0,50.0,0.0,50.0,4.0,0.6548917240652656,9.004325216739831
4083,42.0,51.0,0.0,51.0,4.0,0.3097901048969641,9.314115321636795
4084,42.0,52.0,0.0,52.0,4.0,0.29095081075282125,9.605066132389616
4085,42.0,53.0,0.0,53.0,4.0,0.1469609607874088,9.752027093177025
4086,42.0,54.0,0.0,54.0,4.0,0.12626645153161312,9.878293544708638
4087,42.0,55.0,0.0,55.0,4.0,0.3815607206079411,10.25985426531658
4088,42.0,56.0,0.0,56.0,4.0,0.6166947510523849,10.876549016368966
4089,42.0,57.0,0.0,57.0,4.0,0.2768550193866439,11.15340403575561
4090,42.0,58.0,0.0,58.0,4.0,0.11081989247498787,11.264223928230598
4091,42.0,59.0,0.0,59.0,4.0,0.0,11.264223928230598
4092,42.0,60.0,0.0,60.0,0.0,0.0,11.264223928230598
4093,42.0,61.0,0.0,61.0,4.0,0.0,11.264223928230598
4094,42.0,62.0,0.0,62.0,3.0,0.042142145651259406,11.306366073881858
4095,42.0,63.0,0.0,63.0,1.0,0.18420213317850265,11.49056820706036
4096,42.0,64.0,0.0,64.0,7.0,0.0,11.49056820706036
4097,42.0,65.0,0.0,65.0,4.0,0.619788147899107,12.110356354959467
4098,42.0,66.0,0.0,66.0,4.0,0.07465631834671323,12.185012673306181
4099,42.0,67.0,0.0,67.0,4.0,0.42565478925164,12.61066746255782
4100,42.0,68.0,0.0,68.0,4.0,0.0,12.61066746255782
4101,42.0,69.0,0.0,69.0,6.0,0.0,12.61066746255782
4102,42.0,70.0,0.0,70.0,4.0,0.181316232947323,12.791983695505143
4103,42.0,71.0,0.0,71.0,1.0,0.17515766824041448,12.967141363745558
4104,42.0,72.0,0.0,72.0,4.0,0.01616105790717103,12.983302421652729
4105,42.0,73.0,0.0,73.0,4.0,0.5401870119994172,13.523489433652147
4106,42.0,74.0,0.0,74.0,4.0,0.07151951990290359,13.59500895355505
4107,42.0,75.0,0.0,75.0,4.0,0.26227852312629674,13.857287476681346
4108,42.0,76.0,0.0,76.0,4.0,0.7468916268125877,14.604179103493934
4109,42.0,77.0,0.0,77.0,4.0,0.2742259822986554,14.87840508579259
4110,42.0,78.0,0.0,78.0,4.0,0.35662687216539196,15.235031957957982
4111,42.0,79.0,0.0,79.0,4.0,0.4269573308108327,15.661989288768815
4112,42.0,80.0,0.0,80.0,4.0,0.5370312334100855,16.199020522178902
4113,42.0,81.0,0.0,81.0,4.0,0.004890111547855993,16.203910633726757
4114,42.0,82.0,0.0,82.0,4.0,0.03244158328874442,16.2363522170155
4115,42.0,83.0,0.0,83.0,4.0,0.2914393100528348,16.527791527068334
4116,42.0,84.0,0.0,84.0,4.0,0.0,16.527791527068334
4117,42.0,85.0,0.0,85.0,4.0,0.4262384419390214,16.954029969007355
4118,42.0,86.0,0.0,86.0,4.0,0.21617570620019438,17.170205675207548
4119,42.0,87.0,0.0,87.0,4.0,0.3378213837210231,17.508027058928572
4120,42.0,88.0,0.0,88.0,4.0,0.35410539327964946,17.862132452208222
4121,42.0,89.0,0.0,89.0,4.0,0.3716799242424243,18.233812376450647
4122,42.0,90.0,0.0,90.0,4.0,0.19670552128951685,18.430517897740163
4123,42.0,91.0,0.0,91.0,4.0,0.005519628586349254,18.436037526326512
4124,42.0,92.0,0.0,92.0,1.0,0.14763267170963074,18.583670198036142
4125,42.0,93.0,0.0,93.0,3.0,0.6916736699244181,19.27534386796056
4126,42.0,94.0,0.0,94.0,3.0,0.08963784878726973,19.36498171674783
4127,42.0,95.0,0.0,95.0,3.0,0.3635186756069499,19.728500392354782
4128,43.0,0.0,0.0,0.0,0.0,0.0,0.0
4129,43.0,1.0,0.0,1.0,1.0,0.39739577573671786,0.39739577573671786
4130,43.0,2.0,0.0,2.0,2.0,0.4915012396472239,0.8888970153839417
4131,43.0,3.0,0.0,3.0,3.0,0.0,0.8888970153839417
4132,43.0,4.0,0.0,4.0,4.0,0.4269573308108327,1.3158543461947745
4133,43.0,5.0,0.0,5.0,5.0,0.13288998660895118,1.4487443328037257
4134,43.0,6.0,0.0,6.0,6.0,0.23958507229734452,1.6883294051010702
4135,43.0,7.0,0.0,7.0,7.0,0.2963231527000224,1.9846525578010925
4136,43.0,8.0,0.0,8.0,2.0,0.03427022523850223,2.018922783039595
4137,43.0,9.0,0.0,9.0,4.0,0.35306467064568264,2.3719874536852776
4138,43.0,10.0,0.0,10.0,1.0,0.15694390699350397,2.5289313606787815
4139,43.0,11.0,0.0,11.0,7.0,0.21288313045197185,2.7418144911307536
4140,43.0,12.0,0.0,12.0,4.0,0.16403310077668387,2.9058475919074374
4141,43.0,13.0,0.0,13.0,6.0,0.45661860173922436,3.3624661936466618
4142,43.0,14.0,0.0,14.0,6.0,0.04941931180611817,3.41188550545278
4143,43.0,15.0,0.0,15.0,5.0,0.1208852646021139,3.532770770054894
4144,43.0,16.0,0.0,16.0,1.0,0.0,3.532770770054894
4145,43.0,17.0,0.0,17.0,2.0,0.0073944663165102,3.5401652363714042
4146,43.0,18.0,0.0,18.0,7.0,0.3029126053848762,3.8430778417562803
4147,43.0,19.0,0.0,19.0,4.0,0.06660229217274866,3.909680133929029
4148,43.0,20.0,0.0,20.0,7.0,0.06166327491542525,3.9713434088444544
4149,43.0,21.0,0.0,21.0,6.0,0.3045366457502025,4.275880054594657
4150,43.0,22.0,0.0,22.0,6.0,0.0,4.275880054594657
4151,43.0,23.0,0.0,23.0,4.0,0.01616105790717103,4.292041112501828
4152,43.0,24.0,0.0,24.0,0.0,0.2947614129510977,4.586802525452925
4153,43.0,25.0,0.0,25.0,0.0,0.30193260026714136,4.888735125720067
4154,43.0,26.0,0.0,26.0,3.0,0.15771312543106009,5.046448251151127
4155,43.0,27.0,0.0,27.0,0.0,0.0,5.046448251151127
4156,43.0,28.0,0.0,28.0,5.0,0.1510381477286157,5.197486398879743
4157,43.0,29.0,0.0,29.0,1.0,0.44922488554479406,5.646711284424537
4158,43.0,30.0,0.0,30.0,1.0,0.0,5.646711284424537
4159,43.0,31.0,0.0,31.0,7.0,0.06863775353354312,5.71534903795808
4160,43.0,32.0,0.0,32.0,2.0,0.1905422112228126,5.905891249180892
4161,43.0,33.0,0.0,33.0,6.0,0.45863258329410067,6.364523832474993
4162,43.0,34.0,0.0,34.0,6.0,0.7615432087357681,7.126067041210761
4163,43.0,35.0,0.0,35.0,6.0,0.08326994649709853,7.20933698770786
4164,43.0,36.0,0.0,36.0,6.0,0.45154853925075483,7.660885526958615
4165,43.0,37.0,0.0,37.0,6.0,0.398606424860819,8.059491951819433
4166,43.0,38.0,0.0,38.0,6.0,0.40586275112066333,8.465354702940097
4167,43.0,39.0,0.0,39.0,6.0,0.2355975950006196,8.700952297940717
4168,43.0,40.0,0.0,40.0,6.0,0.4419319569723373,9.142884254913055
4169,43.0,41.0,0.0,41.0,6.0,0.36348110977950954,9.506365364692565
4170,43.0,42.0,0.0,42.0,6.0,0.08544920153663012,9.591814566229194
4171,43.0,43.0,0.0,43.0,6.0,0.4025312660474192,9.994345832276613
4172,43.0,44.0,0.0,44.0,6.0,0.20104993189686238,10.195395764173476
4173,43.0,45.0,0.0,45.0,6.0,0.709114106247022,10.904509870420497
4174,43.0,46.0,0.0,46.0,6.0,0.12662947121033713,11.031139341630835
4175,43.0,47.0,0.0,47.0,6.0,0.4832391209848758,11.514378462615712
4176,43.0,48.0,0.0,48.0,6.0,0.0,11.514378462615712
4177,43.0,49.0,0.0,49.0,3.0,0.0,11.514378462615712
4178,43.0,50.0,0.0,50.0,2.0,0.15868138789215788,11.673059850507869
4179,43.0,51.0,0.0,51.0,4.0,0.28146556337815226,11.95452541388602
4180,43.0,52.0,0.0,52.0,6.0,0.0,11.95452541388602
4181,43.0,53.0,0.0,53.0,1.0,0.7343824664965894,12.68890788038261
4182,43.0,54.0,0.0,54.0,1.0,0.2107072265151842,12.899615106897794
4183,43.0,55.0,0.0,55.0,1.0,0.09767182935369328,12.997286936251488
4184,43.0,56.0,0.0,56.0,1.0,0.5102676826124355,13.507554618863923
4185,43.0,57.0,0.0,57.0,1.0,0.3720624105248227,13.879617029388745
4186,43.0,58.0,0.0,58.0,1.0,0.19166078110951457,14.071277810498259
4187,43.0,59.0,0.0,59.0,1.0,0.1521898058916304,14.22346761638989
4188,43.0,60.0,0.0,60.0,5.0,0.2501458808505047,14.473613497240395
4189,43.0,61.0,0.0,61.0,4.0,0.7468916268125877,15.220505124052982
4190,43.0,62.0,0.0,62.0,4.0,0.07128856318987772,15.29179368724286
4191,43.0,63.0,0.0,63.0,4.0,0.1365648802244922,15.428358567467352
4192,43.0,64.0,0.0,64.0,4.0,0.28973804014574706,15.7180966076131
4193,43.0,65.0,0.0,65.0,1.0,0.0772841125499467,15.795380720163047
4194,43.0,66.0,0.0,66.0,5.0,0.0908247463196243,15.886205466482672
4195,43.0,67.0,0.0,67.0,4.0,0.14496949301802708,16.0311749595007
4196,43.0,68.0,0.0,68.0,7.0,0.0,16.0311749595007
4197,43.0,69.0,0.0,69.0,6.0,0.012576657579367172,16.043751617080066
4198,43.0,70.0,0.0,70.0,2.0,0.20166360592346178,16.245415223003526
4199,43.0,71.0,0.0,71.0,0.0,0.10101189254963196,16.34642711555316
4200,43.0,72.0,0.0,72.0,1.0,0.2217983483299603,16.56822546388312
4201,43.0,73.0,0.0,73.0,4.0,0.024172346025505487,16.592397809908626
4202,43.0,74.0,0.0,74.0,6.0,0.11636299692256234,16.708760806831187
4203,43.0,75.0,0.0,75.0,1.0,0.22346138720261824,16.932222194033805
4204,43.0,76.0,0.0,76.0,6.0,0.3152014117071101,17.247423605740916
4205,43.0,77.0,0.0,77.0,2.0,0.537148762474358,17.784572368215276
4206,43.0,78.0,0.0,78.0,2.0,0.4604115321070168,18.244983900322293
4207,43.0,79.0,0.0,79.0,2.0,0.05071475147700608,18.2956986517993
4208,43.0,80.0,0.0,80.0,2.0,0.0,18.2956986517993
4209,43.0,81.0,0.0,81.0,6.0,0.09260082505258796,18.388299476851888
4210,43.0,82.0,0.0,82.0,1.0,0.18420213317850265,18.57250161003039
4211,43.0,83.0,0.0,83.0,6.0,0.41014276344445866,18.982644373474848
4212,43.0,84.0,0.0,84.0,6.0,0.07179891276627816,19.054443286241128
4213,43.0,85.0,0.0,85.0,1.0,0.14763267170963074,19.202075957950758
4214,43.0,86.0,0.0,86.0,5.0,0.25545532592559733,19.457531283876357
4215,43.0,87.0,0.0,87.0,2.0,0.0,19.457531283876357
4216,43.0,88.0,0.0,88.0,4.0,0.07465631834671323,19.53218760222307
4217,43.0,89.0,0.0,89.0,5.0,0.5289754288227388,20.06116303104581
4218,43.0,90.0,0.0,90.0,5.0,0.1189977910814536,20.180160822127263
4219,43.0,91.0,0.0,91.0,5.0,0.027814322711726475,20.20797514483899
4220,43.0,92.0,0.0,92.0,6.0,0.029858941276052695,20.237834086115043
4221,43.0,93.0,0.0,93.0,1.0,0.3177036958205914,20.555537781935634
4222,43.0,94.0,0.0,94.0,1.0,0.3409891715042017,20.896526953439835
4223,43.0,95.0,0.0,95.0,1.0,0.0,20.896526953439835
4224,44.0,0.0,0.0,0.0,0.0,0.0,0.0
4225,44.0,1.0,0.0,1.0,1.0,0.23376214866150832,0.23376214866150832
4226,44.0,2.0,0.0,2.0,2.0,0.047006242528397114,0.28076839118990543
4227,44.0,3.0,0.0,3.0,3.0,0.5566120011411148,0.8373803923310201
4228,44.0,4.0,0.0,4.0,4.0,0.07151951990290359,0.9088999122339237
4229,44.0,5.0,0.0,5.0,5.0,0.05296194787752387,0.9618618601114476
4230,44.0,6.0,0.0,6.0,6.0,0.04396724673097683,1.0058291068424243
4231,44.0,7.0,0.0,7.0,7.0,0.11533761676746272,1.121166723609887
4232,44.0,8.0,0.0,8.0,3.0,0.06695124930527994,1.188117972915167
4233,44.0,9.0,0.0,9.0,1.0,0.16259328171919027,1.3507112546343572
4234,44.0,10.0,0.0,10.0,3.0,0.18053033147432693,1.531241586108684
4235,44.0,11.0,0.0,11.0,7.0,0.2963231527000224,1.8275647388087064
4236,44.0,12.0,0.0,12.0,4.0,0.15261367299991715,1.9801784118086236
4237,44.0,13.0,0.0,13.0,7.0,0.24291591879383728,2.223094330602461
4238,44.0,14.0,0.0,14.0,3.0,0.0,2.223094330602461
4239,44.0,15.0,0.0,15.0,5.0,0.023341935947433844,2.246436266549895
4240,44.0,16.0,0.0,16.0,1.0,0.06877401020269108,2.315210276752586
4241,44.0,17.0,0.0,17.0,2.0,0.10287625647900679,2.418086533231593
4242,44.0,18.0,0.0,18.0,6.0,0.0,2.418086533231593
4243,44.0,19.0,0.0,19.0,7.0,0.08082649885896648,2.4989130320905595
4244,44.0,20.0,0.0,20.0,0.0,0.0,2.4989130320905595
4245,44.0,21.0,0.0,21.0,4.0,0.07493619689443067,2.57384922898499
4246,44.0,22.0,0.0,22.0,3.0,0.0,2.57384922898499
4247,44.0,23.0,0.0,23.0,1.0,0.055820590489851885,2.629669819474842
4248,44.0,24.0,0.0,24.0,7.0,0.18383185769136598,2.813501677166208
4249,44.0,25.0,0.0,25.0,2.0,0.05386861899525439,2.867370296161462
4250,44.0,26.0,0.0,26.0,7.0,0.0739714121023839,2.941341708263846
4251,44.0,27.0,0.0,27.0,5.0,0.19914789524586868,3.1404896035097147
4252,44.0,28.0,0.0,28.0,4.0,0.14305431294694723,3.283543916456662
4253,44.0,29.0,0.0,29.0,3.0,0.08419597055910664,3.3677398870157687
4254,44.0,30.0,0.0,30.0,5.0,0.0,3.3677398870157687
4255,44.0,31.0,0.0,31.0,1.0,0.5191650371090091,3.886904924124778
4256,44.0,32.0,0.0,32.0,1.0,0.0,3.886904924124778
4257,44.0,33.0,0.0,33.0,1.0,0.4978298030149915,4.38473472713977
4258,44.0,34.0,0.0,34.0,1.0,0.05668020652621607,4.441414933665985
4259,44.0,35.0,0.0,35.0,1.0,0.10131102734794921,4.542725961013935
4260,44.0,36.0,0.0,36.0,6.0,0.0,4.542725961013935
4261,44.0,37.0,0.0,37.0,7.0,0.2075341574424337,4.750260118456369
4262,44.0,38.0,0.0,38.0,4.0,0.28973804014574706,5.039998158602116
4263,44.0,39.0,0.0,39.0,4.0,0.0,5.039998158602116
4264,44.0,40.0,0.0,40.0,7.0,0.26478666827767994,5.304784826879796
4265,44.0,41.0,0.0,41.0,7.0,0.10038865027494817,5.405173477154745
4266,44.0,42.0,0.0,42.0,2.0,0.537148762474358,5.942322239629103
4267,44.0,43.0,0.0,43.0,2.0,0.31838380442486014,6.260706044053963
4268,44.0,44.0,0.0,44.0,2.0,0.038723990899334274,6.299430034953297
4269,44.0,45.0,0.0,45.0,2.0,0.5259817321483307,6.8254117671016274
4270,44.0,46.0,0.0,46.0,2.0,0.01598791051695434,6.841399677618582
4271,44.0,47.0,0.0,47.0,2.0,0.27508209868767286,7.116481776306254
4272,44.0,48.0,0.0,48.0,2.0,0.587687788672903,7.704169564979157
4273,44.0,49.0,0.0,49.0,2.0,0.1656307552320488,7.869800320211206
4274,44.0,50.0,0.0,50.0,2.0,0.4915012396472239,8.361301559858429
4275,44.0,51.0,0.0,51.0,2.0,0.2052375345025933,8.566539094361023
4276,44.0,52.0,0.0,52.0,2.0,0.1905422112228126,8.757081305583835
4277,44.0,53.0,0.0,53.0,2.0,0.5201526156790977,9.277233921262933
4278,44.0,54.0,0.0,54.0,2.0,0.15436321182083243,9.431597133083766
4279,44.0,55.0,0.0,55.0,2.0,0.0072074941480090105,9.438804627231775
4280,44.0,56.0,0.0,56.0,2.0,0.0073944663165102,9.446199093548286
4281,44.0,57.0,0.0,57.0,1.0,0.19166078110951457,9.6378598746578
4282,44.0,58.0,0.0,58.0,2.0,0.39818203123925505,10.036041905897054
4283,44.0,59.0,0.0,59.0,2.0,0.0,10.036041905897054
4284,44.0,60.0,0.0,60.0,0.0,0.30193260026714136,10.337974506164196
4285,44.0,61.0,0.0,61.0,0.0,0.0,10.337974506164196
4286,44.0,62.0,0.0,62.0,3.0,0.001461682704674984,10.339436188868872
4287,44.0,63.0,0.0,63.0,1.0,0.2107072265151842,10.550143415384056
4288,44.0,64.0,0.0,64.0,2.0,0.153056971216033,10.70320038660009
4289,44.0,65.0,0.0,65.0,1.0,0.2217983483299603,10.92499873493005
4290,44.0,66.0,0.0,66.0,7.0,0.0,10.92499873493005
4291,44.0,67.0,0.0,67.0,1.0,0.0772841125499467,11.002282847479997
4292,44.0,68.0,0.0,68.0,2.0,0.14626881783373236,11.148551665313729
4293,44.0,69.0,0.0,69.0,2.0,0.6213972006776474,11.769948865991376
4294,44.0,70.0,0.0,70.0,2.0,0.07300531851332406,11.8429541845047
4295,44.0,71.0,0.0,71.0,2.0,0.3746667969555425,12.217620981460243
4296,44.0,72.0,0.0,72.0,2.0,0.19074406487779483,12.408365046338037
4297,44.0,73.0,0.0,73.0,2.0,0.16196479063327046,12.570329836971307
4298,44.0,74.0,0.0,74.0,2.0,0.5537602076296071,13.124090044600914
4299,44.0,75.0,0.0,75.0,2.0,0.20166360592346178,13.325753650524376
4300,44.0,76.0,0.0,76.0,2.0,0.0,13.325753650524376
4301,44.0,77.0,0.0,77.0,2.0,0.043892043518105,13.36964569404248
4302,44.0,78.0,0.0,78.0,4.0,0.0,13.36964569404248
4303,44.0,79.0,0.0,79.0,0.0,0.0,13.36964569404248
4304,44.0,80.0,0.0,80.0,1.0,0.185681072301442,13.555326766343923
4305,44.0,81.0,0.0,81.0,2.0,0.0,13.555326766343923
4306,44.0,82.0,0.0,82.0,5.0,0.061655103827774414,13.616981870171697
4307,44.0,83.0,0.0,83.0,1.0,0.09468128799662574,13.711663158168323
4308,44.0,84.0,0.0,84.0,3.0,0.12261651967535435,13.834279677843677
4309,44.0,85.0,0.0,85.0,7.0,0.5762895628867217,14.410569240730398
4310,44.0,86.0,0.0,86.0,7.0,0.04671064980753169,14.45727989053793
4311,44.0,87.0,0.0,87.0,7.0,0.14518903393281696,14.602468924470747
4312,44.0,88.0,0.0,88.0,7.0,0.34149124243916545,14.943960166909912
4313,44.0,89.0,0.0,89.0,7.0,0.2020575551425499,15.146017722052463
4314,44.0,90.0,0.0,90.0,7.0,0.0,15.146017722052463
4315,44.0,91.0,0.0,91.0,2.0,0.0,15.146017722052463
4316,44.0,92.0,0.0,92.0,1.0,0.27391822828331297,15.419935950335775
4317,44.0,93.0,0.0,93.0,1.0,0.09259758356345157,15.512533533899227
4318,44.0,94.0,0.0,94.0,7.0,0.4410508038344497,15.953584337733677
4319,44.0,95.0,0.0,95.0,7.0,0.1578071467912929,16.11139148452497
4320,45.0,0.0,0.0,0.0,0.0,0.1908288003675769,0.1908288003675769
4321,45.0,1.0,0.0,1.0,1.0,0.04317602104936086,0.23400482141693776
4322,45.0,2.0,0.0,2.0,2.0,0.38230358492209854,0.6163084063390363
4323,45.0,3.0,0.0,3.0,3.0,0.0,0.6163084063390363
4324,45.0,4.0,0.0,4.0,4.0,0.0,0.6163084063390363
4325,45.0,5.0,0.0,5.0,5.0,0.562081128391816,1.1783895347308522
4326,45.0,6.0,0.0,6.0,6.0,0.23958507229734452,1.4179746070281967
4327,45.0,7.0,0.0,7.0,7.0,0.05063330393183056,1.4686079109600272
4328,45.0,8.0,0.0,8.0,5.0,0.0,1.4686079109600272
4329,45.0,9.0,0.0,9.0,2.0,0.2641208848836428,1.73272879584367
4330,45.0,10.0,0.0,10.0,6.0,0.09260082505258796,1.825329620896258
4331,45.0,11.0,0.0,11.0,0.0,0.21715257588084835,2.0424821967771063
4332,45.0,12.0,0.0,12.0,2.0,0.03427022523850223,2.0767524220156086
4333,45.0,13.0,0.0,13.0,5.0,0.008843280460235635,2.0855957024758442
4334,45.0,14.0,0.0,14.0,0.0,0.41174567644419385,2.497341378920038
4335,45.0,15.0,0.0,15.0,0.0,0.297424803795574,2.794766182715612
4336,45.0,16.0,0.0,16.0,7.0,0.2020575551425499,2.996823737858162
4337,45.0,17.0,0.0,17.0,1.0,0.1250648719057287,3.1218886097638907
4338,45.0,18.0,0.0,18.0,0.0,0.2729458951420526,3.394834504905943
4339,45.0,19.0,0.0,19.0,6.0,0.08544920153663012,3.4802837064425733
4340,45.0,20.0,0.0,20.0,2.0,0.0,3.4802837064425733
4341,45.0,21.0,0.0,21.0,0.0,0.01880307483854212,3.4990867812811155
4342,45.0,22.0,0.0,22.0,3.0,0.21444009859115623,3.713526879872272
4343,45.0,23.0,0.0,23.0,4.0,0.29965634577184486,4.0131832256441164
4344,45.0,24.0,0.0,24.0,4.0,0.004890111547855993,4.018073337191972
4345,45.0,25.0,0.0,25.0,7.0,0.12720264438925566,4.145275981581228
4346,45.0,26.0,0.0,26.0,5.0,0.4034908793754677,4.548766860956695
4347,45.0,27.0,0.0,27.0,5.0,0.0,4.548766860956695
4348,45.0,28.0,0.0,28.0,3.0,0.0,4.548766860956695
4349,45.0,29.0,0.0,29.0,0.0,0.0,4.548766860956695
4350,45.0,30.0,0.0,30.0,1.0,0.14788550522949867,4.696652366186194
4351,45.0,31.0,0.0,31.0,6.0,0.06692797541129325,4.763580341597487
4352,45.0,32.0,0.0,32.0,2.0,0.2732812363944383,5.0368615779919255
4353,45.0,33.0,0.0,33.0,5.0,0.0,5.0368615779919255
4354,45.0,34.0,0.0,34.0,7.0,0.08816257292987052,5.125024150921796
4355,45.0,35.0,0.0,35.0,2.0,0.20584383201305861,5.330867982934854
4356,45.0,36.0,0.0,36.0,2.0,0.0,5.330867982934854
4357,45.0,37.0,0.0,37.0,1.0,0.0,5.330867982934854
4358,45.0,38.0,0.0,38.0,0.0,0.11717595902856863,5.448043941963423
4359,45.0,39.0,0.0,39.0,4.0,0.10016360891352999,5.548207550876953
4360,45.0,40.0,0.0,40.0,6.0,0.8113111970305757,6.359518747907528
4361,45.0,41.0,0.0,41.0,6.0,0.19720425874379977,6.556723006651328
4362,45.0,42.0,0.0,42.0,6.0,0.7074564648856323,7.264179471536961
4363,45.0,43.0,0.0,43.0,6.0,0.0,7.264179471536961
4364,45.0,44.0,0.0,44.0,6.0,0.4025312660474192,7.66671073758438
4365,45.0,45.0,0.0,45.0,6.0,0.2888924503251035,7.9556031879094835
4366,45.0,46.0,0.0,46.0,6.0,0.19275096950199988,8.148354157411484
4367,45.0,47.0,0.0,47.0,6.0,0.04396724673097683,8.192321404142461
4368,45.0,48.0,0.0,48.0,6.0,0.5048327715259897,8.697154175668452
4369,45.0,49.0,0.0,49.0,6.0,0.5609494988696637,9.258103674538116
4370,45.0,50.0,0.0,50.0,6.0,0.10776919275082603,9.365872867288942
4371,45.0,51.0,0.0,51.0,6.0,0.14418838926849195,9.510061256557435
4372,45.0,52.0,0.0,52.0,6.0,0.41014276344445866,9.920204020001893
4373,45.0,53.0,0.0,53.0,6.0,0.20751175649518033,10.127715776497073
4374,45.0,54.0,0.0,54.0,6.0,0.019802180604578484,10.147517957101652
4375,45.0,55.0,0.0,55.0,6.0,0.5198631933975867,10.667381150499239
4376,45.0,56.0,0.0,56.0,6.0,0.04941931180611817,10.716800462305358
4377,45.0,57.0,0.0,57.0,6.0,0.2245370227069958,10.941337485012353
4378,45.0,58.0,0.0,58.0,6.0,0.709114106247022,11.650451591259374
4379,45.0,59.0,0.0,59.0,6.0,0.2676282183690528,11.918079809628427
4380,45.0,60.0,0.0,60.0,6.0,0.08473142129368774,12.002811230922115
4381,45.0,61.0,0.0,61.0,6.0,0.08569355050034418,12.08850478142246
4382,45.0,62.0,0.0,62.0,6.0,0.1938598477639666,12.282364629186427
4383,45.0,63.0,0.0,63.0,0.0,0.0,12.282364629186427
4384,45.0,64.0,0.0,64.0,7.0,0.44759909174127827,12.729963720927705
4385,45.0,65.0,0.0,65.0,7.0,0.3497936611859112,13.079757382113616
4386,45.0,66.0,0.0,66.0,7.0,0.0,13.079757382113616
4387,45.0,67.0,0.0,67.0,7.0,0.45856256848509114,13.538319950598707
4388,45.0,68.0,0.0,68.0,7.0,0.0,13.538319950598707
4389,45.0,69.0,0.0,69.0,5.0,0.15788754467582478,13.696207495274532
4390,45.0,70.0,0.0,70.0,6.0,0.18788376889070377,13.884091264165235
4391,45.0,71.0,0.0,71.0,3.0,0.17859802399158817,14.062689288156824
4392,45.0,72.0,0.0,72.0,6.0,0.1370475401392327,14.199736828296055
4393,45.0,73.0,0.0,73.0,7.0,0.2963231527000224,14.496059980996078
4394,45.0,74.0,0.0,74.0,7.0,0.8098490283050879,15.305909009301166
4395,45.0,75.0,0.0,75.0,7.0,0.35893392020488385,15.66484292950605
4396,45.0,76.0,0.0,76.0,7.0,0.0,15.66484292950605
4397,45.0,77.0,0.0,77.0,7.0,0.7375721814246866,16.402415110930736
4398,45.0,78.0,0.0,78.0,7.0,0.15884992243992793,16.561265033370663
4399,45.0,79.0,0.0,79.0,7.0,0.0,16.561265033370663
4400,45.0,80.0,0.0,80.0,7.0,0.314479252098775,16.875744285469438
4401,45.0,81.0,0.0,81.0,7.0,0.0,16.875744285469438
4402,45.0,82.0,0.0,82.0,7.0,0.0,16.875744285469438
4403,45.0,83.0,0.0,83.0,2.0,0.40364005699886474,17.2793843424683
4404,45.0,84.0,0.0,84.0,2.0,0.06114289961588151,17.340527242084182
4405,45.0,85.0,0.0,85.0,6.0,0.36348110977950954,17.704008351863692
4406,45.0,86.0,0.0,86.0,6.0,0.3152014117071101,18.019209763570803
4407,45.0,87.0,0.0,87.0,6.0,0.12662947121033713,18.14583923478114
4408,45.0,88.0,0.0,88.0,4.0,0.35662687216539196,18.50246610694653
4409,45.0,89.0,0.0,89.0,4.0,0.0456160838408476,18.54808219078738
4410,45.0,90.0,0.0,90.0,5.0,0.1189977910814536,18.667079981868834
4411,45.0,91.0,0.0,91.0,6.0,0.2624626141648409,18.929542596033674
4412,45.0,92.0,0.0,92.0,3.0,0.17758193823470309,19.107124534268376
4413,45.0,93.0,0.0,93.0,6.0,0.0,19.107124534268376
4414,45.0,94.0,0.0,94.0,2.0,0.3981486247182143,19.50527315898659
4415,45.0,95.0,0.0,95.0,2.0,0.0,19.50527315898659
4416,46.0,0.0,0.0,0.0,0.0,0.48448669996828364,0.48448669996828364
4417,46.0,1.0,0.0,1.0,1.0,0.0,0.48448669996828364
4418,46.0,2.0,0.0,2.0,2.0,0.11327101634064082,0.5977577163089245
4419,46.0,3.0,0.0,3.0,3.0,0.0,0.5977577163089245
4420,46.0,4.0,0.0,4.0,4.0,0.07151951990290359,0.6692772362118281
4421,46.0,5.0,0.0,5.0,5.0,0.0,0.6692772362118281
4422,46.0,6.0,0.0,6.0,6.0,0.002161454739645614,0.6714386909514737
4423,46.0,7.0,0.0,7.0,7.0,0.04239551508702711,0.7138342060385008
4424,46.0,8.0,0.0,8.0,0.0,0.18031182752271988,0.8941460335612207
4425,46.0,9.0,0.0,9.0,0.0,0.04177638852618539,0.9359224220874061
4426,46.0,10.0,0.0,10.0,2.0,0.08113905787797616,1.0170614799653823
4427,46.0,11.0,0.0,11.0,4.0,0.1495593642703379,1.1666208442357202
4428,46.0,12.0,0.0,12.0,7.0,0.3191817414767788,1.485802585712499
4429,46.0,13.0,0.0,13.0,7.0,0.2442715151719623,1.7300741008844613
4430,46.0,14.0,0.0,14.0,0.0,0.0,1.7300741008844613
4431,46.0,15.0,0.0,15.0,6.0,0.1350995944228713,1.8651736953073326
4432,46.0,16.0,0.0,16.0,1.0,0.31376821855801423,2.178941913865347
4433,46.0,17.0,0.0,17.0,1.0,0.2336797832809992,2.412621697146346
4434,46.0,18.0,0.0,18.0,3.0,0.0,2.412621697146346
4435,46.0,19.0,0.0,19.0,5.0,0.09069293668371073,2.503314633830057
4436,46.0,20.0,0.0,20.0,7.0,0.0459894712458177,2.5493041050758745
4437,46.0,21.0,0.0,21.0,1.0,0.1252470864872485,2.674551191563123
4438,46.0,22.0,0.0,22.0,4.0,0.0,2.674551191563123
4439,46.0,23.0,0.0,23.0,2.0,0.6027562012237242,3.277307392786847
4440,46.0,24.0,0.0,24.0,2.0,0.0,3.277307392786847
4441,46.0,25.0,0.0,25.0,2.0,0.0,3.277307392786847
4442,46.0,26.0,0.0,26.0,0.0,0.12503130792408373,3.402338700710931
4443,46.0,27.0,0.0,27.0,6.0,0.592467301916092,3.9948060026270227
4444,46.0,28.0,0.0,28.0,6.0,0.46120539576978026,4.456011398396803
4445,46.0,29.0,0.0,29.0,6.0,0.060843244270408124,4.516854642667211
4446,46.0,30.0,0.0,30.0,6.0,0.08569355050034418,4.602548193167555
4447,46.0,31.0,0.0,31.0,6.0,0.029858941276052695,4.632407134443608
4448,46.0,32.0,0.0,32.0,1.0,0.0930474388599168,4.725454573303525
4449,46.0,33.0,0.0,33.0,7.0,0.2075341574424337,4.932988730745959
4450,46.0,34.0,0.0,34.0,5.0,0.1812152791592592,5.114204009905218
4451,46.0,35.0,0.0,35.0,7.0,0.3522479878918014,5.466451997797019
4452,46.0,36.0,0.0,36.0,7.0,0.09917719492813658,5.565629192725156
4453,46.0,37.0,0.0,37.0,0.0,0.0,5.565629192725156
4454,46.0,38.0,0.0,38.0,6.0,0.0,5.565629192725156
4455,46.0,39.0,0.0,39.0,2.0,0.40138850547070165,5.967017698195858
4456,46.0,40.0,0.0,40.0,2.0,0.11886118707131776,6.085878885267175
4457,46.0,41.0,0.0,41.0,5.0,0.0,6.085878885267175
4458,46.0,42.0,0.0,42.0,2.0,0.16196479063327046,6.247843675900445
4459,46.0,43.0,0.0,43.0,1.0,0.04845925959332829,6.296302935493774
4460,46.0,44.0,0.0,44.0,7.0,0.0741373058509058,6.37044024134468
4461,46.0,45.0,0.0,45.0,4.0,0.619788147899107,6.990228389243787
4462,46.0,46.0,0.0,46.0,4.0,0.2891704822674655,7.279398871511252
4463,46.0,47.0,0.0,47.0,4.0,0.0,7.279398871511252
4464,46.0,48.0,0.0,48.0,4.0,0.14496949301802708,7.424368364529279
4465,46.0,49.0,0.0,49.0,4.0,0.35662687216539196,7.780995236694671
4466,46.0,50.0,0.0,50.0,4.0,0.16518765184318784,7.946182888537859
4467,46.0,51.0,0.0,51.0,4.0,0.4262384419390214,8.37242133047688
4468,46.0,52.0,0.0,52.0,4.0,0.181316232947323,8.553737563424203
4469,46.0,53.0,0.0,53.0,4.0,0.0,8.553737563424203
4470,46.0,54.0,0.0,54.0,2.0,0.17377914745726974,8.727516710881472
4471,46.0,55.0,0.0,55.0,3.0,0.13611159388976898,8.863628304771241
4472,46.0,56.0,0.0,56.0,2.0,0.2732812363944383,9.13690954116568
4473,46.0,57.0,0.0,57.0,2.0,0.3981486247182143,9.535058165883894
4474,46.0,58.0,0.0,58.0,2.0,0.38230358492209854,9.917361750805993
4475,46.0,59.0,0.0,59.0,2.0,0.30371061480436934,10.221072365610363
4476,46.0,60.0,0.0,60.0,2.0,0.14626881783373236,10.367341183444095
4477,46.0,61.0,0.0,61.0,2.0,0.4472118799386729,10.814553063382768
4478,46.0,62.0,0.0,62.0,2.0,0.273959930967197,11.088512994349964
4479,46.0,63.0,0.0,63.0,2.0,0.1905422112228126,11.279055205572776
4480,46.0,64.0,0.0,64.0,2.0,0.1113616455486472,11.390416851121424
4481,46.0,65.0,0.0,65.0,2.0,0.05386861899525439,11.444285470116679
4482,46.0,66.0,0.0,66.0,7.0,0.3705421398642408,11.81482760998092
4483,46.0,67.0,0.0,67.0,7.0,0.6859517409375426,12.500779350918464
4484,46.0,68.0,0.0,68.0,7.0,0.21001575520798305,12.710795106126447
4485,46.0,69.0,0.0,69.0,7.0,0.0,12.710795106126447
4486,46.0,70.0,0.0,70.0,7.0,0.314479252098775,13.025274358225222
4487,46.0,71.0,0.0,71.0,7.0,0.44759909174127827,13.4728734499665
4488,46.0,72.0,0.0,72.0,7.0,0.0,13.4728734499665
4489,46.0,73.0,0.0,73.0,7.0,0.11500588206885451,13.587879332035355
4490,46.0,74.0,0.0,74.0,6.0,0.2624626141648409,13.850341946200196
4491,46.0,75.0,0.0,75.0,6.0,0.04396724673097683,13.894309192931173
4492,46.0,76.0,0.0,76.0,7.0,0.5762895628867217,14.470598755817894
4493,46.0,77.0,0.0,77.0,7.0,0.14518903393281696,14.615787789750712
4494,46.0,78.0,0.0,78.0,7.0,0.0,14.615787789750712
4495,46.0,79.0,0.0,79.0,4.0,0.1469609607874088,14.76274875053812
4496,46.0,80.0,0.0,80.0,0.0,0.04836594814127285,14.811114698679393
4497,46.0,81.0,0.0,81.0,1.0,0.09259758356345157,14.903712282242845
4498,46.0,82.0,0.0,82.0,7.0,0.037894009123875756,14.941606291366721
4499,46.0,83.0,0.0,83.0,2.0,0.5913394163650157,15.532945707731736
4500,46.0,84.0,0.0,84.0,2.0,0.04195847045540713,15.574904178187143
4501,46.0,85.0,0.0,85.0,2.0,0.39818203123925505,15.973086209426398
4502,46.0,86.0,0.0,86.0,2.0,0.01598791051695434,15.989074119943353
4503,46.0,87.0,0.0,87.0,4.0,0.6548917240652656,16.64396584400862
4504,46.0,88.0,0.0,88.0,4.0,0.0,16.64396584400862
4505,46.0,89.0,0.0,89.0,4.0,0.6928212275644872,17.336787071573106
4506,46.0,90.0,0.0,90.0,4.0,0.0,17.336787071573106
4507,46.0,91.0,0.0,91.0,4.0,0.0,17.336787071573106
4508,46.0,92.0,0.0,92.0,4.0,0.004890111547855993,17.34167718312096
4509,46.0,93.0,0.0,93.0,3.0,0.8079320082078706,18.14960919132883
4510,46.0,94.0,0.0,94.0,3.0,0.17859802399158817,18.32820721532042
4511,46.0,95.0,0.0,95.0,3.0,0.18076898800776417,18.50897620332818
4512,47.0,0.0,0.0,0.0,0.0,0.0,0.0
4513,47.0,1.0,0.0,1.0,1.0,0.39739577573671786,0.39739577573671786
4514,47.0,2.0,0.0,2.0,2.0,0.0,0.39739577573671786
4515,47.0,3.0,0.0,3.0,3.0,0.20758298031156905,0.6049787560482869
4516,47.0,4.0,0.0,4.0,4.0,0.5370312334100855,1.1420099894583724
4517,47.0,5.0,0.0,5.0,5.0,0.5289754288227388,1.6709854182811112
4518,47.0,6.0,0.0,6.0,6.0,0.5721185095518746,2.243103927832986
4519,47.0,7.0,0.0,7.0,7.0,0.21288313045197185,2.455987058284958
4520,47.0,8.0,0.0,8.0,6.0,0.3116598759686686,2.7676469342536265
4521,47.0,9.0,0.0,9.0,4.0,0.0,2.7676469342536265
4522,47.0,10.0,0.0,10.0,5.0,0.5943235436047835,3.36197047785841
4523,47.0,11.0,0.0,11.0,5.0,0.07041269781241034,3.4323831756708203
4524,47.0,12.0,0.0,12.0,1.0,0.16259328171919027,3.5949764573900107
4525,47.0,13.0,0.0,13.0,6.0,0.06692797541129325,3.661904432801304
4526,47.0,14.0,0.0,14.0,7.0,0.7256040504195268,4.387508483220831
4527,47.0,15.0,0.0,15.0,7.0,0.029232001322727855,4.416740484543559
4528,47.0,16.0,0.0,16.0,3.0,0.0,4.416740484543559
4529,47.0,17.0,0.0,17.0,5.0,0.05296194787752387,4.469702432421083
4530,47.0,18.0,0.0,18.0,1.0,0.5350809140500077,5.004783346471091
4531,47.0,19.0,0.0,19.0,1.0,0.028670031367413643,5.033453377838504
4532,47.0,20.0,0.0,20.0,4.0,0.11041446593207717,5.143867843770582
4533,47.0,21.0,0.0,21.0,7.0,0.28559811848043837,5.42946596225102
4534,47.0,22.0,0.0,22.0,6.0,0.2888924503251035,5.718358412576123
4535,47.0,23.0,0.0,23.0,7.0,0.25759234324777713,5.9759507558239005
4536,47.0,24.0,0.0,24.0,5.0,0.09067390774368256,6.066624663567583
4537,47.0,25.0,0.0,25.0,6.0,0.04396724673097683,6.1105919102985595
4538,47.0,26.0,0.0,26.0,1.0,0.185681072301442,6.2962729826000015
4539,47.0,27.0,0.0,27.0,7.0,0.45856256848509114,6.754835551085092
4540,47.0,28.0,0.0,28.0,7.0,0.12980887699241067,6.884644428077503
4541,47.0,29.0,0.0,29.0,4.0,0.03512950138498507,6.9197739294624885
4542,47.0,30.0,0.0,30.0,0.0,0.0,6.9197739294624885
4543,47.0,31.0,0.0,31.0,2.0,0.38230358492209854,7.302077514384587
4544,47.0,32.0,0.0,32.0,2.0,0.0,7.302077514384587
4545,47.0,33.0,0.0,33.0,5.0,0.0,7.302077514384587
4546,47.0,34.0,0.0,34.0,7.0,0.314479252098775,7.616556766483362
4547,47.0,35.0,0.0,35.0,1.0,0.06877401020269108,7.685330776686054
4548,47.0,36.0,0.0,36.0,6.0,0.19237477602684144,7.877705552712895
4549,47.0,37.0,0.0,37.0,7.0,0.15961076329720134,8.037316316010097
4550,47.0,38.0,0.0,38.0,3.0,0.7077056663835212,8.745021982393618
4551,47.0,39.0,0.0,39.0,3.0,0.13898763859318042,8.884009620986799
4552,47.0,40.0,0.0,40.0,3.0,0.0,8.884009620986799
4553,47.0,41.0,0.0,41.0,7.0,0.45898782090217066,9.342997441888969
4554,47.0,42.0,0.0,42.0,7.0,0.0,9.342997441888969
4555,47.0,43.0,0.0,43.0,6.0,0.456597589962221,9.79959503185119
4556,47.0,44.0,0.0,44.0,6.0,0.38423498309596005,10.18383001494715
4557,47.0,45.0,0.0,45.0,6.0,0.5048327715259897,10.68866278647314
4558,47.0,46.0,0.0,46.0,6.0,0.528994261355651,11.21765704782879
4559,47.0,47.0,0.0,47.0,6.0,0.5211461016164569,11.738803149445248
4560,47.0,48.0,0.0,48.0,6.0,0.2380098281042837,11.976812977549532
4561,47.0,49.0,0.0,49.0,6.0,0.46761061637242407,12.444423593921956
4562,47.0,50.0,0.0,50.0,6.0,0.23042860433100323,12.674852198252959
4563,47.0,51.0,0.0,51.0,6.0,0.0,12.674852198252959
4564,47.0,52.0,0.0,52.0,6.0,0.1370475401392327,12.81189973839219
4565,47.0,53.0,0.0,53.0,3.0,0.1595965695819533,12.971496307974144
4566,47.0,54.0,0.0,54.0,6.0,0.012116503352960235,12.983612811327104
4567,47.0,55.0,0.0,55.0,1.0,0.27391822828331297,13.257531039610416
4568,47.0,56.0,0.0,56.0,5.0,0.11740694843157064,13.374937988041987
4569,47.0,57.0,0.0,57.0,7.0,0.12388247804213057,13.498820466084117
4570,47.0,58.0,0.0,58.0,1.0,0.2336797832809992,13.732500249365117
4571,47.0,59.0,0.0,59.0,4.0,0.03244158328874442,13.76494183265386
4572,47.0,60.0,0.0,60.0,2.0,0.07058480069441396,13.835526633348275
4573,47.0,61.0,0.0,61.0,6.0,0.38478252254705636,14.22030915589533
4574,47.0,62.0,0.0,62.0,6.0,0.46655973523908206,14.686868891134413
4575,47.0,63.0,0.0,63.0,6.0,0.8113111970305757,15.49818008816499
4576,47.0,64.0,0.0,64.0,6.0,0.0,15.49818008816499
4577,47.0,65.0,0.0,65.0,6.0,0.20104993189686238,15.699230020061853
4578,47.0,66.0,0.0,66.0,6.0,0.3152014117071101,16.014431431768962
4579,47.0,67.0,0.0,67.0,6.0,0.09260082505258796,16.10703225682155
4580,47.0,68.0,0.0,68.0,1.0,0.27119035406226066,16.37822261088381
4581,47.0,69.0,0.0,69.0,7.0,0.6946860763679339,17.072908687251743
4582,47.0,70.0,0.0,70.0,7.0,0.06863775353354312,17.141546440785287
4583,47.0,71.0,0.0,71.0,7.0,0.041228864090092084,17.182775304875378
4584,47.0,72.0,0.0,72.0,3.0,0.020094125614477917,17.202869430489855
4585,47.0,73.0,0.0,73.0,1.0,0.35845450021337216,17.561323930703228
4586,47.0,74.0,0.0,74.0,1.0,0.1521898058916304,17.71351373659486
4587,47.0,75.0,0.0,75.0,6.0,0.2355975950006196,17.94911133159548
4588,47.0,76.0,0.0,76.0,6.0,0.08569355050034418,18.034804882095823
4589,47.0,77.0,0.0,77.0,5.0,0.1812152791592592,18.216020161255084
4590,47.0,78.0,0.0,78.0,1.0,0.2923975416172881,18.50841770287237
4591,47.0,79.0,0.0,79.0,7.0,0.04671064980753169,18.555128352679905
4592,47.0,80.0,0.0,80.0,1.0,0.1122698472049673,18.66739819988487
4593,47.0,81.0,0.0,81.0,6.0,0.0989051148392537,18.766303314724126
4594,47.0,82.0,0.0,82.0,5.0,0.0,18.766303314724126
4595,47.0,83.0,0.0,83.0,6.0,0.2091349837990253,18.97543829852315
4596,47.0,84.0,0.0,84.0,7.0,0.0,18.97543829852315
4597,47.0,85.0,0.0,85.0,6.0,0.29928972735028064,19.274728025873433
4598,47.0,86.0,0.0,86.0,1.0,0.14996651879064163,19.424694544664074
4599,47.0,87.0,0.0,87.0,6.0,0.7377651793174987,20.162459723981573
4600,47.0,88.0,0.0,88.0,6.0,0.14053761898862807,20.3029973429702
4601,47.0,89.0,0.0,89.0,6.0,0.5064850022994652,20.809482345269668
4602,47.0,90.0,0.0,90.0,6.0,0.754797882045112,21.56428022731478
4603,47.0,91.0,0.0,91.0,6.0,0.22700732154927955,21.79128754886406
4604,47.0,92.0,0.0,92.0,6.0,0.43814959519287755,22.229437144056938
4605,47.0,93.0,0.0,93.0,6.0,0.10821198863204971,22.337649132688988
4606,47.0,94.0,0.0,94.0,6.0,0.07179891276627816,22.409448045455267
4607,47.0,95.0,0.0,95.0,6.0,0.5398005436791784,22.949248589134445
4608,48.0,0.0,0.0,0.0,0.0,0.07987026212693644,0.07987026212693644
4609,48.0,1.0,0.0,1.0,1.0,0.2975171656525792,0.3773874277795156
4610,48.0,2.0,0.0,2.0,2.0,0.03949449756546484,0.4168819253449805
4611,48.0,3.0,0.0,3.0,3.0,0.08419597055910664,0.5010778959040871
4612,48.0,4.0,0.0,4.0,4.0,0.0,0.5010778959040871
4613,48.0,5.0,0.0,5.0,5.0,0.008843280460235635,0.5099211763643228
4614,48.0,6.0,0.0,6.0,6.0,0.25249491253368417,0.7624160888980069
4615,48.0,7.0,0.0,7.0,7.0,0.14518903393281696,0.907605122830824
4616,48.0,8.0,0.0,8.0,1.0,0.8012578002674544,1.7088629230982784
4617,48.0,9.0,0.0,9.0,1.0,0.4978298030149915,2.20669272611327
4618,48.0,10.0,0.0,10.0,1.0,0.1735308598711164,2.3802235859843863
4619,48.0,11.0,0.0,11.0,6.0,0.19275096950199988,2.572974555486386
4620,48.0,12.0,0.0,12.0,1.0,0.16259328171919027,2.7355678372055765
4621,48.0,13.0,0.0,13.0,7.0,0.12980887699241067,2.8653767141979873
4622,48.0,14.0,0.0,14.0,1.0,0.40114156826807473,3.266518282466062
4623,48.0,15.0,0.0,15.0,1.0,0.2336797832809992,3.5001980657470613
4624,48.0,16.0,0.0,16.0,3.0,0.0,3.5001980657470613
4625,48.0,17.0,0.0,17.0,0.0,0.1379763011203817,3.638174366867443
4626,48.0,18.0,0.0,18.0,6.0,0.19330425654839078,3.831478623415834
4627,48.0,19.0,0.0,19.0,1.0,0.0,3.831478623415834
4628,48.0,20.0,0.0,20.0,2.0,0.4898575650501079,4.321336188465942
4629,48.0,21.0,0.0,21.0,2.0,0.6027562012237242,4.924092389689666
4630,48.0,22.0,0.0,22.0,2.0,0.587687788672903,5.511780178362569
4631,48.0,23.0,0.0,23.0,2.0,0.0,5.511780178362569
4632,48.0,24.0,0.0,24.0,2.0,0.7068413165322392,6.218621494894808
4633,48.0,25.0,0.0,25.0,2.0,0.0,6.218621494894808
4634,48.0,26.0,0.0,26.0,2.0,0.38831574574861955,6.606937240643428
4635,48.0,27.0,0.0,27.0,2.0,0.0,6.606937240643428
4636,48.0,28.0,0.0,28.0,5.0,0.16771754750020024,6.7746547881436285
4637,48.0,29.0,0.0,29.0,6.0,0.4419319569723373,7.216586745115966
4638,48.0,30.0,0.0,30.0,6.0,0.1938598477639666,7.410446592879932
4639,48.0,31.0,0.0,31.0,4.0,0.0,7.410446592879932
4640,48.0,32.0,0.0,32.0,1.0,0.09259758356345157,7.5030441764433835
4641,48.0,33.0,0.0,33.0,7.0,0.25759234324777713,7.760636519691161
4642,48.0,34.0,0.0,34.0,2.0,0.31838380442486014,8.079020324116021
4643,48.0,35.0,0.0,35.0,6.0,0.3731406200505958,8.452160944166616
4644,48.0,36.0,0.0,36.0,6.0,0.2624626141648409,8.714623558331457
4645,48.0,37.0,0.0,37.0,2.0,0.4472118799386729,9.16183543827013
4646,48.0,38.0,0.0,38.0,2.0,0.44976625428900363,9.611601692559134
4647,48.0,39.0,0.0,39.0,2.0,0.05893971598014328,9.670541408539277
4648,48.0,40.0,0.0,40.0,7.0,0.08816257292987052,9.758703981469148
4649,48.0,41.0,0.0,41.0,0.0,0.0,9.758703981469148
4650,48.0,42.0,0.0,42.0,1.0,0.09767182935369328,9.856375810822842
4651,48.0,43.0,0.0,43.0,6.0,0.0,9.856375810822842
4652,48.0,44.0,0.0,44.0,2.0,0.5913394163650157,10.447715227187857
4653,48.0,45.0,0.0,45.0,2.0,0.14808157325436302,10.59579680044222
4654,48.0,46.0,0.0,46.0,2.0,0.15868138789215788,10.754478188334376
4655,48.0,47.0,0.0,47.0,5.0,0.2899103974255209,11.044388585759897
4656,48.0,48.0,0.0,48.0,5.0,0.34526090527631603,11.389649491036213
4657,48.0,49.0,0.0,49.0,5.0,0.4585537674797822,11.848203258515996
4658,48.0,50.0,0.0,50.0,5.0,0.0,11.848203258515996
4659,48.0,51.0,0.0,51.0,2.0,0.04961298748480245,11.897816246000799
4660,48.0,52.0,0.0,52.0,1.0,0.24526319585689446,12.143079441857694
4661,48.0,53.0,0.0,53.0,1.0,0.9645942569749285,13.107673698832622
4662,48.0,54.0,0.0,54.0,1.0,0.0,13.107673698832622
4663,48.0,55.0,0.0,55.0,1.0,0.22346138720261824,13.331135086035241
4664,48.0,56.0,0.0,56.0,1.0,0.625716871682588,13.956851957717829
4665,48.0,57.0,0.0,57.0,1.0,0.15606839806007136,14.1129203557779
4666,48.0,58.0,0.0,58.0,1.0,0.11184940162260157,14.224769757400502
4667,48.0,59.0,0.0,59.0,1.0,0.0,14.224769757400502
4668,48.0,60.0,0.0,60.0,2.0,0.0,14.224769757400502
4669,48.0,61.0,0.0,61.0,5.0,0.0,14.224769757400502
4670,48.0,62.0,0.0,62.0,6.0,0.5398005436791784,14.76457030107968
4671,48.0,63.0,0.0,63.0,6.0,0.3116598759686686,15.076230177048348
4672,48.0,64.0,0.0,64.0,6.0,0.0206337541478017,15.09686393119615
4673,48.0,65.0,0.0,65.0,7.0,0.1578071467912929,15.254671077987442
4674,48.0,66.0,0.0,66.0,6.0,0.09260082505258796,15.34727190304003
4675,48.0,67.0,0.0,67.0,1.0,0.29885514167787697,15.646127044717906
4676,48.0,68.0,0.0,68.0,1.0,0.04845925959332829,15.694586304311233
4677,48.0,69.0,0.0,69.0,2.0,0.06114289961588151,15.755729203927114
4678,48.0,70.0,0.0,70.0,3.0,0.09270862586868636,15.8484378297958
4679,48.0,71.0,0.0,71.0,6.0,0.2245370227069958,16.072974852502796
4680,48.0,72.0,0.0,72.0,1.0,0.27391822828331297,16.34689308078611
4681,48.0,73.0,0.0,73.0,2.0,0.4833660339380995,16.83025911472421
4682,48.0,74.0,0.0,74.0,2.0,0.13810536010235094,16.96836447482656
4683,48.0,75.0,0.0,75.0,2.0,0.025277121047566284,16.993641595874127
4684,48.0,76.0,0.0,76.0,1.0,0.1122698472049673,17.105911443079094
4685,48.0,77.0,0.0,77.0,7.0,0.6946860763679339,17.800597519447027
4686,48.0,78.0,0.0,78.0,7.0,0.0,17.800597519447027
4687,48.0,79.0,0.0,79.0,7.0,0.0,17.800597519447027
4688,48.0,80.0,0.0,80.0,6.0,0.456597589962221,18.25719510940925
4689,48.0,81.0,0.0,81.0,6.0,0.19720425874379977,18.454399368153048
4690,48.0,82.0,0.0,82.0,6.0,0.36321665879061876,18.817616026943668
4691,48.0,83.0,0.0,83.0,6.0,0.4832391209848758,19.300855147928544
4692,48.0,84.0,0.0,84.0,6.0,0.10776919275082603,19.40862434067937
4693,48.0,85.0,0.0,85.0,6.0,0.38478252254705636,19.793406863226426
4694,48.0,86.0,0.0,86.0,6.0,0.5199951664423675,20.313402029668794
4695,48.0,87.0,0.0,87.0,6.0,0.08544920153663012,20.398851231205423
4696,48.0,88.0,0.0,88.0,6.0,0.709114106247022,21.107965337452445
4697,48.0,89.0,0.0,89.0,6.0,0.3045366457502025,21.41250198320265
4698,48.0,90.0,0.0,90.0,6.0,0.029858941276052695,21.442360924478702
4699,48.0,91.0,0.0,91.0,6.0,0.470561563191029,21.912922487669732
4700,48.0,92.0,0.0,92.0,6.0,0.5721185095518746,22.485040997221606
4701,48.0,93.0,0.0,93.0,6.0,0.31122773400729964,22.796268731228906
4702,48.0,94.0,0.0,94.0,6.0,0.22700732154927955,23.023276052778186
4703,48.0,95.0,0.0,95.0,6.0,0.41014276344445866,23.433418816222645
4704,49.0,0.0,0.0,0.0,0.0,0.0,0.0
4705,49.0,1.0,0.0,1.0,1.0,0.0930474388599168,0.0930474388599168
4706,49.0,2.0,0.0,2.0,2.0,0.5913394163650157,0.6843868552249326
4707,49.0,3.0,0.0,3.0,3.0,0.12261651967535435,0.807003374900287
4708,49.0,4.0,0.0,4.0,4.0,0.004890111547855993,0.811893486448143
4709,49.0,5.0,0.0,5.0,5.0,0.008843280460235635,0.8207367669083786
4710,49.0,6.0,0.0,6.0,6.0,0.308924290481592,1.1296610573899706
4711,49.0,7.0,0.0,7.0,7.0,0.658941602314391,1.7886026597043616
4712,49.0,8.0,0.0,8.0,7.0,0.4573021530267772,2.2459048127311387
4713,49.0,9.0,0.0,9.0,2.0,0.7236703978770197,2.9695752106081583
4714,49.0,10.0,0.0,10.0,2.0,0.0,2.9695752106081583
4715,49.0,11.0,0.0,11.0,7.0,0.24252754759834638,3.2121027582065045
4716,49.0,12.0,0.0,12.0,6.0,0.46120539576978026,3.6733081539762846
4717,49.0,13.0,0.0,13.0,7.0,0.15727691362384175,3.8305850676001265
4718,49.0,14.0,0.0,14.0,6.0,0.7074564648856323,4.538041532485758
4719,49.0,15.0,0.0,15.0,6.0,0.0,4.538041532485758
4720,49.0,16.0,0.0,16.0,2.0,0.30371061480436934,4.841752147290128
4721,49.0,17.0,0.0,17.0,2.0,0.043892043518105,4.885644190808233
4722,49.0,18.0,0.0,18.0,7.0,0.0,4.885644190808233
4723,49.0,19.0,0.0,19.0,3.0,0.030472832457272593,4.916117023265506
4724,49.0,20.0,0.0,20.0,6.0,0.012576657579367172,4.928693680844873
4725,49.0,21.0,0.0,21.0,1.0,0.44922488554479406,5.377918566389667
4726,49.0,22.0,0.0,22.0,1.0,0.0,5.377918566389667
4727,49.0,23.0,0.0,23.0,2.0,0.0,5.377918566389667
4728,49.0,24.0,0.0,24.0,7.0,0.14518903393281696,5.523107600322484
4729,49.0,25.0,0.0,25.0,6.0,0.19720425874379977,5.720311859066284
4730,49.0,26.0,0.0,26.0,5.0,0.23571743285633687,5.95602929192262
4731,49.0,27.0,0.0,27.0,4.0,0.29965634577184486,6.255685637694465
4732,49.0,28.0,0.0,28.0,4.0,0.28146556337815226,6.537151201072617
4733,49.0,29.0,0.0,29.0,0.0,0.0,6.537151201072617
4734,49.0,30.0,0.0,30.0,6.0,0.08326994649709853,6.620421147569716
4735,49.0,31.0,0.0,31.0,4.0,0.14305431294694723,6.763475460516663
4736,49.0,32.0,0.0,32.0,2.0,0.0,6.763475460516663
4737,49.0,33.0,0.0,33.0,7.0,0.22951623073539107,6.992991691252054
4738,49.0,34.0,0.0,34.0,5.0,0.5289754288227388,7.521967120074793
4739,49.0,35.0,0.0,35.0,5.0,0.13288998660895118,7.654857106683744
4740,49.0,36.0,0.0,36.0,5.0,0.012731154762606778,7.667588261446351
4741,49.0,37.0,0.0,37.0,1.0,0.05727556146362054,7.724863822909971
4742,49.0,38.0,0.0,38.0,7.0,0.15961076329720134,7.884474586207173
4743,49.0,39.0,0.0,39.0,6.0,0.2355975950006196,8.120072181207792
4744,49.0,40.0,0.0,40.0,7.0,0.061569980833461685,8.181642162041253
4745,49.0,41.0,0.0,41.0,4.0,0.181316232947323,8.362958394988576
4746,49.0,42.0,0.0,42.0,3.0,0.0,8.362958394988576
4747,49.0,43.0,0.0,43.0,6.0,0.7615432087357681,9.124501603724344
4748,49.0,44.0,0.0,44.0,6.0,0.5198631933975867,9.64436479712193
4749,49.0,45.0,0.0,45.0,6.0,0.31122773400729964,9.95559253112923
4750,49.0,46.0,0.0,46.0,6.0,0.0,9.95559253112923
4751,49.0,47.0,0.0,47.0,6.0,0.0,9.95559253112923
4752,49.0,48.0,0.0,48.0,2.0,0.1670621200099897,10.12265465113922
4753,49.0,49.0,0.0,49.0,6.0,0.0,10.12265465113922
4754,49.0,50.0,0.0,50.0,5.0,0.18916438735281615,10.311819038492036
4755,49.0,51.0,0.0,51.0,4.0,0.3482376111706019,10.660056649662637
4756,49.0,52.0,0.0,52.0,4.0,0.5370312334100855,11.197087883072722
4757,49.0,53.0,0.0,53.0,4.0,0.619788147899107,11.81687603097183
4758,49.0,54.0,0.0,54.0,4.0,0.15027538281192757,11.967151413783757
4759,49.0,55.0,0.0,55.0,4.0,0.0,11.967151413783757
4760,49.0,56.0,0.0,56.0,4.0,0.10016360891352999,12.067315022697287
4761,49.0,57.0,0.0,57.0,2.0,0.40364005699886474,12.470955079696152
4762,49.0,58.0,0.0,58.0,2.0,0.0,12.470955079696152
4763,49.0,59.0,0.0,59.0,7.0,0.24291591879383728,12.71387099848999
4764,49.0,60.0,0.0,60.0,1.0,0.32124548368694295,13.035116482176932
4765,49.0,61.0,0.0,61.0,1.0,0.1581141854724727,13.193230667649404
4766,49.0,62.0,0.0,62.0,7.0,0.11533761676746272,13.308568284416866
4767,49.0,63.0,0.0,63.0,4.0,0.15590532879380598,13.464473613210671
4768,49.0,64.0,0.0,64.0,6.0,0.29928972735028064,13.763763340560953
4769,49.0,65.0,0.0,65.0,6.0,0.45661860173922436,14.220381942300177
4770,49.0,66.0,0.0,66.0,6.0,0.2624626141648409,14.482844556465018
4771,49.0,67.0,0.0,67.0,6.0,0.09260082505258796,14.575445381517605
4772,49.0,68.0,0.0,68.0,5.0,0.1189977910814536,14.694443172599058
4773,49.0,69.0,0.0,69.0,1.0,0.3720624105248227,15.066505583123881
4774,49.0,70.0,0.0,70.0,1.0,0.0,15.066505583123881
4775,49.0,71.0,0.0,71.0,2.0,0.289774682159023,15.356280265282905
4776,49.0,72.0,0.0,72.0,2.0,0.3004714236147025,15.656751688897607
4777,49.0,73.0,0.0,73.0,2.0,0.0,15.656751688897607
4778,49.0,74.0,0.0,74.0,6.0,0.11636299692256234,15.77311468582017
4779,49.0,75.0,0.0,75.0,4.0,0.041223720141801624,15.814338405961971
4780,49.0,76.0,0.0,76.0,7.0,0.0512601046839897,15.865598510645961
4781,49.0,77.0,0.0,77.0,6.0,0.43814959519287755,16.30374810583884
4782,49.0,78.0,0.0,78.0,6.0,0.398606424860819,16.702354530699658
4783,49.0,79.0,0.0,79.0,6.0,0.18788376889070377,16.89023829959036
4784,49.0,80.0,0.0,80.0,6.0,0.15948567313383155,17.049723972724195
4785,49.0,81.0,0.0,81.0,6.0,0.19330425654839078,17.243028229272586
4786,49.0,82.0,0.0,82.0,5.0,0.05134333965898673,17.294371568931574
4787,49.0,83.0,0.0,83.0,6.0,0.456597589962221,17.750969158893795
4788,49.0,84.0,0.0,84.0,6.0,0.8113111970305757,18.562280355924372
4789,49.0,85.0,0.0,85.0,6.0,0.38478252254705636,18.947062878471428
4790,49.0,86.0,0.0,86.0,6.0,0.2245370227069958,19.171599901178425
4791,49.0,87.0,0.0,87.0,6.0,0.8206264844566112,19.992226385635036
4792,49.0,88.0,0.0,88.0,6.0,0.5721185095518746,20.56434489518691
4793,49.0,89.0,0.0,89.0,6.0,0.23042860433100323,20.794773499517913
4794,49.0,90.0,0.0,90.0,6.0,0.0,20.794773499517913
4795,49.0,91.0,0.0,91.0,6.0,0.3731406200505958,21.167914119568508
4796,49.0,92.0,0.0,92.0,6.0,0.07179891276627816,21.239713032334787
4797,49.0,93.0,0.0,93.0,6.0,0.14418838926849195,21.38390142160328
4798,49.0,94.0,0.0,94.0,6.0,0.08569355050034418,21.469594972103625
4799,49.0,95.0,0.0,95.0,6.0,0.0,21.469594972103625
4800,50.0,0.0,0.0,0.0,0.0,0.2356382760871811,0.2356382760871811
4801,50.0,1.0,0.0,1.0,1.0,0.22346138720261824,0.45909966328979934
4802,50.0,2.0,0.0,2.0,2.0,0.0,0.45909966328979934
4803,50.0,3.0,0.0,3.0,3.0,0.3885911041625654,0.8476907674523648
4804,50.0,4.0,0.0,4.0,4.0,0.07151951990290359,0.9192102873552684
4805,50.0,5.0,0.0,5.0,5.0,0.5943235436047835,1.513533830960052
4806,50.0,6.0,0.0,6.0,6.0,0.2030643176852566,1.7165981486453086
4807,50.0,7.0,0.0,7.0,7.0,0.28559811848043837,2.002196267125747
4808,50.0,8.0,0.0,8.0,5.0,0.5289754288227388,2.531171695948486
4809,50.0,9.0,0.0,9.0,5.0,0.056443085324379784,2.587614781272866
4810,50.0,10.0,0.0,10.0,3.0,0.03301525633795021,2.620630037610816
4811,50.0,11.0,0.0,11.0,7.0,0.3705421398642408,2.9911721774750566
4812,50.0,12.0,0.0,12.0,0.0,0.0,2.9911721774750566
4813,50.0,13.0,0.0,13.0,1.0,0.19166078110951457,3.182832958584571
4814,50.0,14.0,0.0,14.0,6.0,0.31122773400729964,3.4940606925918707
4815,50.0,15.0,0.0,15.0,5.0,0.0,3.4940606925918707
4816,50.0,16.0,0.0,16.0,7.0,0.12720264438925566,3.6212633369811265
4817,50.0,17.0,0.0,17.0,6.0,0.060843244270408124,3.6821065812515346
4818,50.0,18.0,0.0,18.0,4.0,0.05283876478085068,3.734945346032385
4819,50.0,19.0,0.0,19.0,3.0,0.8079320082078706,4.542877354240256
4820,50.0,20.0,0.0,20.0,3.0,0.6012094297445113,5.144086783984767
4821,50.0,21.0,0.0,21.0,3.0,0.45250052602955393,5.59658731001432
4822,50.0,22.0,0.0,22.0,3.0,0.0,5.59658731001432
4823,50.0,23.0,0.0,23.0,3.0,0.0,5.59658731001432
4824,50.0,24.0,0.0,24.0,1.0,0.5506933393432334,6.147280649357554
4825,50.0,25.0,0.0,25.0,1.0,0.21643836357841792,6.363719012935972
4826,50.0,26.0,0.0,26.0,7.0,0.4478551091326492,6.811574122068621
4827,50.0,27.0,0.0,27.0,7.0,0.5091692201750498,7.320743342243671
4828,50.0,28.0,0.0,28.0,7.0,0.4763979432030655,7.797141285446736
4829,50.0,29.0,0.0,29.0,7.0,0.11139279735658204,7.908534082803318
4830,50.0,30.0,0.0,30.0,1.0,0.0,7.908534082803318
4831,50.0,31.0,0.0,31.0,5.0,0.4083245810104282,8.316858663813747
4832,50.0,32.0,0.0,32.0,5.0,0.0,8.316858663813747
4833,50.0,33.0,0.0,33.0,7.0,0.029232001322727855,8.346090665136474
4834,50.0,34.0,0.0,34.0,3.0,0.07352085026470992,8.419611515401185
4835,50.0,35.0,0.0,35.0,2.0,0.03949449756546484,8.45910601296665
4836,50.0,36.0,0.0,36.0,6.0,0.15870422142553076,8.61781023439218
4837,50.0,37.0,0.0,37.0,7.0,0.22951623073539107,8.847326465127573
4838,50.0,38.0,0.0,38.0,3.0,0.008668876753709993,8.855995341881282
4839,50.0,39.0,0.0,39.0,0.0,0.3183974634663721,9.174392805347654
4840,50.0,40.0,0.0,40.0,0.0,0.5491263248112521,9.723519130158907
4841,50.0,41.0,0.0,41.0,0.0,0.22870024692555282,9.952219377084461
4842,50.0,42.0,0.0,42.0,0.0,0.05684979826683998,10.009069175351302
4843,50.0,43.0,0.0,43.0,5.0,0.0,10.009069175351302
4844,50.0,44.0,0.0,44.0,1.0,0.11184940162260157,10.120918576973903
4845,50.0,45.0,0.0,45.0,7.0,0.15884992243992793,10.27976849941383
4846,50.0,46.0,0.0,46.0,0.0,0.01491556061691698,10.294684060030747
4847,50.0,47.0,0.0,47.0,6.0,0.5199951664423675,10.814679226473114
4848,50.0,48.0,0.0,48.0,6.0,0.38423498309596005,11.198914209569073
4849,50.0,49.0,0.0,49.0,6.0,0.15948567313383155,11.358399882702905
4850,50.0,50.0,0.0,50.0,6.0,0.08569355050034418,11.44409343320325
4851,50.0,51.0,0.0,51.0,7.0,0.7375721814246866,12.181665614627937
4852,50.0,52.0,0.0,52.0,7.0,0.2442715151719623,12.425937129799898
4853,50.0,53.0,0.0,53.0,7.0,0.0,12.425937129799898
4854,50.0,54.0,0.0,54.0,3.0,0.01013449636003612,12.436071626159935
4855,50.0,55.0,0.0,55.0,7.0,0.2094357913069121,12.645507417466847
4856,50.0,56.0,0.0,56.0,1.0,0.09271436829694825,12.738221785763795
4857,50.0,57.0,0.0,57.0,5.0,0.049917863914325566,12.78813964967812
4858,50.0,58.0,0.0,58.0,4.0,0.03512950138498507,12.823269151063105
4859,50.0,59.0,0.0,59.0,7.0,0.2908331151793469,13.114102266242451
4860,50.0,60.0,0.0,60.0,6.0,0.43814959519287755,13.552251861435328
4861,50.0,61.0,0.0,61.0,6.0,0.5609494988696637,14.113201360304991
4862,50.0,62.0,0.0,62.0,6.0,0.05187143270467871,14.16507279300967
4863,50.0,63.0,0.0,63.0,6.0,0.3731406200505958,14.538213413060266
4864,50.0,64.0,0.0,64.0,6.0,0.0,14.538213413060266
4865,50.0,65.0,0.0,65.0,7.0,0.12476591514236375,14.66297932820263
4866,50.0,66.0,0.0,66.0,7.0,0.24291591879383728,14.905895246996467
4867,50.0,67.0,0.0,67.0,3.0,0.2285348190821269,15.134430066078593
4868,50.0,68.0,0.0,68.0,6.0,0.1370475401392327,15.271477606217825
4869,50.0,69.0,0.0,69.0,7.0,0.4259437601209804,15.697421366338805
4870,50.0,70.0,0.0,70.0,7.0,0.0,15.697421366338805
4871,50.0,71.0,0.0,71.0,0.0,0.0,15.697421366338805
4872,50.0,72.0,0.0,72.0,3.0,0.25537726099248537,15.95279862733129
4873,50.0,73.0,0.0,73.0,1.0,0.2336797832809992,16.18647841061229
4874,50.0,74.0,0.0,74.0,3.0,0.31273620845765815,16.499214619069946
4875,50.0,75.0,0.0,75.0,3.0,0.06695124930527994,16.566165868375226
4876,50.0,76.0,0.0,76.0,5.0,0.27855042756309173,16.84471629593832
4877,50.0,77.0,0.0,77.0,6.0,0.2888924503251035,17.133608746263423
4878,50.0,78.0,0.0,78.0,5.0,0.21528111200447786,17.348889858267903
4879,50.0,79.0,0.0,79.0,1.0,0.028670031367413643,17.377559889635318
4880,50.0,80.0,0.0,80.0,7.0,0.3522479878918014,17.72980787752712
4881,50.0,81.0,0.0,81.0,7.0,0.6946860763679339,18.424493953895052
4882,50.0,82.0,0.0,82.0,7.0,0.11533761676746272,18.539831570662514
4883,50.0,83.0,0.0,83.0,7.0,0.0741373058509058,18.613968876513418
4884,50.0,84.0,0.0,84.0,6.0,0.45661860173922436,19.07058747825264
4885,50.0,85.0,0.0,85.0,6.0,0.46120539576978026,19.531792874022422
4886,50.0,86.0,0.0,86.0,6.0,0.14418838926849195,19.675981263290915
4887,50.0,87.0,0.0,87.0,6.0,0.23958507229734452,19.91556633558826
4888,50.0,88.0,0.0,88.0,6.0,0.2380098281042837,20.15357616369254
4889,50.0,89.0,0.0,89.0,7.0,0.3523297046050333,20.505905868297575
4890,50.0,90.0,0.0,90.0,7.0,0.0,20.505905868297575
4891,50.0,91.0,0.0,91.0,6.0,0.528994261355651,21.034900129653227
4892,50.0,92.0,0.0,92.0,6.0,0.0,21.034900129653227
4893,50.0,93.0,0.0,93.0,2.0,0.1113616455486472,21.146261775201875
4894,50.0,94.0,0.0,94.0,5.0,0.012731154762606778,21.158992929964484
4895,50.0,95.0,0.0,95.0,6.0,0.29928972735028064,21.458282657314765
4896,51.0,0.0,0.0,0.0,0.0,0.12325565854824504,0.12325565854824504
4897,51.0,1.0,0.0,1.0,1.0,0.0,0.12325565854824504
4898,51.0,2.0,0.0,2.0,2.0,0.2052375345025933,0.32849319305083835
4899,51.0,3.0,0.0,3.0,3.0,0.22459010399443233,0.5530832970452707
4900,51.0,4.0,0.0,4.0,4.0,0.062174288129666674,0.6152575851749373
4901,51.0,5.0,0.0,5.0,5.0,0.15143727500736548,0.7666948601823028
4902,51.0,6.0,0.0,6.0,6.0,0.46621206372626145,1.2329069239085642
4903,51.0,7.0,0.0,7.0,7.0,0.6946860763679339,1.927593000276498
4904,51.0,8.0,0.0,8.0,7.0,0.14518903393281696,2.072782034209315
4905,51.0,9.0,0.0,9.0,6.0,0.470561563191029,2.543343597400344
4906,51.0,10.0,0.0,10.0,6.0,0.05187143270467871,2.5952150301050225
4907,51.0,11.0,0.0,11.0,7.0,0.08845181773763568,2.6836668478426584
4908,51.0,12.0,0.0,12.0,3.0,0.4903446086842321,3.1740114565268907
4909,51.0,13.0,0.0,13.0,3.0,0.12846371562476425,3.302475172151655
4910,51.0,14.0,0.0,14.0,2.0,0.6213972006776474,3.9238723728293023
4911,51.0,15.0,0.0,15.0,2.0,0.13810536010235094,4.061977732931653
4912,51.0,16.0,0.0,16.0,5.0,0.0,4.061977732931653
4913,51.0,17.0,0.0,17.0,0.0,0.01490140434742535,4.076879137279078
4914,51.0,18.0,0.0,18.0,6.0,0.3731406200505958,4.450019757329674
4915,51.0,19.0,0.0,19.0,2.0,0.0009678536600830689,4.450987610989757
4916,51.0,20.0,0.0,20.0,7.0,0.05537060155804675,4.506358212547804
4917,51.0,21.0,0.0,21.0,6.0,0.46761061637242407,4.973968828920228
4918,51.0,22.0,0.0,22.0,6.0,0.5609494988696637,5.5349183277898915
4919,51.0,23.0,0.0,23.0,6.0,0.08544920153663012,5.620367529326521
4920,51.0,24.0,0.0,24.0,3.0,0.042142145651259406,5.66250967497778
4921,51.0,25.0,0.0,25.0,4.0,0.36899642420942863,6.031506099187209
4922,51.0,26.0,0.0,26.0,4.0,0.0,6.031506099187209
4923,51.0,27.0,0.0,27.0,6.0,0.23042860433100323,6.261934703518212
4924,51.0,28.0,0.0,28.0,6.0,0.18216968160881716,6.444104385127029
4925,51.0,29.0,0.0,29.0,1.0,0.16259328171919027,6.60669766684622
4926,51.0,30.0,0.0,30.0,7.0,0.0,6.60669766684622
4927,51.0,31.0,0.0,31.0,2.0,0.4472118799386729,7.053909546784893
4928,51.0,32.0,0.0,32.0,2.0,0.30371061480436934,7.357620161589262
4929,51.0,33.0,0.0,33.0,2.0,0.15436321182083243,7.511983373410094
4930,51.0,34.0,0.0,34.0,6.0,0.5415728013366148,8.053556174746708
4931,51.0,35.0,0.0,35.0,6.0,0.38478252254705636,8.438338697293764
4932,51.0,36.0,0.0,36.0,6.0,0.0,8.438338697293764
4933,51.0,37.0,0.0,37.0,3.0,0.24065638461266484,8.678995081906429
4934,51.0,38.0,0.0,38.0,6.0,0.10821198863204971,8.787207070538479
4935,51.0,39.0,0.0,39.0,2.0,0.153056971216033,8.940264041754512
4936,51.0,40.0,0.0,40.0,3.0,0.05696293260850334,8.997226974363015
4937,51.0,41.0,0.0,41.0,6.0,0.7377651793174987,9.734992153680514
4938,51.0,42.0,0.0,42.0,6.0,0.10776919275082603,9.84276134643134
4939,51.0,43.0,0.0,43.0,6.0,0.18466604549596066,10.0274273919273
4940,51.0,44.0,0.0,44.0,1.0,0.2129057638025988,10.2403331557299
4941,51.0,45.0,0.0,45.0,6.0,0.09243667781140737,10.332769833541308
4942,51.0,46.0,0.0,46.0,4.0,0.01616105790717103,10.348930891448479
4943,51.0,47.0,0.0,47.0,2.0,0.0,10.348930891448479
4944,51.0,48.0,0.0,48.0,5.0,0.061655103827774414,10.410585995276254
4945,51.0,49.0,0.0,49.0,0.0,0.10953556120793838,10.520121556484192
4946,51.0,50.0,0.0,50.0,7.0,0.24291591879383728,10.76303747527803
4947,51.0,51.0,0.0,51.0,6.0,0.45863258329410067,11.22167005857213
4948,51.0,52.0,0.0,52.0,6.0,0.2380098281042837,11.459679886676414
4949,51.0,53.0,0.0,53.0,6.0,0.08326994649709853,11.542949833173513
4950,51.0,54.0,0.0,54.0,1.0,0.1250648719057287,11.66801470507924
4951,51.0,55.0,0.0,55.0,7.0,0.15727691362384175,11.825291618703082
4952,51.0,56.0,0.0,56.0,6.0,0.012116503352960235,11.837408122056042
4953,51.0,57.0,0.0,57.0,3.0,0.025510018405371447,11.862918140461414
4954,51.0,58.0,0.0,58.0,2.0,0.3981486247182143,12.261066765179628
4955,51.0,59.0,0.0,59.0,2.0,0.587687788672903,12.848754553852531
4956,51.0,60.0,0.0,60.0,2.0,0.11327101634064082,12.962025570193171
4957,51.0,61.0,0.0,61.0,2.0,0.3004714236147025,13.262496993807874
4958,51.0,62.0,0.0,62.0,2.0,0.0,13.262496993807874
4959,51.0,63.0,0.0,63.0,6.0,0.5048327715259897,13.767329765333864
4960,51.0,64.0,0.0,64.0,6.0,0.592467301916092,14.359797067249955
4961,51.0,65.0,0.0,65.0,6.0,0.46120539576978026,14.821002463019736
4962,51.0,66.0,0.0,66.0,6.0,0.43814959519287755,15.259152058212614
4963,51.0,67.0,0.0,67.0,6.0,0.15948567313383155,15.418637731346445
4964,51.0,68.0,0.0,68.0,6.0,0.0206337541478017,15.439271485494247
4965,51.0,69.0,0.0,69.0,6.0,0.7330812715508707,16.172352757045118
4966,51.0,70.0,0.0,70.0,6.0,0.5398005436791784,16.712153300724296
4967,51.0,71.0,0.0,71.0,6.0,0.23958507229734452,16.95173837302164
4968,51.0,72.0,0.0,72.0,6.0,0.7074564648856323,17.659194837907272
4969,51.0,73.0,0.0,73.0,6.0,0.0,17.659194837907272
4970,51.0,74.0,0.0,74.0,6.0,0.0,17.659194837907272
4971,51.0,75.0,0.0,75.0,6.0,0.36348110977950954,18.022675947686782
4972,51.0,76.0,0.0,76.0,6.0,0.060843244270408124,18.08351919195719
4973,51.0,77.0,0.0,77.0,6.0,0.2245370227069958,18.308056214664187
4974,51.0,78.0,0.0,78.0,7.0,0.5091692201750498,18.817225434839237
4975,51.0,79.0,0.0,79.0,7.0,0.03880437980675808,18.856029814645996
4976,51.0,80.0,0.0,80.0,6.0,0.012576657579367172,18.868606472225363
4977,51.0,81.0,0.0,81.0,7.0,0.1578071467912929,19.026413619016655
4978,51.0,82.0,0.0,82.0,2.0,0.5927850394971269,19.61919865851378
4979,51.0,83.0,0.0,83.0,2.0,0.0072074941480090105,19.62640615266179
4980,51.0,84.0,0.0,84.0,6.0,0.398606424860819,20.02501257752261
4981,51.0,85.0,0.0,85.0,6.0,0.351198302995685,20.376210880518293
4982,51.0,86.0,0.0,86.0,6.0,0.0,20.376210880518293
4983,51.0,87.0,0.0,87.0,2.0,0.17377914745726974,20.549990027975564
4984,51.0,88.0,0.0,88.0,1.0,0.14300684882151335,20.69299687679708
4985,51.0,89.0,0.0,89.0,0.0,0.029504875610971003,20.72250175240805
4986,51.0,90.0,0.0,90.0,6.0,0.1440283701753274,20.866530122583377
4987,51.0,91.0,0.0,91.0,2.0,0.10287625647900679,20.969406379062384
4988,51.0,92.0,0.0,92.0,7.0,0.4410508038344497,21.410457182896835
4989,51.0,93.0,0.0,93.0,7.0,0.2094357913069121,21.619892974203747
4990,51.0,94.0,0.0,94.0,7.0,0.22951623073539107,21.84940920493914
4991,51.0,95.0,0.0,95.0,7.0,0.45898782090217066,22.30839702584131
4992,52.0,0.0,0.0,0.0,0.0,0.07987026212693644,0.07987026212693644
4993,52.0,1.0,0.0,1.0,1.0,0.38990649885735673,0.46977676098429316
4994,52.0,2.0,0.0,2.0,2.0,0.1905422112228126,0.6603189722071058
4995,52.0,3.0,0.0,3.0,3.0,0.12697042011696535,0.7872893923240711
4996,52.0,4.0,0.0,4.0,4.0,0.0,0.7872893923240711
4997,52.0,5.0,0.0,5.0,5.0,0.07826673374384487,0.865556126067916
4998,52.0,6.0,0.0,6.0,6.0,0.754797882045112,1.6203540081130279
4999,52.0,7.0,0.0,7.0,7.0,0.008325910589010882,1.6286799187020387
5000,52.0,8.0,0.0,8.0,6.0,0.5721185095518746,2.200798428253913
5001,52.0,9.0,0.0,9.0,6.0,0.36348110977950954,2.5642795380334227
5002,52.0,10.0,0.0,10.0,1.0,0.9645942569749285,3.528873795008351
5003,52.0,11.0,0.0,11.0,1.0,0.09468128799662574,3.6235550830049768
5004,52.0,12.0,0.0,12.0,6.0,0.0,3.6235550830049768
5005,52.0,13.0,0.0,13.0,1.0,0.004865038927265206,3.628420121932242
5006,52.0,14.0,0.0,14.0,2.0,0.0,3.628420121932242
5007,52.0,15.0,0.0,15.0,6.0,0.308924290481592,3.9373444124138337
5008,52.0,16.0,0.0,16.0,3.0,0.30727719064634834,4.244621603060182
5009,52.0,17.0,0.0,17.0,6.0,0.10821198863204971,4.352833591692232
5010,52.0,18.0,0.0,18.0,1.0,0.1252470864872485,4.47808067817948
5011,52.0,19.0,0.0,19.0,0.0,0.029504875610971003,4.507585553790451
5012,52.0,20.0,0.0,20.0,5.0,0.0,4.507585553790451
5013,52.0,21.0,0.0,21.0,3.0,0.23503314504653663,4.742618698836988
5014,52.0,22.0,0.0,22.0,6.0,0.41014276344445866,5.152761462281446
5015,52.0,23.0,0.0,23.0,6.0,0.07179891276627816,5.224560375047724
5016,52.0,24.0,0.0,24.0,1.0,0.29471142430324837,5.519271799350972
5017,52.0,25.0,0.0,25.0,1.0,0.0,5.519271799350972
5018,52.0,26.0,0.0,26.0,3.0,0.0,5.519271799350972
5019,52.0,27.0,0.0,27.0,7.0,0.04103739105239522,5.560309190403367
5020,52.0,28.0,0.0,28.0,6.0,0.31122773400729964,5.871536924410667
5021,52.0,29.0,0.0,29.0,4.0,0.5189731442966758,6.390510068707343
5022,52.0,30.0,0.0,30.0,4.0,0.5318065204421886,6.922316589149531
5023,52.0,31.0,0.0,31.0,4.0,0.2742259822986554,7.1965425714481865
5024,52.0,32.0,0.0,32.0,4.0,0.014489782945512395,7.211032354393699
5025,52.0,33.0,0.0,33.0,4.0,0.3628567677526115,7.57388912214631
5026,52.0,34.0,0.0,34.0,6.0,0.5211461016164569,8.095035223762768
5027,52.0,35.0,0.0,35.0,6.0,0.23042860433100323,8.32546382809377
5028,52.0,36.0,0.0,36.0,4.0,0.01616105790717103,8.341624886000941
5029,52.0,37.0,0.0,37.0,6.0,0.0206337541478017,8.362258640148744
5030,52.0,38.0,0.0,38.0,1.0,0.11675306462359378,8.479011704772338
5031,52.0,39.0,0.0,39.0,6.0,0.060843244270408124,8.539854949042747
5032,52.0,40.0,0.0,40.0,2.0,0.587687788672903,9.12754273771565
5033,52.0,41.0,0.0,41.0,2.0,0.08011626779528125,9.207659005510932
5034,52.0,42.0,0.0,42.0,2.0,0.3746667969555425,9.582325802466475
5035,52.0,43.0,0.0,43.0,2.0,0.0,9.582325802466475
5036,52.0,44.0,0.0,44.0,4.0,0.5243230454212805,10.106648847887755
5037,52.0,45.0,0.0,45.0,4.0,0.041223720141801624,10.147872568029555
5038,52.0,46.0,0.0,46.0,6.0,0.02152766918353003,10.169400237213086
5039,52.0,47.0,0.0,47.0,1.0,0.05668020652621607,10.226080443739303
5040,52.0,48.0,0.0,48.0,4.0,0.45159698088013056,10.677677424619434
5041,52.0,49.0,0.0,49.0,4.0,0.3541487541408539,11.031826178760287
5042,52.0,50.0,0.0,50.0,4.0,0.786538645224503,11.81836482398479
5043,52.0,51.0,0.0,51.0,4.0,0.26227852312629674,12.080643347111087
5044,52.0,52.0,0.0,52.0,4.0,0.3406652420848293,12.421308589195917
5045,52.0,53.0,0.0,53.0,4.0,0.3845164824990986,12.805825071695015
5046,52.0,54.0,0.0,54.0,4.0,0.05778005683271747,12.863605128527732
5047,52.0,55.0,0.0,55.0,4.0,0.0456160838408476,12.90922121236858
5048,52.0,56.0,0.0,56.0,3.0,0.31273620845765815,13.221957420826238
5049,52.0,57.0,0.0,57.0,3.0,0.45250052602955393,13.674457946855792
5050,52.0,58.0,0.0,58.0,3.0,0.24065638461266484,13.915114331468457
5051,52.0,59.0,0.0,59.0,3.0,0.13611159388976898,14.051225925358226
5052,52.0,60.0,0.0,60.0,4.0,0.062174288129666674,14.113400213487893
5053,52.0,61.0,0.0,61.0,2.0,0.0,14.113400213487893
5054,52.0,62.0,0.0,62.0,0.0,0.04177638852618539,14.155176602014079
5055,52.0,63.0,0.0,63.0,3.0,0.27104019678738106,14.426216798801459
5056,52.0,64.0,0.0,64.0,6.0,0.2030643176852566,14.629281116486716
5057,52.0,65.0,0.0,65.0,3.0,0.07173524956865848,14.701016366055374
5058,52.0,66.0,0.0,66.0,4.0,0.0,14.701016366055374
5059,52.0,67.0,0.0,67.0,1.0,0.5459856231058668,15.247001989161241
5060,52.0,68.0,0.0,68.0,1.0,0.35164524988197277,15.598647239043213
5061,52.0,69.0,0.0,69.0,1.0,0.5506933393432334,16.149340578386447
5062,52.0,70.0,0.0,70.0,1.0,0.5350809140500077,16.684421492436453
5063,52.0,71.0,0.0,71.0,1.0,0.44922488554479406,17.133646377981247
5064,52.0,72.0,0.0,72.0,1.0,0.39739577573671786,17.531042153717966
5065,52.0,73.0,0.0,73.0,1.0,0.23376214866150832,17.764804302379474
5066,52.0,74.0,0.0,74.0,1.0,0.16259328171919027,17.927397584098664
5067,52.0,75.0,0.0,75.0,1.0,0.15694390699350397,18.084341491092168
5068,52.0,76.0,0.0,76.0,1.0,0.2336797832809992,18.318021274373166
5069,52.0,77.0,0.0,77.0,1.0,0.2107072265151842,18.52872850088835
5070,52.0,78.0,0.0,78.0,1.0,0.0,18.52872850088835
5071,52.0,79.0,0.0,79.0,6.0,0.4832391209848758,19.011967621873225
5072,52.0,80.0,0.0,80.0,6.0,0.05187143270467871,19.063839054577905
5073,52.0,81.0,0.0,81.0,5.0,0.3039231620092401,19.367762216587145
5074,52.0,82.0,0.0,82.0,5.0,0.33067682826060296,19.69843904484775
5075,52.0,83.0,0.0,83.0,5.0,0.3368873886964404,20.03532643354419
5076,52.0,84.0,0.0,84.0,5.0,0.15143727500736548,20.186763708551553
5077,52.0,85.0,0.0,85.0,5.0,0.38483968791955336,20.571603396471104
5078,52.0,86.0,0.0,86.0,5.0,0.13948261044307597,20.71108600691418
5079,52.0,87.0,0.0,87.0,5.0,0.49945965498331496,21.210545661897495
5080,52.0,88.0,0.0,88.0,5.0,0.3614743312712399,21.572019993168734
5081,52.0,89.0,0.0,89.0,5.0,0.3655504969632712,21.937570490132003
5082,52.0,90.0,0.0,90.0,5.0,0.1271290746976771,22.06469956482968
5083,52.0,91.0,0.0,91.0,5.0,0.2248680210661569,22.28956758589584
5084,52.0,92.0,0.0,92.0,5.0,0.1510381477286157,22.440605733624455
5085,52.0,93.0,0.0,93.0,1.0,0.14690456218978679,22.58751029581424
5086,52.0,94.0,0.0,94.0,6.0,0.19237477602684144,22.779885071841083
5087,52.0,95.0,0.0,95.0,5.0,0.0,22.779885071841083
5088,53.0,0.0,0.0,0.0,0.0,0.07365740875287344,0.07365740875287344
5089,53.0,1.0,0.0,1.0,1.0,0.2923975416172881,0.36605495037016156
5090,53.0,2.0,0.0,2.0,2.0,0.16196479063327046,0.528019741003432
5091,53.0,3.0,0.0,3.0,3.0,0.5930123040989156,1.1210320451023477
5092,53.0,4.0,0.0,4.0,4.0,0.07128856318987772,1.1923206082922253
5093,53.0,5.0,0.0,5.0,5.0,0.0,1.1923206082922253
5094,53.0,6.0,0.0,6.0,6.0,0.15870422142553076,1.351024829717756
5095,53.0,7.0,0.0,7.0,7.0,0.6946860763679339,2.0457109060856897
5096,53.0,8.0,0.0,8.0,7.0,0.0056253172433511625,2.051336223329041
5097,53.0,9.0,0.0,9.0,3.0,0.09270862586868636,2.1440448491977273
5098,53.0,10.0,0.0,10.0,1.0,0.2107072265151842,2.3547520757129115
5099,53.0,11.0,0.0,11.0,7.0,0.0,2.3547520757129115
5100,53.0,12.0,0.0,12.0,3.0,0.03301525633795021,2.3877673320508617
5101,53.0,13.0,0.0,13.0,2.0,0.5537602076296071,2.941527539680469
5102,53.0,14.0,0.0,14.0,2.0,0.1588172883297803,3.1003448280102495
5103,53.0,15.0,0.0,15.0,6.0,0.592467301916092,3.6928121299263417
5104,53.0,16.0,0.0,16.0,6.0,0.2245370227069958,3.9173491526333373
5105,53.0,17.0,0.0,17.0,6.0,0.08326994649709853,4.000619099130436
5106,53.0,18.0,0.0,18.0,1.0,0.29471142430324837,4.295330523433684
5107,53.0,19.0,0.0,19.0,2.0,0.3004714236147025,4.595801947048386
5108,53.0,20.0,0.0,20.0,0.0,0.1379763011203817,4.733778248168768
5109,53.0,21.0,0.0,21.0,4.0,0.0,4.733778248168768
5110,53.0,22.0,0.0,22.0,1.0,0.29156994495680316,5.025348193125572
5111,53.0,23.0,0.0,23.0,2.0,0.1905422112228126,5.215890404348384
5112,53.0,24.0,0.0,24.0,3.0,0.0,5.215890404348384
5113,53.0,25.0,0.0,25.0,1.0,0.04845925959332829,5.264349663941712
5114,53.0,26.0,0.0,26.0,7.0,0.45856256848509114,5.722912232426804
5115,53.0,27.0,0.0,27.0,7.0,0.0372746347292418,5.760186867156046
5116,53.0,28.0,0.0,28.0,6.0,0.38478252254705636,6.144969389703102
5117,53.0,29.0,0.0,29.0,6.0,0.0,6.144969389703102
5118,53.0,30.0,0.0,30.0,5.0,0.1271290746976771,6.27209846440078
5119,53.0,31.0,0.0,31.0,2.0,0.4472118799386729,6.719310344339453
5120,53.0,32.0,0.0,32.0,2.0,0.2992414906149762,7.01855183495443
5121,53.0,33.0,0.0,33.0,2.0,0.05071475147700608,7.069266586431436
5122,53.0,34.0,0.0,34.0,7.0,0.21001575520798305,7.279282341639418
5123,53.0,35.0,0.0,35.0,0.0,0.12364928192121198,7.40293162356063
5124,53.0,36.0,0.0,36.0,1.0,0.03476387852119797,7.437695502081828
5125,53.0,37.0,0.0,37.0,2.0,0.273959930967197,7.7116554330490255
5126,53.0,38.0,0.0,38.0,6.0,0.5609494988696637,8.27260493191869
5127,53.0,39.0,0.0,39.0,6.0,0.08473142129368774,8.357336353212377
5128,53.0,40.0,0.0,40.0,7.0,0.0,8.357336353212377
5129,53.0,41.0,0.0,41.0,6.0,0.060843244270408124,8.418179597482785
5130,53.0,42.0,0.0,42.0,2.0,0.14626881783373236,8.564448415316518
5131,53.0,43.0,0.0,43.0,3.0,0.042142145651259406,8.606590560967778
5132,53.0,44.0,0.0,44.0,5.0,0.0,8.606590560967778
5133,53.0,45.0,0.0,45.0,2.0,0.0,8.606590560967778
5134,53.0,46.0,0.0,46.0,6.0,0.43814959519287755,9.044740156160655
5135,53.0,47.0,0.0,47.0,6.0,0.5048327715259897,9.549572927686645
5136,53.0,48.0,0.0,48.0,6.0,0.23958507229734452,9.78915799998399
5137,53.0,49.0,0.0,49.0,6.0,0.0,9.78915799998399
5138,53.0,50.0,0.0,50.0,0.0,0.0,9.78915799998399
5139,53.0,51.0,0.0,51.0,1.0,0.0,9.78915799998399
5140,53.0,52.0,0.0,52.0,6.0,0.06692797541129325,9.856085975395283
5141,53.0,53.0,0.0,53.0,7.0,0.45690301731070837,10.312988992705991
5142,53.0,54.0,0.0,54.0,7.0,0.15727691362384175,10.470265906329832
5143,53.0,55.0,0.0,55.0,7.0,0.4573021530267772,10.92756805935661
5144,53.0,56.0,0.0,56.0,7.0,0.14518903393281696,11.072757093289427
5145,53.0,57.0,0.0,57.0,4.0,0.004890111547855993,11.077647204837284
5146,53.0,58.0,0.0,58.0,7.0,0.5091692201750498,11.586816425012334
5147,53.0,59.0,0.0,59.0,7.0,0.0,11.586816425012334
5148,53.0,60.0,0.0,60.0,2.0,0.27508209868767286,11.861898523700006
5149,53.0,61.0,0.0,61.0,2.0,0.01598791051695434,11.877886434216961
5150,53.0,62.0,0.0,62.0,7.0,0.4410508038344497,12.318937238051411
5151,53.0,63.0,0.0,63.0,7.0,0.5762895628867217,12.895226800938133
5152,53.0,64.0,0.0,64.0,7.0,0.1302687467552846,13.025495547693417
5153,53.0,65.0,0.0,65.0,7.0,0.09917719492813658,13.124672742621554
5154,53.0,66.0,0.0,66.0,7.0,0.037894009123875756,13.16256675174543
5155,53.0,67.0,0.0,67.0,6.0,0.14418838926849195,13.306755141013923
5156,53.0,68.0,0.0,68.0,3.0,0.10133948080521624,13.408094621819139
5157,53.0,69.0,0.0,69.0,6.0,0.2355975950006196,13.643692216819758
5158,53.0,70.0,0.0,70.0,7.0,0.26478666827767994,13.908478885097438
5159,53.0,71.0,0.0,71.0,6.0,0.18788376889070377,14.096362653988141
5160,53.0,72.0,0.0,72.0,7.0,0.0459894712458177,14.142352125233959
5161,53.0,73.0,0.0,73.0,2.0,0.20274467364983373,14.345096798883793
5162,53.0,74.0,0.0,74.0,1.0,0.09468128799662574,14.439778086880418
5163,53.0,75.0,0.0,75.0,6.0,0.019802180604578484,14.459580267484997
5164,53.0,76.0,0.0,76.0,2.0,0.04195847045540713,14.501538737940404
5165,53.0,77.0,0.0,77.0,7.0,0.0,14.501538737940404
5166,53.0,78.0,0.0,78.0,3.0,0.108472937332383,14.610011675272787
5167,53.0,79.0,0.0,79.0,6.0,0.5415728013366148,15.151584476609402
5168,53.0,80.0,0.0,80.0,6.0,0.2676282183690528,15.419212694978455
5169,53.0,81.0,0.0,81.0,6.0,0.20104993189686238,15.620262626875318
5170,53.0,82.0,0.0,82.0,6.0,0.18216968160881716,15.802432308484136
5171,53.0,83.0,0.0,83.0,6.0,0.09243667781140737,15.894868986295544
5172,53.0,84.0,0.0,84.0,2.0,0.03427022523850223,15.929139211534046
5173,53.0,85.0,0.0,85.0,1.0,0.09271436829694825,16.021853579830996
5174,53.0,86.0,0.0,86.0,7.0,0.08082649885896648,16.10268007868996
5175,53.0,87.0,0.0,87.0,0.0,0.0,16.10268007868996
5176,53.0,88.0,0.0,88.0,6.0,0.10776919275082603,16.210449271440787
5177,53.0,89.0,0.0,89.0,5.0,0.6430608029323872,16.853510074373173
5178,53.0,90.0,0.0,90.0,5.0,0.02856175595510002,16.88207183032827
5179,53.0,91.0,0.0,91.0,5.0,0.015747168809085662,16.897818999137357
5180,53.0,92.0,0.0,92.0,5.0,0.4083245810104282,17.306143580147786
5181,53.0,93.0,0.0,93.0,5.0,0.2501458808505047,17.55628946099829
5182,53.0,94.0,0.0,94.0,5.0,0.0,17.55628946099829
5183,53.0,95.0,0.0,95.0,5.0,0.03503381451770802,17.591323275515997
5184,54.0,0.0,0.0,0.0,0.0,0.47815931578689846,0.47815931578689846
5185,54.0,1.0,0.0,1.0,1.0,0.5191650371090091,0.9973243528959075
5186,54.0,2.0,0.0,2.0,2.0,0.5913394163650157,1.5886637692609233
5187,54.0,3.0,0.0,3.0,3.0,0.07896543589840778,1.667629205159331
5188,54.0,4.0,0.0,4.0,4.0,0.3482376111706019,2.015866816329933
5189,54.0,5.0,0.0,5.0,5.0,0.38817062381795203,2.404037440147885
5190,54.0,6.0,0.0,6.0,6.0,0.19330425654839078,2.597341696696276
5191,54.0,7.0,0.0,7.0,7.0,0.008325910589010882,2.605667607285287
5192,54.0,8.0,0.0,8.0,2.0,0.17796714865995647,2.7836347559452435
5193,54.0,9.0,0.0,9.0,1.0,0.15225671869257557,2.935891474637819
5194,54.0,10.0,0.0,10.0,0.0,0.17361444276394056,3.1095059174017594
5195,54.0,11.0,0.0,11.0,5.0,0.15788754467582478,3.2673934620775844
5196,54.0,12.0,0.0,12.0,4.0,0.1365648802244922,3.4039583423020767
5197,54.0,13.0,0.0,13.0,2.0,0.5927850394971269,3.9967433817992037
5198,54.0,14.0,0.0,14.0,2.0,0.0072074941480090105,4.003950875947213
5199,54.0,15.0,0.0,15.0,6.0,0.18788376889070377,4.1918346448379165
5200,54.0,16.0,0.0,16.0,1.0,0.5350809140500077,4.726915558887924
5201,54.0,17.0,0.0,17.0,1.0,0.9959745150176808,5.722890073905605
5202,54.0,18.0,0.0,18.0,1.0,0.7864352531193769,6.509325327024982
5203,54.0,19.0,0.0,19.0,1.0,0.1735308598711164,6.682856186896098
5204,54.0,20.0,0.0,20.0,1.0,0.29156994495680316,6.974426131852901
5205,54.0,21.0,0.0,21.0,1.0,0.11675306462359378,7.091179196476495
5206,54.0,22.0,0.0,22.0,0.0,0.0,7.091179196476495
5207,54.0,23.0,0.0,23.0,5.0,0.4331310121324684,7.524310208608964
5208,54.0,24.0,0.0,24.0,1.0,0.025530299644546818,7.549840508253511
5209,54.0,25.0,0.0,25.0,5.0,0.490234345716472,8.040074853969983
5210,54.0,26.0,0.0,26.0,5.0,0.0908247463196243,8.130899600289608
5211,54.0,27.0,0.0,27.0,4.0,0.786538645224503,8.917438245514111
5212,54.0,28.0,0.0,28.0,4.0,0.08739218446663143,9.004830429980743
5213,54.0,29.0,0.0,29.0,2.0,0.15868138789215788,9.1635118178729
5214,54.0,30.0,0.0,30.0,4.0,0.0,9.1635118178729
5215,54.0,31.0,0.0,31.0,3.0,0.108472937332383,9.271984755205283
5216,54.0,32.0,0.0,32.0,1.0,0.03476387852119797,9.306748633726482
5217,54.0,33.0,0.0,33.0,6.0,0.2624626141648409,9.569211247891323
5218,54.0,34.0,0.0,34.0,5.0,0.0,9.569211247891323
5219,54.0,35.0,0.0,35.0,2.0,0.7068413165322392,10.276052564423562
5220,54.0,36.0,0.0,36.0,2.0,0.21976599108420175,10.495818555507764
5221,54.0,37.0,0.0,37.0,2.0,0.31838380442486014,10.814202359932624
5222,54.0,38.0,0.0,38.0,2.0,0.0,10.814202359932624
5223,54.0,39.0,0.0,39.0,1.0,0.023156626925220768,10.837358986857845
5224,54.0,40.0,0.0,40.0,7.0,0.06166327491542525,10.89902226177327
5225,54.0,41.0,0.0,41.0,0.0,0.0,10.89902226177327
5226,54.0,42.0,0.0,42.0,6.0,0.18216968160881716,11.081191943382088
5227,54.0,43.0,0.0,43.0,4.0,0.10013514850155053,11.181327091883638
5228,54.0,44.0,0.0,44.0,1.0,0.0772841125499467,11.258611204433585
5229,54.0,45.0,0.0,45.0,2.0,0.0,11.258611204433585
5230,54.0,46.0,0.0,46.0,5.0,0.2548228037622788,11.513434008195864
5231,54.0,47.0,0.0,47.0,6.0,0.7377651793174987,12.251199187513363
5232,54.0,48.0,0.0,48.0,6.0,0.019802180604578484,12.271001368117942
5233,54.0,49.0,0.0,49.0,6.0,0.46120539576978026,12.732206763887723
5234,54.0,50.0,0.0,50.0,6.0,0.0,12.732206763887723
5235,54.0,51.0,0.0,51.0,1.0,0.39051636555348407,13.122723129441207
5236,54.0,52.0,0.0,52.0,1.0,0.5325149437924254,13.655238073233631
5237,54.0,53.0,0.0,53.0,1.0,0.11896244309851166,13.774200516332144
5238,54.0,54.0,0.0,54.0,5.0,0.1988526429963335,13.973053159328478
5239,54.0,55.0,0.0,55.0,1.0,0.04317602104936086,14.016229180377838
5240,54.0,56.0,0.0,56.0,3.0,0.3124487689648274,14.328677949342666
5241,54.0,57.0,0.0,57.0,3.0,0.26702269374071647,14.595700643083383
5242,54.0,58.0,0.0,58.0,4.0,0.0,14.595700643083383
5243,54.0,59.0,0.0,59.0,3.0,0.2032469793155898,14.798947622398973
5244,54.0,60.0,0.0,60.0,2.0,0.6257180907935707,15.424665713192544
5245,54.0,61.0,0.0,61.0,2.0,0.4898575650501079,15.914523278242653
5246,54.0,62.0,0.0,62.0,2.0,0.6213972006776474,16.5359204789203
5247,54.0,63.0,0.0,63.0,2.0,0.5259817321483307,17.06190221106863
5248,54.0,64.0,0.0,64.0,2.0,0.0,17.06190221106863
5249,54.0,65.0,0.0,65.0,2.0,0.3981486247182143,17.460050835786845
5250,54.0,66.0,0.0,66.0,2.0,0.6027562012237242,18.062807037010568
5251,54.0,67.0,0.0,67.0,2.0,0.40138850547070165,18.46419554248127
5252,54.0,68.0,0.0,68.0,2.0,0.4604115321070168,18.924607074588288
5253,54.0,69.0,0.0,69.0,2.0,0.2052375345025933,19.12984460909088
5254,54.0,70.0,0.0,70.0,2.0,0.20242816608866174,19.332272775179543
5255,54.0,71.0,0.0,71.0,2.0,0.3083246732118922,19.640597448391436
5256,54.0,72.0,0.0,72.0,2.0,0.1670621200099897,19.807659568401426
5257,54.0,73.0,0.0,73.0,2.0,0.047006242528397114,19.854665810929824
5258,54.0,74.0,0.0,74.0,6.0,0.0,19.854665810929824
5259,54.0,75.0,0.0,75.0,5.0,0.049917863914325566,19.904583674844147
5260,54.0,76.0,0.0,76.0,2.0,0.08011626779528125,19.984699942639427
5261,54.0,77.0,0.0,77.0,1.0,0.0,19.984699942639427
5262,54.0,78.0,0.0,78.0,3.0,0.003936487151784531,19.98863642979121
5263,54.0,79.0,0.0,79.0,2.0,0.0,19.98863642979121
5264,54.0,80.0,0.0,80.0,0.0,0.07141833269289534,20.060054762484107
5265,54.0,81.0,0.0,81.0,1.0,0.6458467227103142,20.70590148519442
5266,54.0,82.0,0.0,82.0,1.0,0.32124548368694295,21.027146968881365
5267,54.0,83.0,0.0,83.0,1.0,0.0,21.027146968881365
5268,54.0,84.0,0.0,84.0,2.0,0.587687788672903,21.614834757554267
5269,54.0,85.0,0.0,85.0,2.0,0.482186826413389,22.097021583967656
5270,54.0,86.0,0.0,86.0,2.0,0.05386861899525439,22.15089020296291
5271,54.0,87.0,0.0,87.0,2.0,0.0,22.15089020296291
5272,54.0,88.0,0.0,88.0,1.0,0.0,22.15089020296291
5273,54.0,89.0,0.0,89.0,4.0,0.45159698088013056,22.60248718384304
5274,54.0,90.0,0.0,90.0,4.0,0.0,22.60248718384304
5275,54.0,91.0,0.0,91.0,5.0,0.03503381451770802,22.637520998360745
5276,54.0,92.0,0.0,92.0,6.0,0.19275096950199988,22.830271967862746
5277,54.0,93.0,0.0,93.0,2.0,0.4120778195142538,23.242349787377
5278,54.0,94.0,0.0,94.0,2.0,0.1656307552320488,23.40798054260905
5279,54.0,95.0,0.0,95.0,2.0,0.0,23.40798054260905
5280,55.0,0.0,0.0,0.0,0.0,0.07309551109955656,0.07309551109955656
5281,55.0,1.0,0.0,1.0,1.0,0.18474591588561104,0.2578414269851676
5282,55.0,2.0,0.0,2.0,2.0,0.04961298748480245,0.30745441446997007
5283,55.0,3.0,0.0,3.0,3.0,0.5566120011411148,0.8640664156110849
5284,55.0,4.0,0.0,4.0,4.0,0.3628567677526115,1.2269231833636964
5285,55.0,5.0,0.0,5.0,5.0,0.015747168809085662,1.242670352172782
5286,55.0,6.0,0.0,6.0,6.0,0.23042860433100323,1.4730989565037853
5287,55.0,7.0,0.0,7.0,7.0,0.18383185769136598,1.6569308141951513
5288,55.0,8.0,0.0,8.0,3.0,0.3635186756069499,2.0204494898021013
5289,55.0,9.0,0.0,9.0,4.0,0.0,2.0204494898021013
5290,55.0,10.0,0.0,10.0,3.0,0.6916736699244181,2.712123159726519
5291,55.0,11.0,0.0,11.0,3.0,0.0,2.712123159726519
5292,55.0,12.0,0.0,12.0,6.0,0.18788376889070377,2.900006928617223
5293,55.0,13.0,0.0,13.0,1.0,0.0,2.900006928617223
5294,55.0,14.0,0.0,14.0,7.0,0.0,2.900006928617223
5295,55.0,15.0,0.0,15.0,3.0,0.27979422998214515,3.179801158599368
5296,55.0,16.0,0.0,16.0,3.0,0.1595965695819533,3.3393977281813214
5297,55.0,17.0,0.0,17.0,0.0,0.0,3.3393977281813214
5298,55.0,18.0,0.0,18.0,6.0,0.2091349837990253,3.5485327119803465
5299,55.0,19.0,0.0,19.0,2.0,0.0984534186733431,3.6469861306536897
5300,55.0,20.0,0.0,20.0,3.0,0.028731351967359188,3.675717482621049
5301,55.0,21.0,0.0,21.0,4.0,0.08739218446663143,3.7631096670876802
5302,55.0,22.0,0.0,22.0,5.0,0.38483968791955336,4.147949355007234
5303,55.0,23.0,0.0,23.0,5.0,0.15143727500736548,4.2993866300146
5304,55.0,24.0,0.0,24.0,6.0,0.1440283701753274,4.443415000189927
5305,55.0,25.0,0.0,25.0,3.0,0.056484563299236415,4.499899563489164
5306,55.0,26.0,0.0,26.0,5.0,0.4299809133878022,4.929880476876966
5307,55.0,27.0,0.0,27.0,5.0,0.1189977910814536,5.04887826795842
5308,55.0,28.0,0.0,28.0,1.0,0.2977196118715112,5.346597879829932
5309,55.0,29.0,0.0,29.0,1.0,0.0,5.346597879829932
5310,55.0,30.0,0.0,30.0,7.0,0.0,5.346597879829932
5311,55.0,31.0,0.0,31.0,3.0,0.2285348190821269,5.575132698912059
5312,55.0,32.0,0.0,32.0,5.0,0.4083245810104282,5.983457279922487
5313,55.0,33.0,0.0,33.0,5.0,0.07527754375067446,6.058734823673162
5314,55.0,34.0,0.0,34.0,6.0,0.5064850022994652,6.565219825972627
5315,55.0,35.0,0.0,35.0,6.0,0.2030643176852566,6.768284143657883
5316,55.0,36.0,0.0,36.0,6.0,0.46120539576978026,7.2294895394276635
5317,55.0,37.0,0.0,37.0,6.0,0.12433874510598864,7.353828284533652
5318,55.0,38.0,0.0,38.0,4.0,0.14496949301802708,7.498797777551679
5319,55.0,39.0,0.0,39.0,6.0,0.2676282183690528,7.766425995920732
5320,55.0,40.0,0.0,40.0,3.0,0.0,7.766425995920732
5321,55.0,41.0,0.0,41.0,2.0,0.06114289961588151,7.827568895536613
5322,55.0,42.0,0.0,42.0,6.0,0.46655973523908206,8.294128630775695
5323,55.0,43.0,0.0,43.0,6.0,0.0,8.294128630775695
5324,55.0,44.0,0.0,44.0,5.0,0.13948261044307597,8.433611241218772
5325,55.0,45.0,0.0,45.0,6.0,0.12662947121033713,8.56024071242911
5326,55.0,46.0,0.0,46.0,4.0,0.10013514850155053,8.66037586093066
5327,55.0,47.0,0.0,47.0,3.0,0.31311875945201073,8.97349462038267
5328,55.0,48.0,0.0,48.0,3.0,0.0,8.97349462038267
5329,55.0,49.0,0.0,49.0,5.0,0.25009537864149917,9.223589999024169
5330,55.0,50.0,0.0,50.0,0.0,0.12021065492910031,9.343800653953268
5331,55.0,51.0,0.0,51.0,6.0,0.0,9.343800653953268
5332,55.0,52.0,0.0,52.0,5.0,0.056443085324379784,9.400243739277649
5333,55.0,53.0,0.0,53.0,1.0,0.4208360768007997,9.821079816078448
5334,55.0,54.0,0.0,54.0,1.0,0.5459856231058668,10.367065439184316
5335,55.0,55.0,0.0,55.0,1.0,0.1581141854724727,10.525179624656788
5336,55.0,56.0,0.0,56.0,1.0,0.39739577573671786,10.922575400393505
5337,55.0,57.0,0.0,57.0,1.0,0.21643836357841792,11.139013763971922
5338,55.0,58.0,0.0,58.0,1.0,0.17515766824041448,11.314171432212337
5339,55.0,59.0,0.0,59.0,1.0,0.640526367398124,11.95469779961046
5340,55.0,60.0,0.0,60.0,1.0,0.0,11.95469779961046
5341,55.0,61.0,0.0,61.0,1.0,0.29471142430324837,12.249409223913709
5342,55.0,62.0,0.0,62.0,1.0,0.055820590489851885,12.30522981440356
5343,55.0,63.0,0.0,63.0,1.0,0.23895507602304034,12.544184890426601
5344,55.0,64.0,0.0,64.0,1.0,0.4091289111380489,12.95331380156465
5345,55.0,65.0,0.0,65.0,1.0,0.4978298030149915,13.451143604579642
5346,55.0,66.0,0.0,66.0,1.0,0.05727556146362054,13.508419166043263
5347,55.0,67.0,0.0,67.0,1.0,0.0766334705336081,13.58505263657687
5348,55.0,68.0,0.0,68.0,3.0,0.12697042011696535,13.712023056693836
5349,55.0,69.0,0.0,69.0,6.0,0.39899739331314654,14.111020450006983
5350,55.0,70.0,0.0,70.0,6.0,0.3152014117071101,14.426221861714092
5351,55.0,71.0,0.0,71.0,6.0,0.1350995944228713,14.561321456136964
5352,55.0,72.0,0.0,72.0,4.0,0.35410539327964946,14.915426849416614
5353,55.0,73.0,0.0,73.0,4.0,0.3406652420848293,15.256092091501444
5354,55.0,74.0,0.0,74.0,4.0,0.3541487541408539,15.610240845642297
5355,55.0,75.0,0.0,75.0,4.0,0.786538645224503,16.3967794908668
5356,55.0,76.0,0.0,76.0,4.0,0.0,16.3967794908668
5357,55.0,77.0,0.0,77.0,4.0,0.3376566388633923,16.73443612973019
5358,55.0,78.0,0.0,78.0,4.0,0.45159698088013056,17.18603311061032
5359,55.0,79.0,0.0,79.0,4.0,0.0,17.18603311061032
5360,55.0,80.0,0.0,80.0,4.0,0.20497945959324024,17.39101257020356
5361,55.0,81.0,0.0,81.0,4.0,0.0,17.39101257020356
5362,55.0,82.0,0.0,82.0,4.0,0.04666036375174277,17.437672933955305
5363,55.0,83.0,0.0,83.0,5.0,0.0,17.437672933955305
5364,55.0,84.0,0.0,84.0,6.0,0.2380098281042837,17.675682762059587
5365,55.0,85.0,0.0,85.0,1.0,0.0,17.675682762059587
5366,55.0,86.0,0.0,86.0,2.0,0.537148762474358,18.212831524533946
5367,55.0,87.0,0.0,87.0,2.0,0.2732812363944383,18.486112760928386
5368,55.0,88.0,0.0,88.0,2.0,0.4472118799386729,18.93332464086706
5369,55.0,89.0,0.0,89.0,2.0,0.4833660339380995,19.41669067480516
5370,55.0,90.0,0.0,90.0,2.0,0.4898575650501079,19.90654823985527
5371,55.0,91.0,0.0,91.0,2.0,0.17796714865995647,20.084515388515225
5372,55.0,92.0,0.0,92.0,2.0,0.0,20.084515388515225
5373,55.0,93.0,0.0,93.0,2.0,0.0073944663165102,20.091909854831734
5374,55.0,94.0,0.0,94.0,2.0,0.1656307552320488,20.25754061006378
5375,55.0,95.0,0.0,95.0,2.0,0.0,20.25754061006378
5376,56.0,0.0,0.0,0.0,0.0,0.13959975313410164,0.13959975313410164
5377,56.0,1.0,0.0,1.0,1.0,0.0,0.13959975313410164
5378,56.0,2.0,0.0,2.0,2.0,0.043892043518105,0.18349179665220663
5379,56.0,3.0,0.0,3.0,3.0,0.3124487689648274,0.49594056561703403
5380,56.0,4.0,0.0,4.0,4.0,0.12212621641662968,0.6180667820336637
5381,56.0,5.0,0.0,5.0,5.0,0.0,0.6180667820336637
5382,56.0,6.0,0.0,6.0,6.0,0.3286820084901565,0.9467487905238202
5383,56.0,7.0,0.0,7.0,7.0,0.14046681190174445,1.0872156024255646
5384,56.0,8.0,0.0,8.0,6.0,0.39899739331314654,1.4862129957387111
5385,56.0,9.0,0.0,9.0,3.0,0.17451251960862407,1.6607255153473353
5386,56.0,10.0,0.0,10.0,6.0,0.45863258329410067,2.119358098641436
5387,56.0,11.0,0.0,11.0,6.0,0.525530725813632,2.644888824455068
5388,56.0,12.0,0.0,12.0,6.0,0.4832391209848758,3.1281279454399438
5389,56.0,13.0,0.0,13.0,6.0,0.2355975950006196,3.3637255404405635
5390,56.0,14.0,0.0,14.0,7.0,0.037894009123875756,3.4016195495644395
5391,56.0,15.0,0.0,15.0,0.0,0.0,3.4016195495644395
5392,56.0,16.0,0.0,16.0,4.0,0.619788147899107,4.021407697463546
5393,56.0,17.0,0.0,17.0,4.0,0.35662687216539196,4.378034569628938
5394,56.0,18.0,0.0,18.0,4.0,0.0,4.378034569628938
5395,56.0,19.0,0.0,19.0,6.0,0.3731406200505958,4.751175189679534
5396,56.0,20.0,0.0,20.0,3.0,0.0,4.751175189679534
5397,56.0,21.0,0.0,21.0,6.0,0.2676282183690528,5.018803408048587
5398,56.0,22.0,0.0,22.0,6.0,0.398606424860819,5.4174098329094065
5399,56.0,23.0,0.0,23.0,6.0,0.709114106247022,6.126523939156429
5400,56.0,24.0,0.0,24.0,6.0,0.45154853925075483,6.578072478407184
5401,56.0,25.0,0.0,25.0,6.0,0.5048327715259897,7.082905249933173
5402,56.0,26.0,0.0,26.0,6.0,0.5609494988696637,7.643854748802837
5403,56.0,27.0,0.0,27.0,6.0,0.18466604549596066,7.8285207942987975
5404,56.0,28.0,0.0,28.0,6.0,0.5064850022994652,8.335005796598264
5405,56.0,29.0,0.0,29.0,6.0,0.5721185095518746,8.907124306150138
5406,56.0,30.0,0.0,30.0,6.0,0.36321665879061876,9.270340964940756
5407,56.0,31.0,0.0,31.0,6.0,0.12433874510598864,9.394679710046745
5408,56.0,32.0,0.0,32.0,2.0,0.17796714865995647,9.572646858706701
5409,56.0,33.0,0.0,33.0,6.0,0.09260082505258796,9.665247683759288
5410,56.0,34.0,0.0,34.0,4.0,0.19670552128951685,9.861953205048804
5411,56.0,35.0,0.0,35.0,6.0,0.0,9.861953205048804
5412,56.0,36.0,0.0,36.0,1.0,0.39739577573671786,10.259348980785521
5413,56.0,37.0,0.0,37.0,1.0,0.39051636555348407,10.649865346339006
5414,56.0,38.0,0.0,38.0,1.0,0.4091289111380489,11.058994257477055
5415,56.0,39.0,0.0,39.0,1.0,0.27837232626576186,11.337366583742817
5416,56.0,40.0,0.0,40.0,1.0,0.09767182935369328,11.43503841309651
5417,56.0,41.0,0.0,41.0,5.0,0.05134333965898673,11.486381752755497
5418,56.0,42.0,0.0,42.0,6.0,0.46761061637242407,11.95399236912792
5419,56.0,43.0,0.0,43.0,6.0,0.23042860433100323,12.184420973458923
5420,56.0,44.0,0.0,44.0,4.0,0.5370312334100855,12.721452206869008
5421,56.0,45.0,0.0,45.0,4.0,0.2352620848249543,12.956714291693963
5422,56.0,46.0,0.0,46.0,4.0,0.14305431294694723,13.09976860464091
5423,56.0,47.0,0.0,47.0,6.0,0.08569355050034418,13.185462155141256
5424,56.0,48.0,0.0,48.0,1.0,0.1178259592096348,13.30328811435089
5425,56.0,49.0,0.0,49.0,6.0,0.40586275112066333,13.709150865471553
5426,56.0,50.0,0.0,50.0,6.0,0.012576657579367172,13.721727523050921
5427,56.0,51.0,0.0,51.0,2.0,0.5927850394971269,14.314512562548048
5428,56.0,52.0,0.0,52.0,2.0,0.14808157325436302,14.46259413580241
5429,56.0,53.0,0.0,53.0,2.0,0.10287625647900679,14.565470392281417
5430,56.0,54.0,0.0,54.0,4.0,0.5189731442966758,15.084443536578092
5431,56.0,55.0,0.0,55.0,4.0,0.41110112443122054,15.495544661009314
5432,56.0,56.0,0.0,56.0,4.0,0.20497945959324024,15.700524120602553
5433,56.0,57.0,0.0,57.0,4.0,0.0702652958566233,15.770789416459177
5434,56.0,58.0,0.0,58.0,3.0,0.00048590855662026,15.771275325015797
5435,56.0,59.0,0.0,59.0,6.0,0.2030643176852566,15.974339642701054
5436,56.0,60.0,0.0,60.0,7.0,0.3523297046050333,16.326669347306087
5437,56.0,61.0,0.0,61.0,7.0,0.12476591514236375,16.451435262448452
5438,56.0,62.0,0.0,62.0,6.0,0.11636299692256234,16.567798259371013
5439,56.0,63.0,0.0,63.0,2.0,0.42591938102062793,16.99371764039164
5440,56.0,64.0,0.0,64.0,2.0,0.1588172883297803,17.15253492872142
5441,56.0,65.0,0.0,65.0,6.0,0.38423498309596005,17.53676991181738
5442,56.0,66.0,0.0,66.0,6.0,0.012116503352960235,17.54888641517034
5443,56.0,67.0,0.0,67.0,1.0,0.14300684882151335,17.691893263991854
5444,56.0,68.0,0.0,68.0,4.0,0.12114345880479456,17.81303672279665
5445,56.0,69.0,0.0,69.0,2.0,0.7068413165322392,18.519878039328887
5446,56.0,70.0,0.0,70.0,2.0,0.05893971598014328,18.578817755309032
5447,56.0,71.0,0.0,71.0,2.0,0.4472118799386729,19.026029635247706
5448,56.0,72.0,0.0,72.0,2.0,0.03427022523850223,19.060299860486207
5449,56.0,73.0,0.0,73.0,0.0,0.002858608451678879,19.063158468937885
5450,56.0,74.0,0.0,74.0,6.0,0.15870422142553076,19.221862690363416
5451,56.0,75.0,0.0,75.0,2.0,0.0,19.221862690363416
5452,56.0,76.0,0.0,76.0,7.0,0.0,19.221862690363416
5453,56.0,77.0,0.0,77.0,6.0,0.1938598477639666,19.415722538127383
5454,56.0,78.0,0.0,78.0,4.0,0.786538645224503,20.202261183351887
5455,56.0,79.0,0.0,79.0,4.0,0.15261367299991715,20.354874856351802
5456,56.0,80.0,0.0,80.0,4.0,0.5401870119994172,20.89506186835122
5457,56.0,81.0,0.0,81.0,4.0,0.4269573308108327,21.322019199162053
5458,56.0,82.0,0.0,82.0,4.0,0.0,21.322019199162053
5459,56.0,83.0,0.0,83.0,4.0,0.0,21.322019199162053
5460,56.0,84.0,0.0,84.0,6.0,0.351198302995685,21.673217502157737
5461,56.0,85.0,0.0,85.0,1.0,0.11675306462359378,21.78997056678133
5462,56.0,86.0,0.0,86.0,6.0,0.31122773400729964,22.10119830078863
5463,56.0,87.0,0.0,87.0,6.0,0.14053761898862807,22.24173591977726
5464,56.0,88.0,0.0,88.0,4.0,0.024172346025505487,22.265908265802764
5465,56.0,89.0,0.0,89.0,6.0,0.12662947121033713,22.3925377370131
5466,56.0,90.0,0.0,90.0,6.0,0.002161454739645614,22.394699191752746
5467,56.0,91.0,0.0,91.0,2.0,0.1731947690353173,22.567893960788062
5468,56.0,92.0,0.0,92.0,4.0,0.21617570620019438,22.784069666988255
5469,56.0,93.0,0.0,93.0,1.0,0.2217983483299603,23.005868015318217
5470,56.0,94.0,0.0,94.0,6.0,0.41014276344445866,23.416010778762676
5471,56.0,95.0,0.0,95.0,6.0,0.08900059238186646,23.50501137114454
5472,57.0,0.0,0.0,0.0,0.0,0.07309551109955656,0.07309551109955656
5473,57.0,1.0,0.0,1.0,1.0,0.1122698472049673,0.18536535830452386
5474,57.0,2.0,0.0,2.0,2.0,0.0,0.18536535830452386
5475,57.0,3.0,0.0,3.0,3.0,0.06695124930527994,0.2523166076098038
5476,57.0,4.0,0.0,4.0,4.0,0.5401870119994172,0.792503619609221
5477,57.0,5.0,0.0,5.0,5.0,0.0,0.792503619609221
5478,57.0,6.0,0.0,6.0,6.0,0.18466604549596066,0.9771696651051817
5479,57.0,7.0,0.0,7.0,7.0,0.0,0.9771696651051817
5480,57.0,8.0,0.0,8.0,4.0,0.4202049514706216,1.3973746165758032
5481,57.0,9.0,0.0,9.0,4.0,0.0,1.3973746165758032
5482,57.0,10.0,0.0,10.0,6.0,0.08473142129368774,1.482106037869491
5483,57.0,11.0,0.0,11.0,1.0,0.3409891715042017,1.8230952093736927
5484,57.0,12.0,0.0,12.0,4.0,0.3378213837210231,2.160916593094716
5485,57.0,13.0,0.0,13.0,1.0,0.1252470864872485,2.286163679581964
5486,57.0,14.0,0.0,14.0,4.0,0.7468916268125877,3.033055306394552
5487,57.0,15.0,0.0,15.0,4.0,0.13505835684833514,3.1681136632428872
5488,57.0,16.0,0.0,16.0,0.0,0.1369825643388808,3.305096227581768
5489,57.0,17.0,0.0,17.0,4.0,0.3716799242424243,3.676776151824192
5490,57.0,18.0,0.0,18.0,3.0,0.0,3.676776151824192
5491,57.0,19.0,0.0,19.0,4.0,0.26227852312629674,3.939054674950489
5492,57.0,20.0,0.0,20.0,4.0,0.03512950138498507,3.974184176335474
5493,57.0,21.0,0.0,21.0,2.0,0.25637356125238836,4.230557737587862
5494,57.0,22.0,0.0,22.0,5.0,0.12956159087489713,4.360119328462759
5495,57.0,23.0,0.0,23.0,7.0,0.0,4.360119328462759
5496,57.0,24.0,0.0,24.0,6.0,0.029858941276052695,4.389978269738812
5497,57.0,25.0,0.0,25.0,4.0,0.0,4.389978269738812
5498,57.0,26.0,0.0,26.0,2.0,0.11327101634064082,4.503249286079453
5499,57.0,27.0,0.0,27.0,1.0,0.236338495393307,4.73958778147276
5500,57.0,28.0,0.0,28.0,0.0,0.04497487212076914,4.784562653593529
5501,57.0,29.0,0.0,29.0,1.0,0.028670031367413643,4.813232684960942
5502,57.0,30.0,0.0,30.0,4.0,0.14305431294694723,4.956286997907889
5503,57.0,31.0,0.0,31.0,4.0,0.08483909213874269,5.041126090046632
5504,57.0,32.0,0.0,32.0,5.0,0.0,5.041126090046632
5505,57.0,33.0,0.0,33.0,2.0,0.0,5.041126090046632
5506,57.0,34.0,0.0,34.0,4.0,0.3541487541408539,5.395274844187486
5507,57.0,35.0,0.0,35.0,4.0,0.0,5.395274844187486
5508,57.0,36.0,0.0,36.0,1.0,0.26917241091670174,5.664447255104188
5509,57.0,37.0,0.0,37.0,1.0,0.0,5.664447255104188
5510,57.0,38.0,0.0,38.0,6.0,0.2245370227069958,5.888984277811184
5511,57.0,39.0,0.0,39.0,3.0,0.12846371562476425,6.0174479934359475
5512,57.0,40.0,0.0,40.0,6.0,0.2091349837990253,6.226582977234973
5513,57.0,41.0,0.0,41.0,4.0,0.07151951990290359,6.298102497137876
5514,57.0,42.0,0.0,42.0,0.0,0.01880307483854212,6.3169055719764176
5515,57.0,43.0,0.0,43.0,6.0,0.0,6.3169055719764176
5516,57.0,44.0,0.0,44.0,4.0,0.12212621641662968,6.439031788393047
5517,57.0,45.0,0.0,45.0,3.0,0.0,6.439031788393047
5518,57.0,46.0,0.0,46.0,7.0,0.022183306689947068,6.461215095082994
5519,57.0,47.0,0.0,47.0,4.0,0.20497945959324024,6.666194554676235
5520,57.0,48.0,0.0,48.0,1.0,0.05727556146362054,6.723470116139855
5521,57.0,49.0,0.0,49.0,4.0,0.41110112443122054,7.134571240571075
5522,57.0,50.0,0.0,50.0,4.0,0.22645575073161234,7.361026991302688
5523,57.0,51.0,0.0,51.0,4.0,0.0,7.361026991302688
5524,57.0,52.0,0.0,52.0,2.0,0.16196479063327046,7.522991781935958
5525,57.0,53.0,0.0,53.0,4.0,0.5370312334100855,8.060023015346044
5526,57.0,54.0,0.0,54.0,4.0,0.6928212275644872,8.75284424291053
5527,57.0,55.0,0.0,55.0,4.0,0.0,8.75284424291053
5528,57.0,56.0,0.0,56.0,4.0,0.3097901048969641,9.062634347807494
5529,57.0,57.0,0.0,57.0,4.0,0.05778005683271747,9.120414404640211
5530,57.0,58.0,0.0,58.0,4.0,0.07493619689443067,9.195350601534642
5531,57.0,59.0,0.0,59.0,4.0,0.005519628586349254,9.20087023012099
5532,57.0,60.0,0.0,60.0,5.0,0.0,9.20087023012099
5533,57.0,61.0,0.0,61.0,2.0,0.038723990899334274,9.239594221020326
5534,57.0,62.0,0.0,62.0,6.0,0.0,9.239594221020326
5535,57.0,63.0,0.0,63.0,4.0,0.0,9.239594221020326
5536,57.0,64.0,0.0,64.0,1.0,0.21643836357841792,9.456032584598743
5537,57.0,65.0,0.0,65.0,1.0,0.1581141854724727,9.614146770071216
5538,57.0,66.0,0.0,66.0,0.0,0.0,9.614146770071216
5539,57.0,67.0,0.0,67.0,4.0,0.36899642420942863,9.983143194280645
5540,57.0,68.0,0.0,68.0,4.0,0.45969118074479987,10.442834375025445
5541,57.0,69.0,0.0,69.0,4.0,0.2891704822674655,10.73200485729291
5542,57.0,70.0,0.0,70.0,4.0,0.19670552128951685,10.928710378582426
5543,57.0,71.0,0.0,71.0,4.0,0.2965977540714963,11.225308132653923
5544,57.0,72.0,0.0,72.0,4.0,0.0,11.225308132653923
5545,57.0,73.0,0.0,73.0,4.0,0.15261367299991715,11.377921805653841
5546,57.0,74.0,0.0,74.0,1.0,0.21774518083343142,11.595666986487272
5547,57.0,75.0,0.0,75.0,1.0,0.39919928454817294,11.994866271035445
5548,57.0,76.0,0.0,76.0,1.0,0.14763267170963074,12.142498942745075
5549,57.0,77.0,0.0,77.0,1.0,0.29156994495680316,12.434068887701878
5550,57.0,78.0,0.0,78.0,1.0,0.1525595877654341,12.586628475467313
5551,57.0,79.0,0.0,79.0,1.0,0.22346138720261824,12.810089862669932
5552,57.0,80.0,0.0,80.0,1.0,0.2336797832809992,13.043769645950931
5553,57.0,81.0,0.0,81.0,4.0,0.03244158328874442,13.076211229239675
5554,57.0,82.0,0.0,82.0,1.0,0.23376214866150832,13.309973377901184
5555,57.0,83.0,0.0,83.0,1.0,0.11675306462359378,13.426726442524778
5556,57.0,84.0,0.0,84.0,4.0,0.5243230454212805,13.951049487946058
5557,57.0,85.0,0.0,85.0,4.0,0.0,13.951049487946058
5558,57.0,86.0,0.0,86.0,4.0,0.6548917240652656,14.605941212011324
5559,57.0,87.0,0.0,87.0,4.0,0.786538645224503,15.392479857235827
5560,57.0,88.0,0.0,88.0,4.0,0.30316141851187267,15.6956412757477
5561,57.0,89.0,0.0,89.0,4.0,0.020723335122281958,15.716364610869983
5562,57.0,90.0,0.0,90.0,4.0,0.28973804014574706,16.00610265101573
5563,57.0,91.0,0.0,91.0,4.0,0.5512595017927662,16.557362152808498
5564,57.0,92.0,0.0,92.0,4.0,0.07128856318987772,16.628650715998376
5565,57.0,93.0,0.0,93.0,4.0,0.16518765184318784,16.793838367841563
5566,57.0,94.0,0.0,94.0,4.0,0.23110148611791392,17.024939853959477
5567,57.0,95.0,0.0,95.0,4.0,0.4269573308108327,17.45189718477031
5568,58.0,0.0,0.0,0.0,0.0,0.0,0.0
5569,58.0,1.0,0.0,1.0,1.0,0.1581141854724727,0.1581141854724727
5570,58.0,2.0,0.0,2.0,2.0,0.2641208848836428,0.4222350703561155
5571,58.0,3.0,0.0,3.0,3.0,0.07173524956865848,0.493970319924774
5572,58.0,4.0,0.0,4.0,4.0,0.3716799242424243,0.8656502441671983
5573,58.0,5.0,0.0,5.0,5.0,0.0,0.8656502441671983
5574,58.0,6.0,0.0,6.0,6.0,0.22700732154927955,1.0926575657164779
5575,58.0,7.0,0.0,7.0,7.0,0.11139279735658204,1.20405036307306
5576,58.0,8.0,0.0,8.0,4.0,0.0456160838408476,1.2496664469139076
5577,58.0,9.0,0.0,9.0,2.0,0.5201526156790977,1.7698190625930053
5578,58.0,10.0,0.0,10.0,2.0,0.3004714236147025,2.070290486207708
5579,58.0,11.0,0.0,11.0,6.0,0.07179891276627816,2.142089398973986
5580,58.0,12.0,0.0,12.0,1.0,0.0,2.142089398973986
5581,58.0,13.0,0.0,13.0,2.0,0.7068413165322392,2.8489307155062256
5582,58.0,14.0,0.0,14.0,2.0,0.043892043518105,2.8928227590243307
5583,58.0,15.0,0.0,15.0,7.0,0.2442715151719623,3.137094274196293
5584,58.0,16.0,0.0,16.0,2.0,0.21976599108420175,3.3568602652804946
5585,58.0,17.0,0.0,17.0,3.0,0.0,3.3568602652804946
5586,58.0,18.0,0.0,18.0,4.0,0.15261367299991715,3.509473938280412
5587,58.0,19.0,0.0,19.0,2.0,0.11327101634064082,3.622744954621053
5588,58.0,20.0,0.0,20.0,7.0,0.0056253172433511625,3.628370271864404
5589,58.0,21.0,0.0,21.0,6.0,0.29928972735028064,3.927659999214685
5590,58.0,22.0,0.0,22.0,0.0,0.031745572507859386,3.9594055717225443
5591,58.0,23.0,0.0,23.0,5.0,0.562081128391816,4.521486700114361
5592,58.0,24.0,0.0,24.0,5.0,0.25545532592559733,4.776942026039958
5593,58.0,25.0,0.0,25.0,5.0,0.1988526429963335,4.975794669036291
5594,58.0,26.0,0.0,26.0,5.0,0.015747168809085662,4.991541837845377
5595,58.0,27.0,0.0,27.0,2.0,0.0,4.991541837845377
5596,58.0,28.0,0.0,28.0,6.0,0.45863258329410067,5.450174421139478
5597,58.0,29.0,0.0,29.0,6.0,0.592467301916092,6.04264172305557
5598,58.0,30.0,0.0,30.0,6.0,0.12433874510598864,6.166980468161558
5599,58.0,31.0,0.0,31.0,6.0,0.4419319569723373,6.608912425133895
5600,58.0,32.0,0.0,32.0,6.0,0.08569355050034418,6.694605975634239
5601,58.0,33.0,0.0,33.0,4.0,0.12114345880479456,6.8157494344390335
5602,58.0,34.0,0.0,34.0,6.0,0.8206264844566112,7.636375918895645
5603,58.0,35.0,0.0,35.0,6.0,0.23042860433100323,7.866804523226648
5604,58.0,36.0,0.0,36.0,6.0,0.0,7.866804523226648
5605,58.0,37.0,0.0,37.0,6.0,0.0,7.866804523226648
5606,58.0,38.0,0.0,38.0,2.0,0.14808157325436302,8.01488609648101
5607,58.0,39.0,0.0,39.0,1.0,0.14300684882151335,8.157892945302525
5608,58.0,40.0,0.0,40.0,5.0,0.05134333965898673,8.209236284961511
5609,58.0,41.0,0.0,41.0,2.0,0.1113616455486472,8.320597930510159
5610,58.0,42.0,0.0,42.0,6.0,0.5048327715259897,8.825430702036149
5611,58.0,43.0,0.0,43.0,6.0,0.351198302995685,9.176629005031835
5612,58.0,44.0,0.0,44.0,6.0,0.012116503352960235,9.188745508384795
5613,58.0,45.0,0.0,45.0,4.0,0.45969118074479987,9.648436689129595
5614,58.0,46.0,0.0,46.0,4.0,0.05778005683271747,9.706216745962312
5615,58.0,47.0,0.0,47.0,6.0,0.7615432087357681,10.46775995469808
5616,58.0,48.0,0.0,48.0,6.0,0.3152014117071101,10.782961366405189
5617,58.0,49.0,0.0,49.0,6.0,0.04396724673097683,10.826928613136166
5618,58.0,50.0,0.0,50.0,6.0,0.10821198863204971,10.935140601768216
5619,58.0,51.0,0.0,51.0,7.0,0.4763979432030655,11.411538544971283
5620,58.0,52.0,0.0,52.0,7.0,0.0372746347292418,11.448813179700524
5621,58.0,53.0,0.0,53.0,4.0,0.4202049514706216,11.869018131171146
5622,58.0,54.0,0.0,54.0,4.0,0.16518765184318784,12.034205783014333
5623,58.0,55.0,0.0,55.0,6.0,0.1370475401392327,12.171253323153564
5624,58.0,56.0,0.0,56.0,4.0,0.3541487541408539,12.525402077294418
5625,58.0,57.0,0.0,57.0,4.0,0.2891704822674655,12.814572559561883
5626,58.0,58.0,0.0,58.0,4.0,0.07493619689443067,12.889508756456314
5627,58.0,59.0,0.0,59.0,2.0,0.30371061480436934,13.193219371260684
5628,58.0,60.0,0.0,60.0,2.0,0.27508209868767286,13.468301469948356
5629,58.0,61.0,0.0,61.0,7.0,0.3632416151092178,13.831543085057573
5630,58.0,62.0,0.0,62.0,7.0,0.03966389497905114,13.871206980036625
5631,58.0,63.0,0.0,63.0,2.0,0.19074406487779483,14.06195104491442
5632,58.0,64.0,0.0,64.0,6.0,0.3116598759686686,14.373610920883088
5633,58.0,65.0,0.0,65.0,6.0,0.4025312660474192,14.776142186930507
5634,58.0,66.0,0.0,66.0,6.0,0.4832391209848758,15.259381307915383
5635,58.0,67.0,0.0,67.0,6.0,0.5609494988696637,15.820330806785048
5636,58.0,68.0,0.0,68.0,6.0,0.08900059238186646,15.909331399166915
5637,58.0,69.0,0.0,69.0,6.0,0.2030643176852566,16.11239571685217
5638,58.0,70.0,0.0,70.0,6.0,0.10776919275082603,16.220164909602996
5639,58.0,71.0,0.0,71.0,3.0,0.0747189184831523,16.29488382808615
5640,58.0,72.0,0.0,72.0,1.0,0.27391822828331297,16.568802056369464
5641,58.0,73.0,0.0,73.0,1.0,0.5102676826124355,17.0790697389819
5642,58.0,74.0,0.0,74.0,1.0,0.2107072265151842,17.289776965497083
5643,58.0,75.0,0.0,75.0,1.0,0.2977196118715112,17.587496577368594
5644,58.0,76.0,0.0,76.0,1.0,0.06877401020269108,17.656270587571285
5645,58.0,77.0,0.0,77.0,5.0,0.31773180429062425,17.97400239186191
5646,58.0,78.0,0.0,78.0,5.0,0.15143727500736548,18.125439666869273
5647,58.0,79.0,0.0,79.0,2.0,0.2052375345025933,18.330677201371866
5648,58.0,80.0,0.0,80.0,1.0,0.5191650371090091,18.849842238480875
5649,58.0,81.0,0.0,81.0,1.0,0.11184940162260157,18.961691640103478
5650,58.0,82.0,0.0,82.0,1.0,0.625716871682588,19.587408511786066
5651,58.0,83.0,0.0,83.0,1.0,0.0,19.587408511786066
5652,58.0,84.0,0.0,84.0,1.0,0.0772841125499467,19.664692624336013
5653,58.0,85.0,0.0,85.0,6.0,0.0,19.664692624336013
5654,58.0,86.0,0.0,86.0,4.0,0.4262384419390214,20.090931066275033
5655,58.0,87.0,0.0,87.0,4.0,0.0,20.090931066275033
5656,58.0,88.0,0.0,88.0,2.0,0.0,20.090931066275033
5657,58.0,89.0,0.0,89.0,7.0,0.3523297046050333,20.443260770880066
5658,58.0,90.0,0.0,90.0,7.0,0.24252754759834638,20.685788318478412
5659,58.0,91.0,0.0,91.0,7.0,0.0,20.685788318478412
5660,58.0,92.0,0.0,92.0,6.0,0.39899739331314654,21.084785711791557
5661,58.0,93.0,0.0,93.0,6.0,0.029858941276052695,21.11464465306761
5662,58.0,94.0,0.0,94.0,5.0,0.05296194787752387,21.167606600945135
5663,58.0,95.0,0.0,95.0,0.0,0.06302182313223552,21.23062842407737
5664,59.0,0.0,0.0,0.0,0.0,0.297424803795574,0.297424803795574
5665,59.0,1.0,0.0,1.0,1.0,0.21774518083343142,0.5151699846290054
5666,59.0,2.0,0.0,2.0,2.0,0.06114289961588151,0.5763128842448869
5667,59.0,3.0,0.0,3.0,3.0,0.47254251673467496,1.0488554009795619
5668,59.0,4.0,0.0,4.0,4.0,0.15590532879380598,1.2047607297733678
5669,59.0,5.0,0.0,5.0,5.0,0.2899103974255209,1.4946711271988886
5670,59.0,6.0,0.0,6.0,6.0,0.23042860433100323,1.725099731529892
5671,59.0,7.0,0.0,7.0,7.0,0.018202433303999167,1.743302164833891
5672,59.0,8.0,0.0,8.0,3.0,0.3124487689648274,2.0557509337987185
5673,59.0,9.0,0.0,9.0,0.0,0.031745572507859386,2.087496506306578
5674,59.0,10.0,0.0,10.0,5.0,0.07041269781241034,2.157909204118988
5675,59.0,11.0,0.0,11.0,3.0,0.45250052602955393,2.610409730148542
5676,59.0,12.0,0.0,12.0,6.0,0.5211461016164569,3.1315558317649987
5677,59.0,13.0,0.0,13.0,6.0,0.15870422142553076,3.2902600531905293
5678,59.0,14.0,0.0,14.0,1.0,0.185681072301442,3.475941125491971
5679,59.0,15.0,0.0,15.0,3.0,0.07896543589840778,3.554906561390379
5680,59.0,16.0,0.0,16.0,4.0,0.0,3.554906561390379
5681,59.0,17.0,0.0,17.0,6.0,0.0,3.554906561390379
5682,59.0,18.0,0.0,18.0,3.0,0.00048590855662026,3.5553924699469994
5683,59.0,19.0,0.0,19.0,2.0,0.0,3.5553924699469994
5684,59.0,20.0,0.0,20.0,1.0,0.15606839806007136,3.711460868007071
5685,59.0,21.0,0.0,21.0,5.0,0.05028223153043451,3.7617430995375054
5686,59.0,22.0,0.0,22.0,7.0,0.16322828692812405,3.9249713864656295
5687,59.0,23.0,0.0,23.0,0.0,0.06286079809602607,3.987832184561656
5688,59.0,24.0,0.0,24.0,3.0,0.056484563299236415,4.044316747860893
5689,59.0,25.0,0.0,25.0,6.0,0.012576657579367172,4.05689340544026
5690,59.0,26.0,0.0,26.0,1.0,0.11338444405026506,4.170277849490525
5691,59.0,27.0,0.0,27.0,7.0,0.0,4.170277849490525
5692,59.0,28.0,0.0,28.0,3.0,0.0,4.170277849490525
5693,59.0,29.0,0.0,29.0,4.0,0.0,4.170277849490525
5694,59.0,30.0,0.0,30.0,5.0,0.1405045273169124,4.310782376807437
5695,59.0,31.0,0.0,31.0,0.0,0.026462552773326972,4.3372449295807645
5696,59.0,32.0,0.0,32.0,1.0,0.1735308598711164,4.5107757894518805
5697,59.0,33.0,0.0,33.0,6.0,0.19275096950199988,4.70352675895388
5698,59.0,34.0,0.0,34.0,1.0,0.4208360768007997,5.12436283575468
5699,59.0,35.0,0.0,35.0,1.0,0.0,5.12436283575468
5700,59.0,36.0,0.0,36.0,6.0,0.36321665879061876,5.487579494545299
5701,59.0,37.0,0.0,37.0,6.0,0.2358206865923345,5.723400181137634
5702,59.0,38.0,0.0,38.0,6.0,0.754797882045112,6.478198063182745
5703,59.0,39.0,0.0,39.0,6.0,0.029858941276052695,6.508057004458798
5704,59.0,40.0,0.0,40.0,6.0,0.012116503352960235,6.520173507811758
5705,59.0,41.0,0.0,41.0,5.0,0.027814322711726475,6.547987830523485
5706,59.0,42.0,0.0,42.0,3.0,0.19581372444038134,6.743801554963866
5707,59.0,43.0,0.0,43.0,2.0,0.11886118707131776,6.862662742035184
5708,59.0,44.0,0.0,44.0,6.0,0.08544920153663012,6.9481119435718135
5709,59.0,45.0,0.0,45.0,3.0,0.18076898800776417,7.128880931579578
5710,59.0,46.0,0.0,46.0,1.0,0.27391822828331297,7.402799159862891
5711,59.0,47.0,0.0,47.0,1.0,0.23702024352928716,7.639819403392178
5712,59.0,48.0,0.0,48.0,1.0,0.44922488554479406,8.089044288936972
5713,59.0,49.0,0.0,49.0,1.0,0.21643836357841792,8.305482652515389
5714,59.0,50.0,0.0,50.0,1.0,0.6458467227103142,8.951329375225702
5715,59.0,51.0,0.0,51.0,1.0,0.0,8.951329375225702
5716,59.0,52.0,0.0,52.0,1.0,0.14763267170963074,9.098962046935332
5717,59.0,53.0,0.0,53.0,1.0,0.01157769227695752,9.11053973921229
5718,59.0,54.0,0.0,54.0,3.0,0.09300458273999601,9.203544321952286
5719,59.0,55.0,0.0,55.0,6.0,0.25249491253368417,9.45603923448597
5720,59.0,56.0,0.0,56.0,6.0,0.5064850022994652,9.962524236785436
5721,59.0,57.0,0.0,57.0,6.0,0.0989051148392537,10.061429351624689
5722,59.0,58.0,0.0,58.0,6.0,0.36348110977950954,10.424910461404199
5723,59.0,59.0,0.0,59.0,6.0,0.5048327715259897,10.92974323293019
5724,59.0,60.0,0.0,60.0,6.0,0.23958507229734452,11.169328305227534
5725,59.0,61.0,0.0,61.0,6.0,0.08569355050034418,11.255021855727879
5726,59.0,62.0,0.0,62.0,6.0,0.0,11.255021855727879
5727,59.0,63.0,0.0,63.0,0.0,0.18032739676781326,11.435349252495692
5728,59.0,64.0,0.0,64.0,7.0,0.14518903393281696,11.58053828642851
5729,59.0,65.0,0.0,65.0,2.0,0.0,11.58053828642851
5730,59.0,66.0,0.0,66.0,1.0,0.7207407501430242,12.301279036571534
5731,59.0,67.0,0.0,67.0,1.0,0.14788550522949867,12.449164541801032
5732,59.0,68.0,0.0,68.0,1.0,0.15225671869257557,12.601421260493607
5733,59.0,69.0,0.0,69.0,1.0,0.0,12.601421260493607
5734,59.0,70.0,0.0,70.0,6.0,0.19720425874379977,12.798625519237406
5735,59.0,71.0,0.0,71.0,0.0,0.11717595902856863,12.915801478265974
5736,59.0,72.0,0.0,72.0,3.0,0.0,12.915801478265974
5737,59.0,73.0,0.0,73.0,4.0,0.2891704822674655,13.20497196053344
5738,59.0,74.0,0.0,74.0,4.0,0.2352620848249543,13.440234045358395
5739,59.0,75.0,0.0,75.0,4.0,0.0,13.440234045358395
5740,59.0,76.0,0.0,76.0,6.0,0.4025312660474192,13.842765311405813
5741,59.0,77.0,0.0,77.0,6.0,0.3731406200505958,14.215905931456408
5742,59.0,78.0,0.0,78.0,6.0,0.456597589962221,14.67250352141863
5743,59.0,79.0,0.0,79.0,6.0,0.46655973523908206,15.139063256657712
5744,59.0,80.0,0.0,80.0,6.0,0.3286820084901565,15.467745265147869
5745,59.0,81.0,0.0,81.0,6.0,0.46120539576978026,15.92895066091765
5746,59.0,82.0,0.0,82.0,6.0,0.1370475401392327,16.065998201056882
5747,59.0,83.0,0.0,83.0,6.0,0.528994261355651,16.594992462412534
5748,59.0,84.0,0.0,84.0,6.0,0.18788376889070377,16.782876231303238
5749,59.0,85.0,0.0,85.0,6.0,0.20751175649518033,16.990387987798417
5750,59.0,86.0,0.0,86.0,6.0,0.08326994649709853,17.073657934295515
5751,59.0,87.0,0.0,87.0,6.0,0.0,17.073657934295515
5752,59.0,88.0,0.0,88.0,6.0,0.351198302995685,17.4248562372912
5753,59.0,89.0,0.0,89.0,6.0,0.3152014117071101,17.74005764899831
5754,59.0,90.0,0.0,90.0,6.0,0.0,17.74005764899831
5755,59.0,91.0,0.0,91.0,1.0,0.05668020652621607,17.796737855524526
5756,59.0,92.0,0.0,92.0,5.0,0.0,17.796737855524526
5757,59.0,93.0,0.0,93.0,6.0,0.45154853925075483,18.24828639477528
5758,59.0,94.0,0.0,94.0,6.0,0.09243667781140737,18.340723072586687
5759,59.0,95.0,0.0,95.0,6.0,0.19237477602684144,18.53309784861353
5760,60.0,0.0,0.0,0.0,0.0,0.0,0.0
5761,60.0,1.0,0.0,1.0,1.0,0.0,0.0
5762,60.0,2.0,0.0,2.0,2.0,0.15868138789215788,0.15868138789215788
5763,60.0,3.0,0.0,3.0,3.0,0.12846371562476425,0.28714510351692213
5764,60.0,4.0,0.0,4.0,4.0,0.6630452028905913,0.9501903064075135
5765,60.0,5.0,0.0,5.0,5.0,0.0,0.9501903064075135
5766,60.0,6.0,0.0,6.0,6.0,0.19275096950199988,1.1429412759095134
5767,60.0,7.0,0.0,7.0,7.0,0.0,1.1429412759095134
5768,60.0,8.0,0.0,8.0,4.0,0.5318065204421886,1.674747796351702
5769,60.0,9.0,0.0,9.0,4.0,0.0456160838408476,1.7203638801925496
5770,60.0,10.0,0.0,10.0,4.0,0.3845164824990986,2.1048803626916484
5771,60.0,11.0,0.0,11.0,6.0,0.23042860433100323,2.3353089670226517
5772,60.0,12.0,0.0,12.0,2.0,0.5201526156790977,2.855461582701749
5773,60.0,13.0,0.0,13.0,2.0,0.043892043518105,2.8993536262198543
5774,60.0,14.0,0.0,14.0,4.0,0.28973804014574706,3.1890916663656013
5775,60.0,15.0,0.0,15.0,3.0,0.0,3.1890916663656013
5776,60.0,16.0,0.0,16.0,4.0,0.05283876478085068,3.241930431146452
5777,60.0,17.0,0.0,17.0,6.0,0.23958507229734452,3.4815155034437963
5778,60.0,18.0,0.0,18.0,4.0,0.0,3.4815155034437963
5779,60.0,19.0,0.0,19.0,2.0,0.26727365674660486,3.7487891601904013
5780,60.0,20.0,0.0,20.0,6.0,0.7377651793174987,4.4865543395079
5781,60.0,21.0,0.0,21.0,6.0,0.2380098281042837,4.724564167612184
5782,60.0,22.0,0.0,22.0,6.0,0.2888924503251035,5.013456617937287
5783,60.0,23.0,0.0,23.0,6.0,0.351198302995685,5.3646549209329715
5784,60.0,24.0,0.0,24.0,6.0,0.3731406200505958,5.7377955409835675
5785,60.0,25.0,0.0,25.0,6.0,0.5198631933975867,6.257658734381154
5786,60.0,26.0,0.0,26.0,6.0,0.2245370227069958,6.48219575708815
5787,60.0,27.0,0.0,27.0,0.0,0.23944774434232982,6.7216435014304805
5788,60.0,28.0,0.0,28.0,1.0,0.625716871682588,7.3473603731130686
5789,60.0,29.0,0.0,29.0,1.0,0.14690456218978679,7.494264935302855
5790,60.0,30.0,0.0,30.0,1.0,0.44922488554479406,7.943489820847649
5791,60.0,31.0,0.0,31.0,1.0,0.028670031367413643,7.9721598522150625
5792,60.0,32.0,0.0,32.0,5.0,0.0,7.9721598522150625
5793,60.0,33.0,0.0,33.0,7.0,0.4410508038344497,8.413210656049513
5794,60.0,34.0,0.0,34.0,7.0,0.3522479878918014,8.765458643941313
5795,60.0,35.0,0.0,35.0,7.0,0.3497936611859112,9.115252305127225
5796,60.0,36.0,0.0,36.0,7.0,0.0,9.115252305127225
5797,60.0,37.0,0.0,37.0,6.0,0.5199951664423675,9.635247471569592
5798,60.0,38.0,0.0,38.0,6.0,0.46120539576978026,10.096452867339373
5799,60.0,39.0,0.0,39.0,6.0,0.38423498309596005,10.480687850435332
5800,60.0,40.0,0.0,40.0,6.0,0.0,10.480687850435332
5801,60.0,41.0,0.0,41.0,2.0,0.11327101634064082,10.593958866775973
5802,60.0,42.0,0.0,42.0,6.0,0.592467301916092,11.186426168692064
5803,60.0,43.0,0.0,43.0,6.0,0.04941931180611817,11.235845480498183
5804,60.0,44.0,0.0,44.0,1.0,0.0,11.235845480498183
5805,60.0,45.0,0.0,45.0,0.0,0.27268806162729475,11.508533542125477
5806,60.0,46.0,0.0,46.0,4.0,0.0,11.508533542125477
5807,60.0,47.0,0.0,47.0,6.0,0.709114106247022,12.217647648372498
5808,60.0,48.0,0.0,48.0,6.0,0.2624626141648409,12.48011026253734
5809,60.0,49.0,0.0,49.0,6.0,0.308924290481592,12.789034553018931
5810,60.0,50.0,0.0,50.0,6.0,0.4025312660474192,13.19156581906635
5811,60.0,51.0,0.0,51.0,6.0,0.029858941276052695,13.221424760342403
5812,60.0,52.0,0.0,52.0,0.0,0.0,13.221424760342403
5813,60.0,53.0,0.0,53.0,7.0,0.0,13.221424760342403
5814,60.0,54.0,0.0,54.0,6.0,0.12662947121033713,13.34805423155274
5815,60.0,55.0,0.0,55.0,2.0,0.1972278864460845,13.545282117998825
5816,60.0,56.0,0.0,56.0,6.0,0.4832391209848758,14.028521238983702
5817,60.0,57.0,0.0,57.0,6.0,0.05187143270467871,14.080392671688381
5818,60.0,58.0,0.0,58.0,6.0,0.19720425874379977,14.27759693043218
5819,60.0,59.0,0.0,59.0,4.0,0.16403310077668387,14.441630031208865
5820,60.0,60.0,0.0,60.0,2.0,0.0,14.441630031208865
5821,60.0,61.0,0.0,61.0,6.0,0.1440283701753274,14.585658401384192
5822,60.0,62.0,0.0,62.0,3.0,0.0,14.585658401384192
5823,60.0,63.0,0.0,63.0,1.0,0.0772841125499467,14.662942513934139
5824,60.0,64.0,0.0,64.0,6.0,0.18216968160881716,14.845112195542956
5825,60.0,65.0,0.0,65.0,6.0,0.7330812715508707,15.578193467093827
5826,60.0,66.0,0.0,66.0,6.0,0.15870422142553076,15.736897688519358
5827,60.0,67.0,0.0,67.0,6.0,0.2030643176852566,15.939962006204615
5828,60.0,68.0,0.0,68.0,6.0,0.0,15.939962006204615
5829,60.0,69.0,0.0,69.0,4.0,0.14496949301802708,16.08493149922264
5830,60.0,70.0,0.0,70.0,7.0,0.2075341574424337,16.292465656665076
5831,60.0,71.0,0.0,71.0,6.0,0.1938598477639666,16.486325504429043
5832,60.0,72.0,0.0,72.0,6.0,0.5609494988696637,17.047275003298708
5833,60.0,73.0,0.0,73.0,6.0,0.20104993189686238,17.24832493519557
5834,60.0,74.0,0.0,74.0,6.0,0.3116598759686686,17.559984811164238
5835,60.0,75.0,0.0,75.0,6.0,0.5415728013366148,18.10155761250085
5836,60.0,76.0,0.0,76.0,6.0,0.0,18.10155761250085
5837,60.0,77.0,0.0,77.0,4.0,0.42565478925164,18.527212401752493
5838,60.0,78.0,0.0,78.0,4.0,0.0,18.527212401752493
5839,60.0,79.0,0.0,79.0,6.0,0.0206337541478017,18.547846155900295
5840,60.0,80.0,0.0,80.0,7.0,0.022183306689947068,18.57002946259024
5841,60.0,81.0,0.0,81.0,1.0,0.0,18.57002946259024
5842,60.0,82.0,0.0,82.0,0.0,0.0,18.57002946259024
5843,60.0,83.0,0.0,83.0,6.0,0.2091349837990253,18.779164446389267
5844,60.0,84.0,0.0,84.0,2.0,0.038723990899334274,18.8178884372886
5845,60.0,85.0,0.0,85.0,6.0,0.45863258329410067,19.276521020582702
5846,60.0,86.0,0.0,86.0,6.0,0.6681191236917254,19.944640144274427
5847,60.0,87.0,0.0,87.0,6.0,0.04396724673097683,19.988607391005402
5848,60.0,88.0,0.0,88.0,6.0,0.14418838926849195,20.132795780273895
5849,60.0,89.0,0.0,89.0,6.0,0.012116503352960235,20.144912283626855
5850,60.0,90.0,0.0,90.0,4.0,0.619788147899107,20.764700431525963
5851,60.0,91.0,0.0,91.0,4.0,0.3406652420848293,21.10536567361079
5852,60.0,92.0,0.0,92.0,4.0,0.0,21.10536567361079
5853,60.0,93.0,0.0,93.0,4.0,0.8641538969732209,21.969519570584012
5854,60.0,94.0,0.0,94.0,4.0,0.0,21.969519570584012
5855,60.0,95.0,0.0,95.0,4.0,0.6928212275644872,22.6623407981485
5856,61.0,0.0,0.0,0.0,0.0,0.18032739676781326,0.18032739676781326
5857,61.0,1.0,0.0,1.0,1.0,0.0,0.18032739676781326
5858,61.0,2.0,0.0,2.0,2.0,0.07046722414389026,0.2507946209117035
5859,61.0,3.0,0.0,3.0,3.0,0.12846371562476425,0.3792583365364678
5860,61.0,4.0,0.0,4.0,4.0,0.0,0.3792583365364678
5861,61.0,5.0,0.0,5.0,5.0,0.4083245810104282,0.787582917546896
5862,61.0,6.0,0.0,6.0,6.0,0.29928972735028064,1.0868726448971766
5863,61.0,7.0,0.0,7.0,7.0,0.04103739105239522,1.1279100359495717
5864,61.0,8.0,0.0,8.0,5.0,0.3614743312712399,1.4893843672208116
5865,61.0,9.0,0.0,9.0,6.0,0.398606424860819,1.8879907920816306
5866,61.0,10.0,0.0,10.0,5.0,0.0908247463196243,1.978815538401255
5867,61.0,11.0,0.0,11.0,6.0,0.0989051148392537,2.0777206532405086
5868,61.0,12.0,0.0,12.0,0.0,0.0,2.0777206532405086
5869,61.0,13.0,0.0,13.0,3.0,0.011662364837897463,2.089383018078406
5870,61.0,14.0,0.0,14.0,5.0,0.11740694843157064,2.2067899665099766
5871,61.0,15.0,0.0,15.0,2.0,0.38831574574861955,2.5951057122585963
5872,61.0,16.0,0.0,16.0,2.0,0.0,2.5951057122585963
5873,61.0,17.0,0.0,17.0,6.0,0.030996621679545998,2.6261023339381424
5874,61.0,18.0,0.0,18.0,7.0,0.0,2.6261023339381424
5875,61.0,19.0,0.0,19.0,1.0,0.44922488554479406,3.0753272194829364
5876,61.0,20.0,0.0,20.0,1.0,0.35164524988197277,3.4269724693649093
5877,61.0,21.0,0.0,21.0,1.0,0.1521898058916304,3.5791622752565395
5878,61.0,22.0,0.0,22.0,4.0,0.14305431294694723,3.7222165882034868
5879,61.0,23.0,0.0,23.0,5.0,0.21528111200447786,3.9374977002079645
5880,61.0,24.0,0.0,24.0,1.0,0.5506933393432334,4.488191039551198
5881,61.0,25.0,0.0,25.0,1.0,0.09271436829694825,4.580905407848147
5882,61.0,26.0,0.0,26.0,1.0,0.11184940162260157,4.692754809470748
5883,61.0,27.0,0.0,27.0,5.0,0.16528919434875355,4.858044003819502
5884,61.0,28.0,0.0,28.0,6.0,0.40586275112066333,5.263906754940165
5885,61.0,29.0,0.0,29.0,6.0,0.2091349837990253,5.47304173873919
5886,61.0,30.0,0.0,30.0,6.0,0.525530725813632,5.998572464552822
5887,61.0,31.0,0.0,31.0,6.0,0.10821198863204971,6.106784453184872
5888,61.0,32.0,0.0,32.0,0.0,0.01490140434742535,6.121685857532297
5889,61.0,33.0,0.0,33.0,2.0,0.0,6.121685857532297
5890,61.0,34.0,0.0,34.0,6.0,0.19275096950199988,6.314436827034297
5891,61.0,35.0,0.0,35.0,1.0,0.32124548368694295,6.63568231072124
5892,61.0,36.0,0.0,36.0,5.0,0.3671116304857597,7.002793941207
5893,61.0,37.0,0.0,37.0,5.0,0.23571743285633687,7.238511374063337
5894,61.0,38.0,0.0,38.0,1.0,0.2107072265151842,7.449218600578521
5895,61.0,39.0,0.0,39.0,4.0,0.10016360891352999,7.549382209492051
5896,61.0,40.0,0.0,40.0,3.0,0.001461682704674984,7.550843892196726
5897,61.0,41.0,0.0,41.0,5.0,0.3355502795163708,7.886394171713096
5898,61.0,42.0,0.0,42.0,5.0,0.2248680210661569,8.111262192779254
5899,61.0,43.0,0.0,43.0,6.0,0.7615432087357681,8.872805401515022
5900,61.0,44.0,0.0,44.0,6.0,0.5398005436791784,9.4126059451942
5901,61.0,45.0,0.0,45.0,6.0,0.1370475401392327,9.549653485333431
5902,61.0,46.0,0.0,46.0,6.0,0.05187143270467871,9.60152491803811
5903,61.0,47.0,0.0,47.0,6.0,0.0,9.60152491803811
5904,61.0,48.0,0.0,48.0,1.0,0.29471142430324837,9.896236342341359
5905,61.0,49.0,0.0,49.0,1.0,0.1525595877654341,10.048795930106794
5906,61.0,50.0,0.0,50.0,5.0,0.22127064602955218,10.270066576136346
5907,61.0,51.0,0.0,51.0,6.0,0.46621206372626145,10.736278639862608
5908,61.0,52.0,0.0,52.0,6.0,0.351198302995685,11.087476942858293
5909,61.0,53.0,0.0,53.0,6.0,0.4025312660474192,11.490008208905712
5910,61.0,54.0,0.0,54.0,6.0,0.012116503352960235,11.502124712258672
5911,61.0,55.0,0.0,55.0,5.0,0.0,11.502124712258672
5912,61.0,56.0,0.0,56.0,6.0,0.1440283701753274,11.646153082434
5913,61.0,57.0,0.0,57.0,1.0,0.16259328171919027,11.808746364153189
5914,61.0,58.0,0.0,58.0,6.0,0.36348110977950954,12.172227473932699
5915,61.0,59.0,0.0,59.0,6.0,0.46120539576978026,12.63343286970248
5916,61.0,60.0,0.0,60.0,6.0,0.2624626141648409,12.89589548386732
5917,61.0,61.0,0.0,61.0,6.0,0.5198631933975867,13.415758677264908
5918,61.0,62.0,0.0,62.0,6.0,0.5721185095518746,13.987877186816782
5919,61.0,63.0,0.0,63.0,6.0,0.5064850022994652,14.494362189116247
5920,61.0,64.0,0.0,64.0,6.0,0.14053761898862807,14.634899808104874
5921,61.0,65.0,0.0,65.0,6.0,0.3116598759686686,14.946559684073543
5922,61.0,66.0,0.0,66.0,6.0,0.0,14.946559684073543
5923,61.0,67.0,0.0,67.0,6.0,0.9633601102069204,15.909919794280464
5924,61.0,68.0,0.0,68.0,6.0,0.592467301916092,16.502387096196557
5925,61.0,69.0,0.0,69.0,6.0,0.43814959519287755,16.940536691389436
5926,61.0,70.0,0.0,70.0,6.0,0.38478252254705636,17.325319213936492
5927,61.0,71.0,0.0,71.0,6.0,0.45661860173922436,17.781937815675715
5928,61.0,72.0,0.0,72.0,6.0,0.470561563191029,18.252499378866744
5929,61.0,73.0,0.0,73.0,6.0,0.39899739331314654,18.65149677217989
5930,61.0,74.0,0.0,74.0,6.0,0.8113111970305757,19.462807969210466
5931,61.0,75.0,0.0,75.0,6.0,0.0,19.462807969210466
5932,61.0,76.0,0.0,76.0,6.0,0.23958507229734452,19.70239304150781
5933,61.0,77.0,0.0,77.0,6.0,0.22700732154927955,19.92940036305709
5934,61.0,78.0,0.0,78.0,6.0,0.09260082505258796,20.02200118810968
5935,61.0,79.0,0.0,79.0,6.0,0.08544920153663012,20.10745038964631
5936,61.0,80.0,0.0,80.0,6.0,0.2355975950006196,20.34304798464693
5937,61.0,81.0,0.0,81.0,6.0,0.15870422142553076,20.50175220607246
5938,61.0,82.0,0.0,82.0,6.0,0.45154853925075483,20.953300745323215
5939,61.0,83.0,0.0,83.0,6.0,0.3152014117071101,21.268502157030326
5940,61.0,84.0,0.0,84.0,6.0,0.2358206865923345,21.50432284362266
5941,61.0,85.0,0.0,85.0,6.0,0.5048327715259897,22.00915561514865
5942,61.0,86.0,0.0,86.0,6.0,0.11636299692256234,22.12551861207121
5943,61.0,87.0,0.0,87.0,6.0,0.31122773400729964,22.43674634607851
5944,61.0,88.0,0.0,88.0,6.0,0.25249491253368417,22.689241258612196
5945,61.0,89.0,0.0,89.0,6.0,0.18466604549596066,22.873907304108155
5946,61.0,90.0,0.0,90.0,6.0,0.0206337541478017,22.894541058255957
5947,61.0,91.0,0.0,91.0,1.0,0.05668020652621607,22.951221264782173
5948,61.0,92.0,0.0,92.0,6.0,0.07179891276627816,23.023020177548453
5949,61.0,93.0,0.0,93.0,6.0,0.19237477602684144,23.215394953575295
5950,61.0,94.0,0.0,94.0,7.0,0.45690301731070837,23.672297970886003
5951,61.0,95.0,0.0,95.0,7.0,0.11139279735658204,23.783690768242586
5952,62.0,0.0,0.0,0.0,0.0,0.07141833269289534,0.07141833269289534
5953,62.0,1.0,0.0,1.0,1.0,0.0,0.07141833269289534
5954,62.0,2.0,0.0,2.0,2.0,0.16196479063327046,0.2333831233261658
5955,62.0,3.0,0.0,3.0,3.0,0.10567512643772035,0.33905824976388615
5956,62.0,4.0,0.0,4.0,4.0,0.6296318563139507,0.9686901060778368
5957,62.0,5.0,0.0,5.0,5.0,0.2248680210661569,1.1935581271439937
5958,62.0,6.0,0.0,6.0,6.0,0.5415728013366148,1.7351309284806085
5959,62.0,7.0,0.0,7.0,7.0,0.022183306689947068,1.7573142351705555
5960,62.0,8.0,0.0,8.0,4.0,0.15590532879380598,1.9132195639643614
5961,62.0,9.0,0.0,9.0,6.0,0.0,1.9132195639643614
5962,62.0,10.0,0.0,10.0,4.0,0.5401870119994172,2.4534065759637786
5963,62.0,11.0,0.0,11.0,4.0,0.619788147899107,3.0731947238628856
5964,62.0,12.0,0.0,12.0,4.0,0.06660229217274866,3.1397970160356343
5965,62.0,13.0,0.0,13.0,5.0,0.2501458808505047,3.389942896886139
5966,62.0,14.0,0.0,14.0,2.0,0.5927850394971269,3.982727936383266
5967,62.0,15.0,0.0,15.0,2.0,0.043892043518105,4.026619979901371
5968,62.0,16.0,0.0,16.0,4.0,0.45159698088013056,4.478216960781501
5969,62.0,17.0,0.0,17.0,6.0,0.4025312660474192,4.880748226828921
5970,62.0,18.0,0.0,18.0,4.0,0.36899642420942863,5.249744651038349
5971,62.0,19.0,0.0,19.0,3.0,0.4903446086842321,5.740089259722581
5972,62.0,20.0,0.0,20.0,3.0,0.26914273809568673,6.009231997818268
5973,62.0,21.0,0.0,21.0,6.0,0.19237477602684144,6.201606773845109
5974,62.0,22.0,0.0,22.0,4.0,0.3505563668212525,6.552163140666361
5975,62.0,23.0,0.0,23.0,5.0,0.190094615722883,6.742257756389244
5976,62.0,24.0,0.0,24.0,3.0,0.3813698300550875,7.123627586444331
5977,62.0,25.0,0.0,25.0,4.0,0.0,7.123627586444331
5978,62.0,26.0,0.0,26.0,0.0,0.04067335314553405,7.164300939589865
5979,62.0,27.0,0.0,27.0,3.0,0.48312616217283766,7.647427101762703
5980,62.0,28.0,0.0,28.0,3.0,0.3530641579703023,8.000491259733005
5981,62.0,29.0,0.0,29.0,2.0,0.08011626779528125,8.080607527528286
5982,62.0,30.0,0.0,30.0,3.0,0.03301525633795021,8.113622783866237
5983,62.0,31.0,0.0,31.0,6.0,0.45863258329410067,8.572255367160338
5984,62.0,32.0,0.0,32.0,6.0,0.39899739331314654,8.971252760473485
5985,62.0,33.0,0.0,33.0,6.0,0.3286820084901565,9.299934768963642
5986,62.0,34.0,0.0,34.0,7.0,0.2908331151793469,9.590767884142988
5987,62.0,35.0,0.0,35.0,6.0,0.2380098281042837,9.828777712247271
5988,62.0,36.0,0.0,36.0,4.0,0.12114345880479456,9.949921171052067
5989,62.0,37.0,0.0,37.0,5.0,0.1189977910814536,10.06891896213352
5990,62.0,38.0,0.0,38.0,7.0,0.4478551091326492,10.516774071266168
5991,62.0,39.0,0.0,39.0,7.0,0.0,10.516774071266168
5992,62.0,40.0,0.0,40.0,1.0,0.3177036958205914,10.83447776708676
5993,62.0,41.0,0.0,41.0,1.0,0.18474591588561104,11.01922368297237
5994,62.0,42.0,0.0,42.0,6.0,0.7615432087357681,11.780766891708138
5995,62.0,43.0,0.0,43.0,6.0,0.2245370227069958,12.005303914415133
5996,62.0,44.0,0.0,44.0,6.0,0.2091349837990253,12.214438898214159
5997,62.0,45.0,0.0,45.0,6.0,0.0,12.214438898214159
5998,62.0,46.0,0.0,46.0,3.0,0.07352085026470992,12.287959748478869
5999,62.0,47.0,0.0,47.0,4.0,0.0,12.287959748478869
6000,62.0,48.0,0.0,48.0,2.0,0.0,12.287959748478869
6001,62.0,49.0,0.0,49.0,6.0,0.23958507229734452,12.527544820776214
6002,62.0,50.0,0.0,50.0,1.0,0.09259758356345157,12.620142404339665
6003,62.0,51.0,0.0,51.0,4.0,0.0,12.620142404339665
6004,62.0,52.0,0.0,52.0,3.0,0.08963784878726973,12.709780253126935
6005,62.0,53.0,0.0,53.0,6.0,0.4832391209848758,13.193019374111811
6006,62.0,54.0,0.0,54.0,6.0,0.012116503352960235,13.205135877464771
6007,62.0,55.0,0.0,55.0,5.0,0.4585537674797822,13.663689644944554
6008,62.0,56.0,0.0,56.0,5.0,0.556448204261036,14.22013784920559
6009,62.0,57.0,0.0,57.0,5.0,0.1011811837154788,14.32131903292107
6010,62.0,58.0,0.0,58.0,5.0,0.38483968791955336,14.706158720840623
6011,62.0,59.0,0.0,59.0,5.0,0.07527754375067446,14.781436264591298
6012,62.0,60.0,0.0,60.0,7.0,0.0,14.781436264591298
6013,62.0,61.0,0.0,61.0,5.0,0.13236637124382183,14.91380263583512
6014,62.0,62.0,0.0,62.0,6.0,0.528994261355651,15.442796897190771
6015,62.0,63.0,0.0,63.0,6.0,0.470561563191029,15.9133584603818
6016,62.0,64.0,0.0,64.0,6.0,0.15870422142553076,16.07206268180733
6017,62.0,65.0,0.0,65.0,6.0,0.36348110977950954,16.43554379158684
6018,62.0,66.0,0.0,66.0,6.0,0.6681191236917254,17.103662915278566
6019,62.0,67.0,0.0,67.0,6.0,0.030996621679545998,17.13465953695811
6020,62.0,68.0,0.0,68.0,6.0,0.7074564648856323,17.842116001843742
6021,62.0,69.0,0.0,69.0,6.0,0.2358206865923345,18.077936688436075
6022,62.0,70.0,0.0,70.0,6.0,0.08900059238186646,18.16693728081794
6023,62.0,71.0,0.0,71.0,6.0,0.43814959519287755,18.60508687601082
6024,62.0,72.0,0.0,72.0,6.0,0.2624626141648409,18.86754949017566
6025,62.0,73.0,0.0,73.0,6.0,0.20751175649518033,19.07506124667084
6026,62.0,74.0,0.0,74.0,3.0,0.04429925980485249,19.11936050647569
6027,62.0,75.0,0.0,75.0,4.0,0.8641538969732209,19.98351440344891
6028,62.0,76.0,0.0,76.0,4.0,0.03512950138498507,20.018643904833898
6029,62.0,77.0,0.0,77.0,4.0,0.0,20.018643904833898
6030,62.0,78.0,0.0,78.0,6.0,0.5048327715259897,20.523476676359888
6031,62.0,79.0,0.0,79.0,6.0,0.02152766918353003,20.54500434554342
6032,62.0,80.0,0.0,80.0,0.0,0.01574852489682053,20.56075287044024
6033,62.0,81.0,0.0,81.0,6.0,0.18466604549596066,20.7454189159362
6034,62.0,82.0,0.0,82.0,4.0,0.21617570620019438,20.961594622136392
6035,62.0,83.0,0.0,83.0,5.0,0.25545532592559733,21.21704994806199
6036,62.0,84.0,0.0,84.0,6.0,0.029858941276052695,21.246908889338044
6037,62.0,85.0,0.0,85.0,4.0,0.3541487541408539,21.6010576434789
6038,62.0,86.0,0.0,86.0,4.0,0.004890111547855993,21.605947755026754
6039,62.0,87.0,0.0,87.0,5.0,0.16771754750020024,21.773665302526954
6040,62.0,88.0,0.0,88.0,2.0,0.1656307552320488,21.939296057759
6041,62.0,89.0,0.0,89.0,1.0,0.23895507602304034,22.17825113378204
6042,62.0,90.0,0.0,90.0,6.0,0.0,22.17825113378204
6043,62.0,91.0,0.0,91.0,3.0,0.14589548209890857,22.32414661588095
6044,62.0,92.0,0.0,92.0,1.0,0.21643836357841792,22.540584979459368
6045,62.0,93.0,0.0,93.0,5.0,0.09069293668371073,22.631277916143077
6046,62.0,94.0,0.0,94.0,4.0,0.10013514850155053,22.731413064644627
6047,62.0,95.0,0.0,95.0,6.0,0.398606424860819,23.130019489505447
6048,63.0,0.0,0.0,0.0,0.0,0.06806513547863605,0.06806513547863605
6049,63.0,1.0,0.0,1.0,1.0,0.5350809140500077,0.6031460495286437
6050,63.0,2.0,0.0,2.0,2.0,0.5201526156790977,1.1232986652077415
6051,63.0,3.0,0.0,3.0,3.0,0.00048590855662026,1.1237845737643617
6052,63.0,4.0,0.0,4.0,4.0,0.07128856318987772,1.1950731369542393
6053,63.0,5.0,0.0,5.0,5.0,0.07826673374384487,1.2733398706980843
6054,63.0,6.0,0.0,6.0,6.0,0.36321665879061876,1.636556529488703
6055,63.0,7.0,0.0,7.0,7.0,0.11533761676746272,1.7518941462561657
6056,63.0,8.0,0.0,8.0,1.0,0.35845450021337216,2.110348646469538
6057,63.0,9.0,0.0,9.0,2.0,0.44976625428900363,2.5601149007585415
6058,63.0,10.0,0.0,10.0,6.0,0.0,2.5601149007585415
6059,63.0,11.0,0.0,11.0,2.0,0.20242816608866174,2.7625430668472033
6060,63.0,12.0,0.0,12.0,1.0,0.17515766824041448,2.937700735087618
6061,63.0,13.0,0.0,13.0,2.0,0.17796714865995647,3.1156678837475744
6062,63.0,14.0,0.0,14.0,1.0,0.39919928454817294,3.5148671682957473
6063,63.0,15.0,0.0,15.0,1.0,0.14788550522949867,3.662752673525246
6064,63.0,16.0,0.0,16.0,7.0,0.11500588206885451,3.7777585555941005
6065,63.0,17.0,0.0,17.0,2.0,0.0,3.7777585555941005
6066,63.0,18.0,0.0,18.0,5.0,0.34526090527631603,4.123019460870417
6067,63.0,19.0,0.0,19.0,4.0,0.6166947510523849,4.739714211922801
6068,63.0,20.0,0.0,20.0,4.0,0.12212621641662968,4.8618404283394305
6069,63.0,21.0,0.0,21.0,0.0,0.33003064520520264,5.191871073544633
6070,63.0,22.0,0.0,22.0,5.0,0.056443085324379784,5.248314158869013
6071,63.0,23.0,0.0,23.0,4.0,0.15590532879380598,5.404219487662819
6072,63.0,24.0,0.0,24.0,0.0,0.0,5.404219487662819
6073,63.0,25.0,0.0,25.0,1.0,0.0,5.404219487662819
6074,63.0,26.0,0.0,26.0,6.0,0.2676282183690528,5.671847706031872
6075,63.0,27.0,0.0,27.0,3.0,0.028731351967359188,5.700579057999231
6076,63.0,28.0,0.0,28.0,6.0,0.38423498309596005,6.084814041095191
6077,63.0,29.0,0.0,29.0,6.0,0.06692797541129325,6.151742016506484
6078,63.0,30.0,0.0,30.0,2.0,0.11886118707131776,6.270603203577801
6079,63.0,31.0,0.0,31.0,4.0,0.0702652958566233,6.340868499434425
6080,63.0,32.0,0.0,32.0,1.0,0.35164524988197277,6.692513749316397
6081,63.0,33.0,0.0,33.0,1.0,0.023156626925220768,6.715670376241618
6082,63.0,34.0,0.0,34.0,7.0,0.0,6.715670376241618
6083,63.0,35.0,0.0,35.0,2.0,0.0,6.715670376241618
6084,63.0,36.0,0.0,36.0,5.0,0.05028223153043451,6.765952607772052
6085,63.0,37.0,0.0,37.0,6.0,0.0,6.765952607772052
6086,63.0,38.0,0.0,38.0,4.0,0.19670552128951685,6.962658129061569
6087,63.0,39.0,0.0,39.0,1.0,0.625716871682588,7.588375000744157
6088,63.0,40.0,0.0,40.0,1.0,0.18420213317850265,7.77257713392266
6089,63.0,41.0,0.0,41.0,1.0,0.0,7.77257713392266
6090,63.0,42.0,0.0,42.0,0.0,0.0,7.77257713392266
6091,63.0,43.0,0.0,43.0,4.0,0.3378213837210231,8.110398517643683
6092,63.0,44.0,0.0,44.0,4.0,0.3845164824990986,8.49491500014278
6093,63.0,45.0,0.0,45.0,4.0,0.0,8.49491500014278
6094,63.0,46.0,0.0,46.0,1.0,0.11896244309851166,8.613877443241293
6095,63.0,47.0,0.0,47.0,2.0,0.40364005699886474,9.017517500240158
6096,63.0,48.0,0.0,48.0,2.0,0.25637356125238836,9.273891061492547
6097,63.0,49.0,0.0,49.0,2.0,0.14626881783373236,9.42015987932628
6098,63.0,50.0,0.0,50.0,1.0,0.21774518083343142,9.63790506015971
6099,63.0,51.0,0.0,51.0,2.0,0.0072074941480090105,9.645112554307719
6100,63.0,52.0,0.0,52.0,6.0,0.1440283701753274,9.789140924483046
6101,63.0,53.0,0.0,53.0,4.0,0.1365648802244922,9.925705804707539
6102,63.0,54.0,0.0,54.0,5.0,0.31773180429062425,10.243437608998162
6103,63.0,55.0,0.0,55.0,5.0,0.25545532592559733,10.49889293492376
6104,63.0,56.0,0.0,56.0,5.0,0.4034908793754677,10.902383814299228
6105,63.0,57.0,0.0,57.0,5.0,0.0,10.902383814299228
6106,63.0,58.0,0.0,58.0,1.0,0.0,10.902383814299228
6107,63.0,59.0,0.0,59.0,3.0,0.07173524956865848,10.974119063867885
6108,63.0,60.0,0.0,60.0,4.0,0.0,10.974119063867885
6109,63.0,61.0,0.0,61.0,7.0,0.12388247804213057,11.098001541910016
6110,63.0,62.0,0.0,62.0,5.0,0.3060716499089532,11.404073191818968
6111,63.0,63.0,0.0,63.0,5.0,0.0,11.404073191818968
6112,63.0,64.0,0.0,64.0,6.0,0.0,11.404073191818968
6113,63.0,65.0,0.0,65.0,2.0,0.16196479063327046,11.566037982452238
6114,63.0,66.0,0.0,66.0,1.0,0.03476387852119797,11.600801860973437
6115,63.0,67.0,0.0,67.0,0.0,0.04497487212076914,11.645776733094205
6116,63.0,68.0,0.0,68.0,2.0,0.1588172883297803,11.804594021423986
6117,63.0,69.0,0.0,69.0,4.0,0.2459794118468931,12.050573433270879
6118,63.0,70.0,0.0,70.0,1.0,0.6458467227103142,12.696420155981192
6119,63.0,71.0,0.0,71.0,1.0,0.3728753173739762,13.069295473355169
6120,63.0,72.0,0.0,72.0,1.0,0.16259328171919027,13.231888755074358
6121,63.0,73.0,0.0,73.0,1.0,0.1122698472049673,13.344158602279325
6122,63.0,74.0,0.0,74.0,1.0,0.0766334705336081,13.420792072812933
6123,63.0,75.0,0.0,75.0,5.0,0.3671116304857597,13.787903703298692
6124,63.0,76.0,0.0,76.0,5.0,0.1011811837154788,13.889084887014171
6125,63.0,77.0,0.0,77.0,4.0,0.29965634577184486,14.188741232786017
6126,63.0,78.0,0.0,78.0,4.0,0.8641538969732209,15.052895129759237
6127,63.0,79.0,0.0,79.0,4.0,0.4262384419390214,15.47913357169826
6128,63.0,80.0,0.0,80.0,4.0,0.5243230454212805,16.00345661711954
6129,63.0,81.0,0.0,81.0,4.0,0.0,16.00345661711954
6130,63.0,82.0,0.0,82.0,4.0,0.0,16.00345661711954
6131,63.0,83.0,0.0,83.0,4.0,0.35306467064568264,16.356521287765222
6132,63.0,84.0,0.0,84.0,4.0,0.6630452028905913,17.019566490655812
6133,63.0,85.0,0.0,85.0,4.0,0.06308539271434067,17.082651883370154
6134,63.0,86.0,0.0,86.0,4.0,0.29095081075282125,17.373602694122976
6135,63.0,87.0,0.0,87.0,4.0,0.6296318563139507,18.003234550436925
6136,63.0,88.0,0.0,88.0,4.0,0.35410539327964946,18.357339943716575
6137,63.0,89.0,0.0,89.0,4.0,0.16403310077668387,18.52137304449326
6138,63.0,90.0,0.0,90.0,4.0,0.03244158328874442,18.553814627782003
6139,63.0,91.0,0.0,91.0,4.0,0.3716799242424243,18.92549455202443
6140,63.0,92.0,0.0,92.0,4.0,0.18805542412596601,19.113549976150395
6141,63.0,93.0,0.0,93.0,4.0,0.0,19.113549976150395
6142,63.0,94.0,0.0,94.0,4.0,0.3376566388633923,19.45120661501379
6143,63.0,95.0,0.0,95.0,4.0,0.15383977509268065,19.60504639010647
6144,64.0,0.0,0.0,0.0,0.0,0.12021065492910031,0.12021065492910031
6145,64.0,1.0,0.0,1.0,1.0,0.15694390699350397,0.2771545619226043
6146,64.0,2.0,0.0,2.0,2.0,0.1972278864460845,0.4743824483686888
6147,64.0,3.0,0.0,3.0,3.0,0.18076898800776417,0.655151436376453
6148,64.0,4.0,0.0,4.0,4.0,0.06660229217274866,0.7217537285492017
6149,64.0,5.0,0.0,5.0,5.0,0.0,0.7217537285492017
6150,64.0,6.0,0.0,6.0,6.0,0.398606424860819,1.1203601534100207
6151,64.0,7.0,0.0,7.0,7.0,0.28559811848043837,1.405958271890459
6152,64.0,8.0,0.0,8.0,6.0,0.14418838926849195,1.550146661158951
6153,64.0,9.0,0.0,9.0,7.0,0.4763979432030655,2.0265446043620163
6154,64.0,10.0,0.0,10.0,7.0,0.24291591879383728,2.269460523155854
6155,64.0,11.0,0.0,11.0,2.0,0.27508209868767286,2.5445426218435268
6156,64.0,12.0,0.0,12.0,3.0,0.08066953314049238,2.6252121549840193
6157,64.0,13.0,0.0,13.0,1.0,0.7343824664965894,3.3595946214806087
6158,64.0,14.0,0.0,14.0,1.0,0.31376821855801423,3.673362840038623
6159,64.0,15.0,0.0,15.0,1.0,0.9959745150176808,4.669337355056304
6160,64.0,16.0,0.0,16.0,1.0,0.5325149437924254,5.2018522988487295
6161,64.0,17.0,0.0,17.0,1.0,0.1178259592096348,5.319678258058365
6162,64.0,18.0,0.0,18.0,1.0,0.2217983483299603,5.541476606388325
6163,64.0,19.0,0.0,19.0,1.0,0.18420213317850265,5.725678739566828
6164,64.0,20.0,0.0,20.0,6.0,0.002161454739645614,5.727840194306474
6165,64.0,21.0,0.0,21.0,7.0,0.21001575520798305,5.937855949514456
6166,64.0,22.0,0.0,22.0,0.0,0.1908288003675769,6.128684749882034
6167,64.0,23.0,0.0,23.0,2.0,0.05893971598014328,6.187624465862177
6168,64.0,24.0,0.0,24.0,1.0,0.625716871682588,6.813341337544765
6169,64.0,25.0,0.0,25.0,1.0,0.025530299644546818,6.838871637189312
6170,64.0,26.0,0.0,26.0,4.0,0.35662687216539196,7.195498509354704
6171,64.0,27.0,0.0,27.0,4.0,0.08483909213874269,7.280337601493446
6172,64.0,28.0,0.0,28.0,7.0,0.22951623073539107,7.5098538322288375
6173,64.0,29.0,0.0,29.0,1.0,0.26917241091670174,7.779026243145539
6174,64.0,30.0,0.0,30.0,1.0,0.9645942569749285,8.743620500120468
6175,64.0,31.0,0.0,31.0,1.0,0.0,8.743620500120468
6176,64.0,32.0,0.0,32.0,1.0,0.18474591588561104,8.928366416006078
6177,64.0,33.0,0.0,33.0,1.0,0.028670031367413643,8.957036447373492
6178,64.0,34.0,0.0,34.0,7.0,0.0,8.957036447373492
6179,64.0,35.0,0.0,35.0,0.0,0.1379763011203817,9.095012748493874
6180,64.0,36.0,0.0,36.0,5.0,0.1189977910814536,9.214010539575327
6181,64.0,37.0,0.0,37.0,1.0,0.1581141854724727,9.372124725047799
6182,64.0,38.0,0.0,38.0,3.0,0.008668876753709993,9.380793601801509
6183,64.0,39.0,0.0,39.0,6.0,0.11636299692256234,9.497156598724072
6184,64.0,40.0,0.0,40.0,1.0,0.0,9.497156598724072
6185,64.0,41.0,0.0,41.0,2.0,0.0,9.497156598724072
6186,64.0,42.0,0.0,42.0,4.0,0.06308539271434067,9.560241991438412
6187,64.0,43.0,0.0,43.0,1.0,0.23895507602304034,9.799197067461453
6188,64.0,44.0,0.0,44.0,7.0,0.3522479878918014,10.151445055353253
6189,64.0,45.0,0.0,45.0,7.0,0.5091692201750498,10.660614275528303
6190,64.0,46.0,0.0,46.0,7.0,0.10038865027494817,10.76100292580325
6191,64.0,47.0,0.0,47.0,0.0,0.11885831032078227,10.879861236124032
6192,64.0,48.0,0.0,48.0,1.0,0.09271436829694825,10.97257560442098
6193,64.0,49.0,0.0,49.0,7.0,0.05063330393183056,11.02320890835281
6194,64.0,50.0,0.0,50.0,1.0,0.3720624105248227,11.395271318877633
6195,64.0,51.0,0.0,51.0,1.0,0.27837232626576186,11.673643645143395
6196,64.0,52.0,0.0,52.0,1.0,0.1525595877654341,11.82620323290883
6197,64.0,53.0,0.0,53.0,6.0,0.25249491253368417,12.078698145442514
6198,64.0,54.0,0.0,54.0,5.0,0.11740694843157064,12.196105093874085
6199,64.0,55.0,0.0,55.0,1.0,0.031550322030998015,12.227655415905083
6200,64.0,56.0,0.0,56.0,6.0,0.5415728013366148,12.769228217241698
6201,64.0,57.0,0.0,57.0,6.0,0.0,12.769228217241698
6202,64.0,58.0,0.0,58.0,7.0,0.2963231527000224,13.065551369941721
6203,64.0,59.0,0.0,59.0,7.0,0.21288313045197185,13.278434500393693
6204,64.0,60.0,0.0,60.0,6.0,0.20751175649518033,13.485946256888873
6205,64.0,61.0,0.0,61.0,1.0,0.04317602104936086,13.529122277938233
6206,64.0,62.0,0.0,62.0,4.0,0.0,13.529122277938233
6207,64.0,63.0,0.0,63.0,0.0,0.0,13.529122277938233
6208,64.0,64.0,0.0,64.0,7.0,0.7375721814246866,14.26669445936292
6209,64.0,65.0,0.0,65.0,7.0,0.3497936611859112,14.616488120548832
6210,64.0,66.0,0.0,66.0,7.0,0.2075341574424337,14.824022277991265
6211,64.0,67.0,0.0,67.0,7.0,0.26478666827767994,15.088808946268944
6212,64.0,68.0,0.0,68.0,7.0,0.03880437980675808,15.127613326075702
6213,64.0,69.0,0.0,69.0,7.0,0.13016600678161144,15.257779332857313
6214,64.0,70.0,0.0,70.0,6.0,0.10776919275082603,15.365548525608139
6215,64.0,71.0,0.0,71.0,2.0,0.4915012396472239,15.857049765255363
6216,64.0,72.0,0.0,72.0,2.0,0.20584383201305861,16.06289359726842
6217,64.0,73.0,0.0,73.0,2.0,0.30371061480436934,16.36660421207279
6218,64.0,74.0,0.0,74.0,2.0,0.08011626779528125,16.44672047986807
6219,64.0,75.0,0.0,75.0,1.0,0.23376214866150832,16.680482628529578
6220,64.0,76.0,0.0,76.0,3.0,0.14109950605318325,16.821582134582762
6221,64.0,77.0,0.0,77.0,7.0,0.26958034497069683,17.09116247955346
6222,64.0,78.0,0.0,78.0,2.0,0.11886118707131776,17.210023666624778
6223,64.0,79.0,0.0,79.0,1.0,0.0772841125499467,17.287307779174725
6224,64.0,80.0,0.0,80.0,7.0,0.2020575551425499,17.489365334317274
6225,64.0,81.0,0.0,81.0,7.0,0.0459894712458177,17.53535480556309
6226,64.0,82.0,0.0,82.0,1.0,0.1122698472049673,17.64762465276806
6227,64.0,83.0,0.0,83.0,5.0,0.15788754467582478,17.805512197443882
6228,64.0,84.0,0.0,84.0,6.0,0.2030643176852566,18.00857651512914
6229,64.0,85.0,0.0,85.0,1.0,0.17515766824041448,18.183734183369552
6230,64.0,86.0,0.0,86.0,2.0,0.0072074941480090105,18.19094167751756
6231,64.0,87.0,0.0,87.0,7.0,0.17451046426450795,18.365452141782068
6232,64.0,88.0,0.0,88.0,1.0,0.3461068524360502,18.71155899421812
6233,64.0,89.0,0.0,89.0,1.0,0.0,18.71155899421812
6234,64.0,90.0,0.0,90.0,6.0,0.470561563191029,19.18212055740915
6235,64.0,91.0,0.0,91.0,6.0,0.7377651793174987,19.91988573672665
6236,64.0,92.0,0.0,92.0,6.0,0.45863258329410067,20.37851832002075
6237,64.0,93.0,0.0,93.0,6.0,0.308924290481592,20.68744261050234
6238,64.0,94.0,0.0,94.0,6.0,0.08326994649709853,20.770712556999438
6239,64.0,95.0,0.0,95.0,6.0,0.20104993189686238,20.9717624888963
6240,65.0,0.0,0.0,0.0,0.0,0.41174567644419385,0.41174567644419385
6241,65.0,1.0,0.0,1.0,1.0,0.8012578002674544,1.2130034767116482
6242,65.0,2.0,0.0,2.0,2.0,0.0072074941480090105,1.2202109708596571
6243,65.0,3.0,0.0,3.0,3.0,0.5566120011411148,1.776822972000772
6244,65.0,4.0,0.0,4.0,4.0,0.6273379479591693,2.404160919959941
6245,65.0,5.0,0.0,5.0,5.0,0.15002432556116005,2.554185245521101
6246,65.0,6.0,0.0,6.0,6.0,0.46120539576978026,3.0153906412908813
6247,65.0,7.0,0.0,7.0,7.0,0.2094357913069121,3.2248264325977933
6248,65.0,8.0,0.0,8.0,1.0,0.0,3.2248264325977933
6249,65.0,9.0,0.0,9.0,4.0,0.0,3.2248264325977933
6250,65.0,10.0,0.0,10.0,3.0,0.25616649659567714,3.4809929291934703
6251,65.0,11.0,0.0,11.0,6.0,0.019802180604578484,3.5007951097980485
6252,65.0,12.0,0.0,12.0,0.0,0.0,3.5007951097980485
6253,65.0,13.0,0.0,13.0,3.0,0.25537726099248537,3.7561723707905337
6254,65.0,14.0,0.0,14.0,1.0,0.025530299644546818,3.7817026704350805
6255,65.0,15.0,0.0,15.0,7.0,0.0,3.7817026704350805
6256,65.0,16.0,0.0,16.0,4.0,0.0,3.7817026704350805
6257,65.0,17.0,0.0,17.0,5.0,0.13236637124382183,3.914069041678902
6258,65.0,18.0,0.0,18.0,3.0,0.00048590855662026,3.9145549502355226
6259,65.0,19.0,0.0,19.0,6.0,0.0,3.9145549502355226
6260,65.0,20.0,0.0,20.0,1.0,0.14996651879064163,4.064521469026165
6261,65.0,21.0,0.0,21.0,0.0,0.513449698258166,4.57797116728433
6262,65.0,22.0,0.0,22.0,0.0,0.20745119701015383,4.785422364294484
6263,65.0,23.0,0.0,23.0,0.0,0.12364928192121198,4.909071646215696
6264,65.0,24.0,0.0,24.0,3.0,0.001461682704674984,4.910533328920371
6265,65.0,25.0,0.0,25.0,2.0,0.4898575650501079,5.400390893970479
6266,65.0,26.0,0.0,26.0,2.0,0.14626881783373236,5.546659711804211
6267,65.0,27.0,0.0,27.0,2.0,0.273959930967197,5.820619642771408
6268,65.0,28.0,0.0,28.0,4.0,0.35662687216539196,6.1772465149368
6269,65.0,29.0,0.0,29.0,4.0,0.12114345880479456,6.298389973741594
6270,65.0,30.0,0.0,30.0,5.0,0.0,6.298389973741594
6271,65.0,31.0,0.0,31.0,1.0,0.3728753173739762,6.671265291115571
6272,65.0,32.0,0.0,32.0,1.0,0.27119035406226066,6.942455645177832
6273,65.0,33.0,0.0,33.0,2.0,0.44976625428900363,7.392221899466835
6274,65.0,34.0,0.0,34.0,2.0,0.1905422112228126,7.582764110689648
6275,65.0,35.0,0.0,35.0,0.0,0.0,7.582764110689648
6276,65.0,36.0,0.0,36.0,1.0,0.23376214866150832,7.816526259351156
6277,65.0,37.0,0.0,37.0,2.0,0.15436321182083243,7.970889471171988
6278,65.0,38.0,0.0,38.0,7.0,0.0,7.970889471171988
6279,65.0,39.0,0.0,39.0,1.0,0.6458467227103142,8.616736193882302
6280,65.0,40.0,0.0,40.0,1.0,0.1178259592096348,8.734562153091936
6281,65.0,41.0,0.0,41.0,1.0,0.06877401020269108,8.803336163294627
6282,65.0,42.0,0.0,42.0,6.0,0.5211461016164569,9.324482264911085
6283,65.0,43.0,0.0,43.0,6.0,0.22700732154927955,9.551489586460365
6284,65.0,44.0,0.0,44.0,6.0,0.23958507229734452,9.79107465875771
6285,65.0,45.0,0.0,45.0,6.0,0.10776919275082603,9.898843851508536
6286,65.0,46.0,0.0,46.0,4.0,0.30316141851187267,10.20200527002041
6287,65.0,47.0,0.0,47.0,4.0,0.41110112443122054,10.61310639445163
6288,65.0,48.0,0.0,48.0,4.0,0.19670552128951685,10.809811915741147
6289,65.0,49.0,0.0,49.0,3.0,0.19321782807184884,11.003029743812995
6290,65.0,50.0,0.0,50.0,2.0,0.2732812363944383,11.276310980207434
6291,65.0,51.0,0.0,51.0,4.0,0.0,11.276310980207434
6292,65.0,52.0,0.0,52.0,1.0,0.14690456218978679,11.423215542397221
6293,65.0,53.0,0.0,53.0,2.0,0.11327101634064082,11.536486558737861
6294,65.0,54.0,0.0,54.0,3.0,0.15771312543106009,11.694199684168922
6295,65.0,55.0,0.0,55.0,6.0,0.5721185095518746,12.266318193720796
6296,65.0,56.0,0.0,56.0,6.0,0.528994261355651,12.795312455076447
6297,65.0,57.0,0.0,57.0,6.0,0.19275096950199988,12.988063424578447
6298,65.0,58.0,0.0,58.0,6.0,0.04941931180611817,13.037482736384566
6299,65.0,59.0,0.0,59.0,6.0,0.308924290481592,13.346407026866158
6300,65.0,60.0,0.0,60.0,0.0,0.0,13.346407026866158
6301,65.0,61.0,0.0,61.0,6.0,0.19237477602684144,13.538781802893
6302,65.0,62.0,0.0,62.0,1.0,0.2217983483299603,13.76058015122296
6303,65.0,63.0,0.0,63.0,6.0,0.0,13.76058015122296
6304,65.0,64.0,0.0,64.0,2.0,0.0,13.76058015122296
6305,65.0,65.0,0.0,65.0,1.0,0.9645942569749285,14.725174408197889
6306,65.0,66.0,0.0,66.0,1.0,0.26917241091670174,14.99434681911459
6307,65.0,67.0,0.0,67.0,1.0,0.1250648719057287,15.119411691020318
6308,65.0,68.0,0.0,68.0,1.0,0.21643836357841792,15.335850054598735
6309,65.0,69.0,0.0,69.0,1.0,0.04845925959332829,15.384309314192063
6310,65.0,70.0,0.0,70.0,1.0,0.39051636555348407,15.774825679745547
6311,65.0,71.0,0.0,71.0,1.0,0.0930474388599168,15.867873118605464
6312,65.0,72.0,0.0,72.0,3.0,0.0,15.867873118605464
6313,65.0,73.0,0.0,73.0,4.0,0.28146556337815226,16.149338681983618
6314,65.0,74.0,0.0,74.0,4.0,0.28973804014574706,16.439076722129364
6315,65.0,75.0,0.0,75.0,1.0,0.38990649885735673,16.82898322098672
6316,65.0,76.0,0.0,76.0,1.0,0.640526367398124,17.469509588384845
6317,65.0,77.0,0.0,77.0,1.0,0.5325149437924254,18.00202453217727
6318,65.0,78.0,0.0,78.0,1.0,0.2129057638025988,18.21493029597987
6319,65.0,79.0,0.0,79.0,1.0,0.2336797832809992,18.448610079260867
6320,65.0,80.0,0.0,80.0,1.0,0.23895507602304034,18.687565155283906
6321,65.0,81.0,0.0,81.0,1.0,0.0,18.687565155283906
6322,65.0,82.0,0.0,82.0,4.0,0.024172346025505487,18.71173750130941
6323,65.0,83.0,0.0,83.0,1.0,0.0,18.71173750130941
6324,65.0,84.0,0.0,84.0,5.0,0.2501458808505047,18.961883382159915
6325,65.0,85.0,0.0,85.0,5.0,0.15788754467582478,19.119770926835738
6326,65.0,86.0,0.0,86.0,6.0,0.12662947121033713,19.246400398046074
6327,65.0,87.0,0.0,87.0,1.0,0.11338444405026506,19.35978484209634
6328,65.0,88.0,0.0,88.0,0.0,0.11395249262034009,19.473737334716677
6329,65.0,89.0,0.0,89.0,2.0,0.6213972006776474,20.095134535394326
6330,65.0,90.0,0.0,90.0,2.0,0.40364005699886474,20.49877459239319
6331,65.0,91.0,0.0,91.0,2.0,0.0009678536600830689,20.499742446053272
6332,65.0,92.0,0.0,92.0,2.0,0.5927850394971269,21.0925274855504
6333,65.0,93.0,0.0,93.0,2.0,0.5913394163650157,21.683866901915415
6334,65.0,94.0,0.0,94.0,2.0,0.4604115321070168,22.144278434022432
6335,65.0,95.0,0.0,95.0,2.0,0.21976599108420175,22.364044425106634
6336,66.0,0.0,0.0,0.0,0.0,0.0,0.0
6337,66.0,1.0,0.0,1.0,1.0,0.17515766824041448,0.17515766824041448
6338,66.0,2.0,0.0,2.0,2.0,0.0,0.17515766824041448
6339,66.0,3.0,0.0,3.0,3.0,0.008668876753709993,0.18382654499412449
6340,66.0,4.0,0.0,4.0,4.0,0.0456160838408476,0.22944262883497207
6341,66.0,5.0,0.0,5.0,5.0,0.30212354745347314,0.5315661762884452
6342,66.0,6.0,0.0,6.0,6.0,0.18466604549596066,0.7162322217844058
6343,66.0,7.0,0.0,7.0,7.0,0.05537060155804675,0.7716028233424526
6344,66.0,8.0,0.0,8.0,5.0,0.2548228037622788,1.0264256271047314
6345,66.0,9.0,0.0,9.0,6.0,0.40586275112066333,1.4322883782253948
6346,66.0,10.0,0.0,10.0,1.0,0.2129057638025988,1.6451941420279936
6347,66.0,11.0,0.0,11.0,6.0,0.6681191236917254,2.313313265719719
6348,66.0,12.0,0.0,12.0,6.0,0.7330812715508707,3.0463945372705896
6349,66.0,13.0,0.0,13.0,6.0,0.5415728013366148,3.5879673386072044
6350,66.0,14.0,0.0,14.0,6.0,0.528994261355651,4.116961599962855
6351,66.0,15.0,0.0,15.0,6.0,0.2888924503251035,4.405854050287958
6352,66.0,16.0,0.0,16.0,6.0,0.18216968160881716,4.588023731896776
6353,66.0,17.0,0.0,17.0,5.0,0.7159429210092614,5.303966652906038
6354,66.0,18.0,0.0,18.0,5.0,0.0,5.303966652906038
6355,66.0,19.0,0.0,19.0,6.0,0.08900059238186646,5.392967245287904
6356,66.0,20.0,0.0,20.0,6.0,0.0,5.392967245287904
6357,66.0,21.0,0.0,21.0,5.0,0.0908247463196243,5.483791991607529
6358,66.0,22.0,0.0,22.0,7.0,0.45856256848509114,5.942354560092619
6359,66.0,23.0,0.0,23.0,7.0,0.0,5.942354560092619
6360,66.0,24.0,0.0,24.0,1.0,0.23376214866150832,6.176116708754128
6361,66.0,25.0,0.0,25.0,4.0,0.14305431294694723,6.319171021701075
6362,66.0,26.0,0.0,26.0,6.0,0.08326994649709853,6.4024409681981735
6363,66.0,27.0,0.0,27.0,3.0,0.2794877389564897,6.681928707154663
6364,66.0,28.0,0.0,28.0,0.0,0.0,6.681928707154663
6365,66.0,29.0,0.0,29.0,2.0,0.0,6.681928707154663
6366,66.0,30.0,0.0,30.0,3.0,0.3124487689648274,6.994377476119491
6367,66.0,31.0,0.0,31.0,5.0,0.4331310121324684,7.427508488251959
6368,66.0,32.0,0.0,32.0,5.0,0.056443085324379784,7.483951573576339
6369,66.0,33.0,0.0,33.0,1.0,0.1122698472049673,7.596221420781306
6370,66.0,34.0,0.0,34.0,3.0,0.011662364837897463,7.607883785619203
6371,66.0,35.0,0.0,35.0,6.0,0.20751175649518033,7.815395542114383
6372,66.0,36.0,0.0,36.0,6.0,0.0206337541478017,7.836029296262185
6373,66.0,37.0,0.0,37.0,7.0,0.14518903393281696,7.981218330195002
6374,66.0,38.0,0.0,38.0,5.0,0.023341935947433844,8.004560266142436
6375,66.0,39.0,0.0,39.0,4.0,0.0,8.004560266142436
6376,66.0,40.0,0.0,40.0,6.0,0.25249491253368417,8.25705517867612
6377,66.0,41.0,0.0,41.0,1.0,0.22346138720261824,8.48051656587874
6378,66.0,42.0,0.0,42.0,6.0,0.012576657579367172,8.493093223458107
6379,66.0,43.0,0.0,43.0,1.0,0.0,8.493093223458107
6380,66.0,44.0,0.0,44.0,7.0,0.022183306689947068,8.515276530148054
6381,66.0,45.0,0.0,45.0,5.0,0.09069293668371073,8.605969466831764
6382,66.0,46.0,0.0,46.0,6.0,0.29928972735028064,8.905259194182046
6383,66.0,47.0,0.0,47.0,6.0,0.46120539576978026,9.366464589951827
6384,66.0,48.0,0.0,48.0,6.0,0.1370475401392327,9.503512130091059
6385,66.0,49.0,0.0,49.0,3.0,0.350068861673392,9.853580991764451
6386,66.0,50.0,0.0,50.0,3.0,0.0,9.853580991764451
6387,66.0,51.0,0.0,51.0,6.0,0.45154853925075483,10.305129531015206
6388,66.0,52.0,0.0,52.0,6.0,0.46655973523908206,10.771689266254288
6389,66.0,53.0,0.0,53.0,6.0,0.07179891276627816,10.843488179020566
6390,66.0,54.0,0.0,54.0,6.0,0.04396724673097683,10.887455425751543
6391,66.0,55.0,0.0,55.0,5.0,0.25021711092646615,11.137672536678009
6392,66.0,56.0,0.0,56.0,6.0,0.18788376889070377,11.325556305568712
6393,66.0,57.0,0.0,57.0,5.0,0.13948261044307597,11.465038916011789
6394,66.0,58.0,0.0,58.0,6.0,0.0,11.465038916011789
6395,66.0,59.0,0.0,59.0,6.0,0.15948567313383155,11.62452458914562
6396,66.0,60.0,0.0,60.0,5.0,0.190094615722883,11.814619204868503
6397,66.0,61.0,0.0,61.0,3.0,0.10860300214653837,11.92322220701504
6398,66.0,62.0,0.0,62.0,1.0,0.0,11.92322220701504
6399,66.0,63.0,0.0,63.0,7.0,0.4048413410201004,12.328063548035141
6400,66.0,64.0,0.0,64.0,7.0,0.08463113415129656,12.412694682186437
6401,66.0,65.0,0.0,65.0,6.0,0.0,12.412694682186437
6402,66.0,66.0,0.0,66.0,5.0,0.027814322711726475,12.440509004898164
6403,66.0,67.0,0.0,67.0,7.0,0.11533761676746272,12.555846621665626
6404,66.0,68.0,0.0,68.0,0.0,0.04220093898319513,12.598047560648821
6405,66.0,69.0,0.0,69.0,2.0,0.14808157325436302,12.746129133903183
6406,66.0,70.0,0.0,70.0,4.0,0.5512595017927662,13.297388635695949
6407,66.0,71.0,0.0,71.0,4.0,0.1495593642703379,13.446947999966287
6408,66.0,72.0,0.0,72.0,4.0,0.2914393100528348,13.738387310019123
6409,66.0,73.0,0.0,73.0,4.0,0.03512950138498507,13.773516811404107
6410,66.0,74.0,0.0,74.0,4.0,0.0,13.773516811404107
6411,66.0,75.0,0.0,75.0,6.0,0.19275096950199988,13.966267780906108
6412,66.0,76.0,0.0,76.0,6.0,0.12662947121033713,14.092897252116446
6413,66.0,77.0,0.0,77.0,3.0,0.3530641579703023,14.445961410086747
6414,66.0,78.0,0.0,78.0,3.0,0.26914273809568673,14.715104148182434
6415,66.0,79.0,0.0,79.0,3.0,0.12697042011696535,14.842074568299399
6416,66.0,80.0,0.0,80.0,3.0,0.20758298031156905,15.049657548610968
6417,66.0,81.0,0.0,81.0,2.0,0.20166360592346178,15.25132115453443
6418,66.0,82.0,0.0,82.0,7.0,0.3632416151092178,15.614562769643648
6419,66.0,83.0,0.0,83.0,7.0,0.0,15.614562769643648
6420,66.0,84.0,0.0,84.0,2.0,0.4833660339380995,16.09792880358175
6421,66.0,85.0,0.0,85.0,2.0,0.0072074941480090105,16.105136297729757
6422,66.0,86.0,0.0,86.0,2.0,0.0,16.105136297729757
6423,66.0,87.0,0.0,87.0,6.0,0.5048327715259897,16.609969069255747
6424,66.0,88.0,0.0,88.0,6.0,0.2245370227069958,16.834506091962744
6425,66.0,89.0,0.0,89.0,6.0,0.029858941276052695,16.864365033238798
6426,66.0,90.0,0.0,90.0,5.0,0.3355502795163708,17.19991531275517
6427,66.0,91.0,0.0,91.0,5.0,0.15002432556116005,17.34993963831633
6428,66.0,92.0,0.0,92.0,3.0,0.042142145651259406,17.392081783967587
6429,66.0,93.0,0.0,93.0,6.0,0.2380098281042837,17.63009161207187
6430,66.0,94.0,0.0,94.0,5.0,0.2501458808505047,17.880237492922372
6431,66.0,95.0,0.0,95.0,6.0,0.41014276344445866,18.29038025636683
6432,67.0,0.0,0.0,0.0,0.0,0.0,0.0
6433,67.0,1.0,0.0,1.0,1.0,0.23702024352928716,0.23702024352928716
6434,67.0,2.0,0.0,2.0,2.0,0.5537602076296071,0.7907804511588943
6435,67.0,3.0,0.0,3.0,3.0,0.13611159388976898,0.9268920450486633
6436,67.0,4.0,0.0,4.0,4.0,0.8641538969732209,1.791045942021884
6437,67.0,5.0,0.0,5.0,5.0,0.056443085324379784,1.8474890273462639
6438,67.0,6.0,0.0,6.0,6.0,0.43814959519287755,2.2856386225391416
6439,67.0,7.0,0.0,7.0,7.0,0.3632416151092178,2.6488802376483593
6440,67.0,8.0,0.0,8.0,4.0,0.0,2.6488802376483593
6441,67.0,9.0,0.0,9.0,2.0,0.0,2.6488802376483593
6442,67.0,10.0,0.0,10.0,6.0,0.23958507229734452,2.888465309945704
6443,67.0,11.0,0.0,11.0,7.0,0.15727691362384175,3.0457422235695457
6444,67.0,12.0,0.0,12.0,4.0,0.14305431294694723,3.188796536516493
6445,67.0,13.0,0.0,13.0,1.0,0.2336797832809992,3.422476319797492
6446,67.0,14.0,0.0,14.0,6.0,0.0,3.422476319797492
6447,67.0,15.0,0.0,15.0,3.0,0.2656910608312819,3.688167380628774
6448,67.0,16.0,0.0,16.0,2.0,0.0,3.688167380628774
6449,67.0,17.0,0.0,17.0,4.0,0.7468916268125877,4.435059007441361
6450,67.0,18.0,0.0,18.0,4.0,0.6548917240652656,5.089950731506627
6451,67.0,19.0,0.0,19.0,4.0,0.12626645153161312,5.21621718303824
6452,67.0,20.0,0.0,20.0,4.0,0.0456160838408476,5.261833266879088
6453,67.0,21.0,0.0,21.0,7.0,0.4410508038344497,5.702884070713537
6454,67.0,22.0,0.0,22.0,7.0,0.02758892282854971,5.730472993542087
6455,67.0,23.0,0.0,23.0,1.0,0.4091289111380489,6.139601904680135
6456,67.0,24.0,0.0,24.0,1.0,0.05727556146362054,6.196877466143755
6457,67.0,25.0,0.0,25.0,4.0,0.22645575073161234,6.423333216875368
6458,67.0,26.0,0.0,26.0,5.0,0.13948261044307597,6.562815827318444
6459,67.0,27.0,0.0,27.0,3.0,0.5566120011411148,7.119427828459559
6460,67.0,28.0,0.0,28.0,3.0,0.030472832457272593,7.149900660916831
6461,67.0,29.0,0.0,29.0,4.0,0.30316141851187267,7.453062079428704
6462,67.0,30.0,0.0,30.0,6.0,0.012576657579367172,7.465638737008071
6463,67.0,31.0,0.0,31.0,4.0,0.23110148611791392,7.6967402231259845
6464,67.0,32.0,0.0,32.0,0.0,0.07365740875287344,7.770397631878858
6465,67.0,33.0,0.0,33.0,7.0,0.0372746347292418,7.807672266608099
6466,67.0,34.0,0.0,34.0,3.0,0.2032469793155898,8.01091924592369
6467,67.0,35.0,0.0,35.0,4.0,0.0,8.01091924592369
6468,67.0,36.0,0.0,36.0,1.0,0.22346138720261824,8.234380633126309
6469,67.0,37.0,0.0,37.0,2.0,0.39818203123925505,8.632562664365564
6470,67.0,38.0,0.0,38.0,2.0,0.1656307552320488,8.798193419597613
6471,67.0,39.0,0.0,39.0,3.0,0.01013449636003612,8.80832791595765
6472,67.0,40.0,0.0,40.0,1.0,0.43077514535649875,9.239103061314148
6473,67.0,41.0,0.0,41.0,1.0,0.31376821855801423,9.552871279872162
6474,67.0,42.0,0.0,42.0,1.0,0.39051636555348407,9.943387645425647
6475,67.0,43.0,0.0,43.0,1.0,0.04845925959332829,9.991846905018974
6476,67.0,44.0,0.0,44.0,4.0,0.6928212275644872,10.684668132583461
6477,67.0,45.0,0.0,45.0,4.0,0.20497945959324024,10.8896475921767
6478,67.0,46.0,0.0,46.0,4.0,0.3482376111706019,11.237885203347302
6479,67.0,47.0,0.0,47.0,4.0,0.41110112443122054,11.648986327778523
6480,67.0,48.0,0.0,48.0,4.0,0.28146556337815226,11.930451891156675
6481,67.0,49.0,0.0,49.0,4.0,0.5243230454212805,12.454774936577955
6482,67.0,50.0,0.0,50.0,4.0,0.5318065204421886,12.986581457020144
6483,67.0,51.0,0.0,51.0,4.0,0.0,12.986581457020144
6484,67.0,52.0,0.0,52.0,5.0,0.023341935947433844,13.009923392967577
6485,67.0,53.0,0.0,53.0,4.0,0.14496949301802708,13.154892885985605
6486,67.0,54.0,0.0,54.0,2.0,0.0009678536600830689,13.155860739645687
6487,67.0,55.0,0.0,55.0,4.0,0.1495593642703379,13.305420103916026
6488,67.0,56.0,0.0,56.0,7.0,0.025365823974029863,13.330785927890055
6489,67.0,57.0,0.0,57.0,1.0,0.5325149437924254,13.86330087168248
6490,67.0,58.0,0.0,58.0,1.0,0.11896244309851166,13.982263314780992
6491,67.0,59.0,0.0,59.0,4.0,0.07493619689443067,14.057199511675423
6492,67.0,60.0,0.0,60.0,1.0,0.27837232626576186,14.335571837941185
6493,67.0,61.0,0.0,61.0,6.0,0.38478252254705636,14.72035436048824
6494,67.0,62.0,0.0,62.0,6.0,0.8206264844566112,15.540980844944851
6495,67.0,63.0,0.0,63.0,6.0,0.0,15.540980844944851
6496,67.0,64.0,0.0,64.0,6.0,0.15948567313383155,15.700466518078683
6497,67.0,65.0,0.0,65.0,6.0,0.12662947121033713,15.82709598928902
6498,67.0,66.0,0.0,66.0,1.0,0.5191650371090091,16.34626102639803
6499,67.0,67.0,0.0,67.0,1.0,0.0,16.34626102639803
6500,67.0,68.0,0.0,68.0,4.0,0.45159698088013056,16.79785800727816
6501,67.0,69.0,0.0,69.0,4.0,0.0,16.79785800727816
6502,67.0,70.0,0.0,70.0,6.0,0.2030643176852566,17.000922324963415
6503,67.0,71.0,0.0,71.0,1.0,0.8012578002674544,17.80218012523087
6504,67.0,72.0,0.0,72.0,1.0,0.1250648719057287,17.927244997136597
6505,67.0,73.0,0.0,73.0,1.0,0.29471142430324837,18.221956421439845
6506,67.0,74.0,0.0,74.0,1.0,0.0,18.221956421439845
6507,67.0,75.0,0.0,75.0,3.0,0.08066953314049238,18.30262595458034
6508,67.0,76.0,0.0,76.0,4.0,0.35662687216539196,18.659252826745732
6509,67.0,77.0,0.0,77.0,4.0,0.5189731442966758,19.17822597104241
6510,67.0,78.0,0.0,78.0,4.0,0.2742259822986554,19.452451953341065
6511,67.0,79.0,0.0,79.0,4.0,0.3097901048969641,19.76224205823803
6512,67.0,80.0,0.0,80.0,4.0,0.15590532879380598,19.918147387031837
6513,67.0,81.0,0.0,81.0,6.0,0.456597589962221,20.37474497699406
6514,67.0,82.0,0.0,82.0,6.0,0.10776919275082603,20.482514169744885
6515,67.0,83.0,0.0,83.0,1.0,0.23376214866150832,20.716276318406393
6516,67.0,84.0,0.0,84.0,4.0,0.16518765184318784,20.88146397024958
6517,67.0,85.0,0.0,85.0,1.0,0.17515766824041448,21.056621638489993
6518,67.0,86.0,0.0,86.0,2.0,0.3746667969555425,21.431288435445534
6519,67.0,87.0,0.0,87.0,2.0,0.03427022523850223,21.465558660684035
6520,67.0,88.0,0.0,88.0,0.0,0.0,21.465558660684035
6521,67.0,89.0,0.0,89.0,6.0,0.46120539576978026,21.926764056453816
6522,67.0,90.0,0.0,90.0,6.0,0.19237477602684144,22.119138832480658
6523,67.0,91.0,0.0,91.0,6.0,0.2355975950006196,22.354736427481278
6524,67.0,92.0,0.0,92.0,4.0,0.07465631834671323,22.42939274582799
6525,67.0,93.0,0.0,93.0,6.0,0.46655973523908206,22.89595248106707
6526,67.0,94.0,0.0,94.0,6.0,0.2624626141648409,23.15841509523191
6527,67.0,95.0,0.0,95.0,6.0,0.5199951664423675,23.678410261674276
6528,68.0,0.0,0.0,0.0,0.0,0.04220093898319513,0.04220093898319513
6529,68.0,1.0,0.0,1.0,1.0,0.09259758356345157,0.1347985225466467
6530,68.0,2.0,0.0,2.0,2.0,0.41746763913831586,0.5522661616849626
6531,68.0,3.0,0.0,3.0,3.0,0.24065638461266484,0.7929225462976274
6532,68.0,4.0,0.0,4.0,4.0,0.2768550193866439,1.0697775656842712
6533,68.0,5.0,0.0,5.0,5.0,0.30212354745347314,1.3719011131377443
6534,68.0,6.0,0.0,6.0,6.0,0.04941931180611817,1.4213204249438625
6535,68.0,7.0,0.0,7.0,7.0,0.7256040504195268,2.1469244753633894
6536,68.0,8.0,0.0,8.0,7.0,0.8098490283050879,2.9567735036684772
6537,68.0,9.0,0.0,9.0,7.0,0.6859517409375426,3.64272524460602
6538,68.0,10.0,0.0,10.0,7.0,0.09818265512943311,3.740907899735453
6539,68.0,11.0,0.0,11.0,2.0,0.07183681467559985,3.8127447144110524
6540,68.0,12.0,0.0,12.0,7.0,0.658941602314391,4.471686316725443
6541,68.0,13.0,0.0,13.0,7.0,0.05537060155804675,4.52705691828349
6542,68.0,14.0,0.0,14.0,5.0,0.3041591797941908,4.831216098077681
6543,68.0,15.0,0.0,15.0,4.0,0.062174288129666674,4.893390386207347
6544,68.0,16.0,0.0,16.0,3.0,0.025510018405371447,4.918900404612718
6545,68.0,17.0,0.0,17.0,7.0,0.09917719492813658,5.018077599540855
6546,68.0,18.0,0.0,18.0,5.0,0.1405045273169124,5.158582126857768
6547,68.0,19.0,0.0,19.0,7.0,0.4048413410201004,5.563423467877868
6548,68.0,20.0,0.0,20.0,7.0,0.17451046426450795,5.737933932142377
6549,68.0,21.0,0.0,21.0,2.0,0.04961298748480245,5.787546919627179
6550,68.0,22.0,0.0,22.0,1.0,0.14300684882151335,5.930553768448692
6551,68.0,23.0,0.0,23.0,7.0,0.0,5.930553768448692
6552,68.0,24.0,0.0,24.0,6.0,0.18788376889070377,6.118437537339395
6553,68.0,25.0,0.0,25.0,0.0,0.17361444276394056,6.292051980103336
6554,68.0,26.0,0.0,26.0,5.0,0.4034908793754677,6.695542859478804
6555,68.0,27.0,0.0,27.0,5.0,0.0,6.695542859478804
6556,68.0,28.0,0.0,28.0,7.0,0.22951623073539107,6.925059090214195
6557,68.0,29.0,0.0,29.0,4.0,0.3505563668212525,7.275615457035448
6558,68.0,30.0,0.0,30.0,4.0,0.29965634577184486,7.5752718028072925
6559,68.0,31.0,0.0,31.0,7.0,0.0,7.5752718028072925
6560,68.0,32.0,0.0,32.0,4.0,0.0,7.5752718028072925
6561,68.0,33.0,0.0,33.0,3.0,0.3885911041625654,7.963862906969858
6562,68.0,34.0,0.0,34.0,3.0,0.20186904139831627,8.165731948368174
6563,68.0,35.0,0.0,35.0,7.0,0.0739714121023839,8.239703360470559
6564,68.0,36.0,0.0,36.0,6.0,0.3731406200505958,8.612843980521154
6565,68.0,37.0,0.0,37.0,6.0,0.030996621679545998,8.643840602200699
6566,68.0,38.0,0.0,38.0,1.0,0.0,8.643840602200699
6567,68.0,39.0,0.0,39.0,2.0,0.25637356125238836,8.900214163453088
6568,68.0,40.0,0.0,40.0,3.0,0.7077056663835212,9.607919829836609
6569,68.0,41.0,0.0,41.0,3.0,0.27104019678738106,9.87896002662399
6570,68.0,42.0,0.0,42.0,3.0,0.0,9.87896002662399
6571,68.0,43.0,0.0,43.0,0.0,0.07987026212693644,9.958830288750926
6572,68.0,44.0,0.0,44.0,5.0,0.43922493403029017,10.398055222781217
6573,68.0,45.0,0.0,45.0,5.0,0.0,10.398055222781217
6574,68.0,46.0,0.0,46.0,3.0,0.1400797834114359,10.538135006192652
6575,68.0,47.0,0.0,47.0,2.0,0.14626881783373236,10.684403824026385
6576,68.0,48.0,0.0,48.0,7.0,0.0,10.684403824026385
6577,68.0,49.0,0.0,49.0,3.0,0.1595965695819533,10.844000393608338
6578,68.0,50.0,0.0,50.0,4.0,0.3628567677526115,11.206857161360949
6579,68.0,51.0,0.0,51.0,4.0,0.0,11.206857161360949
6580,68.0,52.0,0.0,52.0,7.0,0.1302687467552846,11.337125908116233
6581,68.0,53.0,0.0,53.0,5.0,0.4083245810104282,11.745450489126661
6582,68.0,54.0,0.0,54.0,5.0,0.27855042756309173,12.024000916689753
6583,68.0,55.0,0.0,55.0,5.0,0.23571743285633687,12.25971834954609
6584,68.0,56.0,0.0,56.0,2.0,0.0,12.25971834954609
6585,68.0,57.0,0.0,57.0,6.0,0.12662947121033713,12.386347820756427
6586,68.0,58.0,0.0,58.0,5.0,0.0,12.386347820756427
6587,68.0,59.0,0.0,59.0,7.0,0.0056253172433511625,12.391973137999779
6588,68.0,60.0,0.0,60.0,3.0,0.10860300214653837,12.500576140146316
6589,68.0,61.0,0.0,61.0,0.0,0.0,12.500576140146316
6590,68.0,62.0,0.0,62.0,7.0,0.0,12.500576140146316
6591,68.0,63.0,0.0,63.0,3.0,0.0,12.500576140146316
6592,68.0,64.0,0.0,64.0,4.0,0.3406652420848293,12.841241382231146
6593,68.0,65.0,0.0,65.0,4.0,0.19670552128951685,13.037946903520663
6594,68.0,66.0,0.0,66.0,5.0,0.061655103827774414,13.099602007348437
6595,68.0,67.0,0.0,67.0,6.0,0.398606424860819,13.498208432209257
6596,68.0,68.0,0.0,68.0,6.0,0.08544920153663012,13.583657633745887
6597,68.0,69.0,0.0,69.0,4.0,0.005519628586349254,13.589177262332235
6598,68.0,70.0,0.0,70.0,6.0,0.11636299692256234,13.705540259254798
6599,68.0,71.0,0.0,71.0,1.0,0.5191650371090091,14.224705296363807
6600,68.0,72.0,0.0,72.0,1.0,0.31376821855801423,14.53847351492182
6601,68.0,73.0,0.0,73.0,1.0,0.5506933393432334,15.089166854265054
6602,68.0,74.0,0.0,74.0,1.0,0.6458467227103142,15.735013576975367
6603,68.0,75.0,0.0,75.0,1.0,0.2217983483299603,15.956811925305328
6604,68.0,76.0,0.0,76.0,1.0,0.26917241091670174,16.22598433622203
6605,68.0,77.0,0.0,77.0,1.0,0.14996651879064163,16.375950855012672
6606,68.0,78.0,0.0,78.0,1.0,0.028670031367413643,16.404620886380087
6607,68.0,79.0,0.0,79.0,1.0,0.06877401020269108,16.47339489658278
6608,68.0,80.0,0.0,80.0,1.0,0.11959474932936898,16.592989645912148
6609,68.0,81.0,0.0,81.0,1.0,0.2129057638025988,16.805895409714747
6610,68.0,82.0,0.0,82.0,1.0,0.8012578002674544,17.6071532099822
6611,68.0,83.0,0.0,83.0,1.0,0.23895507602304034,17.84610828600524
6612,68.0,84.0,0.0,84.0,1.0,0.14788550522949867,17.99399379123474
6613,68.0,85.0,0.0,85.0,1.0,0.5350809140500077,18.529074705284746
6614,68.0,86.0,0.0,86.0,1.0,0.625716871682588,19.154791576967334
6615,68.0,87.0,0.0,87.0,1.0,0.1521898058916304,19.306981382858964
6616,68.0,88.0,0.0,88.0,1.0,0.0,19.306981382858964
6617,68.0,89.0,0.0,89.0,1.0,0.18474591588561104,19.491727298744575
6618,68.0,90.0,0.0,90.0,1.0,0.15225671869257557,19.643984017437152
6619,68.0,91.0,0.0,91.0,1.0,0.05668020652621607,19.70066422396337
6620,68.0,92.0,0.0,92.0,7.0,0.45898782090217066,20.15965204486554
6621,68.0,93.0,0.0,93.0,7.0,0.0,20.15965204486554
6622,68.0,94.0,0.0,94.0,1.0,0.40114156826807473,20.56079361313361
6623,68.0,95.0,0.0,95.0,1.0,0.7207407501430242,21.281534363276634
6624,69.0,0.0,0.0,0.0,0.0,0.4680805035123675,0.4680805035123675
6625,69.0,1.0,0.0,1.0,1.0,0.10131102734794921,0.5693915308603167
6626,69.0,2.0,0.0,2.0,2.0,0.5537602076296071,1.123151738489924
6627,69.0,3.0,0.0,3.0,3.0,0.12697042011696535,1.2501221586068891
6628,69.0,4.0,0.0,4.0,4.0,0.5512595017927662,1.8013816603996553
6629,69.0,5.0,0.0,5.0,5.0,0.13538863996928308,1.9367703003689383
6630,69.0,6.0,0.0,6.0,6.0,0.20104993189686238,2.137820232265801
6631,69.0,7.0,0.0,7.0,7.0,0.5091692201750498,2.6469894524408506
6632,69.0,8.0,0.0,8.0,2.0,0.0,2.6469894524408506
6633,69.0,9.0,0.0,9.0,4.0,0.0456160838408476,2.692605536281698
6634,69.0,10.0,0.0,10.0,7.0,0.26478666827767994,2.957392204559378
6635,69.0,11.0,0.0,11.0,0.0,0.0,2.957392204559378
6636,69.0,12.0,0.0,12.0,7.0,0.029232001322727855,2.986624205882106
6637,69.0,13.0,0.0,13.0,6.0,0.08326994649709853,3.0698941523792045
6638,69.0,14.0,0.0,14.0,4.0,0.26227852312629674,3.3321726755055012
6639,69.0,15.0,0.0,15.0,5.0,0.07377049642032883,3.40594317192583
6640,69.0,16.0,0.0,16.0,2.0,0.38831574574861955,3.79425891767445
6641,69.0,17.0,0.0,17.0,3.0,0.07173524956865848,3.8659941672431084
6642,69.0,18.0,0.0,18.0,2.0,0.26727365674660486,4.133267823989713
6643,69.0,19.0,0.0,19.0,1.0,0.23895507602304034,4.372222900012753
6644,69.0,20.0,0.0,20.0,0.0,0.1369825643388808,4.509205464351634
6645,69.0,21.0,0.0,21.0,4.0,0.6630452028905913,5.172250667242226
6646,69.0,22.0,0.0,22.0,4.0,0.0,5.172250667242226
6647,69.0,23.0,0.0,23.0,7.0,0.0,5.172250667242226
6648,69.0,24.0,0.0,24.0,2.0,0.0,5.172250667242226
6649,69.0,25.0,0.0,25.0,4.0,0.16518765184318784,5.337438319085414
6650,69.0,26.0,0.0,26.0,1.0,0.31376821855801423,5.651206537643428
6651,69.0,27.0,0.0,27.0,1.0,0.0,5.651206537643428
6652,69.0,28.0,0.0,28.0,6.0,0.5211461016164569,6.172352639259884
6653,69.0,29.0,0.0,29.0,6.0,0.1370475401392327,6.309400179399117
6654,69.0,30.0,0.0,30.0,0.0,0.04177638852618539,6.351176567925302
6655,69.0,31.0,0.0,31.0,6.0,0.0,6.351176567925302
6656,69.0,32.0,0.0,32.0,4.0,0.07465631834671323,6.4258328862720155
6657,69.0,33.0,0.0,33.0,2.0,0.03427022523850223,6.460103111510517
6658,69.0,34.0,0.0,34.0,5.0,0.0,6.460103111510517
6659,69.0,35.0,0.0,35.0,3.0,0.0,6.460103111510517
6660,69.0,36.0,0.0,36.0,7.0,0.35893392020488385,6.819037031715402
6661,69.0,37.0,0.0,37.0,7.0,0.11139279735658204,6.930429829071984
6662,69.0,38.0,0.0,38.0,4.0,0.619788147899107,7.550217976971091
6663,69.0,39.0,0.0,39.0,4.0,0.1469609607874088,7.697178937758499
6664,69.0,40.0,0.0,40.0,4.0,0.0,7.697178937758499
6665,69.0,41.0,0.0,41.0,7.0,0.4478551091326492,8.145034046891148
6666,69.0,42.0,0.0,42.0,7.0,0.061569980833461685,8.206604027724609
6667,69.0,43.0,0.0,43.0,1.0,0.11896244309851166,8.325566470823121
6668,69.0,44.0,0.0,44.0,6.0,0.7330812715508707,9.058647742373992
6669,69.0,45.0,0.0,45.0,6.0,0.5048327715259897,9.563480513899982
6670,69.0,46.0,0.0,46.0,6.0,0.08900059238186646,9.652481106281849
6671,69.0,47.0,0.0,47.0,6.0,0.2245370227069958,9.877018128988844
6672,69.0,48.0,0.0,48.0,6.0,0.351198302995685,10.22821643198453
6673,69.0,49.0,0.0,49.0,6.0,0.10776919275082603,10.335985624735356
6674,69.0,50.0,0.0,50.0,6.0,0.060843244270408124,10.396828869005764
6675,69.0,51.0,0.0,51.0,0.0,0.0,10.396828869005764
6676,69.0,52.0,0.0,52.0,2.0,0.2992414906149762,10.696070359620741
6677,69.0,53.0,0.0,53.0,4.0,0.12212621641662968,10.818196576037371
6678,69.0,54.0,0.0,54.0,2.0,0.0,10.818196576037371
6679,69.0,55.0,0.0,55.0,7.0,0.0,10.818196576037371
6680,69.0,56.0,0.0,56.0,6.0,0.31122773400729964,11.129424310044671
6681,69.0,57.0,0.0,57.0,6.0,0.36348110977950954,11.492905419824181
6682,69.0,58.0,0.0,58.0,6.0,0.4025312660474192,11.8954366858716
6683,69.0,59.0,0.0,59.0,6.0,0.45154853925075483,12.346985225122355
6684,69.0,60.0,0.0,60.0,6.0,0.3045366457502025,12.651521870872557
6685,69.0,61.0,0.0,61.0,6.0,0.38478252254705636,13.036304393419613
6686,69.0,62.0,0.0,62.0,6.0,0.23042860433100323,13.266732997750616
6687,69.0,63.0,0.0,63.0,6.0,0.14418838926849195,13.410921387019108
6688,69.0,64.0,0.0,64.0,6.0,0.470561563191029,13.881482950210138
6689,69.0,65.0,0.0,65.0,6.0,0.019802180604578484,13.901285130814717
6690,69.0,66.0,0.0,66.0,4.0,0.6928212275644872,14.594106358379204
6691,69.0,67.0,0.0,67.0,4.0,0.041223720141801624,14.635330078521005
6692,69.0,68.0,0.0,68.0,4.0,0.3628567677526115,14.998186846273615
6693,69.0,69.0,0.0,69.0,4.0,0.28146556337815226,15.279652409651767
6694,69.0,70.0,0.0,70.0,4.0,0.15383977509268065,15.433492184744448
6695,69.0,71.0,0.0,71.0,4.0,0.3505563668212525,15.7840485515657
6696,69.0,72.0,0.0,72.0,4.0,0.29095081075282125,16.074999362318522
6697,69.0,73.0,0.0,73.0,4.0,0.22645575073161234,16.301455113050135
6698,69.0,74.0,0.0,74.0,6.0,0.002161454739645614,16.30361656778978
6699,69.0,75.0,0.0,75.0,4.0,0.0,16.30361656778978
6700,69.0,76.0,0.0,76.0,1.0,0.2977196118715112,16.601336179661292
6701,69.0,77.0,0.0,77.0,1.0,0.625716871682588,17.22705305134388
6702,69.0,78.0,0.0,78.0,1.0,0.09843267325163044,17.32548572459551
6703,69.0,79.0,0.0,79.0,1.0,0.2217983483299603,17.54728407292547
6704,69.0,80.0,0.0,80.0,1.0,0.09271436829694825,17.63999844122242
6705,69.0,81.0,0.0,81.0,2.0,0.2641208848836428,17.904119326106063
6706,69.0,82.0,0.0,82.0,6.0,0.04941931180611817,17.95353863791218
6707,69.0,83.0,0.0,83.0,1.0,0.5102676826124355,18.46380632052462
6708,69.0,84.0,0.0,84.0,1.0,0.1525595877654341,18.616365908290053
6709,69.0,85.0,0.0,85.0,1.0,0.0930474388599168,18.70941334714997
6710,69.0,86.0,0.0,86.0,2.0,0.11796462285651328,18.82737797000648
6711,69.0,87.0,0.0,87.0,7.0,0.11500588206885451,18.942383852075334
6712,69.0,88.0,0.0,88.0,4.0,0.2742259822986554,19.21660983437399
6713,69.0,89.0,0.0,89.0,4.0,0.3378213837210231,19.554431218095015
6714,69.0,90.0,0.0,90.0,4.0,0.0,19.554431218095015
6715,69.0,91.0,0.0,91.0,1.0,0.0,19.554431218095015
6716,69.0,92.0,0.0,92.0,5.0,0.040966979361581224,19.595398197456596
6717,69.0,93.0,0.0,93.0,6.0,0.709114106247022,20.304512303703618
6718,69.0,94.0,0.0,94.0,6.0,0.5064850022994652,20.810997306003085
6719,69.0,95.0,0.0,95.0,6.0,0.18216968160881716,20.9931669876119
6720,70.0,0.0,0.0,0.0,0.0,0.1908288003675769,0.1908288003675769
6721,70.0,1.0,0.0,1.0,1.0,0.0,0.1908288003675769
6722,70.0,2.0,0.0,2.0,2.0,0.15868138789215788,0.3495101882597348
6723,70.0,3.0,0.0,3.0,3.0,0.2032469793155898,0.5527571675753246
6724,70.0,4.0,0.0,4.0,4.0,0.07128856318987772,0.6240457307652023
6725,70.0,5.0,0.0,5.0,5.0,0.0,0.6240457307652023
6726,70.0,6.0,0.0,6.0,6.0,0.592467301916092,1.2165130326812943
6727,70.0,7.0,0.0,7.0,7.0,0.029232001322727855,1.2457450340040221
6728,70.0,8.0,0.0,8.0,6.0,0.470561563191029,1.716306597195051
6729,70.0,9.0,0.0,9.0,6.0,0.3152014117071101,2.0315080089021613
6730,70.0,10.0,0.0,10.0,6.0,0.14418838926849195,2.175696398170653
6731,70.0,11.0,0.0,11.0,3.0,0.4903446086842321,2.6660410068548854
6732,70.0,12.0,0.0,12.0,3.0,0.22459010399443233,2.8906311108493177
6733,70.0,13.0,0.0,13.0,0.0,0.09968082273709172,2.9903119335864092
6734,70.0,14.0,0.0,14.0,2.0,0.1670621200099897,3.1573740535963988
6735,70.0,15.0,0.0,15.0,6.0,0.4419319569723373,3.599306010568736
6736,70.0,16.0,0.0,16.0,6.0,0.0,3.599306010568736
6737,70.0,17.0,0.0,17.0,3.0,0.01013449636003612,3.609440506928772
6738,70.0,18.0,0.0,18.0,4.0,0.786538645224503,4.395979152153275
6739,70.0,19.0,0.0,19.0,4.0,0.0,4.395979152153275
6740,70.0,20.0,0.0,20.0,4.0,0.0,4.395979152153275
6741,70.0,21.0,0.0,21.0,6.0,0.0206337541478017,4.4166129063010775
6742,70.0,22.0,0.0,22.0,7.0,0.08463113415129656,4.501244040452374
6743,70.0,23.0,0.0,23.0,2.0,0.4604115321070168,4.9616555725593905
6744,70.0,24.0,0.0,24.0,2.0,0.0,4.9616555725593905
6745,70.0,25.0,0.0,25.0,1.0,0.06877401020269108,5.030429582762082
6746,70.0,26.0,0.0,26.0,5.0,0.4299809133878022,5.460410496149884
6747,70.0,27.0,0.0,27.0,5.0,0.13236637124382183,5.592776867393706
6748,70.0,28.0,0.0,28.0,0.0,0.024187376084340982,5.616964243478047
6749,70.0,29.0,0.0,29.0,3.0,0.3813698300550875,5.998334073533134
6750,70.0,30.0,0.0,30.0,3.0,0.0,5.998334073533134
6751,70.0,31.0,0.0,31.0,5.0,0.061655103827774414,6.059989177360909
6752,70.0,32.0,0.0,32.0,6.0,0.19237477602684144,6.25236395338775
6753,70.0,33.0,0.0,33.0,4.0,0.6928212275644872,6.945185180952237
6754,70.0,34.0,0.0,34.0,4.0,0.6296318563139507,7.574817037266188
6755,70.0,35.0,0.0,35.0,4.0,0.0,7.574817037266188
6756,70.0,36.0,0.0,36.0,4.0,0.29965634577184486,7.8744733830380325
6757,70.0,37.0,0.0,37.0,4.0,0.07151951990290359,7.945992902940936
6758,70.0,38.0,0.0,38.0,4.0,0.1495593642703379,8.095552267211273
6759,70.0,39.0,0.0,39.0,6.0,0.7377651793174987,8.833317446528772
6760,70.0,40.0,0.0,40.0,6.0,0.23042860433100323,9.063746050859775
6761,70.0,41.0,0.0,41.0,6.0,0.39899739331314654,9.462743444172922
6762,70.0,42.0,0.0,42.0,6.0,0.3731406200505958,9.835884064223517
6763,70.0,43.0,0.0,43.0,6.0,0.029858941276052695,9.86574300549957
6764,70.0,44.0,0.0,44.0,2.0,0.03427022523850223,9.900013230738073
6765,70.0,45.0,0.0,45.0,6.0,0.41014276344445866,10.310155994182532
6766,70.0,46.0,0.0,46.0,6.0,0.351198302995685,10.661354297178217
6767,70.0,47.0,0.0,47.0,6.0,0.0,10.661354297178217
6768,70.0,48.0,0.0,48.0,4.0,0.0,10.661354297178217
6769,70.0,49.0,0.0,49.0,3.0,0.25616649659567714,10.917520793773894
6770,70.0,50.0,0.0,50.0,6.0,0.45661860173922436,11.374139395513119
6771,70.0,51.0,0.0,51.0,6.0,0.709114106247022,12.08325350176014
6772,70.0,52.0,0.0,52.0,6.0,0.10776919275082603,12.191022694510966
6773,70.0,53.0,0.0,53.0,6.0,0.8113111970305757,13.002333891541543
6774,70.0,54.0,0.0,54.0,6.0,0.12662947121033713,13.12896336275188
6775,70.0,55.0,0.0,55.0,6.0,0.3116598759686686,13.44062323872055
6776,70.0,56.0,0.0,56.0,6.0,0.0,13.44062323872055
6777,70.0,57.0,0.0,57.0,6.0,0.525530725813632,13.96615396453418
6778,70.0,58.0,0.0,58.0,6.0,0.40586275112066333,14.372016715654844
6779,70.0,59.0,0.0,59.0,6.0,0.019802180604578484,14.391818896259423
6780,70.0,60.0,0.0,60.0,6.0,0.36348110977950954,14.755300006038933
6781,70.0,61.0,0.0,61.0,6.0,0.2091349837990253,14.964434989837958
6782,70.0,62.0,0.0,62.0,3.0,0.37470943161685766,15.339144421454815
6783,70.0,63.0,0.0,63.0,3.0,0.003936487151784531,15.3430809086066
6784,70.0,64.0,0.0,64.0,7.0,0.35893392020488385,15.702014828811484
6785,70.0,65.0,0.0,65.0,7.0,0.04239551508702711,15.74441034389851
6786,70.0,66.0,0.0,66.0,6.0,0.5198631933975867,16.264273537296095
6787,70.0,67.0,0.0,67.0,6.0,0.46621206372626145,16.730485601022355
6788,70.0,68.0,0.0,68.0,6.0,0.2245370227069958,16.955022623729352
6789,70.0,69.0,0.0,69.0,6.0,0.0,16.955022623729352
6790,70.0,70.0,0.0,70.0,5.0,0.07525820400177534,17.03028082773113
6791,70.0,71.0,0.0,71.0,6.0,0.9633601102069204,17.99364093793805
6792,70.0,72.0,0.0,72.0,6.0,0.398606424860819,18.39224736279887
6793,70.0,73.0,0.0,73.0,6.0,0.3286820084901565,18.720929371289024
6794,70.0,74.0,0.0,74.0,6.0,0.5415728013366148,19.262502172625638
6795,70.0,75.0,0.0,75.0,6.0,0.22700732154927955,19.489509494174918
6796,70.0,76.0,0.0,76.0,6.0,0.09260082505258796,19.582110319227507
6797,70.0,77.0,0.0,77.0,6.0,0.0,19.582110319227507
6798,70.0,78.0,0.0,78.0,6.0,0.2690884433507071,19.851198762578214
6799,70.0,79.0,0.0,79.0,6.0,0.060843244270408124,19.912042006848623
6800,70.0,80.0,0.0,80.0,4.0,0.2742259822986554,20.18626798914728
6801,70.0,81.0,0.0,81.0,0.0,0.1265919745726959,20.312859963719976
6802,70.0,82.0,0.0,82.0,4.0,0.005519628586349254,20.318379592306325
6803,70.0,83.0,0.0,83.0,6.0,0.002161454739645614,20.32054104704597
6804,70.0,84.0,0.0,84.0,1.0,0.8012578002674544,21.121798847313425
6805,70.0,85.0,0.0,85.0,1.0,0.185681072301442,21.307479919614867
6806,70.0,86.0,0.0,86.0,1.0,0.14300684882151335,21.45048676843638
6807,70.0,87.0,0.0,87.0,1.0,0.35164524988197277,21.802132018318353
6808,70.0,88.0,0.0,88.0,1.0,0.0,21.802132018318353
6809,70.0,89.0,0.0,89.0,1.0,0.10131102734794921,21.903443045666304
6810,70.0,90.0,0.0,90.0,2.0,0.4915012396472239,22.394944285313528
6811,70.0,91.0,0.0,91.0,2.0,0.153056971216033,22.54800125652956
6812,70.0,92.0,0.0,92.0,2.0,0.30371061480436934,22.85171187133393
6813,70.0,93.0,0.0,93.0,2.0,0.043892043518105,22.895603914852035
6814,70.0,94.0,0.0,94.0,1.0,0.4208360768007997,23.316439991652835
6815,70.0,95.0,0.0,95.0,1.0,0.17515766824041448,23.491597659893248
6816,71.0,0.0,0.0,0.0,0.0,0.04177638852618539,0.04177638852618539
6817,71.0,1.0,0.0,1.0,1.0,0.15606839806007136,0.19784478658625676
6818,71.0,2.0,0.0,2.0,2.0,0.0,0.19784478658625676
6819,71.0,3.0,0.0,3.0,3.0,0.07352085026470992,0.2713656368509667
6820,71.0,4.0,0.0,4.0,4.0,0.23110148611791392,0.5024671229688806
6821,71.0,5.0,0.0,5.0,5.0,0.2501458808505047,0.7526130038193853
6822,71.0,6.0,0.0,6.0,6.0,0.7377651793174987,1.490378183136884
6823,71.0,7.0,0.0,7.0,7.0,0.0,1.490378183136884
6824,71.0,8.0,0.0,8.0,6.0,0.5721185095518746,2.0624966926887587
6825,71.0,9.0,0.0,9.0,6.0,0.012116503352960235,2.074613196041719
6826,71.0,10.0,0.0,10.0,5.0,0.2548228037622788,2.329435999803998
6827,71.0,11.0,0.0,11.0,4.0,0.619788147899107,2.949224147703105
6828,71.0,12.0,0.0,12.0,4.0,0.10013514850155053,3.0493592962046554
6829,71.0,13.0,0.0,13.0,6.0,0.019802180604578484,3.0691614768092337
6830,71.0,14.0,0.0,14.0,1.0,0.26917241091670174,3.3383338877259354
6831,71.0,15.0,0.0,15.0,5.0,0.43922493403029017,3.7775588217562257
6832,71.0,16.0,0.0,16.0,4.0,0.12212621641662968,3.8996850381728554
6833,71.0,17.0,0.0,17.0,5.0,0.0,3.8996850381728554
6834,71.0,18.0,0.0,18.0,6.0,0.45154853925075483,4.35123357742361
6835,71.0,19.0,0.0,19.0,6.0,0.9633601102069204,5.314593687630531
6836,71.0,20.0,0.0,20.0,6.0,0.7074564648856323,6.022050152516163
6837,71.0,21.0,0.0,21.0,6.0,0.2690884433507071,6.291138595866871
6838,71.0,22.0,0.0,22.0,6.0,0.060843244270408124,6.351981840137279
6839,71.0,23.0,0.0,23.0,6.0,0.012576657579367172,6.364558497716646
6840,71.0,24.0,0.0,24.0,3.0,0.0,6.364558497716646
6841,71.0,25.0,0.0,25.0,1.0,0.14788550522949867,6.512444002946145
6842,71.0,26.0,0.0,26.0,0.0,0.20745119701015383,6.719895199956299
6843,71.0,27.0,0.0,27.0,6.0,0.09260082505258796,6.812496025008887
6844,71.0,28.0,0.0,28.0,4.0,0.6273379479591693,7.4398339729680565
6845,71.0,29.0,0.0,29.0,4.0,0.0,7.4398339729680565
6846,71.0,30.0,0.0,30.0,6.0,0.456597589962221,7.896431562930277
6847,71.0,31.0,0.0,31.0,6.0,0.08326994649709853,7.979701509427376
6848,71.0,32.0,0.0,32.0,2.0,0.19935097092522613,8.179052480352603
6849,71.0,33.0,0.0,33.0,7.0,0.34149124243916545,8.520543722791768
6850,71.0,34.0,0.0,34.0,7.0,0.26958034497069683,8.790124067762465
6851,71.0,35.0,0.0,35.0,7.0,0.4478551091326492,9.237979176895113
6852,71.0,36.0,0.0,36.0,7.0,0.08463113415129656,9.32261031104641
6853,71.0,37.0,0.0,37.0,4.0,0.3815607206079411,9.70417103165435
6854,71.0,38.0,0.0,38.0,4.0,0.28973804014574706,9.993909071800099
6855,71.0,39.0,0.0,39.0,5.0,0.1011811837154788,10.095090255515577
6856,71.0,40.0,0.0,40.0,6.0,0.0206337541478017,10.11572400966338
6857,71.0,41.0,0.0,41.0,1.0,0.055820590489851885,10.171544600153231
6858,71.0,42.0,0.0,42.0,0.0,0.0,10.171544600153231
6859,71.0,43.0,0.0,43.0,4.0,0.14305431294694723,10.314598913100179
6860,71.0,44.0,0.0,44.0,2.0,0.3004714236147025,10.615070336714881
6861,71.0,45.0,0.0,45.0,2.0,0.07300531851332406,10.688075655228205
6862,71.0,46.0,0.0,46.0,7.0,0.0,10.688075655228205
6863,71.0,47.0,0.0,47.0,6.0,0.0989051148392537,10.786980770067458
6864,71.0,48.0,0.0,48.0,4.0,0.0,10.786980770067458
6865,71.0,49.0,0.0,49.0,6.0,0.0,10.786980770067458
6866,71.0,50.0,0.0,50.0,5.0,0.0,10.786980770067458
6867,71.0,51.0,0.0,51.0,6.0,0.12433874510598864,10.911319515173448
6868,71.0,52.0,0.0,52.0,4.0,0.0,10.911319515173448
6869,71.0,53.0,0.0,53.0,1.0,0.5350809140500077,11.446400429223456
6870,71.0,54.0,0.0,54.0,1.0,0.7207407501430242,12.16714117936648
6871,71.0,55.0,0.0,55.0,1.0,0.7343824664965894,12.901523645863069
6872,71.0,56.0,0.0,56.0,1.0,0.5191650371090091,13.420688682972077
6873,71.0,57.0,0.0,57.0,1.0,0.06877401020269108,13.489462693174769
6874,71.0,58.0,0.0,58.0,1.0,0.39919928454817294,13.888661977722942
6875,71.0,59.0,0.0,59.0,1.0,0.0,13.888661977722942
6876,71.0,60.0,0.0,60.0,1.0,0.4978298030149915,14.386491780737932
6877,71.0,61.0,0.0,61.0,1.0,0.1178259592096348,14.504317739947567
6878,71.0,62.0,0.0,62.0,1.0,0.23895507602304034,14.743272815970608
6879,71.0,63.0,0.0,63.0,1.0,0.5459856231058668,15.289258439076475
6880,71.0,64.0,0.0,64.0,1.0,0.24526319585689446,15.53452163493337
6881,71.0,65.0,0.0,65.0,1.0,0.2129057638025988,15.747427398735969
6882,71.0,66.0,0.0,66.0,1.0,0.0,15.747427398735969
6883,71.0,67.0,0.0,67.0,1.0,0.0,15.747427398735969
6884,71.0,68.0,0.0,68.0,1.0,0.14763267170963074,15.895060070445599
6885,71.0,69.0,0.0,69.0,6.0,0.592467301916092,16.48752737236169
6886,71.0,70.0,0.0,70.0,6.0,0.0,16.48752737236169
6887,71.0,71.0,0.0,71.0,7.0,0.0739714121023839,16.561498784464074
6888,71.0,72.0,0.0,72.0,2.0,0.0,16.561498784464074
6889,71.0,73.0,0.0,73.0,1.0,0.640526367398124,17.2020251518622
6890,71.0,74.0,0.0,74.0,1.0,0.0,17.2020251518622
6891,71.0,75.0,0.0,75.0,6.0,0.0,17.2020251518622
6892,71.0,76.0,0.0,76.0,1.0,0.23376214866150832,17.435787300523707
6893,71.0,77.0,0.0,77.0,3.0,0.26702269374071647,17.702809994264424
6894,71.0,78.0,0.0,78.0,3.0,0.04102795575974671,17.743837950024172
6895,71.0,79.0,0.0,79.0,1.0,0.23702024352928716,17.98085819355346
6896,71.0,80.0,0.0,80.0,1.0,0.43077514535649875,18.411633338909958
6897,71.0,81.0,0.0,81.0,1.0,0.09767182935369328,18.50930516826365
6898,71.0,82.0,0.0,82.0,4.0,0.11041446593207717,18.61971963419573
6899,71.0,83.0,0.0,83.0,5.0,0.3368873886964404,18.956607022892168
6900,71.0,84.0,0.0,84.0,5.0,0.490234345716472,19.44684136860864
6901,71.0,85.0,0.0,85.0,5.0,0.556448204261036,20.003289572869676
6902,71.0,86.0,0.0,86.0,5.0,0.3213104541310374,20.324600027000713
6903,71.0,87.0,0.0,87.0,5.0,0.33067682826060296,20.655276855261317
6904,71.0,88.0,0.0,88.0,5.0,0.18916438735281615,20.84444124261413
6905,71.0,89.0,0.0,89.0,5.0,0.13948261044307597,20.983923853057206
6906,71.0,90.0,0.0,90.0,5.0,0.13288998660895118,21.116813839666158
6907,71.0,91.0,0.0,91.0,5.0,0.07826673374384487,21.195080573410003
6908,71.0,92.0,0.0,92.0,1.0,0.35164524988197277,21.546725823291975
6909,71.0,93.0,0.0,93.0,1.0,0.27837232626576186,21.825098149557736
6910,71.0,94.0,0.0,94.0,1.0,0.0,21.825098149557736
6911,71.0,95.0,0.0,95.0,6.0,0.470561563191029,22.295659712748765
6912,72.0,0.0,0.0,0.0,0.0,0.0,0.0
6913,72.0,1.0,0.0,1.0,1.0,0.1521898058916304,0.1521898058916304
6914,72.0,2.0,0.0,2.0,2.0,0.0,0.1521898058916304
6915,72.0,3.0,0.0,3.0,3.0,0.4903446086842321,0.6425344145758625
6916,72.0,4.0,0.0,4.0,4.0,0.5318065204421886,1.174340935018051
6917,72.0,5.0,0.0,5.0,5.0,0.3213104541310374,1.4956513891490884
6918,72.0,6.0,0.0,6.0,6.0,0.525530725813632,2.0211821149627203
6919,72.0,7.0,0.0,7.0,7.0,0.15727691362384175,2.178459028586562
6920,72.0,8.0,0.0,8.0,4.0,0.22645575073161234,2.4049147793181747
6921,72.0,9.0,0.0,9.0,6.0,0.0,2.4049147793181747
6922,72.0,10.0,0.0,10.0,3.0,0.0,2.4049147793181747
6923,72.0,11.0,0.0,11.0,5.0,0.13288998660895118,2.5378047659271257
6924,72.0,12.0,0.0,12.0,4.0,0.3097901048969641,2.8475948708240897
6925,72.0,13.0,0.0,13.0,7.0,0.6946860763679339,3.5422809471920234
6926,72.0,14.0,0.0,14.0,7.0,0.06863775353354312,3.6109187007255663
6927,72.0,15.0,0.0,15.0,1.0,0.2217983483299603,3.8327170490555265
6928,72.0,16.0,0.0,16.0,4.0,0.15027538281192757,3.982992431867454
6929,72.0,17.0,0.0,17.0,6.0,0.38478252254705636,4.367774954414511
6930,72.0,18.0,0.0,18.0,3.0,0.6012094297445113,4.968984384159022
6931,72.0,19.0,0.0,19.0,3.0,0.22459010399443233,5.1935744881534545
6932,72.0,20.0,0.0,20.0,7.0,0.0,5.1935744881534545
6933,72.0,21.0,0.0,21.0,6.0,0.0,5.1935744881534545
6934,72.0,22.0,0.0,22.0,5.0,0.6430608029323872,5.836635291085842
6935,72.0,23.0,0.0,23.0,5.0,0.07826673374384487,5.914902024829686
6936,72.0,24.0,0.0,24.0,3.0,0.0,5.914902024829686
6937,72.0,25.0,0.0,25.0,4.0,0.19670552128951685,6.111607546119203
6938,72.0,26.0,0.0,26.0,5.0,0.3368873886964404,6.448494934815644
6939,72.0,27.0,0.0,27.0,1.0,0.21774518083343142,6.666240115649075
6940,72.0,28.0,0.0,28.0,5.0,0.3355502795163708,7.001790395165446
6941,72.0,29.0,0.0,29.0,5.0,0.15002432556116005,7.151814720726606
6942,72.0,30.0,0.0,30.0,4.0,0.0,7.151814720726606
6943,72.0,31.0,0.0,31.0,0.0,0.0666793137692062,7.218494034495812
6944,72.0,32.0,0.0,32.0,2.0,0.17377914745726974,7.392273181953082
6945,72.0,33.0,0.0,33.0,3.0,0.27979422998214515,7.6720674119352275
6946,72.0,34.0,0.0,34.0,1.0,0.4091289111380489,8.081196323073277
6947,72.0,35.0,0.0,35.0,1.0,0.4208360768007997,8.502032399874077
6948,72.0,36.0,0.0,36.0,1.0,0.0930474388599168,8.595079838733994
6949,72.0,37.0,0.0,37.0,7.0,0.0,8.595079838733994
6950,72.0,38.0,0.0,38.0,6.0,0.45661860173922436,9.051698440473219
6951,72.0,39.0,0.0,39.0,6.0,0.06692797541129325,9.118626415884512
6952,72.0,40.0,0.0,40.0,5.0,0.2248680210661569,9.34349443695067
6953,72.0,41.0,0.0,41.0,3.0,0.07764731871057673,9.421141755661246
6954,72.0,42.0,0.0,42.0,1.0,0.15694390699350397,9.57808566265475
6955,72.0,43.0,0.0,43.0,5.0,0.22127064602955218,9.799356308684303
6956,72.0,44.0,0.0,44.0,6.0,0.5398005436791784,10.33915685236348
6957,72.0,45.0,0.0,45.0,6.0,0.029858941276052695,10.369015793639534
6958,72.0,46.0,0.0,46.0,2.0,0.0,10.369015793639534
6959,72.0,47.0,0.0,47.0,4.0,0.14305431294694723,10.512070106586481
6960,72.0,48.0,0.0,48.0,5.0,0.12956159087489713,10.641631697461378
6961,72.0,49.0,0.0,49.0,3.0,0.25616649659567714,10.897798194057055
6962,72.0,50.0,0.0,50.0,1.0,0.0,10.897798194057055
6963,72.0,51.0,0.0,51.0,6.0,0.12433874510598864,11.022136939163044
6964,72.0,52.0,0.0,52.0,3.0,0.13611159388976898,11.158248533052813
6965,72.0,53.0,0.0,53.0,5.0,0.15788754467582478,11.316136077728638
6966,72.0,54.0,0.0,54.0,4.0,0.28973804014574706,11.605874117874386
6967,72.0,55.0,0.0,55.0,4.0,0.01616105790717103,11.622035175781557
6968,72.0,56.0,0.0,56.0,7.0,0.0459894712458177,11.668024647027375
6969,72.0,57.0,0.0,57.0,6.0,0.2380098281042837,11.906034475131658
6970,72.0,58.0,0.0,58.0,5.0,0.0,11.906034475131658
6971,72.0,59.0,0.0,59.0,3.0,0.0,11.906034475131658
6972,72.0,60.0,0.0,60.0,6.0,0.8206264844566112,12.72666095958827
6973,72.0,61.0,0.0,61.0,6.0,0.4419319569723373,13.168592916560607
6974,72.0,62.0,0.0,62.0,6.0,0.46120539576978026,13.629798312330388
6975,72.0,63.0,0.0,63.0,6.0,0.23042860433100323,13.860226916661391
6976,72.0,64.0,0.0,64.0,6.0,0.09260082505258796,13.952827741713978
6977,72.0,65.0,0.0,65.0,6.0,0.2030643176852566,14.155892059399235
6978,72.0,66.0,0.0,66.0,6.0,0.45154853925075483,14.60744059864999
6979,72.0,67.0,0.0,67.0,6.0,0.08569355050034418,14.693134149150335
6980,72.0,68.0,0.0,68.0,6.0,0.2676282183690528,14.960762367519388
6981,72.0,69.0,0.0,69.0,6.0,0.05187143270467871,15.012633800224068
6982,72.0,70.0,0.0,70.0,0.0,0.0,15.012633800224068
6983,72.0,71.0,0.0,71.0,1.0,0.2336797832809992,15.246313583505067
6984,72.0,72.0,0.0,72.0,6.0,0.0,15.246313583505067
6985,72.0,73.0,0.0,73.0,1.0,0.29156994495680316,15.53788352846187
6986,72.0,74.0,0.0,74.0,1.0,0.6458467227103142,16.183730251172186
6987,72.0,75.0,0.0,75.0,1.0,0.7864352531193769,16.97016550429156
6988,72.0,76.0,0.0,76.0,1.0,0.625716871682588,17.59588237597415
6989,72.0,77.0,0.0,77.0,1.0,0.14300684882151335,17.738889224795663
6990,72.0,78.0,0.0,78.0,1.0,0.3720624105248227,18.110951635320486
6991,72.0,79.0,0.0,79.0,1.0,0.025530299644546818,18.136481934965033
6992,72.0,80.0,0.0,80.0,1.0,0.1178259592096348,18.25430789417467
6993,72.0,81.0,0.0,81.0,1.0,0.5459856231058668,18.800293517280537
6994,72.0,82.0,0.0,82.0,1.0,0.38990649885735673,19.190200016137894
6995,72.0,83.0,0.0,83.0,1.0,0.43077514535649875,19.620975161494393
6996,72.0,84.0,0.0,84.0,1.0,0.03476387852119797,19.65573904001559
6997,72.0,85.0,0.0,85.0,1.0,0.10131102734794921,19.75705006736354
6998,72.0,86.0,0.0,86.0,1.0,0.09259758356345157,19.849647650926993
6999,72.0,87.0,0.0,87.0,1.0,0.24526319585689446,20.094910846783886
7000,72.0,88.0,0.0,88.0,1.0,0.35164524988197277,20.44655609666586
7001,72.0,89.0,0.0,89.0,1.0,0.9645942569749285,21.41115035364079
7002,72.0,90.0,0.0,90.0,1.0,0.22346138720261824,21.634611740843408
7003,72.0,91.0,0.0,91.0,1.0,0.5325149437924254,22.167126684635832
7004,72.0,92.0,0.0,92.0,1.0,0.0,22.167126684635832
7005,72.0,93.0,0.0,93.0,1.0,0.2129057638025988,22.38003244843843
7006,72.0,94.0,0.0,94.0,1.0,0.236338495393307,22.61637094383174
7007,72.0,95.0,0.0,95.0,1.0,0.0,22.61637094383174
7008,73.0,0.0,0.0,0.0,0.0,0.22870024692555282,0.22870024692555282
7009,73.0,1.0,0.0,1.0,1.0,0.11675306462359378,0.3454533115491466
7010,73.0,2.0,0.0,2.0,2.0,0.0072074941480090105,0.35266080569715563
7011,73.0,3.0,0.0,3.0,3.0,0.001461682704674984,0.35412248840183064
7012,73.0,4.0,0.0,4.0,4.0,0.7468916268125877,1.1010141152144184
7013,73.0,5.0,0.0,5.0,5.0,0.1510381477286157,1.2520522629430342
7014,73.0,6.0,0.0,6.0,6.0,0.002161454739645614,1.2542137176826798
7015,73.0,7.0,0.0,7.0,7.0,0.21288313045197185,1.4670968481346516
7016,73.0,8.0,0.0,8.0,4.0,0.07151951990290359,1.538616368037555
7017,73.0,9.0,0.0,9.0,4.0,0.30316141851187267,1.8417777865494278
7018,73.0,10.0,0.0,10.0,0.0,0.01880307483854212,1.86058086138797
7019,73.0,11.0,0.0,11.0,7.0,0.0,1.86058086138797
7020,73.0,12.0,0.0,12.0,4.0,0.0,1.86058086138797
7021,73.0,13.0,0.0,13.0,5.0,0.13538863996928308,1.9959695013572532
7022,73.0,14.0,0.0,14.0,1.0,0.35845450021337216,2.3544240015706253
7023,73.0,15.0,0.0,15.0,1.0,0.0930474388599168,2.447471440430542
7024,73.0,16.0,0.0,16.0,4.0,0.0702652958566233,2.517736736287165
7025,73.0,17.0,0.0,17.0,2.0,0.043892043518105,2.5616287798052704
7026,73.0,18.0,0.0,18.0,6.0,0.3286820084901565,2.8903107882954266
7027,73.0,19.0,0.0,19.0,6.0,0.23042860433100323,3.12073939262643
7028,73.0,20.0,0.0,20.0,3.0,0.24272613617104483,3.363465528797475
7029,73.0,21.0,0.0,21.0,5.0,0.05296194787752387,3.4164274766749987
7030,73.0,22.0,0.0,22.0,1.0,0.0,3.4164274766749987
7031,73.0,23.0,0.0,23.0,0.0,0.18032739676781326,3.596754873442812
7032,73.0,24.0,0.0,24.0,6.0,0.45154853925075483,4.048303412693567
7033,73.0,25.0,0.0,25.0,6.0,0.4832391209848758,4.531542533678443
7034,73.0,26.0,0.0,26.0,6.0,0.04941931180611817,4.580961845484561
7035,73.0,27.0,0.0,27.0,3.0,0.22459010399443233,4.805551949478994
7036,73.0,28.0,0.0,28.0,4.0,0.041223720141801624,4.846775669620795
7037,73.0,29.0,0.0,29.0,6.0,0.4025312660474192,5.249306935668215
7038,73.0,30.0,0.0,30.0,6.0,0.06692797541129325,5.316234911079508
7039,73.0,31.0,0.0,31.0,7.0,0.05537060155804675,5.371605512637555
7040,73.0,32.0,0.0,32.0,3.0,0.3128854636562684,5.684490976293824
7041,73.0,33.0,0.0,33.0,3.0,0.3885911041625654,6.073082080456389
7042,73.0,34.0,0.0,34.0,3.0,0.31311875945201073,6.3862008399084
7043,73.0,35.0,0.0,35.0,3.0,0.0,6.3862008399084
7044,73.0,36.0,0.0,36.0,0.0,0.002858608451678879,6.389059448360079
7045,73.0,37.0,0.0,37.0,6.0,0.0,6.389059448360079
7046,73.0,38.0,0.0,38.0,4.0,0.619788147899107,7.008847596259186
7047,73.0,39.0,0.0,39.0,4.0,0.23110148611791392,7.2399490823771
7048,73.0,40.0,0.0,40.0,4.0,0.28973804014574706,7.529687122522847
7049,73.0,41.0,0.0,41.0,4.0,0.45159698088013056,7.981284103402977
7050,73.0,42.0,0.0,42.0,4.0,0.11081989247498787,8.092103995877965
7051,73.0,43.0,0.0,43.0,4.0,0.0,8.092103995877965
7052,73.0,44.0,0.0,44.0,5.0,0.33067682826060296,8.422780824138568
7053,73.0,45.0,0.0,45.0,5.0,0.18916438735281615,8.611945211491385
7054,73.0,46.0,0.0,46.0,3.0,0.01013449636003612,8.622079707851421
7055,73.0,47.0,0.0,47.0,5.0,0.3039231620092401,8.926002869860662
7056,73.0,48.0,0.0,48.0,5.0,0.5504746613797407,9.476477531240402
7057,73.0,49.0,0.0,49.0,5.0,0.0,9.476477531240402
7058,73.0,50.0,0.0,50.0,1.0,0.1735308598711164,9.650008391111518
7059,73.0,51.0,0.0,51.0,5.0,0.5396395039110845,10.189647895022603
7060,73.0,52.0,0.0,52.0,5.0,0.5289754288227388,10.71862332384534
7061,73.0,53.0,0.0,53.0,5.0,0.09069293668371073,10.809316260529052
7062,73.0,54.0,0.0,54.0,5.0,0.2501458808505047,11.059462141379557
7063,73.0,55.0,0.0,55.0,5.0,0.1405045273169124,11.199966668696469
7064,73.0,56.0,0.0,56.0,6.0,0.528994261355651,11.72896093005212
7065,73.0,57.0,0.0,57.0,6.0,0.18788376889070377,11.916844698942823
7066,73.0,58.0,0.0,58.0,6.0,0.1440283701753274,12.06087306911815
7067,73.0,59.0,0.0,59.0,5.0,0.1812152791592592,12.24208834827741
7068,73.0,60.0,0.0,60.0,4.0,0.0456160838408476,12.287704432118257
7069,73.0,61.0,0.0,61.0,6.0,0.7074564648856323,12.99516089700389
7070,73.0,62.0,0.0,62.0,6.0,0.19720425874379977,13.192365155747689
7071,73.0,63.0,0.0,63.0,6.0,0.012576657579367172,13.204941813327057
7072,73.0,64.0,0.0,64.0,6.0,0.060843244270408124,13.265785057597466
7073,73.0,65.0,0.0,65.0,5.0,0.16771754750020024,13.433502605097665
7074,73.0,66.0,0.0,66.0,2.0,0.5259817321483307,13.959484337245996
7075,73.0,67.0,0.0,67.0,2.0,0.5913394163650157,14.550823753611011
7076,73.0,68.0,0.0,68.0,2.0,0.41746763913831586,14.968291392749327
7077,73.0,69.0,0.0,69.0,2.0,0.03949449756546484,15.007785890314793
7078,73.0,70.0,0.0,70.0,2.0,0.38230358492209854,15.390089475236891
7079,73.0,71.0,0.0,71.0,2.0,0.0,15.390089475236891
7080,73.0,72.0,0.0,72.0,2.0,0.025277121047566284,15.415366596284457
7081,73.0,73.0,0.0,73.0,2.0,0.0,15.415366596284457
7082,73.0,74.0,0.0,74.0,7.0,0.029232001322727855,15.444598597607184
7083,73.0,75.0,0.0,75.0,1.0,0.0,15.444598597607184
7084,73.0,76.0,0.0,76.0,5.0,0.040966979361581224,15.485565576968765
7085,73.0,77.0,0.0,77.0,4.0,0.01616105790717103,15.501726634875936
7086,73.0,78.0,0.0,78.0,6.0,0.23958507229734452,15.741311707173281
7087,73.0,79.0,0.0,79.0,3.0,0.30727719064634834,16.04858889781963
7088,73.0,80.0,0.0,80.0,3.0,0.17758193823470309,16.226170836054333
7089,73.0,81.0,0.0,81.0,6.0,0.46655973523908206,16.692730571293414
7090,73.0,82.0,0.0,82.0,6.0,0.470561563191029,17.163292134484443
7091,73.0,83.0,0.0,83.0,6.0,0.02152766918353003,17.184819803667974
7092,73.0,84.0,0.0,84.0,6.0,0.41014276344445866,17.594962567112432
7093,73.0,85.0,0.0,85.0,6.0,0.0,17.594962567112432
7094,73.0,86.0,0.0,86.0,2.0,0.6213972006776474,18.21635976779008
7095,73.0,87.0,0.0,87.0,2.0,0.0009678536600830689,18.217327621450163
7096,73.0,88.0,0.0,88.0,2.0,0.31838380442486014,18.535711425875025
7097,73.0,89.0,0.0,89.0,2.0,0.4833660339380995,19.019077459813126
7098,73.0,90.0,0.0,90.0,2.0,0.7236703978770197,19.742747857690144
7099,73.0,91.0,0.0,91.0,2.0,0.17796714865995647,19.9207150063501
7100,73.0,92.0,0.0,92.0,2.0,0.3004714236147025,20.221186429964803
7101,73.0,93.0,0.0,93.0,2.0,0.5201526156790977,20.7413390456439
7102,73.0,94.0,0.0,94.0,2.0,0.11327101634064082,20.85461006198454
7103,73.0,95.0,0.0,95.0,2.0,0.01598791051695434,20.870597972501496
7104,74.0,0.0,0.0,0.0,0.0,0.09862275909237994,0.09862275909237994
7105,74.0,1.0,0.0,1.0,1.0,0.43077514535649875,0.5293979044488787
7106,74.0,2.0,0.0,2.0,2.0,0.0,0.5293979044488787
7107,74.0,3.0,0.0,3.0,3.0,0.2032469793155898,0.7326448837644685
7108,74.0,4.0,0.0,4.0,4.0,0.28146556337815226,1.0141104471426208
7109,74.0,5.0,0.0,5.0,5.0,0.190094615722883,1.2042050628655039
7110,74.0,6.0,0.0,6.0,6.0,0.0,1.2042050628655039
7111,74.0,7.0,0.0,7.0,7.0,0.7256040504195268,1.9298091132850308
7112,74.0,8.0,0.0,8.0,7.0,0.10038865027494817,2.030197763559979
7113,74.0,9.0,0.0,9.0,1.0,0.32124548368694295,2.351443247246922
7114,74.0,10.0,0.0,10.0,4.0,0.05283876478085068,2.404282012027773
7115,74.0,11.0,0.0,11.0,7.0,0.0,2.404282012027773
7116,74.0,12.0,0.0,12.0,1.0,0.09271436829694825,2.4969963803247213
7117,74.0,13.0,0.0,13.0,3.0,0.0,2.4969963803247213
7118,74.0,14.0,0.0,14.0,5.0,0.5943235436047835,3.091319923929505
7119,74.0,15.0,0.0,15.0,5.0,0.056443085324379784,3.1477630092538846
7120,74.0,16.0,0.0,16.0,0.0,0.0,3.1477630092538846
7121,74.0,17.0,0.0,17.0,1.0,0.14788550522949867,3.2956485144833834
7122,74.0,18.0,0.0,18.0,5.0,0.4083245810104282,3.7039730954938115
7123,74.0,19.0,0.0,19.0,7.0,0.08816257292987052,3.792135668423682
7124,74.0,20.0,0.0,20.0,5.0,0.3039231620092401,4.096058830432923
7125,74.0,21.0,0.0,21.0,5.0,0.07695982053318112,4.173018650966104
7126,74.0,22.0,0.0,22.0,4.0,0.0,4.173018650966104
7127,74.0,23.0,0.0,23.0,2.0,0.40364005699886474,4.5766587079649685
7128,74.0,24.0,0.0,24.0,2.0,0.05386861899525439,4.630527326960223
7129,74.0,25.0,0.0,25.0,6.0,0.528994261355651,5.159521588315874
7130,74.0,26.0,0.0,26.0,6.0,0.2091349837990253,5.368656572114899
7131,74.0,27.0,0.0,27.0,6.0,0.40586275112066333,5.7745193232355625
7132,74.0,28.0,0.0,28.0,6.0,0.5198631933975867,6.294382516633149
7133,74.0,29.0,0.0,29.0,6.0,0.19330425654839078,6.48768677318154
7134,74.0,30.0,0.0,30.0,6.0,0.8206264844566112,7.308313257638152
7135,74.0,31.0,0.0,31.0,6.0,0.5398005436791784,7.84811380131733
7136,74.0,32.0,0.0,32.0,6.0,0.1370475401392327,7.985161341456563
7137,74.0,33.0,0.0,33.0,6.0,0.14418838926849195,8.129349730725055
7138,74.0,34.0,0.0,34.0,6.0,0.9633601102069204,9.092709840931976
7139,74.0,35.0,0.0,35.0,6.0,0.2624626141648409,9.355172455096817
7140,74.0,36.0,0.0,36.0,6.0,0.0,9.355172455096817
7141,74.0,37.0,0.0,37.0,6.0,0.754797882045112,10.10997033714193
7142,74.0,38.0,0.0,38.0,6.0,0.10776919275082603,10.217739529892755
7143,74.0,39.0,0.0,39.0,6.0,0.2030643176852566,10.420803847578012
7144,74.0,40.0,0.0,40.0,1.0,0.23702024352928716,10.6578240911073
7145,74.0,41.0,0.0,41.0,6.0,0.0,10.6578240911073
7146,74.0,42.0,0.0,42.0,7.0,0.1578071467912929,10.815631237898591
7147,74.0,43.0,0.0,43.0,5.0,0.023341935947433844,10.838973173846025
7148,74.0,44.0,0.0,44.0,1.0,0.14996651879064163,10.988939692636666
7149,74.0,45.0,0.0,45.0,6.0,0.10821198863204971,11.097151681268716
7150,74.0,46.0,0.0,46.0,3.0,0.0,11.097151681268716
7151,74.0,47.0,0.0,47.0,6.0,0.23042860433100323,11.32758028559972
7152,74.0,48.0,0.0,48.0,2.0,0.0,11.32758028559972
7153,74.0,49.0,0.0,49.0,7.0,0.13016600678161144,11.45774629238133
7154,74.0,50.0,0.0,50.0,6.0,0.22700732154927955,11.68475361393061
7155,74.0,51.0,0.0,51.0,1.0,0.2923975416172881,11.977151155547897
7156,74.0,52.0,0.0,52.0,6.0,0.19237477602684144,12.16952593157474
7157,74.0,53.0,0.0,53.0,1.0,0.27119035406226066,12.440716285637
7158,74.0,54.0,0.0,54.0,5.0,0.3041591797941908,12.74487546543119
7159,74.0,55.0,0.0,55.0,5.0,0.0,12.74487546543119
7160,74.0,56.0,0.0,56.0,6.0,0.11636299692256234,12.861238462353754
7161,74.0,57.0,0.0,57.0,1.0,0.028670031367413643,12.889908493721167
7162,74.0,58.0,0.0,58.0,6.0,0.0,12.889908493721167
7163,74.0,59.0,0.0,59.0,7.0,0.2908331151793469,13.180741608900513
7164,74.0,60.0,0.0,60.0,0.0,0.21715257588084835,13.39789418478136
7165,74.0,61.0,0.0,61.0,7.0,0.2442715151719623,13.642165699953322
7166,74.0,62.0,0.0,62.0,4.0,0.07493619689443067,13.717101896847753
7167,74.0,63.0,0.0,63.0,6.0,0.45863258329410067,14.175734480141854
7168,74.0,64.0,0.0,64.0,6.0,0.18466604549596066,14.360400525637814
7169,74.0,65.0,0.0,65.0,0.0,0.11717595902856863,14.477576484666383
7170,74.0,66.0,0.0,66.0,7.0,0.0,14.477576484666383
7171,74.0,67.0,0.0,67.0,6.0,0.04941931180611817,14.526995796472502
7172,74.0,68.0,0.0,68.0,1.0,0.11338444405026506,14.640380240522767
7173,74.0,69.0,0.0,69.0,5.0,0.0,14.640380240522767
7174,74.0,70.0,0.0,70.0,6.0,0.0,14.640380240522767
7175,74.0,71.0,0.0,71.0,6.0,0.09243667781140737,14.732816918334175
7176,74.0,72.0,0.0,72.0,1.0,0.35164524988197277,15.084462168216147
7177,74.0,73.0,0.0,73.0,1.0,0.09259758356345157,15.177059751779598
7178,74.0,74.0,0.0,74.0,2.0,0.2064163726873327,15.383476124466931
7179,74.0,75.0,0.0,75.0,6.0,0.5609494988696637,15.944425623336596
7180,74.0,76.0,0.0,76.0,6.0,0.12433874510598864,16.068764368442583
7181,74.0,77.0,0.0,77.0,6.0,0.0,16.068764368442583
7182,74.0,78.0,0.0,78.0,7.0,0.0,16.068764368442583
7183,74.0,79.0,0.0,79.0,0.0,0.1265919745726959,16.19535634301528
7184,74.0,80.0,0.0,80.0,3.0,0.2285348190821269,16.42389116209741
7185,74.0,81.0,0.0,81.0,3.0,0.07896543589840778,16.502856597995816
7186,74.0,82.0,0.0,82.0,2.0,0.0,16.502856597995816
7187,74.0,83.0,0.0,83.0,1.0,0.640526367398124,17.14338296539394
7188,74.0,84.0,0.0,84.0,1.0,0.15225671869257557,17.295639684086517
7189,74.0,85.0,0.0,85.0,1.0,0.0,17.295639684086517
7190,74.0,86.0,0.0,86.0,5.0,0.3213104541310374,17.616950138217554
7191,74.0,87.0,0.0,87.0,5.0,0.07525820400177534,17.69220834221933
7192,74.0,88.0,0.0,88.0,4.0,0.5370312334100855,18.229239575629418
7193,74.0,89.0,0.0,89.0,4.0,0.0,18.229239575629418
7194,74.0,90.0,0.0,90.0,4.0,0.6548917240652656,18.884131299694683
7195,74.0,91.0,0.0,91.0,4.0,0.0,18.884131299694683
7196,74.0,92.0,0.0,92.0,4.0,0.3378213837210231,19.221952683415708
7197,74.0,93.0,0.0,93.0,4.0,0.26227852312629674,19.484231206542006
7198,74.0,94.0,0.0,94.0,4.0,0.0,19.484231206542006
7199,74.0,95.0,0.0,95.0,6.0,0.308924290481592,19.793155497023598
7200,75.0,0.0,0.0,0.0,0.0,0.05684979826683998,0.05684979826683998
7201,75.0,1.0,0.0,1.0,1.0,0.17515766824041448,0.23200746650725446
7202,75.0,2.0,0.0,2.0,2.0,0.17796714865995647,0.4099746151672109
7203,75.0,3.0,0.0,3.0,3.0,0.31273620845765815,0.722710823624869
7204,75.0,4.0,0.0,4.0,4.0,0.01616105790717103,0.7388718815320401
7205,75.0,5.0,0.0,5.0,5.0,0.0,0.7388718815320401
7206,75.0,6.0,0.0,6.0,6.0,0.10821198863204971,0.8470838701640898
7207,75.0,7.0,0.0,7.0,7.0,0.45690301731070837,1.3039868874747982
7208,75.0,8.0,0.0,8.0,7.0,0.4410508038344497,1.745037691309248
7209,75.0,9.0,0.0,9.0,3.0,0.1400797834114359,1.8851174747206838
7210,75.0,10.0,0.0,10.0,7.0,0.03966389497905114,1.924781369699735
7211,75.0,11.0,0.0,11.0,2.0,0.1731947690353173,2.0979761387350524
7212,75.0,12.0,0.0,12.0,1.0,0.09767182935369328,2.1956479680887457
7213,75.0,13.0,0.0,13.0,6.0,0.29928972735028064,2.4949376954390265
7214,75.0,14.0,0.0,14.0,7.0,0.0,2.4949376954390265
7215,75.0,15.0,0.0,15.0,3.0,0.0,2.4949376954390265
7216,75.0,16.0,0.0,16.0,6.0,0.46621206372626145,2.9611497591652878
7217,75.0,17.0,0.0,17.0,6.0,0.0,2.9611497591652878
7218,75.0,18.0,0.0,18.0,0.0,0.2947614129510977,3.2559111721163854
7219,75.0,19.0,0.0,19.0,0.0,0.034072549832249714,3.289983721948635
7220,75.0,20.0,0.0,20.0,2.0,0.0,3.289983721948635
7221,75.0,21.0,0.0,21.0,4.0,0.0,3.289983721948635
7222,75.0,22.0,0.0,22.0,5.0,0.25021711092646615,3.540200832875101
7223,75.0,23.0,0.0,23.0,1.0,0.5506933393432334,4.090894172218334
7224,75.0,24.0,0.0,24.0,1.0,0.23702024352928716,4.327914415747621
7225,75.0,25.0,0.0,25.0,1.0,0.0,4.327914415747621
7226,75.0,26.0,0.0,26.0,7.0,0.09266762551682779,4.420582041264449
7227,75.0,27.0,0.0,27.0,5.0,0.1812152791592592,4.601797320423708
7228,75.0,28.0,0.0,28.0,6.0,0.36348110977950954,4.965278430203218
7229,75.0,29.0,0.0,29.0,6.0,0.5048327715259897,5.470111201729207
7230,75.0,30.0,0.0,30.0,6.0,0.0989051148392537,5.569016316568461
7231,75.0,31.0,0.0,31.0,6.0,0.0,5.569016316568461
7232,75.0,32.0,0.0,32.0,3.0,0.00048590855662026,5.569502225125081
7233,75.0,33.0,0.0,33.0,1.0,0.4978298030149915,6.067332028140073
7234,75.0,34.0,0.0,34.0,1.0,0.4091289111380489,6.476460939278121
7235,75.0,35.0,0.0,35.0,1.0,0.38990649885735673,6.8663674381354785
7236,75.0,36.0,0.0,36.0,1.0,0.43077514535649875,7.297142583491977
7237,75.0,37.0,0.0,37.0,1.0,0.4208360768007997,7.717978660292777
7238,75.0,38.0,0.0,38.0,1.0,0.27837232626576186,7.996350986558539
7239,75.0,39.0,0.0,39.0,1.0,0.1252470864872485,8.121598073045789
7240,75.0,40.0,0.0,40.0,1.0,0.2923975416172881,8.413995614663076
7241,75.0,41.0,0.0,41.0,1.0,0.004865038927265206,8.418860653590341
7242,75.0,42.0,0.0,42.0,5.0,0.3041591797941908,8.723019833384532
7243,75.0,43.0,0.0,43.0,5.0,0.562081128391816,9.285100961776347
7244,75.0,44.0,0.0,44.0,5.0,0.49945965498331496,9.784560616759663
7245,75.0,45.0,0.0,45.0,5.0,0.13948261044307597,9.92404322720274
7246,75.0,46.0,0.0,46.0,5.0,0.18916438735281615,10.113207614555556
7247,75.0,47.0,0.0,47.0,5.0,0.12956159087489713,10.242769205430452
7248,75.0,48.0,0.0,48.0,7.0,0.45856256848509114,10.701331773915543
7249,75.0,49.0,0.0,49.0,7.0,0.6946860763679339,11.396017850283476
7250,75.0,50.0,0.0,50.0,7.0,0.08463113415129656,11.480648984434772
7251,75.0,51.0,0.0,51.0,7.0,0.04103739105239522,11.521686375487167
7252,75.0,52.0,0.0,52.0,7.0,0.35893392020488385,11.88062029569205
7253,75.0,53.0,0.0,53.0,7.0,0.031039358450981096,11.911659654143032
7254,75.0,54.0,0.0,54.0,5.0,0.31773180429062425,12.229391458433655
7255,75.0,55.0,0.0,55.0,0.0,0.1369825643388808,12.366374022772536
7256,75.0,56.0,0.0,56.0,5.0,0.09069293668371073,12.457066959456247
7257,75.0,57.0,0.0,57.0,1.0,0.2336797832809992,12.690746742737247
7258,75.0,58.0,0.0,58.0,6.0,0.3286820084901565,13.019428751227403
7259,75.0,59.0,0.0,59.0,6.0,0.0,13.019428751227403
7260,75.0,60.0,0.0,60.0,2.0,0.5537602076296071,13.57318895885701
7261,75.0,61.0,0.0,61.0,2.0,0.06114289961588151,13.63433185847289
7262,75.0,62.0,0.0,62.0,2.0,0.2992414906149762,13.933573349087867
7263,75.0,63.0,0.0,63.0,2.0,0.0,13.933573349087867
7264,75.0,64.0,0.0,64.0,1.0,0.0,13.933573349087867
7265,75.0,65.0,0.0,65.0,7.0,0.0,13.933573349087867
7266,75.0,66.0,0.0,66.0,5.0,0.049917863914325566,13.983491213002193
7267,75.0,67.0,0.0,67.0,1.0,0.028670031367413643,14.012161244369606
7268,75.0,68.0,0.0,68.0,0.0,0.2090346472697647,14.22119589163937
7269,75.0,69.0,0.0,69.0,6.0,0.20751175649518033,14.42870764813455
7270,75.0,70.0,0.0,70.0,5.0,0.0,14.42870764813455
7271,75.0,71.0,0.0,71.0,0.0,0.47815931578689846,14.906866963921448
7272,75.0,72.0,0.0,72.0,0.0,0.5491263248112521,15.455993288732701
7273,75.0,73.0,0.0,73.0,0.0,0.14603725991723326,15.602030548649935
7274,75.0,74.0,0.0,74.0,0.0,0.024187376084340982,15.626217924734277
7275,75.0,75.0,0.0,75.0,0.0,0.01491556061691698,15.641133485351194
7276,75.0,76.0,0.0,76.0,2.0,0.289774682159023,15.930908167510218
7277,75.0,77.0,0.0,77.0,2.0,0.0,15.930908167510218
7278,75.0,78.0,0.0,78.0,7.0,0.3522479878918014,16.28315615540202
7279,75.0,79.0,0.0,79.0,7.0,0.1578071467912929,16.44096330219331
7280,75.0,80.0,0.0,80.0,6.0,0.2091349837990253,16.650098285992335
7281,75.0,81.0,0.0,81.0,1.0,0.26917241091670174,16.919270696909038
7282,75.0,82.0,0.0,82.0,1.0,0.14788550522949867,17.067156202138538
7283,75.0,83.0,0.0,83.0,3.0,0.0,17.067156202138538
7284,75.0,84.0,0.0,84.0,7.0,0.4573021530267772,17.524458355165315
7285,75.0,85.0,0.0,85.0,7.0,0.09818265512943311,17.62264101029475
7286,75.0,86.0,0.0,86.0,4.0,0.0,17.62264101029475
7287,75.0,87.0,0.0,87.0,7.0,0.2908331151793469,17.913474125474096
7288,75.0,88.0,0.0,88.0,6.0,0.2676282183690528,18.18110234384315
7289,75.0,89.0,0.0,89.0,7.0,0.0,18.18110234384315
7290,75.0,90.0,0.0,90.0,6.0,0.22700732154927955,18.40810966539243
7291,75.0,91.0,0.0,91.0,1.0,0.35845450021337216,18.766564165605804
7292,75.0,92.0,0.0,92.0,1.0,0.14763267170963074,18.914196837315433
7293,75.0,93.0,0.0,93.0,6.0,0.0,18.914196837315433
7294,75.0,94.0,0.0,94.0,0.0,0.13959975313410164,19.053796590449537
7295,75.0,95.0,0.0,95.0,1.0,0.05668020652621607,19.110476796975753
7296,76.0,0.0,0.0,0.0,0.0,0.0,0.0
7297,76.0,1.0,0.0,1.0,1.0,0.21774518083343142,0.21774518083343142
7298,76.0,2.0,0.0,2.0,2.0,0.1670621200099897,0.38480730084342113
7299,76.0,3.0,0.0,3.0,3.0,0.0,0.38480730084342113
7300,76.0,4.0,0.0,4.0,4.0,0.26227852312629674,0.6470858239697179
7301,76.0,5.0,0.0,5.0,5.0,0.2305694971756699,0.8776553211453878
7302,76.0,6.0,0.0,6.0,6.0,0.12662947121033713,1.004284792355725
7303,76.0,7.0,0.0,7.0,7.0,0.018202433303999167,1.0224872256597242
7304,76.0,8.0,0.0,8.0,4.0,0.0,1.0224872256597242
7305,76.0,9.0,0.0,9.0,5.0,0.7159429210092614,1.7384301466689855
7306,76.0,10.0,0.0,10.0,5.0,0.0,1.7384301466689855
7307,76.0,11.0,0.0,11.0,1.0,0.01157769227695752,1.750007838945943
7308,76.0,12.0,0.0,12.0,2.0,0.3746667969555425,2.1246746359014854
7309,76.0,13.0,0.0,13.0,6.0,0.04396724673097683,2.1686418826324623
7310,76.0,14.0,0.0,14.0,2.0,0.2732812363944383,2.4419231190269004
7311,76.0,15.0,0.0,15.0,5.0,0.1189977910814536,2.560920910108354
7312,76.0,16.0,0.0,16.0,2.0,0.0,2.560920910108354
7313,76.0,17.0,0.0,17.0,7.0,0.45856256848509114,3.019483478593445
7314,76.0,18.0,0.0,18.0,7.0,0.314479252098775,3.33396273069222
7315,76.0,19.0,0.0,19.0,7.0,0.0,3.33396273069222
7316,76.0,20.0,0.0,20.0,5.0,0.30212354745347314,3.6360862781456933
7317,76.0,21.0,0.0,21.0,0.0,0.12325565854824504,3.7593419366939385
7318,76.0,22.0,0.0,22.0,3.0,0.3124487689648274,4.071790705658766
7319,76.0,23.0,0.0,23.0,3.0,0.19564670942873996,4.267437415087506
7320,76.0,24.0,0.0,24.0,5.0,0.1271290746976771,4.394566489785183
7321,76.0,25.0,0.0,25.0,4.0,0.0,4.394566489785183
7322,76.0,26.0,0.0,26.0,1.0,0.24526319585689446,4.639829685642078
7323,76.0,27.0,0.0,27.0,3.0,0.025510018405371447,4.665339704047449
7324,76.0,28.0,0.0,28.0,2.0,0.2052375345025933,4.870577238550043
7325,76.0,29.0,0.0,29.0,5.0,0.6074606983847354,5.478037936934778
7326,76.0,30.0,0.0,30.0,5.0,0.0488407511838819,5.52687868811866
7327,76.0,31.0,0.0,31.0,7.0,0.02758892282854971,5.554467610947209
7328,76.0,32.0,0.0,32.0,1.0,0.09468128799662574,5.649148898943835
7329,76.0,33.0,0.0,33.0,5.0,0.09069293668371073,5.739841835627546
7330,76.0,34.0,0.0,34.0,6.0,0.46761061637242407,6.20745245199997
7331,76.0,35.0,0.0,35.0,6.0,0.19237477602684144,6.399827228026811
7332,76.0,36.0,0.0,36.0,6.0,0.31122773400729964,6.711054962034111
7333,76.0,37.0,0.0,37.0,6.0,0.05187143270467871,6.762926394738789
7334,76.0,38.0,0.0,38.0,2.0,0.30371061480436934,7.066637009543159
7335,76.0,39.0,0.0,39.0,2.0,0.07183681467559985,7.138473824218759
7336,76.0,40.0,0.0,40.0,5.0,0.4083245810104282,7.546798405229188
7337,76.0,41.0,0.0,41.0,5.0,0.0,7.546798405229188
7338,76.0,42.0,0.0,42.0,0.0,0.06286079809602607,7.609659203325214
7339,76.0,43.0,0.0,43.0,6.0,0.19720425874379977,7.806863462069014
7340,76.0,44.0,0.0,44.0,1.0,0.2107072265151842,8.017570688584199
7341,76.0,45.0,0.0,45.0,5.0,0.056443085324379784,8.074013773908579
7342,76.0,46.0,0.0,46.0,2.0,0.40138850547070165,8.475402279379281
7343,76.0,47.0,0.0,47.0,2.0,0.17796714865995647,8.653369428039237
7344,76.0,48.0,0.0,48.0,6.0,0.2091349837990253,8.862504411838263
7345,76.0,49.0,0.0,49.0,7.0,0.03966389497905114,8.902168306817314
7346,76.0,50.0,0.0,50.0,2.0,0.10287625647900679,9.005044563296321
7347,76.0,51.0,0.0,51.0,3.0,0.03301525633795021,9.038059819634272
7348,76.0,52.0,0.0,52.0,1.0,0.23376214866150832,9.27182196829578
7349,76.0,53.0,0.0,53.0,6.0,0.398606424860819,9.6704283931566
7350,76.0,54.0,0.0,54.0,6.0,0.2380098281042837,9.908438221260884
7351,76.0,55.0,0.0,55.0,6.0,0.08900059238186646,9.99743881364275
7352,76.0,56.0,0.0,56.0,4.0,0.16518765184318784,10.162626465485939
7353,76.0,57.0,0.0,57.0,1.0,0.8012578002674544,10.963884265753393
7354,76.0,58.0,0.0,58.0,1.0,0.1252470864872485,11.089131352240642
7355,76.0,59.0,0.0,59.0,1.0,0.031550322030998015,11.12068167427164
7356,76.0,60.0,0.0,60.0,1.0,0.7207407501430242,11.841422424414665
7357,76.0,61.0,0.0,61.0,1.0,0.09843267325163044,11.939855097666296
7358,76.0,62.0,0.0,62.0,1.0,0.11959474932936898,12.059449846995665
7359,76.0,63.0,0.0,63.0,1.0,0.39919928454817294,12.458649131543838
7360,76.0,64.0,0.0,64.0,1.0,0.1525595877654341,12.611208719309273
7361,76.0,65.0,0.0,65.0,1.0,0.27119035406226066,12.882399073371534
7362,76.0,66.0,0.0,66.0,1.0,0.11338444405026506,12.995783517421799
7363,76.0,67.0,0.0,67.0,5.0,0.0,12.995783517421799
7364,76.0,68.0,0.0,68.0,2.0,0.20166360592346178,13.197447123345261
7365,76.0,69.0,0.0,69.0,1.0,0.0,13.197447123345261
7366,76.0,70.0,0.0,70.0,6.0,0.7377651793174987,13.93521230266276
7367,76.0,71.0,0.0,71.0,6.0,0.36321665879061876,14.298428961453379
7368,76.0,72.0,0.0,72.0,6.0,0.0,14.298428961453379
7369,76.0,73.0,0.0,73.0,6.0,0.5211461016164569,14.819575063069836
7370,76.0,74.0,0.0,74.0,6.0,0.06692797541129325,14.886503038481129
7371,76.0,75.0,0.0,75.0,6.0,0.0,14.886503038481129
7372,76.0,76.0,0.0,76.0,2.0,0.04195847045540713,14.928461508936536
7373,76.0,77.0,0.0,77.0,6.0,0.11636299692256234,15.044824505859099
7374,76.0,78.0,0.0,78.0,4.0,0.0,15.044824505859099
7375,76.0,79.0,0.0,79.0,0.0,0.04177638852618539,15.086600894385285
7376,76.0,80.0,0.0,80.0,1.0,0.15225671869257557,15.23885761307786
7377,76.0,81.0,0.0,81.0,6.0,0.0,15.23885761307786
7378,76.0,82.0,0.0,82.0,7.0,0.0372746347292418,15.276132247807102
7379,76.0,83.0,0.0,83.0,5.0,0.6430608029323872,15.919193050739489
7380,76.0,84.0,0.0,84.0,5.0,0.040966979361581224,15.96016003010107
7381,76.0,85.0,0.0,85.0,5.0,0.1208852646021139,16.081045294703184
7382,76.0,86.0,0.0,86.0,5.0,0.4585537674797822,16.539599062182965
7383,76.0,87.0,0.0,87.0,5.0,0.015747168809085662,16.55534623099205
7384,76.0,88.0,0.0,88.0,1.0,0.04317602104936086,16.598522252041413
7385,76.0,89.0,0.0,89.0,5.0,0.13236637124382183,16.730888623285235
7386,76.0,90.0,0.0,90.0,2.0,0.2697227342029752,17.00061135748821
7387,76.0,91.0,0.0,91.0,2.0,0.4833660339380995,17.48397739142631
7388,76.0,92.0,0.0,92.0,2.0,0.2064163726873327,17.690393764113644
7389,76.0,93.0,0.0,93.0,2.0,0.07058480069441396,17.760978564808056
7390,76.0,94.0,0.0,94.0,3.0,0.04429925980485249,17.805277824612908
7391,76.0,95.0,0.0,95.0,2.0,0.032480183465739686,17.837758008078648
7392,77.0,0.0,0.0,0.0,0.0,0.12685150903703096,0.12685150903703096
7393,77.0,1.0,0.0,1.0,1.0,0.14690456218978679,0.2737560712268178
7394,77.0,2.0,0.0,2.0,2.0,0.047006242528397114,0.3207623137552149
7395,77.0,3.0,0.0,3.0,3.0,0.20758298031156905,0.528345294066784
7396,77.0,4.0,0.0,4.0,4.0,0.181316232947323,0.709661527014107
7397,77.0,5.0,0.0,5.0,5.0,0.061655103827774414,0.7713166308418814
7398,77.0,6.0,0.0,6.0,6.0,0.36348110977950954,1.134797740621391
7399,77.0,7.0,0.0,7.0,7.0,0.45856256848509114,1.593360309106482
7400,77.0,8.0,0.0,8.0,7.0,0.0,1.593360309106482
7401,77.0,9.0,0.0,9.0,6.0,0.4025312660474192,1.9958915751539013
7402,77.0,10.0,0.0,10.0,6.0,0.05187143270467871,2.04776300785858
7403,77.0,11.0,0.0,11.0,3.0,0.24272613617104483,2.2904891440296247
7404,77.0,12.0,0.0,12.0,4.0,0.0702652958566233,2.360754439886248
7405,77.0,13.0,0.0,13.0,1.0,0.09843267325163044,2.459187113137878
7406,77.0,14.0,0.0,14.0,0.0,0.0,2.459187113137878
7407,77.0,15.0,0.0,15.0,7.0,0.5091692201750498,2.968356333312928
7408,77.0,16.0,0.0,16.0,7.0,0.061569980833461685,3.0299263141463895
7409,77.0,17.0,0.0,17.0,3.0,0.2032469793155898,3.2331732934619795
7410,77.0,18.0,0.0,18.0,5.0,0.07377049642032883,3.3069437898823084
7411,77.0,19.0,0.0,19.0,6.0,0.0,3.3069437898823084
7412,77.0,20.0,0.0,20.0,2.0,0.42591938102062793,3.7328631709029363
7413,77.0,21.0,0.0,21.0,2.0,0.25637356125238836,3.989236732155325
7414,77.0,22.0,0.0,22.0,2.0,0.1113616455486472,4.100598377703972
7415,77.0,23.0,0.0,23.0,7.0,0.0,4.100598377703972
7416,77.0,24.0,0.0,24.0,3.0,0.30727719064634834,4.40787556835032
7417,77.0,25.0,0.0,25.0,3.0,0.20186904139831627,4.6097446097486365
7418,77.0,26.0,0.0,26.0,4.0,0.07151951990290359,4.68126412965154
7419,77.0,27.0,0.0,27.0,1.0,0.7371334889638141,5.418397618615354
7420,77.0,28.0,0.0,28.0,1.0,0.0,5.418397618615354
7421,77.0,29.0,0.0,29.0,1.0,0.0,5.418397618615354
7422,77.0,30.0,0.0,30.0,2.0,0.0984534186733431,5.516851037288697
7423,77.0,31.0,0.0,31.0,3.0,0.01013449636003612,5.526985533648734
7424,77.0,32.0,0.0,32.0,6.0,0.04941931180611817,5.576404845454852
7425,77.0,33.0,0.0,33.0,7.0,0.03966389497905114,5.616068740433903
7426,77.0,34.0,0.0,34.0,5.0,0.15788754467582478,5.773956285109728
7427,77.0,35.0,0.0,35.0,1.0,0.7343824664965894,6.508338751606317
7428,77.0,36.0,0.0,36.0,1.0,0.031550322030998015,6.5398890736373145
7429,77.0,37.0,0.0,37.0,1.0,0.05668020652621607,6.59656928016353
7430,77.0,38.0,0.0,38.0,0.0,0.297424803795574,6.893994083959104
7431,77.0,39.0,0.0,39.0,0.0,0.47815931578689846,7.3721533997460025
7432,77.0,40.0,0.0,40.0,0.0,0.0,7.3721533997460025
7433,77.0,41.0,0.0,41.0,2.0,0.40364005699886474,7.775793456744867
7434,77.0,42.0,0.0,42.0,2.0,0.44976625428900363,8.22555971103387
7435,77.0,43.0,0.0,43.0,2.0,0.13810536010235094,8.363665071136221
7436,77.0,44.0,0.0,44.0,2.0,0.3083246732118922,8.671989744348114
7437,77.0,45.0,0.0,45.0,2.0,0.2697227342029752,8.94171247855109
7438,77.0,46.0,0.0,46.0,2.0,0.1670621200099897,9.108774598561078
7439,77.0,47.0,0.0,47.0,0.0,0.0,9.108774598561078
7440,77.0,48.0,0.0,48.0,1.0,0.23702024352928716,9.345794842090365
7441,77.0,49.0,0.0,49.0,3.0,0.8079320082078706,10.153726850298236
7442,77.0,50.0,0.0,50.0,3.0,0.19321782807184884,10.346944678370084
7443,77.0,51.0,0.0,51.0,3.0,0.2285348190821269,10.57547949745221
7444,77.0,52.0,0.0,52.0,3.0,0.3635186756069499,10.93899817305916
7445,77.0,53.0,0.0,53.0,3.0,0.5566120011411148,11.495610174200275
7446,77.0,54.0,0.0,54.0,3.0,0.27979422998214515,11.775404404182419
7447,77.0,55.0,0.0,55.0,3.0,0.24065638461266484,12.016060788795084
7448,77.0,56.0,0.0,56.0,3.0,0.10860300214653837,12.124663790941621
7449,77.0,57.0,0.0,57.0,3.0,0.5930123040989156,12.717676095040536
7450,77.0,58.0,0.0,58.0,3.0,0.003936487151784531,12.721612582192321
7451,77.0,59.0,0.0,59.0,3.0,0.12405932762911029,12.845671909821432
7452,77.0,60.0,0.0,60.0,6.0,0.351198302995685,13.196870212817117
7453,77.0,61.0,0.0,61.0,6.0,0.3286820084901565,13.525552221307274
7454,77.0,62.0,0.0,62.0,6.0,0.19275096950199988,13.718303190809275
7455,77.0,63.0,0.0,63.0,4.0,0.08739218446663143,13.805695375275906
7456,77.0,64.0,0.0,64.0,3.0,0.12697042011696535,13.932665795392872
7457,77.0,65.0,0.0,65.0,6.0,0.0,13.932665795392872
7458,77.0,66.0,0.0,66.0,2.0,0.0,13.932665795392872
7459,77.0,67.0,0.0,67.0,1.0,0.5459856231058668,14.478651418498739
7460,77.0,68.0,0.0,68.0,1.0,0.3461068524360502,14.824758270934788
7461,77.0,69.0,0.0,69.0,1.0,0.14996651879064163,14.97472478972543
7462,77.0,70.0,0.0,70.0,1.0,0.0,14.97472478972543
7463,77.0,71.0,0.0,71.0,5.0,0.0,14.97472478972543
7464,77.0,72.0,0.0,72.0,3.0,0.10133948080521624,15.076064270530646
7465,77.0,73.0,0.0,73.0,7.0,0.35893392020488385,15.434998190735529
7466,77.0,74.0,0.0,74.0,7.0,0.26958034497069683,15.704578535706226
7467,77.0,75.0,0.0,75.0,7.0,0.0,15.704578535706226
7468,77.0,76.0,0.0,76.0,1.0,0.3728753173739762,16.0774538530802
7469,77.0,77.0,0.0,77.0,1.0,0.18474591588561104,16.26219976896581
7470,77.0,78.0,0.0,78.0,3.0,0.04102795575974671,16.30322772472556
7471,77.0,79.0,0.0,79.0,1.0,0.04845925959332829,16.35168698431889
7472,77.0,80.0,0.0,80.0,2.0,0.3195571986524608,16.67124418297135
7473,77.0,81.0,0.0,81.0,2.0,0.7068413165322392,17.378085499503587
7474,77.0,82.0,0.0,82.0,2.0,0.16196479063327046,17.540050290136858
7475,77.0,83.0,0.0,83.0,2.0,0.1731947690353173,17.713245059172174
7476,77.0,84.0,0.0,84.0,2.0,0.41746763913831586,18.13071269831049
7477,77.0,85.0,0.0,85.0,2.0,0.21976599108420175,18.35047868939469
7478,77.0,86.0,0.0,86.0,2.0,0.587687788672903,18.938166478067593
7479,77.0,87.0,0.0,87.0,2.0,0.4472118799386729,19.385378358006268
7480,77.0,88.0,0.0,88.0,2.0,0.482186826413389,19.867565184419657
7481,77.0,89.0,0.0,89.0,2.0,0.043892043518105,19.911457227937763
7482,77.0,90.0,0.0,90.0,2.0,0.4898575650501079,20.401314792987872
7483,77.0,91.0,0.0,91.0,2.0,0.11886118707131776,20.52017598005919
7484,77.0,92.0,0.0,92.0,2.0,0.0,20.52017598005919
7485,77.0,93.0,0.0,93.0,2.0,0.14808157325436302,20.668257553313552
7486,77.0,94.0,0.0,94.0,2.0,0.20166360592346178,20.869921159237013
7487,77.0,95.0,0.0,95.0,2.0,0.07183681467559985,20.941757973912612
7488,78.0,0.0,0.0,0.0,0.0,0.0,0.0
7489,78.0,1.0,0.0,1.0,1.0,0.0,0.0
7490,78.0,2.0,0.0,2.0,2.0,0.0,0.0
7491,78.0,3.0,0.0,3.0,3.0,0.2656910608312819,0.2656910608312819
7492,78.0,4.0,0.0,4.0,4.0,0.0,0.2656910608312819
7493,78.0,5.0,0.0,5.0,5.0,0.5396395039110845,0.8053305647423664
7494,78.0,6.0,0.0,6.0,6.0,0.3286820084901565,1.134012573232523
7495,78.0,7.0,0.0,7.0,7.0,0.44759909174127827,1.5816116649738012
7496,78.0,8.0,0.0,8.0,5.0,0.0,1.5816116649738012
7497,78.0,9.0,0.0,9.0,7.0,0.0,1.5816116649738012
7498,78.0,10.0,0.0,10.0,6.0,0.528994261355651,2.1106059263294523
7499,78.0,11.0,0.0,11.0,6.0,0.2355975950006196,2.346203521330072
7500,78.0,12.0,0.0,12.0,3.0,0.3128854636562684,2.6590889849863406
7501,78.0,13.0,0.0,13.0,6.0,0.4025312660474192,3.0616202510337596
7502,78.0,14.0,0.0,14.0,3.0,0.6774497976451884,3.739070048678948
7503,78.0,15.0,0.0,15.0,3.0,0.3124487689648274,4.0515188176437755
7504,78.0,16.0,0.0,16.0,3.0,0.0,4.0515188176437755
7505,78.0,17.0,0.0,17.0,6.0,0.4419319569723373,4.493450774616113
7506,78.0,18.0,0.0,18.0,5.0,0.22127064602955218,4.714721420645665
7507,78.0,19.0,0.0,19.0,6.0,0.7330812715508707,5.447802692196536
7508,78.0,20.0,0.0,20.0,6.0,0.23042860433100323,5.678231296527539
7509,78.0,21.0,0.0,21.0,6.0,0.5609494988696637,6.2391807953972025
7510,78.0,22.0,0.0,22.0,6.0,0.46120539576978026,6.700386191166983
7511,78.0,23.0,0.0,23.0,6.0,0.308924290481592,7.0093104816485745
7512,78.0,24.0,0.0,24.0,6.0,0.012576657579367172,7.021887139227942
7513,78.0,25.0,0.0,25.0,7.0,0.22951623073539107,7.251403369963333
7514,78.0,26.0,0.0,26.0,5.0,0.07525820400177534,7.326661573965108
7515,78.0,27.0,0.0,27.0,3.0,0.0,7.326661573965108
7516,78.0,28.0,0.0,28.0,6.0,0.19720425874379977,7.523865832708908
7517,78.0,29.0,0.0,29.0,6.0,0.23958507229734452,7.763450905006253
7518,78.0,30.0,0.0,30.0,7.0,0.8098490283050879,8.57329993331134
7519,78.0,31.0,0.0,31.0,7.0,0.17451046426450795,8.747810397575847
7520,78.0,32.0,0.0,32.0,7.0,0.09917719492813658,8.846987592503984
7521,78.0,33.0,0.0,33.0,0.0,0.0,8.846987592503984
7522,78.0,34.0,0.0,34.0,1.0,0.04317602104936086,8.890163613553344
7523,78.0,35.0,0.0,35.0,2.0,0.3746667969555425,9.264830410508887
7524,78.0,36.0,0.0,36.0,2.0,0.273959930967197,9.538790341476084
7525,78.0,37.0,0.0,37.0,2.0,0.0,9.538790341476084
7526,78.0,38.0,0.0,38.0,4.0,0.3845164824990986,9.923306823975182
7527,78.0,39.0,0.0,39.0,4.0,0.6630452028905913,10.586352026865773
7528,78.0,40.0,0.0,40.0,4.0,0.0,10.586352026865773
7529,78.0,41.0,0.0,41.0,4.0,0.1495593642703379,10.735911391136112
7530,78.0,42.0,0.0,42.0,6.0,0.10821198863204971,10.844123379768162
7531,78.0,43.0,0.0,43.0,7.0,0.0,10.844123379768162
7532,78.0,44.0,0.0,44.0,6.0,0.43814959519287755,11.282272974961039
7533,78.0,45.0,0.0,45.0,6.0,0.0,11.282272974961039
7534,78.0,46.0,0.0,46.0,3.0,0.08263274320301577,11.364905718164055
7535,78.0,47.0,0.0,47.0,4.0,0.1365648802244922,11.501470598388547
7536,78.0,48.0,0.0,48.0,5.0,0.13613113582277864,11.637601734211326
7537,78.0,49.0,0.0,49.0,6.0,0.5211461016164569,12.158747835827784
7538,78.0,50.0,0.0,50.0,6.0,0.22700732154927955,12.385755157377064
7539,78.0,51.0,0.0,51.0,6.0,0.40586275112066333,12.791617908497727
7540,78.0,52.0,0.0,52.0,6.0,0.7377651793174987,13.529383087815226
7541,78.0,53.0,0.0,53.0,6.0,0.18788376889070377,13.71726685670593
7542,78.0,54.0,0.0,54.0,6.0,0.19330425654839078,13.91057111325432
7543,78.0,55.0,0.0,55.0,6.0,0.12433874510598864,14.03490985836031
7544,78.0,56.0,0.0,56.0,7.0,0.008325910589010882,14.043235768949321
7545,78.0,57.0,0.0,57.0,6.0,0.754797882045112,14.798033650994434
7546,78.0,58.0,0.0,58.0,6.0,0.6681191236917254,15.46615277468616
7547,78.0,59.0,0.0,59.0,6.0,0.0206337541478017,15.486786528833962
7548,78.0,60.0,0.0,60.0,6.0,0.8113111970305757,16.298097725864537
7549,78.0,61.0,0.0,61.0,6.0,0.15948567313383155,16.45758339899837
7550,78.0,62.0,0.0,62.0,6.0,0.46761061637242407,16.925194015370796
7551,78.0,63.0,0.0,63.0,6.0,0.470561563191029,17.395755578561825
7552,78.0,64.0,0.0,64.0,6.0,0.04396724673097683,17.4397228252928
7553,78.0,65.0,0.0,65.0,6.0,0.25249491253368417,17.692217737826486
7554,78.0,66.0,0.0,66.0,6.0,0.2358206865923345,17.92803842441882
7555,78.0,67.0,0.0,67.0,6.0,0.09243667781140737,18.020475102230225
7556,78.0,68.0,0.0,68.0,6.0,0.12662947121033713,18.14710457344056
7557,78.0,69.0,0.0,69.0,4.0,0.6166947510523849,18.763799324492947
7558,78.0,70.0,0.0,70.0,4.0,0.0,18.763799324492947
7559,78.0,71.0,0.0,71.0,3.0,0.350068861673392,19.11386818616634
7560,78.0,72.0,0.0,72.0,3.0,0.25537726099248537,19.369245447158825
7561,78.0,73.0,0.0,73.0,4.0,0.5318065204421886,19.901051967601013
7562,78.0,74.0,0.0,74.0,4.0,0.5401870119994172,20.44123897960043
7563,78.0,75.0,0.0,75.0,4.0,0.35662687216539196,20.797865851765824
7564,78.0,76.0,0.0,76.0,4.0,0.12212621641662968,20.919992068182452
7565,78.0,77.0,0.0,77.0,4.0,0.15590532879380598,21.07589739697626
7566,78.0,78.0,0.0,78.0,4.0,0.06308539271434067,21.1389827896906
7567,78.0,79.0,0.0,79.0,6.0,0.398606424860819,21.53758921455142
7568,78.0,80.0,0.0,80.0,6.0,0.5415728013366148,22.079162015888034
7569,78.0,81.0,0.0,81.0,6.0,0.2030643176852566,22.28222633357329
7570,78.0,82.0,0.0,82.0,6.0,0.2676282183690528,22.549854551942346
7571,78.0,83.0,0.0,83.0,5.0,0.027814322711726475,22.577668874654073
7572,78.0,84.0,0.0,84.0,3.0,0.001461682704674984,22.57913055735875
7573,78.0,85.0,0.0,85.0,6.0,0.019802180604578484,22.598932737963327
7574,78.0,86.0,0.0,86.0,2.0,0.537148762474358,23.136081500437687
7575,78.0,87.0,0.0,87.0,2.0,0.03949449756546484,23.17557599800315
7576,78.0,88.0,0.0,88.0,2.0,0.4472118799386729,23.622787877941825
7577,78.0,89.0,0.0,89.0,2.0,0.0,23.622787877941825
7578,78.0,90.0,0.0,90.0,6.0,0.45661860173922436,24.079406479681047
7579,78.0,91.0,0.0,91.0,6.0,0.5398005436791784,24.619207023360225
7580,78.0,92.0,0.0,92.0,6.0,0.29928972735028064,24.918496750710506
7581,78.0,93.0,0.0,93.0,6.0,0.18216968160881716,25.100666432319322
7582,78.0,94.0,0.0,94.0,6.0,0.0989051148392537,25.199571547158577
7583,78.0,95.0,0.0,95.0,6.0,0.10776919275082603,25.307340739909403
7584,79.0,0.0,0.0,0.0,0.0,0.14603725991723326,0.14603725991723326
7585,79.0,1.0,0.0,1.0,1.0,0.16259328171919027,0.30863054163642356
7586,79.0,2.0,0.0,2.0,2.0,0.04961298748480245,0.35824352912122603
7587,79.0,3.0,0.0,3.0,3.0,0.03301525633795021,0.39125878545917625
7588,79.0,4.0,0.0,4.0,4.0,0.28973804014574706,0.6809968256049233
7589,79.0,5.0,0.0,5.0,5.0,0.027814322711726475,0.7088111483166497
7590,79.0,6.0,0.0,6.0,6.0,0.41014276344445866,1.1189539117611083
7591,79.0,7.0,0.0,7.0,7.0,0.0,1.1189539117611083
7592,79.0,8.0,0.0,8.0,6.0,0.5199951664423675,1.638949078203476
7593,79.0,9.0,0.0,9.0,6.0,0.31122773400729964,1.9501768122107754
7594,79.0,10.0,0.0,10.0,4.0,0.0,1.9501768122107754
7595,79.0,11.0,0.0,11.0,6.0,0.04396724673097683,1.9941440589417523
7596,79.0,12.0,0.0,12.0,1.0,0.04845925959332829,2.0426033185350807
7597,79.0,13.0,0.0,13.0,0.0,0.0,2.0426033185350807
7598,79.0,14.0,0.0,14.0,6.0,0.754797882045112,2.7974012005801927
7599,79.0,15.0,0.0,15.0,6.0,0.5721185095518746,3.3695197101320673
7600,79.0,16.0,0.0,16.0,6.0,0.19720425874379977,3.566723968875867
7601,79.0,17.0,0.0,17.0,6.0,0.25249491253368417,3.8192188814095513
7602,79.0,18.0,0.0,18.0,6.0,0.0,3.8192188814095513
7603,79.0,19.0,0.0,19.0,2.0,0.3981486247182143,4.217367506127766
7604,79.0,20.0,0.0,20.0,2.0,0.11327101634064082,4.330638522468407
7605,79.0,21.0,0.0,21.0,3.0,0.5566120011411148,4.887250523609522
7606,79.0,22.0,0.0,22.0,3.0,0.0,4.887250523609522
7607,79.0,23.0,0.0,23.0,5.0,0.0,4.887250523609522
7608,79.0,24.0,0.0,24.0,6.0,0.060843244270408124,4.94809376787993
7609,79.0,25.0,0.0,25.0,7.0,0.08845181773763568,5.036545585617566
7610,79.0,26.0,0.0,26.0,4.0,0.0,5.036545585617566
7611,79.0,27.0,0.0,27.0,3.0,0.08419597055910664,5.1207415561766725
7612,79.0,28.0,0.0,28.0,2.0,0.4472118799386729,5.567953436115346
7613,79.0,29.0,0.0,29.0,2.0,0.40138850547070165,5.969341941586047
7614,79.0,30.0,0.0,30.0,2.0,0.1588172883297803,6.128159229915828
7615,79.0,31.0,0.0,31.0,6.0,0.18216968160881716,6.310328911524645
7616,79.0,32.0,0.0,32.0,2.0,0.4833660339380995,6.793694945462745
7617,79.0,33.0,0.0,33.0,2.0,0.0009678536600830689,6.794662799122828
7618,79.0,34.0,0.0,34.0,1.0,0.0930474388599168,6.887710237982745
7619,79.0,35.0,0.0,35.0,6.0,0.2030643176852566,7.090774555668001
7620,79.0,36.0,0.0,36.0,6.0,0.012576657579367172,7.103351213247368
7621,79.0,37.0,0.0,37.0,2.0,0.0984534186733431,7.201804631920711
7622,79.0,38.0,0.0,38.0,0.0,0.18404068387434905,7.38584531579506
7623,79.0,39.0,0.0,39.0,3.0,0.020094125614477917,7.405939441409538
7624,79.0,40.0,0.0,40.0,6.0,0.709114106247022,8.11505354765656
7625,79.0,41.0,0.0,41.0,6.0,0.06692797541129325,8.181981523067853
7626,79.0,42.0,0.0,42.0,6.0,0.08569355050034418,8.267675073568197
7627,79.0,43.0,0.0,43.0,2.0,0.10287625647900679,8.370551330047205
7628,79.0,44.0,0.0,44.0,6.0,0.5398005436791784,8.910351873726382
7629,79.0,45.0,0.0,45.0,6.0,0.45661860173922436,9.366970475465607
7630,79.0,46.0,0.0,46.0,6.0,0.14053761898862807,9.507508094454234
7631,79.0,47.0,0.0,47.0,6.0,0.1440283701753274,9.651536464629562
7632,79.0,48.0,0.0,48.0,0.0,0.0,9.651536464629562
7633,79.0,49.0,0.0,49.0,7.0,0.34149124243916545,9.993027707068727
7634,79.0,50.0,0.0,50.0,7.0,0.09818265512943311,10.09121036219816
7635,79.0,51.0,0.0,51.0,6.0,0.2676282183690528,10.358838580567213
7636,79.0,52.0,0.0,52.0,6.0,0.0,10.358838580567213
7637,79.0,53.0,0.0,53.0,1.0,0.35164524988197277,10.710483830449185
7638,79.0,54.0,0.0,54.0,1.0,0.09271436829694825,10.803198198746133
7639,79.0,55.0,0.0,55.0,4.0,0.11041446593207717,10.91361266467821
7640,79.0,56.0,0.0,56.0,2.0,0.0,10.91361266467821
7641,79.0,57.0,0.0,57.0,7.0,0.4048413410201004,11.31845400569831
7642,79.0,58.0,0.0,58.0,7.0,0.12980887699241067,11.44826288269072
7643,79.0,59.0,0.0,59.0,7.0,0.0,11.44826288269072
7644,79.0,60.0,0.0,60.0,6.0,0.308924290481592,11.757187173172312
7645,79.0,61.0,0.0,61.0,6.0,0.4419319569723373,12.19911913014465
7646,79.0,62.0,0.0,62.0,6.0,0.6681191236917254,12.867238253836376
7647,79.0,63.0,0.0,63.0,6.0,0.12662947121033713,12.993867725046714
7648,79.0,64.0,0.0,64.0,6.0,0.11636299692256234,13.110230721969277
7649,79.0,65.0,0.0,65.0,6.0,0.0,13.110230721969277
7650,79.0,66.0,0.0,66.0,1.0,0.028670031367413643,13.13890075333669
7651,79.0,67.0,0.0,67.0,5.0,0.07826673374384487,13.217167487080536
7652,79.0,68.0,0.0,68.0,6.0,0.029858941276052695,13.24702642835659
7653,79.0,69.0,0.0,69.0,3.0,0.47254251673467496,13.719568945091265
7654,79.0,70.0,0.0,70.0,3.0,0.3124487689648274,14.032017714056092
7655,79.0,71.0,0.0,71.0,3.0,0.0,14.032017714056092
7656,79.0,72.0,0.0,72.0,3.0,0.09300458273999601,14.125022296796088
7657,79.0,73.0,0.0,73.0,6.0,0.4025312660474192,14.527553562843506
7658,79.0,74.0,0.0,74.0,6.0,0.05187143270467871,14.579424995548186
7659,79.0,75.0,0.0,75.0,2.0,0.15436321182083243,14.733788207369019
7660,79.0,76.0,0.0,76.0,6.0,0.528994261355651,15.26278246872467
7661,79.0,77.0,0.0,77.0,6.0,0.43814959519287755,15.700932063917547
7662,79.0,78.0,0.0,78.0,6.0,0.46655973523908206,16.16749179915663
7663,79.0,79.0,0.0,79.0,6.0,0.40586275112066333,16.57335455027729
7664,79.0,80.0,0.0,80.0,6.0,0.3731406200505958,16.946495170327886
7665,79.0,81.0,0.0,81.0,6.0,0.19237477602684144,17.138869946354728
7666,79.0,82.0,0.0,82.0,6.0,0.7330812715508707,17.871951217905597
7667,79.0,83.0,0.0,83.0,6.0,0.1350995944228713,18.00705081232847
7668,79.0,84.0,0.0,84.0,6.0,0.0206337541478017,18.02768456647627
7669,79.0,85.0,0.0,85.0,6.0,0.45154853925075483,18.479233105727026
7670,79.0,86.0,0.0,86.0,6.0,0.19330425654839078,18.672537362275417
7671,79.0,87.0,0.0,87.0,6.0,0.012116503352960235,18.684653865628377
7672,79.0,88.0,0.0,88.0,6.0,0.12433874510598864,18.808992610734364
7673,79.0,89.0,0.0,89.0,6.0,0.29928972735028064,19.108282338084646
7674,79.0,90.0,0.0,90.0,6.0,0.38478252254705636,19.4930648606317
7675,79.0,91.0,0.0,91.0,6.0,0.3286820084901565,19.821746869121856
7676,79.0,92.0,0.0,92.0,6.0,0.10821198863204971,19.929958857753906
7677,79.0,93.0,0.0,93.0,4.0,0.0702652958566233,20.000224153610528
7678,79.0,94.0,0.0,94.0,6.0,0.20751175649518033,20.207735910105708
7679,79.0,95.0,0.0,95.0,6.0,0.2355975950006196,20.443333505106327
7680,80.0,0.0,0.0,0.0,0.0,0.16628996392507772,0.16628996392507772
7681,80.0,1.0,0.0,1.0,1.0,0.2107072265151842,0.3769971904402619
7682,80.0,2.0,0.0,2.0,2.0,0.0,0.3769971904402619
7683,80.0,3.0,0.0,3.0,3.0,0.18076898800776417,0.5577661784480261
7684,80.0,4.0,0.0,4.0,4.0,0.10013514850155053,0.6579013269495766
7685,80.0,5.0,0.0,5.0,5.0,0.3039231620092401,0.9618244889588167
7686,80.0,6.0,0.0,6.0,6.0,0.08544920153663012,1.0472736904954467
7687,80.0,7.0,0.0,7.0,7.0,0.0,1.0472736904954467
7688,80.0,8.0,0.0,8.0,5.0,0.21582234885179488,1.2630960393472417
7689,80.0,9.0,0.0,9.0,1.0,0.1252470864872485,1.3883431258344903
7690,80.0,10.0,0.0,10.0,3.0,0.0,1.3883431258344903
7691,80.0,11.0,0.0,11.0,0.0,0.1908288003675769,1.5791719262020671
7692,80.0,12.0,0.0,12.0,5.0,0.09067390774368256,1.6698458339457498
7693,80.0,13.0,0.0,13.0,4.0,0.14305431294694723,1.812900146892697
7694,80.0,14.0,0.0,14.0,6.0,0.15948567313383155,1.9723858200265285
7695,80.0,15.0,0.0,15.0,0.0,0.10452931469019261,2.076915134716721
7696,80.0,16.0,0.0,16.0,1.0,0.27391822828331297,2.3508333630000338
7697,80.0,17.0,0.0,17.0,2.0,0.587687788672903,2.938521151672937
7698,80.0,18.0,0.0,18.0,2.0,0.0072074941480090105,2.945728645820946
7699,80.0,19.0,0.0,19.0,7.0,0.3497936611859112,3.2955223070068573
7700,80.0,20.0,0.0,20.0,7.0,0.3632416151092178,3.658763922116075
7701,80.0,21.0,0.0,21.0,7.0,0.0,3.658763922116075
7702,80.0,22.0,0.0,22.0,5.0,0.25545532592559733,3.914219248041672
7703,80.0,23.0,0.0,23.0,1.0,0.7864352531193769,4.700654501161049
7704,80.0,24.0,0.0,24.0,1.0,0.35845450021337216,5.059109001374421
7705,80.0,25.0,0.0,25.0,1.0,0.2923975416172881,5.351506542991709
7706,80.0,26.0,0.0,26.0,1.0,0.0766334705336081,5.428140013525317
7707,80.0,27.0,0.0,27.0,1.0,0.40114156826807473,5.829281581793391
7708,80.0,28.0,0.0,28.0,1.0,0.7371334889638141,6.5664150707572055
7709,80.0,29.0,0.0,29.0,1.0,0.236338495393307,6.802753566150512
7710,80.0,30.0,0.0,30.0,1.0,0.21643836357841792,7.0191919297289305
7711,80.0,31.0,0.0,31.0,1.0,0.0,7.0191919297289305
7712,80.0,32.0,0.0,32.0,2.0,0.1670621200099897,7.1862540497389205
7713,80.0,33.0,0.0,33.0,6.0,0.0,7.1862540497389205
7714,80.0,34.0,0.0,34.0,4.0,0.22645575073161234,7.412709800470533
7715,80.0,35.0,0.0,35.0,5.0,0.556448204261036,7.969158004731569
7716,80.0,36.0,0.0,36.0,5.0,0.07377049642032883,8.042928501151899
7717,80.0,37.0,0.0,37.0,1.0,0.9645942569749285,9.007522758126827
7718,80.0,38.0,0.0,38.0,1.0,0.35164524988197277,9.3591680080088
7719,80.0,39.0,0.0,39.0,1.0,0.6458467227103142,10.005014730719113
7720,80.0,40.0,0.0,40.0,1.0,0.3720624105248227,10.377077141243936
7721,80.0,41.0,0.0,41.0,1.0,0.11675306462359378,10.49383020586753
7722,80.0,42.0,0.0,42.0,1.0,0.028670031367413643,10.522500237234944
7723,80.0,43.0,0.0,43.0,1.0,0.39051636555348407,10.913016602788428
7724,80.0,44.0,0.0,44.0,1.0,0.0,10.913016602788428
7725,80.0,45.0,0.0,45.0,5.0,0.012731154762606778,10.925747757551035
7726,80.0,46.0,0.0,46.0,4.0,0.6296318563139507,11.555379613864986
7727,80.0,47.0,0.0,47.0,4.0,0.2352620848249543,11.79064169868994
7728,80.0,48.0,0.0,48.0,4.0,0.07128856318987772,11.861930261879818
7729,80.0,49.0,0.0,49.0,3.0,0.6774497976451884,12.539380059525007
7730,80.0,50.0,0.0,50.0,3.0,0.19564670942873996,12.735026768953746
7731,80.0,51.0,0.0,51.0,3.0,0.12506065997339402,12.860087428927141
7732,80.0,52.0,0.0,52.0,3.0,0.030472832457272593,12.890560261384413
7733,80.0,53.0,0.0,53.0,0.0,0.2090346472697647,13.099594908654177
7734,80.0,54.0,0.0,54.0,1.0,0.4091289111380489,13.508723819792227
7735,80.0,55.0,0.0,55.0,1.0,0.0,13.508723819792227
7736,80.0,56.0,0.0,56.0,2.0,0.14808157325436302,13.65680539304659
7737,80.0,57.0,0.0,57.0,4.0,0.4262384419390214,14.083043834985611
7738,80.0,58.0,0.0,58.0,4.0,0.3406652420848293,14.423709077070441
7739,80.0,59.0,0.0,59.0,4.0,0.062174288129666674,14.485883365200108
7740,80.0,60.0,0.0,60.0,7.0,0.4763979432030655,14.962281308403174
7741,80.0,61.0,0.0,61.0,7.0,0.031039358450981096,14.993320666854155
7742,80.0,62.0,0.0,62.0,1.0,0.44922488554479406,15.442545552398949
7743,80.0,63.0,0.0,63.0,1.0,0.2975171656525792,15.740062718051528
7744,80.0,64.0,0.0,64.0,1.0,0.32124548368694295,16.06130820173847
7745,80.0,65.0,0.0,65.0,1.0,0.1525595877654341,16.213867789503905
7746,80.0,66.0,0.0,66.0,0.0,0.0,16.213867789503905
7747,80.0,67.0,0.0,67.0,4.0,0.6928212275644872,16.90668901706839
7748,80.0,68.0,0.0,68.0,4.0,0.6273379479591693,17.53402696502756
7749,80.0,69.0,0.0,69.0,4.0,0.7468916268125877,18.28091859184015
7750,80.0,70.0,0.0,70.0,4.0,0.0,18.28091859184015
7751,80.0,71.0,0.0,71.0,4.0,0.23110148611791392,18.512020077958063
7752,80.0,72.0,0.0,72.0,4.0,0.41110112443122054,18.923121202389282
7753,80.0,73.0,0.0,73.0,4.0,0.35662687216539196,19.279748074554675
7754,80.0,74.0,0.0,74.0,4.0,0.19670552128951685,19.47645359584419
7755,80.0,75.0,0.0,75.0,4.0,0.15027538281192757,19.626728978656118
7756,80.0,76.0,0.0,76.0,4.0,0.15383977509268065,19.7805687537488
7757,80.0,77.0,0.0,77.0,4.0,0.3716799242424243,20.152248677991224
7758,80.0,78.0,0.0,78.0,4.0,0.024172346025505487,20.17642102401673
7759,80.0,79.0,0.0,79.0,1.0,0.0,20.17642102401673
7760,80.0,80.0,0.0,80.0,7.0,0.15961076329720134,20.33603178731393
7761,80.0,81.0,0.0,81.0,3.0,0.0747189184831523,20.410750705797085
7762,80.0,82.0,0.0,82.0,2.0,0.21976599108420175,20.630516696881287
7763,80.0,83.0,0.0,83.0,5.0,0.38817062381795203,21.01868732069924
7764,80.0,84.0,0.0,84.0,5.0,0.21528111200447786,21.23396843270372
7765,80.0,85.0,0.0,85.0,4.0,0.0,21.23396843270372
7766,80.0,86.0,0.0,86.0,5.0,0.30212354745347314,21.53609198015719
7767,80.0,87.0,0.0,87.0,1.0,0.4208360768007997,21.95692805695799
7768,80.0,88.0,0.0,88.0,1.0,0.0,21.95692805695799
7769,80.0,89.0,0.0,89.0,5.0,0.18916438735281615,22.146092444310806
7770,80.0,90.0,0.0,90.0,2.0,0.2064163726873327,22.35250881699814
7771,80.0,91.0,0.0,91.0,1.0,0.5350809140500077,22.887589731048145
7772,80.0,92.0,0.0,92.0,1.0,0.18420213317850265,23.071791864226647
7773,80.0,93.0,0.0,93.0,1.0,0.16259328171919027,23.234385145945836
7774,80.0,94.0,0.0,94.0,4.0,0.3097901048969641,23.5441752508428
7775,80.0,95.0,0.0,95.0,5.0,0.3655504969632712,23.90972574780607
7776,81.0,0.0,0.0,0.0,0.0,0.031745572507859386,0.031745572507859386
7777,81.0,1.0,0.0,1.0,1.0,0.1252470864872485,0.1569926589951079
7778,81.0,2.0,0.0,2.0,2.0,0.3195571986524608,0.4765498576475687
7779,81.0,3.0,0.0,3.0,3.0,0.45250052602955393,0.9290503836771227
7780,81.0,4.0,0.0,4.0,4.0,0.0,0.9290503836771227
7781,81.0,5.0,0.0,5.0,5.0,0.13948261044307597,1.0685329941201986
7782,81.0,6.0,0.0,6.0,6.0,0.456597589962221,1.5251305840824196
7783,81.0,7.0,0.0,7.0,7.0,0.7256040504195268,2.2507346345019466
7784,81.0,8.0,0.0,8.0,7.0,0.0739714121023839,2.3247060466043306
7785,81.0,9.0,0.0,9.0,6.0,0.398606424860819,2.7233124714651495
7786,81.0,10.0,0.0,10.0,3.0,0.5254767966993704,3.24878926816452
7787,81.0,11.0,0.0,11.0,3.0,0.12405932762911029,3.3728485957936303
7788,81.0,12.0,0.0,12.0,2.0,0.2052375345025933,3.5780861302962235
7789,81.0,13.0,0.0,13.0,6.0,0.43814959519287755,4.016235725489101
7790,81.0,14.0,0.0,14.0,7.0,0.0056253172433511625,4.021861042732452
7791,81.0,15.0,0.0,15.0,6.0,0.7615432087357681,4.78340425146822
7792,81.0,16.0,0.0,16.0,6.0,0.6681191236917254,5.451523375159945
7793,81.0,17.0,0.0,17.0,6.0,0.45863258329410067,5.9101559584540455
7794,81.0,18.0,0.0,18.0,6.0,0.5198631933975867,6.430019151851632
7795,81.0,19.0,0.0,19.0,6.0,0.0,6.430019151851632
7796,81.0,20.0,0.0,20.0,3.0,0.3124487689648274,6.74246792081646
7797,81.0,21.0,0.0,21.0,5.0,0.0,6.74246792081646
7798,81.0,22.0,0.0,22.0,6.0,0.11636299692256234,6.858830917739022
7799,81.0,23.0,0.0,23.0,1.0,0.4978298030149915,7.356660720754014
7800,81.0,24.0,0.0,24.0,1.0,0.1525595877654341,7.509220308519447
7801,81.0,25.0,0.0,25.0,2.0,0.06114289961588151,7.570363208135329
7802,81.0,26.0,0.0,26.0,3.0,0.47254251673467496,8.042905724870003
7803,81.0,27.0,0.0,27.0,3.0,0.350068861673392,8.392974586543396
7804,81.0,28.0,0.0,28.0,6.0,0.7377651793174987,9.130739765860895
7805,81.0,29.0,0.0,29.0,6.0,0.15948567313383155,9.290225438994726
7806,81.0,30.0,0.0,30.0,6.0,0.0,9.290225438994726
7807,81.0,31.0,0.0,31.0,3.0,0.07896543589840778,9.369190874893134
7808,81.0,32.0,0.0,32.0,7.0,0.0,9.369190874893134
7809,81.0,33.0,0.0,33.0,1.0,0.1581141854724727,9.527305060365606
7810,81.0,34.0,0.0,34.0,6.0,0.709114106247022,10.236419166612627
7811,81.0,35.0,0.0,35.0,6.0,0.5415728013366148,10.777991967949243
7812,81.0,36.0,0.0,36.0,6.0,0.5721185095518746,11.350110477501117
7813,81.0,37.0,0.0,37.0,6.0,0.08544920153663012,11.435559679037747
7814,81.0,38.0,0.0,38.0,6.0,0.2888924503251035,11.72445212936285
7815,81.0,39.0,0.0,39.0,0.0,0.23944774434232982,11.96389987370518
7816,81.0,40.0,0.0,40.0,6.0,0.18216968160881716,12.146069555313998
7817,81.0,41.0,0.0,41.0,3.0,0.3885911041625654,12.534660659476563
7818,81.0,42.0,0.0,42.0,3.0,0.011662364837897463,12.54632302431446
7819,81.0,43.0,0.0,43.0,6.0,0.41014276344445866,12.956465787758919
7820,81.0,44.0,0.0,44.0,6.0,0.2358206865923345,13.192286474351254
7821,81.0,45.0,0.0,45.0,4.0,0.04666036375174277,13.238946838102997
7822,81.0,46.0,0.0,46.0,6.0,0.8113111970305757,14.050258035133574
7823,81.0,47.0,0.0,47.0,6.0,0.08900059238186646,14.13925862751544
7824,81.0,48.0,0.0,48.0,6.0,0.12662947121033713,14.265888098725778
7825,81.0,49.0,0.0,49.0,0.0,0.0,14.265888098725778
7826,81.0,50.0,0.0,50.0,6.0,0.5048327715259897,14.770720870251768
7827,81.0,51.0,0.0,51.0,6.0,0.46761061637242407,15.238331486624192
7828,81.0,52.0,0.0,52.0,6.0,0.5609494988696637,15.799280985493855
7829,81.0,53.0,0.0,53.0,6.0,0.23958507229734452,16.0388660577912
7830,81.0,54.0,0.0,54.0,6.0,0.0,16.0388660577912
7831,81.0,55.0,0.0,55.0,2.0,0.38230358492209854,16.4211696427133
7832,81.0,56.0,0.0,56.0,2.0,0.40138850547070165,16.822558148184
7833,81.0,57.0,0.0,57.0,2.0,0.08011626779528125,16.90267441597928
7834,81.0,58.0,0.0,58.0,1.0,0.43077514535649875,17.33344956133578
7835,81.0,59.0,0.0,59.0,1.0,0.0,17.33344956133578
7836,81.0,60.0,0.0,60.0,6.0,0.0,17.33344956133578
7837,81.0,61.0,0.0,61.0,3.0,0.08963784878726973,17.42308741012305
7838,81.0,62.0,0.0,62.0,6.0,0.40586275112066333,17.82895016124371
7839,81.0,63.0,0.0,63.0,6.0,0.2355975950006196,18.06454775624433
7840,81.0,64.0,0.0,64.0,7.0,0.022183306689947068,18.086731062934277
7841,81.0,65.0,0.0,65.0,6.0,0.19330425654839078,18.280035319482668
7842,81.0,66.0,0.0,66.0,2.0,0.11327101634064082,18.393306335823308
7843,81.0,67.0,0.0,67.0,6.0,0.18466604549596066,18.577972381319267
7844,81.0,68.0,0.0,68.0,3.0,0.1400797834114359,18.718052164730704
7845,81.0,69.0,0.0,69.0,6.0,0.019802180604578484,18.737854345335283
7846,81.0,70.0,0.0,70.0,1.0,0.09468128799662574,18.832535633331908
7847,81.0,71.0,0.0,71.0,6.0,0.4025312660474192,19.235066899379326
7848,81.0,72.0,0.0,72.0,6.0,0.470561563191029,19.705628462570356
7849,81.0,73.0,0.0,73.0,6.0,0.525530725813632,20.231159188383987
7850,81.0,74.0,0.0,74.0,6.0,0.46655973523908206,20.697718923623068
7851,81.0,75.0,0.0,75.0,6.0,0.0,20.697718923623068
7852,81.0,76.0,0.0,76.0,6.0,0.22700732154927955,20.924726245172348
7853,81.0,77.0,0.0,77.0,5.0,0.4585537674797822,21.38328001265213
7854,81.0,78.0,0.0,78.0,5.0,0.3060716499089532,21.689351662561084
7855,81.0,79.0,0.0,79.0,5.0,0.0,21.689351662561084
7856,81.0,80.0,0.0,80.0,6.0,0.19275096950199988,21.882102632063084
7857,81.0,81.0,0.0,81.0,3.0,0.07764731871057673,21.95974995077366
7858,81.0,82.0,0.0,82.0,6.0,0.4419319569723373,22.401681907745996
7859,81.0,83.0,0.0,83.0,6.0,0.04941931180611817,22.451101219552115
7860,81.0,84.0,0.0,84.0,2.0,0.21976599108420175,22.670867210636317
7861,81.0,85.0,0.0,85.0,6.0,0.20751175649518033,22.878378967131496
7862,81.0,86.0,0.0,86.0,6.0,0.012116503352960235,22.890495470484456
7863,81.0,87.0,0.0,87.0,5.0,0.4083245810104282,23.298820051494886
7864,81.0,88.0,0.0,88.0,5.0,0.34526090527631603,23.6440809567712
7865,81.0,89.0,0.0,89.0,5.0,0.07525820400177534,23.71933916077298
7866,81.0,90.0,0.0,90.0,2.0,0.0,23.71933916077298
7867,81.0,91.0,0.0,91.0,6.0,0.9633601102069204,24.6826992709799
7868,81.0,92.0,0.0,92.0,6.0,0.308924290481592,24.99162356146149
7869,81.0,93.0,0.0,93.0,6.0,0.754797882045112,25.746421443506602
7870,81.0,94.0,0.0,94.0,6.0,0.2690884433507071,26.01550988685731
7871,81.0,95.0,0.0,95.0,6.0,0.20104993189686238,26.21655981875417
7872,82.0,0.0,0.0,0.0,0.0,0.029504875610971003,0.029504875610971003
7873,82.0,1.0,0.0,1.0,1.0,0.0,0.029504875610971003
7874,82.0,2.0,0.0,2.0,2.0,0.0073944663165102,0.036899341927481205
7875,82.0,3.0,0.0,3.0,3.0,0.24604240966364027,0.28294175159112145
7876,82.0,4.0,0.0,4.0,4.0,0.5370312334100855,0.819972985001207
7877,82.0,5.0,0.0,5.0,5.0,0.6074606983847354,1.4274336833859422
7878,82.0,6.0,0.0,6.0,6.0,0.08544920153663012,1.5128828849225724
7879,82.0,7.0,0.0,7.0,7.0,0.7256040504195268,2.2384869353420993
7880,82.0,8.0,0.0,8.0,7.0,0.44759909174127827,2.6860860270833777
7881,82.0,9.0,0.0,9.0,5.0,0.07377049642032883,2.7598565235037067
7882,82.0,10.0,0.0,10.0,4.0,0.06660229217274866,2.8264588156764554
7883,82.0,11.0,0.0,11.0,7.0,0.0,2.8264588156764554
7884,82.0,12.0,0.0,12.0,3.0,0.350068861673392,3.1765276773498474
7885,82.0,13.0,0.0,13.0,5.0,0.07695982053318112,3.2534874978830284
7886,82.0,14.0,0.0,14.0,7.0,0.35893392020488385,3.612421418087912
7887,82.0,15.0,0.0,15.0,4.0,0.6548917240652656,4.267313142153178
7888,82.0,16.0,0.0,16.0,4.0,0.4202049514706216,4.687518093623799
7889,82.0,17.0,0.0,17.0,4.0,0.35662687216539196,5.044144965789191
7890,82.0,18.0,0.0,18.0,3.0,0.17758193823470309,5.221726904023894
7891,82.0,19.0,0.0,19.0,7.0,0.041228864090092084,5.2629557681139865
7892,82.0,20.0,0.0,20.0,4.0,0.11041446593207717,5.373370234046064
7893,82.0,21.0,0.0,21.0,6.0,0.2624626141648409,5.635832848210905
7894,82.0,22.0,0.0,22.0,4.0,0.0456160838408476,5.681448932051753
7895,82.0,23.0,0.0,23.0,3.0,0.028731351967359188,5.710180284019112
7896,82.0,24.0,0.0,24.0,5.0,0.4299809133878022,6.140161197406914
7897,82.0,25.0,0.0,25.0,5.0,0.0,6.140161197406914
7898,82.0,26.0,0.0,26.0,7.0,0.3191817414767788,6.459342938883693
7899,82.0,27.0,0.0,27.0,0.0,0.0,6.459342938883693
7900,82.0,28.0,0.0,28.0,6.0,0.2030643176852566,6.662407256568949
7901,82.0,29.0,0.0,29.0,7.0,0.45856256848509114,7.12096982505404
7902,82.0,30.0,0.0,30.0,7.0,0.06863775353354312,7.189607578587583
7903,82.0,31.0,0.0,31.0,2.0,0.42591938102062793,7.615526959608211
7904,82.0,32.0,0.0,32.0,2.0,0.08113905787797616,7.696666017486187
7905,82.0,33.0,0.0,33.0,4.0,0.0,7.696666017486187
7906,82.0,34.0,0.0,34.0,1.0,0.0,7.696666017486187
7907,82.0,35.0,0.0,35.0,7.0,0.2963231527000224,7.99298917018621
7908,82.0,36.0,0.0,36.0,6.0,0.29928972735028064,8.292278897536491
7909,82.0,37.0,0.0,37.0,7.0,0.04103739105239522,8.333316288588886
7910,82.0,38.0,0.0,38.0,6.0,0.0,8.333316288588886
7911,82.0,39.0,0.0,39.0,5.0,0.5943235436047835,8.92763983219367
7912,82.0,40.0,0.0,40.0,5.0,0.2899103974255209,9.21755022961919
7913,82.0,41.0,0.0,41.0,5.0,0.15143727500736548,9.368987504626556
7914,82.0,42.0,0.0,42.0,2.0,0.05386861899525439,9.422856123621811
7915,82.0,43.0,0.0,43.0,5.0,0.7159429210092614,10.138799044631073
7916,82.0,44.0,0.0,44.0,5.0,0.0488407511838819,10.187639795814954
7917,82.0,45.0,0.0,45.0,5.0,0.0,10.187639795814954
7918,82.0,46.0,0.0,46.0,4.0,0.0,10.187639795814954
7919,82.0,47.0,0.0,47.0,3.0,0.13611159388976898,10.323751389704723
7920,82.0,48.0,0.0,48.0,7.0,0.26478666827767994,10.588538057982403
7921,82.0,49.0,0.0,49.0,7.0,0.04671064980753169,10.635248707789934
7922,82.0,50.0,0.0,50.0,5.0,0.15886400702583056,10.794112714815764
7923,82.0,51.0,0.0,51.0,3.0,0.04429925980485249,10.838411974620616
7924,82.0,52.0,0.0,52.0,4.0,0.6296318563139507,11.468043830934567
7925,82.0,53.0,0.0,53.0,4.0,0.6166947510523849,12.084738581986953
7926,82.0,54.0,0.0,54.0,4.0,0.12114345880479456,12.205882040791748
7927,82.0,55.0,0.0,55.0,4.0,0.0,12.205882040791748
7928,82.0,56.0,0.0,56.0,4.0,0.3406652420848293,12.546547282876578
7929,82.0,57.0,0.0,57.0,4.0,0.2352620848249543,12.781809367701532
7930,82.0,58.0,0.0,58.0,5.0,0.6427319227634976,13.42454129046503
7931,82.0,59.0,0.0,59.0,5.0,0.21528111200447786,13.639822402469507
7932,82.0,60.0,0.0,60.0,5.0,0.2548228037622788,13.894645206231786
7933,82.0,61.0,0.0,61.0,5.0,0.28810875083932547,14.182753957071112
7934,82.0,62.0,0.0,62.0,5.0,0.0,14.182753957071112
7935,82.0,63.0,0.0,63.0,4.0,0.10016360891352999,14.282917565984642
7936,82.0,64.0,0.0,64.0,7.0,0.03966389497905114,14.322581460963693
7937,82.0,65.0,0.0,65.0,6.0,0.19720425874379977,14.519785719707492
7938,82.0,66.0,0.0,66.0,2.0,0.5259817321483307,15.045767451855824
7939,82.0,67.0,0.0,67.0,2.0,0.17796714865995647,15.22373460051578
7940,82.0,68.0,0.0,68.0,2.0,0.3083246732118922,15.532059273727672
7941,82.0,69.0,0.0,69.0,2.0,0.14808157325436302,15.680140846982034
7942,82.0,70.0,0.0,70.0,2.0,0.0,15.680140846982034
7943,82.0,71.0,0.0,71.0,4.0,0.16403310077668387,15.84417394775872
7944,82.0,72.0,0.0,72.0,5.0,0.09067390774368256,15.934847855502401
7945,82.0,73.0,0.0,73.0,4.0,0.35410539327964946,16.28895324878205
7946,82.0,74.0,0.0,74.0,4.0,0.41110112443122054,16.70005437321327
7947,82.0,75.0,0.0,75.0,4.0,0.20497945959324024,16.90503383280651
7948,82.0,76.0,0.0,76.0,4.0,0.0,16.90503383280651
7949,82.0,77.0,0.0,77.0,6.0,0.0,16.90503383280651
7950,82.0,78.0,0.0,78.0,7.0,0.2075341574424337,17.112567990248944
7951,82.0,79.0,0.0,79.0,5.0,0.15002432556116005,17.262592315810103
7952,82.0,80.0,0.0,80.0,7.0,0.061569980833461685,17.324162296643564
7953,82.0,81.0,0.0,81.0,0.0,0.0766001135159025,17.400762410159466
7954,82.0,82.0,0.0,82.0,3.0,0.10133948080521624,17.50210189096468
7955,82.0,83.0,0.0,83.0,5.0,0.2248680210661569,17.72696991203084
7956,82.0,84.0,0.0,84.0,4.0,0.2742259822986554,18.001195894329495
7957,82.0,85.0,0.0,85.0,4.0,0.5189731442966758,18.52016903862617
7958,82.0,86.0,0.0,86.0,4.0,0.181316232947323,18.701485271573496
7959,82.0,87.0,0.0,87.0,4.0,0.6630452028905913,19.364530474464086
7960,82.0,88.0,0.0,88.0,4.0,0.45159698088013056,19.816127455344215
7961,82.0,89.0,0.0,89.0,4.0,0.26227852312629674,20.078405978470514
7962,82.0,90.0,0.0,90.0,4.0,0.041223720141801624,20.119629698612314
7963,82.0,91.0,0.0,91.0,4.0,0.1495593642703379,20.269189062882653
7964,82.0,92.0,0.0,92.0,4.0,0.16518765184318784,20.43437671472584
7965,82.0,93.0,0.0,93.0,5.0,0.13613113582277864,20.57050785054862
7966,82.0,94.0,0.0,94.0,4.0,0.07465631834671323,20.64516416889533
7967,82.0,95.0,0.0,95.0,2.0,0.3195571986524608,20.964721367547792
7968,83.0,0.0,0.0,0.0,0.0,0.11717595902856863,0.11717595902856863
7969,83.0,1.0,0.0,1.0,1.0,0.7864352531193769,0.9036112121479455
7970,83.0,2.0,0.0,2.0,2.0,0.537148762474358,1.4407599746223037
7971,83.0,3.0,0.0,3.0,3.0,0.12405932762911029,1.5648193022514139
7972,83.0,4.0,0.0,4.0,4.0,0.15261367299991715,1.717432975251331
7973,83.0,5.0,0.0,5.0,5.0,0.38817062381795203,2.105603599069283
7974,83.0,6.0,0.0,6.0,6.0,0.8113111970305757,2.9169147960998587
7975,83.0,7.0,0.0,7.0,7.0,0.5091692201750498,3.4260840162749084
7976,83.0,8.0,0.0,8.0,6.0,0.030996621679545998,3.4570806379544545
7977,83.0,9.0,0.0,9.0,1.0,0.05727556146362054,3.514356199418075
7978,83.0,10.0,0.0,10.0,2.0,0.5259817321483307,4.040337931566405
7979,83.0,11.0,0.0,11.0,7.0,0.7256040504195268,4.765941981985932
7980,83.0,12.0,0.0,12.0,7.0,0.0372746347292418,4.803216616715174
7981,83.0,13.0,0.0,13.0,5.0,0.0,4.803216616715174
7982,83.0,14.0,0.0,14.0,2.0,0.2641208848836428,5.067337501598817
7983,83.0,15.0,0.0,15.0,1.0,0.16259328171919027,5.229930783318007
7984,83.0,16.0,0.0,16.0,6.0,0.0,5.229930783318007
7985,83.0,17.0,0.0,17.0,2.0,0.20166360592346178,5.431594389241469
7986,83.0,18.0,0.0,18.0,7.0,0.13016600678161144,5.561760396023081
7987,83.0,19.0,0.0,19.0,4.0,0.2914393100528348,5.853199706075915
7988,83.0,20.0,0.0,20.0,2.0,0.01598791051695434,5.869187616592869
7989,83.0,21.0,0.0,21.0,1.0,0.0,5.869187616592869
7990,83.0,22.0,0.0,22.0,3.0,0.020094125614477917,5.889281742207348
7991,83.0,23.0,0.0,23.0,0.0,0.12325565854824504,6.012537400755592
7992,83.0,24.0,0.0,24.0,7.0,0.06166327491542525,6.074200675671017
7993,83.0,25.0,0.0,25.0,4.0,0.0,6.074200675671017
7994,83.0,26.0,0.0,26.0,6.0,0.5048327715259897,6.579033447197007
7995,83.0,27.0,0.0,27.0,6.0,0.592467301916092,7.1715007491130995
7996,83.0,28.0,0.0,28.0,6.0,0.2690884433507071,7.440589192463807
7997,83.0,29.0,0.0,29.0,6.0,0.0,7.440589192463807
7998,83.0,30.0,0.0,30.0,5.0,0.25021711092646615,7.690806303390273
7999,83.0,31.0,0.0,31.0,2.0,0.5927850394971269,8.2835913428874
8000,83.0,32.0,0.0,32.0,2.0,0.0,8.2835913428874
8001,83.0,33.0,0.0,33.0,7.0,0.0,8.2835913428874
8002,83.0,34.0,0.0,34.0,6.0,0.46621206372626145,8.749803406613662
8003,83.0,35.0,0.0,35.0,6.0,0.2355975950006196,8.985401001614282
8004,83.0,36.0,0.0,36.0,1.0,0.27391822828331297,9.259319229897594
8005,83.0,37.0,0.0,37.0,5.0,0.07527754375067446,9.334596773648268
8006,83.0,38.0,0.0,38.0,2.0,0.0,9.334596773648268
8007,83.0,39.0,0.0,39.0,6.0,0.0,9.334596773648268
8008,83.0,40.0,0.0,40.0,1.0,0.0,9.334596773648268
8009,83.0,41.0,0.0,41.0,0.0,0.0,9.334596773648268
8010,83.0,42.0,0.0,42.0,6.0,0.1938598477639666,9.528456621412236
8011,83.0,43.0,0.0,43.0,7.0,0.6859517409375426,10.21440836234978
8012,83.0,44.0,0.0,44.0,7.0,0.0,10.21440836234978
8013,83.0,45.0,0.0,45.0,7.0,0.15727691362384175,10.37168527597362
8014,83.0,46.0,0.0,46.0,2.0,0.19074406487779483,10.562429340851414
8015,83.0,47.0,0.0,47.0,4.0,0.06660229217274866,10.629031633024162
8016,83.0,48.0,0.0,48.0,6.0,0.20104993189686238,10.830081564921025
8017,83.0,49.0,0.0,49.0,5.0,0.0,10.830081564921025
8018,83.0,50.0,0.0,50.0,3.0,0.01013449636003612,10.840216061281062
8019,83.0,51.0,0.0,51.0,2.0,0.0,10.840216061281062
8020,83.0,52.0,0.0,52.0,7.0,0.0,10.840216061281062
8021,83.0,53.0,0.0,53.0,6.0,0.41014276344445866,11.25035882472552
8022,83.0,54.0,0.0,54.0,6.0,0.46761061637242407,11.717969441097944
8023,83.0,55.0,0.0,55.0,6.0,0.43814959519287755,12.156119036290821
8024,83.0,56.0,0.0,56.0,6.0,0.3045366457502025,12.460655682041024
8025,83.0,57.0,0.0,57.0,6.0,0.04941931180611817,12.510074993847143
8026,83.0,58.0,0.0,58.0,1.0,0.17515766824041448,12.685232662087557
8027,83.0,59.0,0.0,59.0,6.0,0.3286820084901565,13.013914670577714
8028,83.0,60.0,0.0,60.0,6.0,0.351198302995685,13.3651129735734
8029,83.0,61.0,0.0,61.0,6.0,0.2676282183690528,13.632741191942452
8030,83.0,62.0,0.0,62.0,6.0,0.20751175649518033,13.840252948437632
8031,83.0,63.0,0.0,63.0,6.0,0.5721185095518746,14.412371457989506
8032,83.0,64.0,0.0,64.0,6.0,0.456597589962221,14.868969047951728
8033,83.0,65.0,0.0,65.0,6.0,0.12662947121033713,14.995598519162066
8034,83.0,66.0,0.0,66.0,6.0,0.09243667781140737,15.088035196973474
8035,83.0,67.0,0.0,67.0,1.0,0.2129057638025988,15.300940960776073
8036,83.0,68.0,0.0,68.0,6.0,0.7615432087357681,16.06248416951184
8037,83.0,69.0,0.0,69.0,6.0,0.2358206865923345,16.298304856104174
8038,83.0,70.0,0.0,70.0,6.0,0.39899739331314654,16.69730224941732
8039,83.0,71.0,0.0,71.0,6.0,0.22700732154927955,16.9243095709666
8040,83.0,72.0,0.0,72.0,6.0,0.07179891276627816,16.99610848373288
8041,83.0,73.0,0.0,73.0,6.0,0.1350995944228713,17.13120807815575
8042,83.0,74.0,0.0,74.0,2.0,0.4898575650501079,17.62106564320586
8043,83.0,75.0,0.0,75.0,2.0,0.0,17.62106564320586
8044,83.0,76.0,0.0,76.0,7.0,0.09917719492813658,17.720242838133995
8045,83.0,77.0,0.0,77.0,6.0,0.19237477602684144,17.912617614160837
8046,83.0,78.0,0.0,78.0,1.0,0.9959745150176808,18.90859212917852
8047,83.0,79.0,0.0,79.0,1.0,0.3177036958205914,19.22629582499911
8048,83.0,80.0,0.0,80.0,1.0,0.0,19.22629582499911
8049,83.0,81.0,0.0,81.0,1.0,0.23895507602304034,19.46525090102215
8050,83.0,82.0,0.0,82.0,1.0,0.6458467227103142,20.111097623732462
8051,83.0,83.0,0.0,83.0,1.0,0.4208360768007997,20.531933700533262
8052,83.0,84.0,0.0,84.0,1.0,0.0766334705336081,20.60856717106687
8053,83.0,85.0,0.0,85.0,1.0,0.1581141854724727,20.766681356539344
8054,83.0,86.0,0.0,86.0,1.0,0.09468128799662574,20.86136264453597
8055,83.0,87.0,0.0,87.0,1.0,0.0,20.86136264453597
8056,83.0,88.0,0.0,88.0,6.0,0.08326994649709853,20.944632591033066
8057,83.0,89.0,0.0,89.0,2.0,0.0,20.944632591033066
8058,83.0,90.0,0.0,90.0,4.0,0.07465631834671323,21.019288909379778
8059,83.0,91.0,0.0,91.0,6.0,0.45661860173922436,21.475907511119
8060,83.0,92.0,0.0,92.0,6.0,0.5415728013366148,22.017480312455614
8061,83.0,93.0,0.0,93.0,6.0,0.002161454739645614,22.01964176719526
8062,83.0,94.0,0.0,94.0,6.0,0.04396724673097683,22.063609013926236
8063,83.0,95.0,0.0,95.0,1.0,0.19166078110951457,22.25526979503575
8064,84.0,0.0,0.0,0.0,0.0,0.08603304056370302,0.08603304056370302
8065,84.0,1.0,0.0,1.0,1.0,0.4978298030149915,0.5838628435786946
8066,84.0,2.0,0.0,2.0,2.0,0.0,0.5838628435786946
8067,84.0,3.0,0.0,3.0,3.0,0.31273620845765815,0.8965990520363527
8068,84.0,4.0,0.0,4.0,4.0,0.4262384419390214,1.3228374939753742
8069,84.0,5.0,0.0,5.0,5.0,0.4083245810104282,1.7311620749858023
8070,84.0,6.0,0.0,6.0,6.0,0.7377651793174987,2.468927254303301
8071,84.0,7.0,0.0,7.0,7.0,0.0,2.468927254303301
8072,84.0,8.0,0.0,8.0,6.0,0.398606424860819,2.86753367916412
8073,84.0,9.0,0.0,9.0,1.0,0.27391822828331297,3.1414519074474327
8074,84.0,10.0,0.0,10.0,4.0,0.0456160838408476,3.1870679912882802
8075,84.0,11.0,0.0,11.0,6.0,0.0,3.1870679912882802
8076,84.0,12.0,0.0,12.0,5.0,0.07377049642032883,3.260838487708609
8077,84.0,13.0,0.0,13.0,3.0,0.030472832457272593,3.2913113201658817
8078,84.0,14.0,0.0,14.0,1.0,0.7864352531193769,4.077746573285259
8079,84.0,15.0,0.0,15.0,1.0,0.05727556146362054,4.135022134748879
8080,84.0,16.0,0.0,16.0,6.0,0.060843244270408124,4.1958653790192875
8081,84.0,17.0,0.0,17.0,1.0,0.11184940162260157,4.307714780641889
8082,84.0,18.0,0.0,18.0,5.0,0.0,4.307714780641889
8083,84.0,19.0,0.0,19.0,4.0,0.21617570620019438,4.523890486842083
8084,84.0,20.0,0.0,20.0,0.0,0.0,4.523890486842083
8085,84.0,21.0,0.0,21.0,1.0,0.06877401020269108,4.592664497044774
8086,84.0,22.0,0.0,22.0,6.0,0.3731406200505958,4.96580511709537
8087,84.0,23.0,0.0,23.0,6.0,0.19330425654839078,5.159109373643761
8088,84.0,24.0,0.0,24.0,3.0,0.05696293260850334,5.216072306252265
8089,84.0,25.0,0.0,25.0,4.0,0.2742259822986554,5.49029828855092
8090,84.0,26.0,0.0,26.0,1.0,0.4091289111380489,5.899427199688969
8091,84.0,27.0,0.0,27.0,1.0,0.29156994495680316,6.190997144645772
8092,84.0,28.0,0.0,28.0,2.0,0.07058480069441396,6.261581945340186
8093,84.0,29.0,0.0,29.0,7.0,0.0,6.261581945340186
8094,84.0,30.0,0.0,30.0,6.0,0.0,6.261581945340186
8095,84.0,31.0,0.0,31.0,4.0,0.020723335122281958,6.282305280462468
8096,84.0,32.0,0.0,32.0,1.0,0.10131102734794921,6.383616307810418
8097,84.0,33.0,0.0,33.0,1.0,0.0,6.383616307810418
8098,84.0,34.0,0.0,34.0,5.0,0.21528111200447786,6.598897419814896
8099,84.0,35.0,0.0,35.0,6.0,0.46655973523908206,7.065457155053978
8100,84.0,36.0,0.0,36.0,6.0,0.40586275112066333,7.471319906174641
8101,84.0,37.0,0.0,37.0,6.0,0.002161454739645614,7.473481360914287
8102,84.0,38.0,0.0,38.0,5.0,0.0488407511838819,7.522322112098169
8103,84.0,39.0,0.0,39.0,3.0,0.17859802399158817,7.700920136089757
8104,84.0,40.0,0.0,40.0,6.0,0.18466604549596066,7.885586181585718
8105,84.0,41.0,0.0,41.0,4.0,0.12212621641662968,8.007712398002347
8106,84.0,42.0,0.0,42.0,1.0,0.0,8.007712398002347
8107,84.0,43.0,0.0,43.0,6.0,0.3116598759686686,8.319372273971016
8108,84.0,44.0,0.0,44.0,6.0,0.12433874510598864,8.443711019077005
8109,84.0,45.0,0.0,45.0,0.0,0.0,8.443711019077005
8110,84.0,46.0,0.0,46.0,3.0,0.20758298031156905,8.651293999388574
8111,84.0,47.0,0.0,47.0,6.0,0.0,8.651293999388574
8112,84.0,48.0,0.0,48.0,2.0,0.043892043518105,8.695186042906679
8113,84.0,49.0,0.0,49.0,4.0,0.28973804014574706,8.984924083052427
8114,84.0,50.0,0.0,50.0,4.0,0.3505563668212525,9.335480449873678
8115,84.0,51.0,0.0,51.0,4.0,0.6928212275644872,10.028301677438165
8116,84.0,52.0,0.0,52.0,4.0,0.3378213837210231,10.366123061159188
8117,84.0,53.0,0.0,53.0,4.0,0.5512595017927662,10.917382562951953
8118,84.0,54.0,0.0,54.0,4.0,0.3376566388633923,11.255039201815345
8119,84.0,55.0,0.0,55.0,4.0,0.7468916268125877,12.001930828627932
8120,84.0,56.0,0.0,56.0,4.0,0.15027538281192757,12.152206211439859
8121,84.0,57.0,0.0,57.0,4.0,0.0,12.152206211439859
8122,84.0,58.0,0.0,58.0,4.0,0.0,12.152206211439859
8123,84.0,59.0,0.0,59.0,4.0,0.6630452028905913,12.81525141433045
8124,84.0,60.0,0.0,60.0,4.0,0.15590532879380598,12.971156743124256
8125,84.0,61.0,0.0,61.0,4.0,0.181316232947323,13.152472976071579
8126,84.0,62.0,0.0,62.0,4.0,0.0,13.152472976071579
8127,84.0,63.0,0.0,63.0,4.0,0.16518765184318784,13.317660627914766
8128,84.0,64.0,0.0,64.0,1.0,0.3461068524360502,13.663767480350815
8129,84.0,65.0,0.0,65.0,1.0,0.028670031367413643,13.692437511718229
8130,84.0,66.0,0.0,66.0,4.0,0.29965634577184486,13.992093857490074
8131,84.0,67.0,0.0,67.0,3.0,0.14109950605318325,14.133193363543258
8132,84.0,68.0,0.0,68.0,4.0,0.0702652958566233,14.203458659399882
8133,84.0,69.0,0.0,69.0,5.0,0.556448204261036,14.759906863660918
8134,84.0,70.0,0.0,70.0,5.0,0.02856175595510002,14.788468619616017
8135,84.0,71.0,0.0,71.0,5.0,0.1405045273169124,14.928973146932929
8136,84.0,72.0,0.0,72.0,4.0,0.11081989247498787,15.039793039407916
8137,84.0,73.0,0.0,73.0,1.0,0.11959474932936898,15.159387788737286
8138,84.0,74.0,0.0,74.0,6.0,0.02152766918353003,15.180915457920817
8139,84.0,75.0,0.0,75.0,5.0,0.3614743312712399,15.542389789192056
8140,84.0,76.0,0.0,76.0,5.0,0.38483968791955336,15.92722947711161
8141,84.0,77.0,0.0,77.0,5.0,0.6430608029323872,16.570290280043995
8142,84.0,78.0,0.0,78.0,5.0,0.015747168809085662,16.58603744885308
8143,84.0,79.0,0.0,79.0,5.0,0.03503381451770802,16.621071263370787
8144,84.0,80.0,0.0,80.0,5.0,0.0,16.621071263370787
8145,84.0,81.0,0.0,81.0,4.0,0.0,16.621071263370787
8146,84.0,82.0,0.0,82.0,3.0,0.1400797834114359,16.761151046782224
8147,84.0,83.0,0.0,83.0,1.0,0.39739577573671786,17.158546822518943
8148,84.0,84.0,0.0,84.0,1.0,0.29885514167787697,17.45740196419682
8149,84.0,85.0,0.0,85.0,1.0,0.7343824664965894,18.19178443069341
8150,84.0,86.0,0.0,86.0,1.0,0.38990649885735673,18.581690929550767
8151,84.0,87.0,0.0,87.0,1.0,0.640526367398124,19.22221729694889
8152,84.0,88.0,0.0,88.0,1.0,0.023156626925220768,19.245373923874112
8153,84.0,89.0,0.0,89.0,1.0,0.2129057638025988,19.45827968767671
8154,84.0,90.0,0.0,90.0,1.0,0.40114156826807473,19.859421255944785
8155,84.0,91.0,0.0,91.0,1.0,0.9959745150176808,20.855395770962467
8156,84.0,92.0,0.0,92.0,1.0,0.0930474388599168,20.948443209822383
8157,84.0,93.0,0.0,93.0,1.0,0.27119035406226066,21.219633563884642
8158,84.0,94.0,0.0,94.0,1.0,0.1525595877654341,21.372193151650077
8159,84.0,95.0,0.0,95.0,1.0,0.24526319585689446,21.61745634750697
8160,85.0,0.0,0.0,0.0,0.0,0.002858608451678879,0.002858608451678879
8161,85.0,1.0,0.0,1.0,1.0,0.023156626925220768,0.026015235376899648
8162,85.0,2.0,0.0,2.0,2.0,0.6257180907935707,0.6517333261704703
8163,85.0,3.0,0.0,3.0,3.0,0.0,0.6517333261704703
8164,85.0,4.0,0.0,4.0,4.0,0.0,0.6517333261704703
8165,85.0,5.0,0.0,5.0,5.0,0.0,0.6517333261704703
8166,85.0,6.0,0.0,6.0,6.0,0.10776919275082603,0.7595025189212963
8167,85.0,7.0,0.0,7.0,7.0,0.24291591879383728,1.0024184377151335
8168,85.0,8.0,0.0,8.0,2.0,0.1670621200099897,1.1694805577251233
8169,85.0,9.0,0.0,9.0,2.0,0.043892043518105,1.2133726012432282
8170,85.0,10.0,0.0,10.0,7.0,0.7256040504195268,1.9389766516627551
8171,85.0,11.0,0.0,11.0,7.0,0.0,1.9389766516627551
8172,85.0,12.0,0.0,12.0,7.0,0.3191817414767788,2.258158393139534
8173,85.0,13.0,0.0,13.0,6.0,0.0,2.258158393139534
8174,85.0,14.0,0.0,14.0,7.0,0.0,2.258158393139534
8175,85.0,15.0,0.0,15.0,2.0,0.2064163726873327,2.4645747658268666
8176,85.0,16.0,0.0,16.0,1.0,0.1250648719057287,2.589639637732595
8177,85.0,17.0,0.0,17.0,2.0,0.20166360592346178,2.791303243656057
8178,85.0,18.0,0.0,18.0,0.0,0.06286079809602607,2.8541640417520835
8179,85.0,19.0,0.0,19.0,3.0,0.04102795575974671,2.89519199751183
8180,85.0,20.0,0.0,20.0,4.0,0.0,2.89519199751183
8181,85.0,21.0,0.0,21.0,5.0,0.490234345716472,3.385426343228302
8182,85.0,22.0,0.0,22.0,5.0,0.562081128391816,3.947507471620118
8183,85.0,23.0,0.0,23.0,5.0,0.0,3.947507471620118
8184,85.0,24.0,0.0,24.0,5.0,0.3671116304857597,4.314619102105878
8185,85.0,25.0,0.0,25.0,5.0,0.0908247463196243,4.405443848425502
8186,85.0,26.0,0.0,26.0,7.0,0.0,4.405443848425502
8187,85.0,27.0,0.0,27.0,2.0,0.4915012396472239,4.8969450880727265
8188,85.0,28.0,0.0,28.0,2.0,0.04195847045540713,4.938903558528134
8189,85.0,29.0,0.0,29.0,5.0,0.27855042756309173,5.2174539860912255
8190,85.0,30.0,0.0,30.0,5.0,0.07332434542589378,5.290778331517119
8191,85.0,31.0,0.0,31.0,2.0,0.15436321182083243,5.445141543337951
8192,85.0,32.0,0.0,32.0,1.0,0.18474591588561104,5.629887459223562
8193,85.0,33.0,0.0,33.0,7.0,0.0512601046839897,5.681147563907552
8194,85.0,34.0,0.0,34.0,2.0,0.0,5.681147563907552
8195,85.0,35.0,0.0,35.0,5.0,0.2248680210661569,5.906015584973709
8196,85.0,36.0,0.0,36.0,6.0,0.43814959519287755,6.344165180166586
8197,85.0,37.0,0.0,37.0,6.0,0.18788376889070377,6.532048949057289
8198,85.0,38.0,0.0,38.0,6.0,0.4832391209848758,7.015288070042165
8199,85.0,39.0,0.0,39.0,6.0,0.3116598759686686,7.326947946010834
8200,85.0,40.0,0.0,40.0,6.0,0.0,7.326947946010834
8201,85.0,41.0,0.0,41.0,6.0,0.39899739331314654,7.72594533932398
8202,85.0,42.0,0.0,42.0,6.0,0.7377651793174987,8.463710518641479
8203,85.0,43.0,0.0,43.0,6.0,0.7074564648856323,9.171166983527112
8204,85.0,44.0,0.0,44.0,6.0,0.470561563191029,9.641728546718142
8205,85.0,45.0,0.0,45.0,6.0,0.46120539576978026,10.102933942487923
8206,85.0,46.0,0.0,46.0,6.0,0.04941931180611817,10.152353254294042
8207,85.0,47.0,0.0,47.0,6.0,0.060843244270408124,10.21319649856445
8208,85.0,48.0,0.0,48.0,6.0,0.5415728013366148,10.754769299901065
8209,85.0,49.0,0.0,49.0,6.0,0.10821198863204971,10.862981288533115
8210,85.0,50.0,0.0,50.0,6.0,0.05187143270467871,10.914852721237795
8211,85.0,51.0,0.0,51.0,6.0,0.0,10.914852721237795
8212,85.0,52.0,0.0,52.0,6.0,0.2624626141648409,11.177315335402636
8213,85.0,53.0,0.0,53.0,1.0,0.29156994495680316,11.468885280359439
8214,85.0,54.0,0.0,54.0,1.0,0.1122698472049673,11.581155127564406
8215,85.0,55.0,0.0,55.0,5.0,0.07525820400177534,11.656413331566181
8216,85.0,56.0,0.0,56.0,6.0,0.19275096950199988,11.849164301068182
8217,85.0,57.0,0.0,57.0,6.0,0.14053761898862807,11.98970192005681
8218,85.0,58.0,0.0,58.0,0.0,0.30754911887660585,12.297251038933416
8219,85.0,59.0,0.0,59.0,0.0,0.0,12.297251038933416
8220,85.0,60.0,0.0,60.0,2.0,0.289774682159023,12.587025721092438
8221,85.0,61.0,0.0,61.0,6.0,0.0,12.587025721092438
8222,85.0,62.0,0.0,62.0,2.0,0.5913394163650157,13.178365137457453
8223,85.0,63.0,0.0,63.0,2.0,0.5537602076296071,13.73212534508706
8224,85.0,64.0,0.0,64.0,2.0,0.40138850547070165,14.133513850557762
8225,85.0,65.0,0.0,65.0,2.0,0.40364005699886474,14.537153907556627
8226,85.0,66.0,0.0,66.0,2.0,0.0009678536600830689,14.53812176121671
8227,85.0,67.0,0.0,67.0,2.0,0.2992414906149762,14.837363251831686
8228,85.0,68.0,0.0,68.0,2.0,0.3746667969555425,15.212030048787229
8229,85.0,69.0,0.0,69.0,2.0,0.16196479063327046,15.373994839420499
8230,85.0,70.0,0.0,70.0,2.0,0.39818203123925505,15.772176870659754
8231,85.0,71.0,0.0,71.0,2.0,0.0,15.772176870659754
8232,85.0,72.0,0.0,72.0,2.0,0.06114289961588151,15.833319770275635
8233,85.0,73.0,0.0,73.0,7.0,0.26478666827767994,16.098106438553316
8234,85.0,74.0,0.0,74.0,7.0,0.0,16.098106438553316
8235,85.0,75.0,0.0,75.0,5.0,0.07377049642032883,16.171876934973646
8236,85.0,76.0,0.0,76.0,3.0,0.12846371562476425,16.30034065059841
8237,85.0,77.0,0.0,77.0,1.0,0.236338495393307,16.53667914599172
8238,85.0,78.0,0.0,78.0,2.0,0.13810536010235094,16.67478450609407
8239,85.0,79.0,0.0,79.0,1.0,0.05668020652621607,16.731464712620287
8240,85.0,80.0,0.0,80.0,6.0,0.5721185095518746,17.30358322217216
8241,85.0,81.0,0.0,81.0,6.0,0.002161454739645614,17.305744676911807
8242,85.0,82.0,0.0,82.0,6.0,0.23042860433100323,17.53617328124281
8243,85.0,83.0,0.0,83.0,2.0,0.20274467364983373,17.738917954892642
8244,85.0,84.0,0.0,84.0,6.0,0.308924290481592,18.047842245374234
8245,85.0,85.0,0.0,85.0,6.0,0.8113111970305757,18.85915344240481
8246,85.0,86.0,0.0,86.0,6.0,0.1440283701753274,19.003181812580138
8247,85.0,87.0,0.0,87.0,6.0,0.2245370227069958,19.227718835287135
8248,85.0,88.0,0.0,88.0,6.0,0.11636299692256234,19.344081832209696
8249,85.0,89.0,0.0,89.0,6.0,0.45154853925075483,19.79563037146045
8250,85.0,90.0,0.0,90.0,6.0,0.15948567313383155,19.955116044594284
8251,85.0,91.0,0.0,91.0,6.0,0.2355975950006196,20.190713639594904
8252,85.0,92.0,0.0,92.0,6.0,0.22700732154927955,20.417720961144184
8253,85.0,93.0,0.0,93.0,2.0,0.1588172883297803,20.576538249473963
8254,85.0,94.0,0.0,94.0,6.0,0.2358206865923345,20.812358936066296
8255,85.0,95.0,0.0,95.0,5.0,0.1271290746976771,20.939488010763974
8256,86.0,0.0,0.0,0.0,0.0,0.18031182752271988,0.18031182752271988
8257,86.0,1.0,0.0,1.0,1.0,0.8012578002674544,0.9815696277901743
8258,86.0,2.0,0.0,2.0,2.0,0.1905422112228126,1.172111839012987
8259,86.0,3.0,0.0,3.0,3.0,0.24272613617104483,1.4148379751840319
8260,86.0,4.0,0.0,4.0,4.0,0.1365648802244922,1.551402855408524
8261,86.0,5.0,0.0,5.0,5.0,0.5504746613797407,2.1018775167882646
8262,86.0,6.0,0.0,6.0,6.0,0.29928972735028064,2.4011672441385454
8263,86.0,7.0,0.0,7.0,7.0,0.3029126053848762,2.7040798495234215
8264,86.0,8.0,0.0,8.0,1.0,0.35845450021337216,3.0625343497367936
8265,86.0,9.0,0.0,9.0,5.0,0.4299809133878022,3.492515263124596
8266,86.0,10.0,0.0,10.0,1.0,0.5506933393432334,4.043208602467829
8267,86.0,11.0,0.0,11.0,1.0,0.11896244309851166,4.162171045566341
8268,86.0,12.0,0.0,12.0,5.0,0.13548217890407577,4.297653224470417
8269,86.0,13.0,0.0,13.0,7.0,0.022183306689947068,4.319836531160364
8270,86.0,14.0,0.0,14.0,6.0,0.10821198863204971,4.428048519792414
8271,86.0,15.0,0.0,15.0,3.0,0.3437000409382609,4.771748560730675
8272,86.0,16.0,0.0,16.0,1.0,0.4091289111380489,5.180877471868723
8273,86.0,17.0,0.0,17.0,2.0,0.17796714865995647,5.3588446205286795
8274,86.0,18.0,0.0,18.0,0.0,0.04220093898319513,5.401045559511875
8275,86.0,19.0,0.0,19.0,1.0,0.055820590489851885,5.456866150001726
8276,86.0,20.0,0.0,20.0,5.0,0.16771754750020024,5.624583697501927
8277,86.0,21.0,0.0,21.0,3.0,0.17758193823470309,5.80216563573663
8278,86.0,22.0,0.0,22.0,4.0,0.08739218446663143,5.889557820203262
8279,86.0,23.0,0.0,23.0,1.0,0.7864352531193769,6.675993073322639
8280,86.0,24.0,0.0,24.0,1.0,0.7207407501430242,7.396733823465663
8281,86.0,25.0,0.0,25.0,1.0,0.11675306462359378,7.513486888089257
8282,86.0,26.0,0.0,26.0,1.0,0.14788550522949867,7.661372393318755
8283,86.0,27.0,0.0,27.0,5.0,0.38817062381795203,8.049543017136708
8284,86.0,28.0,0.0,28.0,1.0,0.0,8.049543017136708
8285,86.0,29.0,0.0,29.0,5.0,0.0,8.049543017136708
8286,86.0,30.0,0.0,30.0,6.0,0.04396724673097683,8.093510263867685
8287,86.0,31.0,0.0,31.0,3.0,0.27979422998214515,8.37330449384983
8288,86.0,32.0,0.0,32.0,2.0,0.2732812363944383,8.646585730244269
8289,86.0,33.0,0.0,33.0,1.0,0.0,8.646585730244269
8290,86.0,34.0,0.0,34.0,7.0,0.21288313045197185,8.859468860696241
8291,86.0,35.0,0.0,35.0,3.0,0.48312616217283766,9.342595022869078
8292,86.0,36.0,0.0,36.0,3.0,0.0,9.342595022869078
8293,86.0,37.0,0.0,37.0,2.0,0.06114289961588151,9.403737922484959
8294,86.0,38.0,0.0,38.0,1.0,0.1252470864872485,9.528985008972208
8295,86.0,39.0,0.0,39.0,5.0,0.5396395039110845,10.068624512883293
8296,86.0,40.0,0.0,40.0,5.0,0.049917863914325566,10.118542376797619
8297,86.0,41.0,0.0,41.0,7.0,0.11139279735658204,10.229935174154202
8298,86.0,42.0,0.0,42.0,4.0,0.4262384419390214,10.656173616093223
8299,86.0,43.0,0.0,43.0,4.0,0.6296318563139507,11.285805472407175
8300,86.0,44.0,0.0,44.0,4.0,0.0,11.285805472407175
8301,86.0,45.0,0.0,45.0,4.0,0.5370312334100855,11.82283670581726
8302,86.0,46.0,0.0,46.0,4.0,0.2459794118468931,12.068816117664152
8303,86.0,47.0,0.0,47.0,4.0,0.31800611952542285,12.386822237189575
8304,86.0,48.0,0.0,48.0,4.0,0.26227852312629674,12.649100760315871
8305,86.0,49.0,0.0,49.0,0.0,0.30193260026714136,12.951033360583013
8306,86.0,50.0,0.0,50.0,0.0,0.0,12.951033360583013
8307,86.0,51.0,0.0,51.0,1.0,0.3728753173739762,13.32390867795699
8308,86.0,52.0,0.0,52.0,4.0,0.11081989247498787,13.434728570431977
8309,86.0,53.0,0.0,53.0,1.0,0.29471142430324837,13.729439994735225
8310,86.0,54.0,0.0,54.0,5.0,0.056443085324379784,13.785883080059605
8311,86.0,55.0,0.0,55.0,3.0,0.07764731871057673,13.863530398770182
8312,86.0,56.0,0.0,56.0,1.0,0.0,13.863530398770182
8313,86.0,57.0,0.0,57.0,6.0,0.3152014117071101,14.178731810477291
8314,86.0,58.0,0.0,58.0,6.0,0.12662947121033713,14.30536128168763
8315,86.0,59.0,0.0,59.0,4.0,0.4202049514706216,14.72556623315825
8316,86.0,60.0,0.0,60.0,4.0,0.0,14.72556623315825
8317,86.0,61.0,0.0,61.0,1.0,0.01157769227695752,14.737143925435209
8318,86.0,62.0,0.0,62.0,2.0,0.20584383201305861,14.942987757448268
8319,86.0,63.0,0.0,63.0,5.0,0.0,14.942987757448268
8320,86.0,64.0,0.0,64.0,3.0,0.04102795575974671,14.984015713208015
8321,86.0,65.0,0.0,65.0,7.0,0.0,14.984015713208015
8322,86.0,66.0,0.0,66.0,4.0,0.0702652958566233,15.054281009064638
8323,86.0,67.0,0.0,67.0,1.0,0.14996651879064163,15.20424752785528
8324,86.0,68.0,0.0,68.0,2.0,0.0,15.20424752785528
8325,86.0,69.0,0.0,69.0,6.0,0.1350995944228713,15.339347122278152
8326,86.0,70.0,0.0,70.0,1.0,0.17515766824041448,15.514504790518567
8327,86.0,71.0,0.0,71.0,5.0,0.02856175595510002,15.543066546473666
8328,86.0,72.0,0.0,72.0,4.0,0.42565478925164,15.968721335725306
8329,86.0,73.0,0.0,73.0,4.0,0.3628567677526115,16.331578103477916
8330,86.0,74.0,0.0,74.0,4.0,0.6166947510523849,16.948272854530302
8331,86.0,75.0,0.0,75.0,4.0,0.3378213837210231,17.286094238251327
8332,86.0,76.0,0.0,76.0,4.0,0.30316141851187267,17.5892556567632
8333,86.0,77.0,0.0,77.0,4.0,0.07128856318987772,17.660544219953078
8334,86.0,78.0,0.0,78.0,4.0,0.1469609607874088,17.80750518074049
8335,86.0,79.0,0.0,79.0,1.0,0.0,17.80750518074049
8336,86.0,80.0,0.0,80.0,4.0,0.21617570620019438,18.02368088694068
8337,86.0,81.0,0.0,81.0,3.0,0.23503314504653663,18.258714031987218
8338,86.0,82.0,0.0,82.0,4.0,0.0,18.258714031987218
8339,86.0,83.0,0.0,83.0,0.0,0.0,18.258714031987218
8340,86.0,84.0,0.0,84.0,3.0,0.12506065997339402,18.38377469196061
8341,86.0,85.0,0.0,85.0,6.0,0.23042860433100323,18.614203296291613
8342,86.0,86.0,0.0,86.0,1.0,0.0,18.614203296291613
8343,86.0,87.0,0.0,87.0,6.0,0.08473142129368774,18.698934717585303
8344,86.0,88.0,0.0,88.0,4.0,0.0,18.698934717585303
8345,86.0,89.0,0.0,89.0,5.0,0.12956159087489713,18.8284963084602
8346,86.0,90.0,0.0,90.0,3.0,0.350068861673392,19.17856517013359
8347,86.0,91.0,0.0,91.0,3.0,0.5566120011411148,19.735177171274707
8348,86.0,92.0,0.0,92.0,3.0,0.12697042011696535,19.862147591391672
8349,86.0,93.0,0.0,93.0,3.0,0.37470943161685766,20.23685702300853
8350,86.0,94.0,0.0,94.0,3.0,0.12846371562476425,20.365320738633294
8351,86.0,95.0,0.0,95.0,3.0,0.0,20.365320738633294
8352,87.0,0.0,0.0,0.0,0.0,0.0,0.0
8353,87.0,1.0,0.0,1.0,1.0,0.04317602104936086,0.04317602104936086
8354,87.0,2.0,0.0,2.0,2.0,0.39818203123925505,0.4413580522886159
8355,87.0,3.0,0.0,3.0,3.0,0.3124487689648274,0.7538068212534432
8356,87.0,4.0,0.0,4.0,4.0,0.08739218446663143,0.8411990057200747
8357,87.0,5.0,0.0,5.0,5.0,0.049917863914325566,0.8911168696344003
8358,87.0,6.0,0.0,6.0,6.0,0.36348110977950954,1.25459797941391
8359,87.0,7.0,0.0,7.0,7.0,0.0,1.25459797941391
8360,87.0,8.0,0.0,8.0,2.0,0.17377914745726974,1.4283771268711796
8361,87.0,9.0,0.0,9.0,6.0,0.8113111970305757,2.2396883239017553
8362,87.0,10.0,0.0,10.0,6.0,0.43814959519287755,2.6778379190946326
8363,87.0,11.0,0.0,11.0,6.0,0.06692797541129325,2.744765894505926
8364,87.0,12.0,0.0,12.0,3.0,0.45250052602955393,3.1972664205354797
8365,87.0,13.0,0.0,13.0,3.0,0.3635186756069499,3.5607850961424297
8366,87.0,14.0,0.0,14.0,6.0,0.38423498309596005,3.9450200792383896
8367,87.0,15.0,0.0,15.0,3.0,0.0,3.9450200792383896
8368,87.0,16.0,0.0,16.0,2.0,0.6027562012237242,4.547776280462114
8369,87.0,17.0,0.0,17.0,2.0,0.0,4.547776280462114
8370,87.0,18.0,0.0,18.0,6.0,0.8206264844566112,5.368402764918725
8371,87.0,19.0,0.0,19.0,6.0,0.18216968160881716,5.550572446527543
8372,87.0,20.0,0.0,20.0,6.0,0.4419319569723373,5.99250440349988
8373,87.0,21.0,0.0,21.0,6.0,0.5398005436791784,6.532304947179059
8374,87.0,22.0,0.0,22.0,6.0,0.19237477602684144,6.7246797232059
8375,87.0,23.0,0.0,23.0,4.0,0.35662687216539196,7.0813065953712915
8376,87.0,24.0,0.0,24.0,6.0,0.351198302995685,7.432504898366976
8377,87.0,25.0,0.0,25.0,4.0,0.01616105790717103,7.448665956274147
8378,87.0,26.0,0.0,26.0,6.0,0.060843244270408124,7.509509200544556
8379,87.0,27.0,0.0,27.0,5.0,0.13948261044307597,7.648991810987631
8380,87.0,28.0,0.0,28.0,2.0,0.05386861899525439,7.702860429982886
8381,87.0,29.0,0.0,29.0,1.0,0.0,7.702860429982886
8382,87.0,30.0,0.0,30.0,3.0,0.1800108644972652,7.882871294480151
8383,87.0,31.0,0.0,31.0,6.0,0.6681191236917254,8.550990418171876
8384,87.0,32.0,0.0,32.0,6.0,0.1350995944228713,8.686090012594748
8385,87.0,33.0,0.0,33.0,6.0,0.19275096950199988,8.878840982096749
8386,87.0,34.0,0.0,34.0,6.0,0.08326994649709853,8.962110928593848
8387,87.0,35.0,0.0,35.0,0.0,0.16065957806136022,9.122770506655208
8388,87.0,36.0,0.0,36.0,7.0,0.3522479878918014,9.475018494547008
8389,87.0,37.0,0.0,37.0,7.0,0.4410508038344497,9.916069298381458
8390,87.0,38.0,0.0,38.0,7.0,0.21001575520798305,10.126085053589442
8391,87.0,39.0,0.0,39.0,7.0,0.06863775353354312,10.194722807122986
8392,87.0,40.0,0.0,40.0,3.0,0.030472832457272593,10.225195639580258
8393,87.0,41.0,0.0,41.0,6.0,0.0,10.225195639580258
8394,87.0,42.0,0.0,42.0,2.0,0.0,10.225195639580258
8395,87.0,43.0,0.0,43.0,6.0,0.1440283701753274,10.369224009755586
8396,87.0,44.0,0.0,44.0,5.0,0.0,10.369224009755586
8397,87.0,45.0,0.0,45.0,6.0,0.22700732154927955,10.596231331304866
8398,87.0,46.0,0.0,46.0,4.0,0.0,10.596231331304866
8399,87.0,47.0,0.0,47.0,7.0,0.037894009123875756,10.634125340428742
8400,87.0,48.0,0.0,48.0,6.0,0.2355975950006196,10.869722935429362
8401,87.0,49.0,0.0,49.0,0.0,0.0,10.869722935429362
8402,87.0,50.0,0.0,50.0,6.0,0.2624626141648409,11.132185549594203
8403,87.0,51.0,0.0,51.0,3.0,0.10567512643772035,11.237860676031923
8404,87.0,52.0,0.0,52.0,6.0,0.23958507229734452,11.477445748329268
8405,87.0,53.0,0.0,53.0,6.0,0.41014276344445866,11.887588511773727
8406,87.0,54.0,0.0,54.0,6.0,0.46761061637242407,12.35519912814615
8407,87.0,55.0,0.0,55.0,6.0,0.3152014117071101,12.67040053985326
8408,87.0,56.0,0.0,56.0,6.0,0.0,12.67040053985326
8409,87.0,57.0,0.0,57.0,2.0,0.38831574574861955,13.058716285601879
8410,87.0,58.0,0.0,58.0,2.0,0.4833660339380995,13.542082319539977
8411,87.0,59.0,0.0,59.0,2.0,0.15868138789215788,13.700763707432134
8412,87.0,60.0,0.0,60.0,2.0,0.038723990899334274,13.73948769833147
8413,87.0,61.0,0.0,61.0,6.0,0.7377651793174987,14.477252877648969
8414,87.0,62.0,0.0,62.0,6.0,0.019802180604578484,14.497055058253547
8415,87.0,63.0,0.0,63.0,6.0,0.3286820084901565,14.825737066743704
8416,87.0,64.0,0.0,64.0,6.0,0.709114106247022,15.534851172990725
8417,87.0,65.0,0.0,65.0,6.0,0.0206337541478017,15.555484927138528
8418,87.0,66.0,0.0,66.0,6.0,0.25249491253368417,15.807979839672212
8419,87.0,67.0,0.0,67.0,6.0,0.0,15.807979839672212
8420,87.0,68.0,0.0,68.0,3.0,0.09565973087312887,15.90363957054534
8421,87.0,69.0,0.0,69.0,6.0,0.012116503352960235,15.9157560738983
8422,87.0,70.0,0.0,70.0,7.0,0.3632416151092178,16.278997689007518
8423,87.0,71.0,0.0,71.0,7.0,0.4763979432030655,16.755395632210583
8424,87.0,72.0,0.0,72.0,7.0,0.4478551091326492,17.203250741343233
8425,87.0,73.0,0.0,73.0,7.0,0.6946860763679339,17.897936817711166
8426,87.0,74.0,0.0,74.0,7.0,0.12980887699241067,18.027745694703576
8427,87.0,75.0,0.0,75.0,7.0,0.0,18.027745694703576
8428,87.0,76.0,0.0,76.0,7.0,0.21288313045197185,18.240628825155547
8429,87.0,77.0,0.0,77.0,7.0,0.8098490283050879,19.050477853460634
8430,87.0,78.0,0.0,78.0,7.0,0.26478666827767994,19.315264521738314
8431,87.0,79.0,0.0,79.0,7.0,0.04103739105239522,19.35630191279071
8432,87.0,80.0,0.0,80.0,7.0,0.2094357913069121,19.56573770409762
8433,87.0,81.0,0.0,81.0,7.0,0.7256040504195268,20.29134175451715
8434,87.0,82.0,0.0,82.0,7.0,0.2075341574424337,20.498875911959583
8435,87.0,83.0,0.0,83.0,7.0,0.0,20.498875911959583
8436,87.0,84.0,0.0,84.0,7.0,0.08082649885896648,20.57970241081855
8437,87.0,85.0,0.0,85.0,2.0,0.20274467364983373,20.78244708446838
8438,87.0,86.0,0.0,86.0,7.0,0.025365823974029863,20.80781290844241
8439,87.0,87.0,0.0,87.0,6.0,0.2091349837990253,21.016947892241436
8440,87.0,88.0,0.0,88.0,6.0,0.2888924503251035,21.30584034256654
8441,87.0,89.0,0.0,89.0,6.0,0.45154853925075483,21.757388881817295
8442,87.0,90.0,0.0,90.0,6.0,0.5198631933975867,22.277252075214882
8443,87.0,91.0,0.0,91.0,6.0,0.0,22.277252075214882
8444,87.0,92.0,0.0,92.0,2.0,0.3981486247182143,22.675400699933096
8445,87.0,93.0,0.0,93.0,2.0,0.1656307552320488,22.841031455165144
8446,87.0,94.0,0.0,94.0,6.0,0.20751175649518033,23.048543211660323
8447,87.0,95.0,0.0,95.0,1.0,0.29471142430324837,23.34325463596357
8448,88.0,0.0,0.0,0.0,0.0,0.0,0.0
8449,88.0,1.0,0.0,1.0,1.0,0.5325149437924254,0.5325149437924254
8450,88.0,2.0,0.0,2.0,2.0,0.17377914745726974,0.7062940912496951
8451,88.0,3.0,0.0,3.0,3.0,0.0,0.7062940912496951
8452,88.0,4.0,0.0,4.0,4.0,0.3815607206079411,1.0878548118576363
8453,88.0,5.0,0.0,5.0,5.0,0.0,1.0878548118576363
8454,88.0,6.0,0.0,6.0,6.0,0.14418838926849195,1.2320432011261282
8455,88.0,7.0,0.0,7.0,7.0,0.17451046426450795,1.406553665390636
8456,88.0,8.0,0.0,8.0,1.0,0.3720624105248227,1.7786160759154588
8457,88.0,9.0,0.0,9.0,4.0,0.35410539327964946,2.132721469195108
8458,88.0,10.0,0.0,10.0,1.0,0.43077514535649875,2.5634966145516067
8459,88.0,11.0,0.0,11.0,1.0,0.31376821855801423,2.877264833109621
8460,88.0,12.0,0.0,12.0,4.0,0.15383977509268065,3.031104608202302
8461,88.0,13.0,0.0,13.0,7.0,0.06166327491542525,3.092767883117727
8462,88.0,14.0,0.0,14.0,2.0,0.13810536010235094,3.230873243220078
8463,88.0,15.0,0.0,15.0,1.0,0.18420213317850265,3.4150753763985806
8464,88.0,16.0,0.0,16.0,6.0,0.2624626141648409,3.6775379905634216
8465,88.0,17.0,0.0,17.0,1.0,0.09468128799662574,3.7722192785600472
8466,88.0,18.0,0.0,18.0,4.0,0.3378213837210231,4.110040662281071
8467,88.0,19.0,0.0,19.0,6.0,0.2245370227069958,4.334577684988067
8468,88.0,20.0,0.0,20.0,4.0,0.0702652958566233,4.40484298084469
8469,88.0,21.0,0.0,21.0,1.0,0.0772841125499467,4.482127093394637
8470,88.0,22.0,0.0,22.0,2.0,0.44976625428900363,4.931893347683641
8471,88.0,23.0,0.0,23.0,2.0,0.0072074941480090105,4.9391008418316495
8472,88.0,24.0,0.0,24.0,0.0,0.07987026212693644,5.018971103958586
8473,88.0,25.0,0.0,25.0,3.0,0.20186904139831627,5.220840145356902
8474,88.0,26.0,0.0,26.0,5.0,0.26795080419067996,5.488790949547583
8475,88.0,27.0,0.0,27.0,6.0,0.398606424860819,5.887397374408401
8476,88.0,28.0,0.0,28.0,6.0,0.08544920153663012,5.972846575945031
8477,88.0,29.0,0.0,29.0,5.0,0.15788754467582478,6.130734120620856
8478,88.0,30.0,0.0,30.0,4.0,0.01616105790717103,6.146895178528027
8479,88.0,31.0,0.0,31.0,1.0,0.1525595877654341,6.299454766293461
8480,88.0,32.0,0.0,32.0,7.0,0.6859517409375426,6.985406507231003
8481,88.0,33.0,0.0,33.0,7.0,0.0,6.985406507231003
8482,88.0,34.0,0.0,34.0,7.0,0.05537060155804675,7.04077710878905
8483,88.0,35.0,0.0,35.0,3.0,0.042142145651259406,7.082919254440309
8484,88.0,36.0,0.0,36.0,6.0,0.5198631933975867,7.602782447837896
8485,88.0,37.0,0.0,37.0,6.0,0.4832391209848758,8.086021568822773
8486,88.0,38.0,0.0,38.0,6.0,0.0,8.086021568822773
8487,88.0,39.0,0.0,39.0,1.0,0.09767182935369328,8.183693398176466
8488,88.0,40.0,0.0,40.0,2.0,0.21976599108420175,8.403459389260668
8489,88.0,41.0,0.0,41.0,6.0,0.0,8.403459389260668
8490,88.0,42.0,0.0,42.0,5.0,0.05296194787752387,8.456421337138192
8491,88.0,43.0,0.0,43.0,4.0,0.06308539271434067,8.519506729852532
8492,88.0,44.0,0.0,44.0,2.0,0.14626881783373236,8.665775547686264
8493,88.0,45.0,0.0,45.0,7.0,0.0,8.665775547686264
8494,88.0,46.0,0.0,46.0,1.0,0.4208360768007997,9.086611624487064
8495,88.0,47.0,0.0,47.0,1.0,0.0,9.086611624487064
8496,88.0,48.0,0.0,48.0,6.0,0.3045366457502025,9.391148270237267
8497,88.0,49.0,0.0,49.0,6.0,0.456597589962221,9.847745860199488
8498,88.0,50.0,0.0,50.0,6.0,0.0,9.847745860199488
8499,88.0,51.0,0.0,51.0,1.0,0.5102676826124355,10.358013542811923
8500,88.0,52.0,0.0,52.0,1.0,0.04317602104936086,10.401189563861283
8501,88.0,53.0,0.0,53.0,0.0,0.297424803795574,10.698614367656857
8502,88.0,54.0,0.0,54.0,0.0,0.10452931469019261,10.80314368234705
8503,88.0,55.0,0.0,55.0,2.0,0.03949449756546484,10.842638179912516
8504,88.0,56.0,0.0,56.0,1.0,0.2975171656525792,11.140155345565095
8505,88.0,57.0,0.0,57.0,4.0,0.3406652420848293,11.480820587649925
8506,88.0,58.0,0.0,58.0,4.0,0.03244158328874442,11.513262170938669
8507,88.0,59.0,0.0,59.0,1.0,0.29156994495680316,11.804832115895472
8508,88.0,60.0,0.0,60.0,6.0,0.308924290481592,12.113756406377064
8509,88.0,61.0,0.0,61.0,6.0,0.23958507229734452,12.353341478674409
8510,88.0,62.0,0.0,62.0,1.0,0.0,12.353341478674409
8511,88.0,63.0,0.0,63.0,6.0,0.11636299692256234,12.469704475596972
8512,88.0,64.0,0.0,64.0,0.0,0.0,12.469704475596972
8513,88.0,65.0,0.0,65.0,3.0,0.09270862586868636,12.562413101465658
8514,88.0,66.0,0.0,66.0,5.0,0.0,12.562413101465658
8515,88.0,67.0,0.0,67.0,7.0,0.15961076329720134,12.72202386476286
8516,88.0,68.0,0.0,68.0,6.0,0.07179891276627816,12.793822777529138
8517,88.0,69.0,0.0,69.0,1.0,0.11896244309851166,12.91278522062765
8518,88.0,70.0,0.0,70.0,4.0,0.07465631834671323,12.987441538974364
8519,88.0,71.0,0.0,71.0,2.0,0.1656307552320488,13.153072294206414
8520,88.0,72.0,0.0,72.0,1.0,0.01157769227695752,13.164649986483372
8521,88.0,73.0,0.0,73.0,7.0,0.06863775353354312,13.233287740016916
8522,88.0,74.0,0.0,74.0,6.0,0.012576657579367172,13.245864397596284
8523,88.0,75.0,0.0,75.0,2.0,0.5927850394971269,13.83864943709341
8524,88.0,76.0,0.0,76.0,2.0,0.7236703978770197,14.562319834970431
8525,88.0,77.0,0.0,77.0,2.0,0.7068413165322392,15.26916115150267
8526,88.0,78.0,0.0,78.0,2.0,0.07148233893511084,15.340643490437781
8527,88.0,79.0,0.0,79.0,2.0,0.03427022523850223,15.374913715676284
8528,88.0,80.0,0.0,80.0,2.0,0.0,15.374913715676284
8529,88.0,81.0,0.0,81.0,2.0,0.11796462285651328,15.492878338532797
8530,88.0,82.0,0.0,82.0,2.0,0.40117548832375627,15.894053826856554
8531,88.0,83.0,0.0,83.0,2.0,0.19935097092522613,16.09340479778178
8532,88.0,84.0,0.0,84.0,2.0,0.0,16.09340479778178
8533,88.0,85.0,0.0,85.0,2.0,0.0,16.09340479778178
8534,88.0,86.0,0.0,86.0,4.0,0.10016360891352999,16.19356840669531
8535,88.0,87.0,0.0,87.0,1.0,0.10131102734794921,16.29487943404326
8536,88.0,88.0,0.0,88.0,2.0,0.07058480069441396,16.365464234737672
8537,88.0,89.0,0.0,89.0,6.0,0.5064850022994652,16.87194923703714
8538,88.0,90.0,0.0,90.0,6.0,0.5415728013366148,17.413522038373753
8539,88.0,91.0,0.0,91.0,6.0,0.10776919275082603,17.52129123112458
8540,88.0,92.0,0.0,92.0,6.0,0.351198302995685,17.872489534120263
8541,88.0,93.0,0.0,93.0,6.0,0.5211461016164569,18.393635635736718
8542,88.0,94.0,0.0,94.0,6.0,0.20751175649518033,18.601147392231898
8543,88.0,95.0,0.0,95.0,6.0,0.0,18.601147392231898
8544,89.0,0.0,0.0,0.0,0.0,0.03603438649963739,0.03603438649963739
8545,89.0,1.0,0.0,1.0,1.0,0.3720624105248227,0.4080967970244601
8546,89.0,2.0,0.0,2.0,2.0,0.6213972006776474,1.0294939977021076
8547,89.0,3.0,0.0,3.0,3.0,0.10567512643772035,1.1351691241398278
8548,89.0,4.0,0.0,4.0,4.0,0.020723335122281958,1.1558924592621098
8549,89.0,5.0,0.0,5.0,5.0,0.0,1.1558924592621098
8550,89.0,6.0,0.0,6.0,6.0,0.8113111970305757,1.9672036562926856
8551,89.0,7.0,0.0,7.0,7.0,0.25759234324777713,2.2247959995404627
8552,89.0,8.0,0.0,8.0,6.0,0.1350995944228713,2.359895593963334
8553,89.0,9.0,0.0,9.0,2.0,0.15868138789215788,2.518576981855492
8554,89.0,10.0,0.0,10.0,1.0,0.3409891715042017,2.859566153359694
8555,89.0,11.0,0.0,11.0,6.0,0.9633601102069204,3.822926263566614
8556,89.0,12.0,0.0,12.0,6.0,0.709114106247022,4.532040369813636
8557,89.0,13.0,0.0,13.0,6.0,0.4419319569723373,4.973972326785973
8558,89.0,14.0,0.0,14.0,6.0,0.2690884433507071,5.2430607701366805
8559,89.0,15.0,0.0,15.0,6.0,0.46621206372626145,5.709272833862942
8560,89.0,16.0,0.0,16.0,7.0,0.0,5.709272833862942
8561,89.0,17.0,0.0,17.0,2.0,0.20274467364983373,5.912017507512775
8562,89.0,18.0,0.0,18.0,6.0,0.12662947121033713,6.038646978723112
8563,89.0,19.0,0.0,19.0,1.0,0.21643836357841792,6.2550853423015305
8564,89.0,20.0,0.0,20.0,6.0,0.23958507229734452,6.494670414598875
8565,89.0,21.0,0.0,21.0,6.0,0.351198302995685,6.84586871759456
8566,89.0,22.0,0.0,22.0,2.0,0.1731947690353173,7.019063486629878
8567,89.0,23.0,0.0,23.0,6.0,0.525530725813632,7.54459421244351
8568,89.0,24.0,0.0,24.0,6.0,0.31122773400729964,7.85582194645081
8569,89.0,25.0,0.0,25.0,3.0,0.14589548209890857,8.001717428549718
8570,89.0,26.0,0.0,26.0,1.0,0.09843267325163044,8.100150101801349
8571,89.0,27.0,0.0,27.0,6.0,0.46120539576978026,8.56135549757113
8572,89.0,28.0,0.0,28.0,6.0,0.40586275112066333,8.967218248691793
8573,89.0,29.0,0.0,29.0,6.0,0.45661860173922436,9.423836850431018
8574,89.0,30.0,0.0,30.0,6.0,0.5198631933975867,9.943700043828605
8575,89.0,31.0,0.0,31.0,6.0,0.1938598477639666,10.137559891592572
8576,89.0,32.0,0.0,32.0,6.0,0.18466604549596066,10.322225937088533
8577,89.0,33.0,0.0,33.0,2.0,0.05071475147700608,10.372940688565539
8578,89.0,34.0,0.0,34.0,6.0,0.02152766918353003,10.39446835774907
8579,89.0,35.0,0.0,35.0,0.0,0.12325565854824504,10.517724016297315
8580,89.0,36.0,0.0,36.0,4.0,0.01616105790717103,10.533885074204486
8581,89.0,37.0,0.0,37.0,6.0,0.09260082505258796,10.626485899257073
8582,89.0,38.0,0.0,38.0,1.0,0.09767182935369328,10.724157728610766
8583,89.0,39.0,0.0,39.0,5.0,0.0,10.724157728610766
8584,89.0,40.0,0.0,40.0,6.0,0.5199951664423675,11.244152895053134
8585,89.0,41.0,0.0,41.0,6.0,0.43814959519287755,11.68230249024601
8586,89.0,42.0,0.0,42.0,6.0,0.08569355050034418,11.767996040746356
8587,89.0,43.0,0.0,43.0,6.0,0.0,11.767996040746356
8588,89.0,44.0,0.0,44.0,7.0,0.04671064980753169,11.814706690553887
8589,89.0,45.0,0.0,45.0,3.0,0.06695124930527994,11.881657939859167
8590,89.0,46.0,0.0,46.0,6.0,0.2358206865923345,12.117478626451502
8591,89.0,47.0,0.0,47.0,2.0,0.0,12.117478626451502
8592,89.0,48.0,0.0,48.0,6.0,0.29928972735028064,12.416768353801784
8593,89.0,49.0,0.0,49.0,6.0,0.528994261355651,12.945762615157435
8594,89.0,50.0,0.0,50.0,6.0,0.5398005436791784,13.485563158836612
8595,89.0,51.0,0.0,51.0,6.0,0.04941931180611817,13.534982470642731
8596,89.0,52.0,0.0,52.0,6.0,0.12433874510598864,13.65932121574872
8597,89.0,53.0,0.0,53.0,1.0,0.3461068524360502,14.00542806818477
8598,89.0,54.0,0.0,54.0,1.0,0.2107072265151842,14.216135294699955
8599,89.0,55.0,0.0,55.0,6.0,0.0,14.216135294699955
8600,89.0,56.0,0.0,56.0,0.0,0.47815931578689846,14.694294610486853
8601,89.0,57.0,0.0,57.0,0.0,0.33003064520520264,15.024325255692055
8602,89.0,58.0,0.0,58.0,0.0,0.0,15.024325255692055
8603,89.0,59.0,0.0,59.0,1.0,0.185681072301442,15.210006327993497
8604,89.0,60.0,0.0,60.0,6.0,0.0,15.210006327993497
8605,89.0,61.0,0.0,61.0,0.0,0.0,15.210006327993497
8606,89.0,62.0,0.0,62.0,6.0,0.0,15.210006327993497
8607,89.0,63.0,0.0,63.0,1.0,0.7371334889638141,15.94713981695731
8608,89.0,64.0,0.0,64.0,1.0,0.23376214866150832,16.18090196561882
8609,89.0,65.0,0.0,65.0,1.0,0.29885514167787697,16.479757107296695
8610,89.0,66.0,0.0,66.0,1.0,0.31376821855801423,16.79352532585471
8611,89.0,67.0,0.0,67.0,1.0,0.05668020652621607,16.850205532380926
8612,89.0,68.0,0.0,68.0,1.0,0.2217983483299603,17.072003880710888
8613,89.0,69.0,0.0,69.0,6.0,0.41014276344445866,17.482146644155346
8614,89.0,70.0,0.0,70.0,6.0,0.2245370227069958,17.706683666862343
8615,89.0,71.0,0.0,71.0,2.0,0.0,17.706683666862343
8616,89.0,72.0,0.0,72.0,6.0,0.22700732154927955,17.933690988411623
8617,89.0,73.0,0.0,73.0,1.0,0.14996651879064163,18.083657507202265
8618,89.0,74.0,0.0,74.0,6.0,0.19720425874379977,18.280861765946064
8619,89.0,75.0,0.0,75.0,3.0,0.12506065997339402,18.405922425919456
8620,89.0,76.0,0.0,76.0,6.0,0.2091349837990253,18.61505740971848
8621,89.0,77.0,0.0,77.0,6.0,0.20751175649518033,18.82256916621366
8622,89.0,78.0,0.0,78.0,7.0,0.3497936611859112,19.17236282739957
8623,89.0,79.0,0.0,79.0,7.0,0.0741373058509058,19.246500133250475
8624,89.0,80.0,0.0,80.0,1.0,0.0,19.246500133250475
8625,89.0,81.0,0.0,81.0,6.0,0.36321665879061876,19.609716792041095
8626,89.0,82.0,0.0,82.0,6.0,0.07179891276627816,19.681515704807374
8627,89.0,83.0,0.0,83.0,6.0,0.012576657579367172,19.69409236238674
8628,89.0,84.0,0.0,84.0,6.0,0.08473142129368774,19.77882378368043
8629,89.0,85.0,0.0,85.0,4.0,0.22645575073161234,20.005279534412043
8630,89.0,86.0,0.0,86.0,4.0,0.15261367299991715,20.15789320741196
8631,89.0,87.0,0.0,87.0,7.0,0.0,20.15789320741196
8632,89.0,88.0,0.0,88.0,1.0,0.5506933393432334,20.708586546755193
8633,89.0,89.0,0.0,89.0,1.0,0.0,20.708586546755193
8634,89.0,90.0,0.0,90.0,6.0,0.14053761898862807,20.84912416574382
8635,89.0,91.0,0.0,91.0,0.0,0.1369825643388808,20.9861067300827
8636,89.0,92.0,0.0,92.0,1.0,0.15225671869257557,21.138363448775277
8637,89.0,93.0,0.0,93.0,6.0,0.398606424860819,21.536969873636096
8638,89.0,94.0,0.0,94.0,6.0,0.0,21.536969873636096
8639,89.0,95.0,0.0,95.0,2.0,0.1113616455486472,21.648331519184744
8640,90.0,0.0,0.0,0.0,0.0,0.0,0.0
8641,90.0,1.0,0.0,1.0,1.0,0.6458467227103142,0.6458467227103142
8642,90.0,2.0,0.0,2.0,2.0,0.6257180907935707,1.2715648135038848
8643,90.0,3.0,0.0,3.0,3.0,0.0,1.2715648135038848
8644,90.0,4.0,0.0,4.0,4.0,0.0,1.2715648135038848
8645,90.0,5.0,0.0,5.0,5.0,0.21528111200447786,1.4868459255083626
8646,90.0,6.0,0.0,6.0,6.0,0.14053761898862807,1.6273835444969906
8647,90.0,7.0,0.0,7.0,7.0,0.061569980833461685,1.6889535253304524
8648,90.0,8.0,0.0,8.0,1.0,0.0,1.6889535253304524
8649,90.0,9.0,0.0,9.0,2.0,0.2822795401633952,1.9712330654938475
8650,90.0,10.0,0.0,10.0,2.0,0.0,1.9712330654938475
8651,90.0,11.0,0.0,11.0,5.0,0.040966979361581224,2.0122000448554287
8652,90.0,12.0,0.0,12.0,1.0,0.1735308598711164,2.185730904726545
8653,90.0,13.0,0.0,13.0,6.0,0.8113111970305757,2.997042101757121
8654,90.0,14.0,0.0,14.0,6.0,0.060843244270408124,3.057885346027529
8655,90.0,15.0,0.0,15.0,6.0,0.0,3.057885346027529
8656,90.0,16.0,0.0,16.0,2.0,0.025277121047566284,3.0831624670750952
8657,90.0,17.0,0.0,17.0,1.0,0.7371334889638141,3.820295956038909
8658,90.0,18.0,0.0,18.0,1.0,0.29156994495680316,4.111865900995713
8659,90.0,19.0,0.0,19.0,1.0,0.625716871682588,4.737582772678301
8660,90.0,20.0,0.0,20.0,1.0,0.27119035406226066,5.008773126740561
8661,90.0,21.0,0.0,21.0,1.0,0.1252470864872485,5.134020213227809
8662,90.0,22.0,0.0,22.0,7.0,0.4259437601209804,5.55996397334879
8663,90.0,23.0,0.0,23.0,7.0,0.04671064980753169,5.606674623156321
8664,90.0,24.0,0.0,24.0,1.0,0.236338495393307,5.843013118549628
8665,90.0,25.0,0.0,25.0,1.0,0.9645942569749285,6.807607375524556
8666,90.0,26.0,0.0,26.0,1.0,0.4208360768007997,7.228443452325356
8667,90.0,27.0,0.0,27.0,1.0,0.0,7.228443452325356
8668,90.0,28.0,0.0,28.0,1.0,0.0,7.228443452325356
8669,90.0,29.0,0.0,29.0,6.0,0.0,7.228443452325356
8670,90.0,30.0,0.0,30.0,0.0,0.09968082273709172,7.328124275062448
8671,90.0,31.0,0.0,31.0,3.0,0.04102795575974671,7.369152230822195
8672,90.0,32.0,0.0,32.0,4.0,0.14496949301802708,7.514121723840222
8673,90.0,33.0,0.0,33.0,1.0,0.43077514535649875,7.944896869196721
8674,90.0,34.0,0.0,34.0,1.0,0.0766334705336081,8.02153033973033
8675,90.0,35.0,0.0,35.0,2.0,0.20274467364983373,8.224275013380163
8676,90.0,36.0,0.0,36.0,5.0,0.6427319227634976,8.86700693614366
8677,90.0,37.0,0.0,37.0,5.0,0.2248680210661569,9.091874957209818
8678,90.0,38.0,0.0,38.0,5.0,0.26795080419067996,9.359825761400497
8679,90.0,39.0,0.0,39.0,5.0,0.00260008851080455,9.362425849911302
8680,90.0,40.0,0.0,40.0,7.0,0.0,9.362425849911302
8681,90.0,41.0,0.0,41.0,1.0,0.0,9.362425849911302
8682,90.0,42.0,0.0,42.0,2.0,0.2697227342029752,9.632148584114278
8683,90.0,43.0,0.0,43.0,2.0,0.40117548832375627,10.033324072438035
8684,90.0,44.0,0.0,44.0,2.0,0.27508209868767286,10.308406171125707
8685,90.0,45.0,0.0,45.0,1.0,0.15606839806007136,10.464474569185779
8686,90.0,46.0,0.0,46.0,2.0,0.2052375345025933,10.669712103688372
8687,90.0,47.0,0.0,47.0,5.0,0.0,10.669712103688372
8688,90.0,48.0,0.0,48.0,6.0,0.456597589962221,11.126309693650594
8689,90.0,49.0,0.0,49.0,6.0,0.1350995944228713,11.261409288073466
8690,90.0,50.0,0.0,50.0,4.0,0.42565478925164,11.687064077325106
8691,90.0,51.0,0.0,51.0,4.0,0.29965634577184486,11.986720423096951
8692,90.0,52.0,0.0,52.0,4.0,0.0,11.986720423096951
8693,90.0,53.0,0.0,53.0,1.0,0.06877401020269108,12.055494433299643
8694,90.0,54.0,0.0,54.0,2.0,0.39818203123925505,12.453676464538898
8695,90.0,55.0,0.0,55.0,2.0,0.06114289961588151,12.514819364154778
8696,90.0,56.0,0.0,56.0,6.0,0.5398005436791784,13.054619907833956
8697,90.0,57.0,0.0,57.0,6.0,0.38478252254705636,13.439402430381012
8698,90.0,58.0,0.0,58.0,6.0,0.002161454739645614,13.441563885120658
8699,90.0,59.0,0.0,59.0,6.0,0.4832391209848758,13.924803006105535
8700,90.0,60.0,0.0,60.0,6.0,0.8206264844566112,14.745429490562145
8701,90.0,61.0,0.0,61.0,6.0,0.38423498309596005,15.129664473658105
8702,90.0,62.0,0.0,62.0,6.0,0.08544920153663012,15.215113675194734
8703,90.0,63.0,0.0,63.0,6.0,0.18216968160881716,15.397283356803552
8704,90.0,64.0,0.0,64.0,6.0,0.15870422142553076,15.555987578229082
8705,90.0,65.0,0.0,65.0,6.0,0.5211461016164569,16.077133679845538
8706,90.0,66.0,0.0,66.0,6.0,0.45863258329410067,16.53576626313964
8707,90.0,67.0,0.0,67.0,6.0,0.46655973523908206,17.00232599837872
8708,90.0,68.0,0.0,68.0,6.0,0.528994261355651,17.531320259734372
8709,90.0,69.0,0.0,69.0,6.0,0.46761061637242407,17.998930876106797
8710,90.0,70.0,0.0,70.0,6.0,0.2690884433507071,18.268019319457505
8711,90.0,71.0,0.0,71.0,6.0,0.22700732154927955,18.495026641006785
8712,90.0,72.0,0.0,72.0,6.0,0.3045366457502025,18.79956328675699
8713,90.0,73.0,0.0,73.0,6.0,0.2091349837990253,19.008698270556014
8714,90.0,74.0,0.0,74.0,6.0,0.09243667781140737,19.10113494836742
8715,90.0,75.0,0.0,75.0,6.0,0.2624626141648409,19.36359756253226
8716,90.0,76.0,0.0,76.0,6.0,0.0,19.36359756253226
8717,90.0,77.0,0.0,77.0,1.0,0.028670031367413643,19.392267593899675
8718,90.0,78.0,0.0,78.0,0.0,0.04067335314553405,19.432940947045207
8719,90.0,79.0,0.0,79.0,2.0,0.0,19.432940947045207
8720,90.0,80.0,0.0,80.0,4.0,0.2459794118468931,19.6789203588921
8721,90.0,81.0,0.0,81.0,6.0,0.3116598759686686,19.99058023486077
8722,90.0,82.0,0.0,82.0,6.0,0.20751175649518033,20.19809199135595
8723,90.0,83.0,0.0,83.0,1.0,0.05727556146362054,20.255367552819568
8724,90.0,84.0,0.0,84.0,6.0,0.25249491253368417,20.507862465353252
8725,90.0,85.0,0.0,85.0,4.0,0.2768550193866439,20.784717484739897
8726,90.0,86.0,0.0,86.0,5.0,0.3368873886964404,21.121604873436336
8727,90.0,87.0,0.0,87.0,5.0,0.5289754288227388,21.650580302259076
8728,90.0,88.0,0.0,88.0,5.0,0.03503381451770802,21.685614116776783
8729,90.0,89.0,0.0,89.0,4.0,0.3815607206079411,22.067174837384723
8730,90.0,90.0,0.0,90.0,4.0,0.10013514850155053,22.167309985886273
8731,90.0,91.0,0.0,91.0,5.0,0.556448204261036,22.723758190147308
8732,90.0,92.0,0.0,92.0,5.0,0.38817062381795203,23.11192881396526
8733,90.0,93.0,0.0,93.0,5.0,0.015747168809085662,23.127675982774345
8734,90.0,94.0,0.0,94.0,5.0,0.008843280460235635,23.136519263234582
8735,90.0,95.0,0.0,95.0,6.0,0.5198631933975867,23.65638245663217
8736,91.0,0.0,0.0,0.0,0.0,0.01880307483854212,0.01880307483854212
8737,91.0,1.0,0.0,1.0,1.0,0.29471142430324837,0.31351449914179047
8738,91.0,2.0,0.0,2.0,2.0,0.032480183465739686,0.34599468260753014
8739,91.0,3.0,0.0,3.0,3.0,0.0,0.34599468260753014
8740,91.0,4.0,0.0,4.0,4.0,0.35410539327964946,0.7001000758871796
8741,91.0,5.0,0.0,5.0,5.0,0.0,0.7001000758871796
8742,91.0,6.0,0.0,6.0,6.0,0.45661860173922436,1.156718677626404
8743,91.0,7.0,0.0,7.0,7.0,0.12476591514236375,1.2814845927687677
8744,91.0,8.0,0.0,8.0,6.0,0.2690884433507071,1.5505730361194747
8745,91.0,9.0,0.0,9.0,4.0,0.5189731442966758,2.0695461804161503
8746,91.0,10.0,0.0,10.0,1.0,0.40114156826807473,2.470687748684225
8747,91.0,11.0,0.0,11.0,4.0,0.1365648802244922,2.6072526289087175
8748,91.0,12.0,0.0,12.0,6.0,0.7377651793174987,3.345017808226216
8749,91.0,13.0,0.0,13.0,6.0,0.019802180604578484,3.3648199888307944
8750,91.0,14.0,0.0,14.0,1.0,0.0772841125499467,3.442104101380741
8751,91.0,15.0,0.0,15.0,4.0,0.2965977540714963,3.7387018554522373
8752,91.0,16.0,0.0,16.0,7.0,0.0741373058509058,3.812839161303143
8753,91.0,17.0,0.0,17.0,6.0,0.09243667781140737,3.9052758391145503
8754,91.0,18.0,0.0,18.0,4.0,0.03512950138498507,3.9404053404995354
8755,91.0,19.0,0.0,19.0,1.0,0.21643836357841792,4.156843704077954
8756,91.0,20.0,0.0,20.0,6.0,0.528994261355651,4.685837965433604
8757,91.0,21.0,0.0,21.0,6.0,0.12662947121033713,4.812467436643941
8758,91.0,22.0,0.0,22.0,2.0,0.40138850547070165,5.213855942114643
8759,91.0,23.0,0.0,23.0,2.0,0.1670621200099897,5.380918062124633
8760,91.0,24.0,0.0,24.0,0.0,0.2729458951420526,5.653863957266686
8761,91.0,25.0,0.0,25.0,6.0,0.1350995944228713,5.788963551689557
8762,91.0,26.0,0.0,26.0,3.0,0.08066953314049238,5.869633084830049
8763,91.0,27.0,0.0,27.0,5.0,0.12956159087489713,5.999194675704946
8764,91.0,28.0,0.0,28.0,0.0,0.07597336442853131,6.0751680401334776
8765,91.0,29.0,0.0,29.0,1.0,0.9959745150176808,7.071142555151158
8766,91.0,30.0,0.0,30.0,1.0,0.025530299644546818,7.096672854795705
8767,91.0,31.0,0.0,31.0,1.0,0.3720624105248227,7.468735265320528
8768,91.0,32.0,0.0,32.0,1.0,0.14996651879064163,7.6187017841111695
8769,91.0,33.0,0.0,33.0,1.0,0.0,7.6187017841111695
8770,91.0,34.0,0.0,34.0,4.0,0.2352620848249543,7.853963868936124
8771,91.0,35.0,0.0,35.0,2.0,0.0,7.853963868936124
8772,91.0,36.0,0.0,36.0,6.0,0.3731406200505958,8.22710448898672
8773,91.0,37.0,0.0,37.0,6.0,0.11636299692256234,8.343467485909283
8774,91.0,38.0,0.0,38.0,4.0,0.6928212275644872,9.03628871347377
8775,91.0,39.0,0.0,39.0,4.0,0.0,9.03628871347377
8776,91.0,40.0,0.0,40.0,4.0,0.5512595017927662,9.587548215266535
8777,91.0,41.0,0.0,41.0,4.0,0.04666036375174277,9.634208579018278
8778,91.0,42.0,0.0,42.0,7.0,0.022183306689947068,9.656391885708224
8779,91.0,43.0,0.0,43.0,1.0,0.5506933393432334,10.207085225051458
8780,91.0,44.0,0.0,44.0,1.0,0.10131102734794921,10.308396252399406
8781,91.0,45.0,0.0,45.0,4.0,0.6630452028905913,10.971441455289998
8782,91.0,46.0,0.0,46.0,4.0,0.0,10.971441455289998
8783,91.0,47.0,0.0,47.0,6.0,0.0,10.971441455289998
8784,91.0,48.0,0.0,48.0,1.0,0.0930474388599168,11.064488894149916
8785,91.0,49.0,0.0,49.0,4.0,0.07493619689443067,11.139425091044346
8786,91.0,50.0,0.0,50.0,5.0,0.562081128391816,11.701506219436162
8787,91.0,51.0,0.0,51.0,5.0,0.0,11.701506219436162
8788,91.0,52.0,0.0,52.0,5.0,0.13613113582277864,11.837637355258941
8789,91.0,53.0,0.0,53.0,1.0,0.4978298030149915,12.335467158273932
8790,91.0,54.0,0.0,54.0,1.0,0.03476387852119797,12.370231036795131
8791,91.0,55.0,0.0,55.0,4.0,0.6273379479591693,12.9975689847543
8792,91.0,56.0,0.0,56.0,4.0,0.5401870119994172,13.537755996753718
8793,91.0,57.0,0.0,57.0,4.0,0.4202049514706216,13.95796094822434
8794,91.0,58.0,0.0,58.0,4.0,0.29965634577184486,14.257617293996185
8795,91.0,59.0,0.0,59.0,4.0,0.0456160838408476,14.303233377837033
8796,91.0,60.0,0.0,60.0,4.0,0.181316232947323,14.484549610784356
8797,91.0,61.0,0.0,61.0,4.0,0.062174288129666674,14.546723898914022
8798,91.0,62.0,0.0,62.0,0.0,0.04220093898319513,14.588924837897217
8799,91.0,63.0,0.0,63.0,6.0,0.31122773400729964,14.900152571904517
8800,91.0,64.0,0.0,64.0,6.0,0.40586275112066333,15.30601532302518
8801,91.0,65.0,0.0,65.0,6.0,0.525530725813632,15.831546048838812
8802,91.0,66.0,0.0,66.0,6.0,0.4025312660474192,16.234077314886232
8803,91.0,67.0,0.0,67.0,6.0,0.22700732154927955,16.461084636435512
8804,91.0,68.0,0.0,68.0,6.0,0.0,16.461084636435512
8805,91.0,69.0,0.0,69.0,1.0,0.38990649885735673,16.85099113529287
8806,91.0,70.0,0.0,70.0,1.0,0.09259758356345157,16.943588718856322
8807,91.0,71.0,0.0,71.0,4.0,0.0,16.943588718856322
8808,91.0,72.0,0.0,72.0,2.0,0.3083246732118922,17.251913392068214
8809,91.0,73.0,0.0,73.0,2.0,0.38831574574861955,17.640229137816835
8810,91.0,74.0,0.0,74.0,2.0,0.1905422112228126,17.830771349039647
8811,91.0,75.0,0.0,75.0,2.0,0.6027562012237242,18.43352755026337
8812,91.0,76.0,0.0,76.0,2.0,0.0072074941480090105,18.44073504441138
8813,91.0,77.0,0.0,77.0,2.0,0.043892043518105,18.484627087929486
8814,91.0,78.0,0.0,78.0,6.0,0.15948567313383155,18.64411276106332
8815,91.0,79.0,0.0,79.0,3.0,0.0,18.64411276106332
8816,91.0,80.0,0.0,80.0,1.0,0.7207407501430242,19.36485351120634
8817,91.0,81.0,0.0,81.0,1.0,0.625716871682588,19.99057038288893
8818,91.0,82.0,0.0,82.0,1.0,0.5191650371090091,20.509735419997938
8819,91.0,83.0,0.0,83.0,1.0,0.2975171656525792,20.807252585650517
8820,91.0,84.0,0.0,84.0,1.0,0.18474591588561104,20.991998501536127
8821,91.0,85.0,0.0,85.0,1.0,0.028670031367413643,21.020668532903542
8822,91.0,86.0,0.0,86.0,1.0,0.11896244309851166,21.139630976002053
8823,91.0,87.0,0.0,87.0,1.0,0.11184940162260157,21.251480377624656
8824,91.0,88.0,0.0,88.0,1.0,0.23702024352928716,21.488500621153943
8825,91.0,89.0,0.0,89.0,6.0,0.08569355050034418,21.574194171654288
8826,91.0,90.0,0.0,90.0,5.0,0.3213104541310374,21.895504625785325
8827,91.0,91.0,0.0,91.0,5.0,0.13538863996928308,22.030893265754607
8828,91.0,92.0,0.0,92.0,1.0,0.06877401020269108,22.099667275957298
8829,91.0,93.0,0.0,93.0,4.0,0.36899642420942863,22.468663700166726
8830,91.0,94.0,0.0,94.0,4.0,0.07128856318987772,22.539952263356604
8831,91.0,95.0,0.0,95.0,6.0,0.0,22.539952263356604
8832,92.0,0.0,0.0,0.0,0.0,0.0,0.0
8833,92.0,1.0,0.0,1.0,1.0,0.35164524988197277,0.35164524988197277
8834,92.0,2.0,0.0,2.0,2.0,0.01598791051695434,0.36763316039892713
8835,92.0,3.0,0.0,3.0,3.0,0.37470943161685766,0.7423425920157848
8836,92.0,4.0,0.0,4.0,4.0,0.0,0.7423425920157848
8837,92.0,5.0,0.0,5.0,5.0,0.0,0.7423425920157848
8838,92.0,6.0,0.0,6.0,6.0,0.46655973523908206,1.208902327254867
8839,92.0,7.0,0.0,7.0,7.0,0.0,1.208902327254867
8840,92.0,8.0,0.0,8.0,6.0,0.5211461016164569,1.7300484288713238
8841,92.0,9.0,0.0,9.0,3.0,0.1595965695819533,1.889644998453277
8842,92.0,10.0,0.0,10.0,1.0,0.0,1.889644998453277
8843,92.0,11.0,0.0,11.0,6.0,0.0,1.889644998453277
8844,92.0,12.0,0.0,12.0,3.0,0.011662364837897463,1.9013073632911746
8845,92.0,13.0,0.0,13.0,6.0,0.36348110977950954,2.264788473070684
8846,92.0,14.0,0.0,14.0,6.0,0.4025312660474192,2.6673197391181036
8847,92.0,15.0,0.0,15.0,6.0,0.0,2.6673197391181036
8848,92.0,16.0,0.0,16.0,1.0,0.1122698472049673,2.779589586323071
8849,92.0,17.0,0.0,17.0,2.0,0.587687788672903,3.3672773749959743
8850,92.0,18.0,0.0,18.0,2.0,0.2052375345025933,3.5725149094985675
8851,92.0,19.0,0.0,19.0,2.0,0.5913394163650157,4.163854325863583
8852,92.0,20.0,0.0,20.0,2.0,0.27508209868767286,4.4389364245512555
8853,92.0,21.0,0.0,21.0,2.0,0.025277121047566284,4.464213545598822
8854,92.0,22.0,0.0,22.0,0.0,0.0,4.464213545598822
8855,92.0,23.0,0.0,23.0,4.0,0.18805542412596601,4.652268969724788
8856,92.0,24.0,0.0,24.0,5.0,0.38483968791955336,5.037108657644342
8857,92.0,25.0,0.0,25.0,5.0,0.2501458808505047,5.287254538494846
8858,92.0,26.0,0.0,26.0,5.0,0.1011811837154788,5.388435722210325
8859,92.0,27.0,0.0,27.0,7.0,0.45856256848509114,5.846998290695415
8860,92.0,28.0,0.0,28.0,7.0,0.15961076329720134,6.006609053992617
8861,92.0,29.0,0.0,29.0,6.0,0.08473142129368774,6.091340475286304
8862,92.0,30.0,0.0,30.0,7.0,0.08463113415129656,6.1759716094376005
8863,92.0,31.0,0.0,31.0,2.0,0.1588172883297803,6.334788897767381
8864,92.0,32.0,0.0,32.0,3.0,0.5566120011411148,6.891400898908496
8865,92.0,33.0,0.0,33.0,3.0,0.07352085026470992,6.964921749173206
8866,92.0,34.0,0.0,34.0,3.0,0.020094125614477917,6.985015874787684
8867,92.0,35.0,0.0,35.0,2.0,0.19935097092522613,7.18436684571291
8868,92.0,36.0,0.0,36.0,6.0,0.19330425654839078,7.377671102261301
8869,92.0,37.0,0.0,37.0,4.0,0.22645575073161234,7.604126852992914
8870,92.0,38.0,0.0,38.0,1.0,0.6458467227103142,8.249973575703228
8871,92.0,39.0,0.0,39.0,1.0,0.32124548368694295,8.57121905939017
8872,92.0,40.0,0.0,40.0,1.0,0.27119035406226066,8.842409413452431
8873,92.0,41.0,0.0,41.0,1.0,0.0,8.842409413452431
8874,92.0,42.0,0.0,42.0,2.0,0.14626881783373236,8.988678231286164
8875,92.0,43.0,0.0,43.0,5.0,0.5504746613797407,9.539152892665903
8876,92.0,44.0,0.0,44.0,5.0,0.1812152791592592,9.720368171825163
8877,92.0,45.0,0.0,45.0,5.0,0.4034908793754677,10.12385905120063
8878,92.0,46.0,0.0,46.0,5.0,0.6427319227634976,10.766590973964128
8879,92.0,47.0,0.0,47.0,5.0,0.1510381477286157,10.917629121692743
8880,92.0,48.0,0.0,48.0,5.0,0.0,10.917629121692743
8881,92.0,49.0,0.0,49.0,1.0,0.0,10.917629121692743
8882,92.0,50.0,0.0,50.0,6.0,0.754797882045112,11.672427003737855
8883,92.0,51.0,0.0,51.0,6.0,0.08544920153663012,11.757876205274485
8884,92.0,52.0,0.0,52.0,6.0,0.525530725813632,12.283406931088116
8885,92.0,53.0,0.0,53.0,6.0,0.0,12.283406931088116
8886,92.0,54.0,0.0,54.0,6.0,0.46621206372626145,12.749618994814378
8887,92.0,55.0,0.0,55.0,6.0,0.45661860173922436,13.206237596553603
8888,92.0,56.0,0.0,56.0,6.0,0.1938598477639666,13.40009744431757
8889,92.0,57.0,0.0,57.0,6.0,0.46120539576978026,13.861302840087351
8890,92.0,58.0,0.0,58.0,6.0,0.012116503352960235,13.873419343440311
8891,92.0,59.0,0.0,59.0,4.0,0.2914393100528348,14.164858653493146
8892,92.0,60.0,0.0,60.0,4.0,0.7468916268125877,14.911750280305734
8893,92.0,61.0,0.0,61.0,4.0,0.3482376111706019,15.259987891476335
8894,92.0,62.0,0.0,62.0,4.0,0.45159698088013056,15.711584872356466
8895,92.0,63.0,0.0,63.0,4.0,0.6296318563139507,16.341216728670418
8896,92.0,64.0,0.0,64.0,4.0,0.2742259822986554,16.615442710969074
8897,92.0,65.0,0.0,65.0,4.0,0.0,16.615442710969074
8898,92.0,66.0,0.0,66.0,4.0,0.06660229217274866,16.682045003141823
8899,92.0,67.0,0.0,67.0,4.0,0.08483909213874269,16.766884095280567
8900,92.0,68.0,0.0,68.0,7.0,0.0739714121023839,16.84085550738295
8901,92.0,69.0,0.0,69.0,5.0,0.23571743285633687,17.076572940239288
8902,92.0,70.0,0.0,70.0,4.0,0.5401870119994172,17.616759952238706
8903,92.0,71.0,0.0,71.0,4.0,0.619788147899107,18.236548100137814
8904,92.0,72.0,0.0,72.0,4.0,0.03244158328874442,18.268989683426557
8905,92.0,73.0,0.0,73.0,4.0,0.6273379479591693,18.896327631385727
8906,92.0,74.0,0.0,74.0,4.0,0.3505563668212525,19.24688399820698
8907,92.0,75.0,0.0,75.0,4.0,0.14496949301802708,19.391853491225007
8908,92.0,76.0,0.0,76.0,4.0,0.15027538281192757,19.542128874036933
8909,92.0,77.0,0.0,77.0,4.0,0.0,19.542128874036933
8910,92.0,78.0,0.0,78.0,6.0,0.709114106247022,20.251242980283955
8911,92.0,79.0,0.0,79.0,6.0,0.31122773400729964,20.562470714291255
8912,92.0,80.0,0.0,80.0,6.0,0.456597589962221,21.019068304253476
8913,92.0,81.0,0.0,81.0,6.0,0.5609494988696637,21.58001780312314
8914,92.0,82.0,0.0,82.0,6.0,0.09260082505258796,21.67261862817573
8915,92.0,83.0,0.0,83.0,6.0,0.5198631933975867,22.192481821573317
8916,92.0,84.0,0.0,84.0,6.0,0.002161454739645614,22.194643276312963
8917,92.0,85.0,0.0,85.0,6.0,0.1370475401392327,22.331690816452195
8918,92.0,86.0,0.0,86.0,5.0,0.056443085324379784,22.388133901776573
8919,92.0,87.0,0.0,87.0,2.0,0.4472118799386729,22.835345781715247
8920,92.0,88.0,0.0,88.0,2.0,0.153056971216033,22.98840275293128
8921,92.0,89.0,0.0,89.0,6.0,0.019802180604578484,23.008204933535858
8922,92.0,90.0,0.0,90.0,2.0,0.0,23.008204933535858
8923,92.0,91.0,0.0,91.0,3.0,0.2656910608312819,23.27389599436714
8924,92.0,92.0,0.0,92.0,4.0,0.35410539327964946,23.62800138764679
8925,92.0,93.0,0.0,93.0,4.0,0.181316232947323,23.809317620594115
8926,92.0,94.0,0.0,94.0,6.0,0.3045366457502025,24.11385426634432
8927,92.0,95.0,0.0,95.0,3.0,0.30727719064634834,24.42113145699067
8928,93.0,0.0,0.0,0.0,0.0,0.01491556061691698,0.01491556061691698
8929,93.0,1.0,0.0,1.0,1.0,0.27119035406226066,0.2861059146791776
8930,93.0,2.0,0.0,2.0,2.0,0.06114289961588151,0.34724881429505916
8931,93.0,3.0,0.0,3.0,3.0,0.0,0.34724881429505916
8932,93.0,4.0,0.0,4.0,4.0,0.22645575073161234,0.5737045650266714
8933,93.0,5.0,0.0,5.0,5.0,0.040966979361581224,0.6146715443882527
8934,93.0,6.0,0.0,6.0,6.0,0.25249491253368417,0.8671664569219368
8935,93.0,7.0,0.0,7.0,7.0,0.2963231527000224,1.1634896096219594
8936,93.0,8.0,0.0,8.0,7.0,0.0,1.1634896096219594
8937,93.0,9.0,0.0,9.0,1.0,0.0,1.1634896096219594
8938,93.0,10.0,0.0,10.0,6.0,0.5198631933975867,1.6833528030195462
8939,93.0,11.0,0.0,11.0,6.0,0.46621206372626145,2.1495648667458074
8940,93.0,12.0,0.0,12.0,4.0,0.15027538281192757,2.299840249557735
8941,93.0,13.0,0.0,13.0,6.0,0.4419319569723373,2.7417722065300723
8942,93.0,14.0,0.0,14.0,6.0,0.05187143270467871,2.793643639234751
8943,93.0,15.0,0.0,15.0,6.0,0.5415728013366148,3.3352164405713656
8944,93.0,16.0,0.0,16.0,6.0,0.0,3.3352164405713656
8945,93.0,17.0,0.0,17.0,2.0,0.03427022523850223,3.369486665809868
8946,93.0,18.0,0.0,18.0,4.0,0.6548917240652656,4.0243783898751335
8947,93.0,19.0,0.0,19.0,4.0,0.3845164824990986,4.4088948723742325
8948,93.0,20.0,0.0,20.0,4.0,0.0,4.4088948723742325
8949,93.0,21.0,0.0,21.0,5.0,0.25545532592559733,4.66435019829983
8950,93.0,22.0,0.0,22.0,0.0,0.0,4.66435019829983
8951,93.0,23.0,0.0,23.0,6.0,0.09260082505258796,4.756951023352418
8952,93.0,24.0,0.0,24.0,4.0,0.14305431294694723,4.9000053362993645
8953,93.0,25.0,0.0,25.0,5.0,0.6427319227634976,5.5427372590628625
8954,93.0,26.0,0.0,26.0,5.0,0.15788754467582478,5.7006248037386875
8955,93.0,27.0,0.0,27.0,5.0,0.38483968791955336,6.085464491658241
8956,93.0,28.0,0.0,28.0,5.0,0.24447138445430638,6.329935876112548
8957,93.0,29.0,0.0,29.0,7.0,0.45898782090217066,6.788923697014718
8958,93.0,30.0,0.0,30.0,7.0,0.26958034497069683,7.058504041985415
8959,93.0,31.0,0.0,31.0,7.0,0.3522479878918014,7.410752029877217
8960,93.0,32.0,0.0,32.0,3.0,0.19321782807184884,7.603969857949066
8961,93.0,33.0,0.0,33.0,7.0,0.0,7.603969857949066
8962,93.0,34.0,0.0,34.0,5.0,0.49945965498331496,8.103429512932381
8963,93.0,35.0,0.0,35.0,5.0,0.6074606983847354,8.710890211317116
8964,93.0,36.0,0.0,36.0,5.0,0.7159429210092614,9.426833132326378
8965,93.0,37.0,0.0,37.0,5.0,0.1208852646021139,9.547718396928492
8966,93.0,38.0,0.0,38.0,5.0,0.05028223153043451,9.598000628458927
8967,93.0,39.0,0.0,39.0,1.0,0.4091289111380489,10.007129539596976
8968,93.0,40.0,0.0,40.0,1.0,0.14788550522949867,10.155015044826474
8969,93.0,41.0,0.0,41.0,5.0,0.0,10.155015044826474
8970,93.0,42.0,0.0,42.0,6.0,0.5721185095518746,10.727133554378348
8971,93.0,43.0,0.0,43.0,6.0,0.12662947121033713,10.853763025588686
8972,93.0,44.0,0.0,44.0,6.0,0.030996621679545998,10.88475964726823
8973,93.0,45.0,0.0,45.0,4.0,0.11041446593207717,10.995174113200308
8974,93.0,46.0,0.0,46.0,1.0,0.09767182935369328,11.092845942554002
8975,93.0,47.0,0.0,47.0,5.0,0.0,11.092845942554002
8976,93.0,48.0,0.0,48.0,3.0,0.0,11.092845942554002
8977,93.0,49.0,0.0,49.0,7.0,0.3632416151092178,11.456087557663219
8978,93.0,50.0,0.0,50.0,7.0,0.0,11.456087557663219
8979,93.0,51.0,0.0,51.0,6.0,0.0206337541478017,11.476721311811021
8980,93.0,52.0,0.0,52.0,4.0,0.01616105790717103,11.492882369718192
8981,93.0,53.0,0.0,53.0,5.0,0.049917863914325566,11.542800233632518
8982,93.0,54.0,0.0,54.0,1.0,0.0,11.542800233632518
8983,93.0,55.0,0.0,55.0,6.0,0.6681191236917254,12.210919357324244
8984,93.0,56.0,0.0,56.0,6.0,0.308924290481592,12.519843647805835
8985,93.0,57.0,0.0,57.0,6.0,0.20104993189686238,12.720893579702699
8986,93.0,58.0,0.0,58.0,6.0,0.012116503352960235,12.733010083055659
8987,93.0,59.0,0.0,59.0,5.0,0.1189977910814536,12.852007874137112
8988,93.0,60.0,0.0,60.0,2.0,0.0,12.852007874137112
8989,93.0,61.0,0.0,61.0,7.0,0.0,12.852007874137112
8990,93.0,62.0,0.0,62.0,6.0,0.08544920153663012,12.937457075673741
8991,93.0,63.0,0.0,63.0,5.0,0.18916438735281615,13.126621463026558
8992,93.0,64.0,0.0,64.0,4.0,0.6630452028905913,13.78966666591715
8993,93.0,65.0,0.0,65.0,4.0,0.619788147899107,14.409454813816257
8994,93.0,66.0,0.0,66.0,4.0,0.0,14.409454813816257
8995,93.0,67.0,0.0,67.0,4.0,0.31800611952542285,14.72746093334168
8996,93.0,68.0,0.0,68.0,4.0,0.06660229217274866,14.794063225514428
8997,93.0,69.0,0.0,69.0,4.0,0.3376566388633923,15.13171986437782
8998,93.0,70.0,0.0,70.0,4.0,0.3815607206079411,15.513280584985761
8999,93.0,71.0,0.0,71.0,4.0,0.29095081075282125,15.804231395738583
9000,93.0,72.0,0.0,72.0,4.0,0.0,15.804231395738583
9001,93.0,73.0,0.0,73.0,5.0,0.23571743285633687,16.03994882859492
9002,93.0,74.0,0.0,74.0,6.0,0.08569355050034418,16.125642379095265
9003,93.0,75.0,0.0,75.0,4.0,0.0,16.125642379095265
9004,93.0,76.0,0.0,76.0,5.0,0.027814322711726475,16.15345670180699
9005,93.0,77.0,0.0,77.0,6.0,0.09243667781140737,16.245893379618398
9006,93.0,78.0,0.0,78.0,0.0,0.513449698258166,16.759343077876565
9007,93.0,79.0,0.0,79.0,0.0,0.03603438649963739,16.7953774643762
9008,93.0,80.0,0.0,80.0,0.0,0.0,16.7953774643762
9009,93.0,81.0,0.0,81.0,4.0,0.3097901048969641,17.105167569273167
9010,93.0,82.0,0.0,82.0,4.0,0.5370312334100855,17.642198802683254
9011,93.0,83.0,0.0,83.0,4.0,0.1365648802244922,17.778763682907744
9012,93.0,84.0,0.0,84.0,4.0,0.2459794118468931,18.024743094754637
9013,93.0,85.0,0.0,85.0,4.0,0.2965977540714963,18.321340848826132
9014,93.0,86.0,0.0,86.0,4.0,0.35410539327964946,18.67544624210578
9015,93.0,87.0,0.0,87.0,4.0,0.0456160838408476,18.72106232594663
9016,93.0,88.0,0.0,88.0,7.0,0.08845181773763568,18.809514143684265
9017,93.0,89.0,0.0,89.0,5.0,0.3355502795163708,19.145064423200637
9018,93.0,90.0,0.0,90.0,5.0,0.25009537864149917,19.395159801842137
9019,93.0,91.0,0.0,91.0,1.0,0.10131102734794921,19.496470829190088
9020,93.0,92.0,0.0,92.0,5.0,0.26795080419067996,19.764421633380767
9021,93.0,93.0,0.0,93.0,5.0,0.07332434542589378,19.837745978806662
9022,93.0,94.0,0.0,94.0,6.0,0.15870422142553076,19.996450200232193
9023,93.0,95.0,0.0,95.0,3.0,0.0,19.996450200232193
9024,94.0,0.0,0.0,0.0,0.0,0.513449698258166,0.513449698258166
9025,94.0,1.0,0.0,1.0,1.0,0.1521898058916304,0.6656395041497964
9026,94.0,2.0,0.0,2.0,2.0,0.01598791051695434,0.6816274146667508
9027,94.0,3.0,0.0,3.0,3.0,0.47254251673467496,1.1541699314014258
9028,94.0,4.0,0.0,4.0,4.0,0.2742259822986554,1.4283959137000812
9029,94.0,5.0,0.0,5.0,5.0,0.0,1.4283959137000812
9030,94.0,6.0,0.0,6.0,6.0,0.18788376889070377,1.616279682590785
9031,94.0,7.0,0.0,7.0,7.0,0.26958034497069683,1.8858600275614819
9032,94.0,8.0,0.0,8.0,0.0,0.22870024692555282,2.114560274487035
9033,94.0,9.0,0.0,9.0,3.0,0.0,2.114560274487035
9034,94.0,10.0,0.0,10.0,4.0,0.7468916268125877,2.8614519012996227
9035,94.0,11.0,0.0,11.0,4.0,0.45159698088013056,3.3130488821797535
9036,94.0,12.0,0.0,12.0,4.0,0.6928212275644872,4.00587010974424
9037,94.0,13.0,0.0,13.0,4.0,0.36899642420942863,4.374866533953669
9038,94.0,14.0,0.0,14.0,7.0,0.02758892282854971,4.402455456782218
9039,94.0,15.0,0.0,15.0,4.0,0.041223720141801624,4.44367917692402
9040,94.0,16.0,0.0,16.0,0.0,0.21715257588084835,4.660831752804868
9041,94.0,17.0,0.0,17.0,6.0,0.2245370227069958,4.885368775511864
9042,94.0,18.0,0.0,18.0,1.0,0.39051636555348407,5.2758851410653484
9043,94.0,19.0,0.0,19.0,4.0,0.3845164824990986,5.660401623564447
9044,94.0,20.0,0.0,20.0,1.0,0.0766334705336081,5.737035094098055
9045,94.0,21.0,0.0,21.0,4.0,0.0,5.737035094098055
9046,94.0,22.0,0.0,22.0,0.0,0.16628996392507772,5.903325058023133
9047,94.0,23.0,0.0,23.0,3.0,0.00048590855662026,5.903810966579753
9048,94.0,24.0,0.0,24.0,6.0,0.3286820084901565,6.23249297506991
9049,94.0,25.0,0.0,25.0,4.0,0.2352620848249543,6.4677550598948645
9050,94.0,26.0,0.0,26.0,6.0,0.1440283701753274,6.611783430070192
9051,94.0,27.0,0.0,27.0,0.0,0.04220093898319513,6.653984369053387
9052,94.0,28.0,0.0,28.0,4.0,0.10016360891352999,6.754147977966917
9053,94.0,29.0,0.0,29.0,2.0,0.0,6.754147977966917
9054,94.0,30.0,0.0,30.0,7.0,0.029232001322727855,6.783379979289645
9055,94.0,31.0,0.0,31.0,5.0,0.5504746613797407,7.333854640669386
9056,94.0,32.0,0.0,32.0,5.0,0.2248680210661569,7.558722661735542
9057,94.0,33.0,0.0,33.0,5.0,0.2548228037622788,7.813545465497821
9058,94.0,34.0,0.0,34.0,5.0,0.4331310121324684,8.24667647763029
9059,94.0,35.0,0.0,35.0,5.0,0.4585537674797822,8.705230245110073
9060,94.0,36.0,0.0,36.0,5.0,0.6427319227634976,9.34796216787357
9061,94.0,37.0,0.0,37.0,5.0,0.3671116304857597,9.71507379835933
9062,94.0,38.0,0.0,38.0,5.0,0.008843280460235635,9.723917078819564
9063,94.0,39.0,0.0,39.0,1.0,0.3409891715042017,10.064906250323766
9064,94.0,40.0,0.0,40.0,5.0,0.1208852646021139,10.18579151492588
9065,94.0,41.0,0.0,41.0,1.0,0.11338444405026506,10.299175958976145
9066,94.0,42.0,0.0,42.0,4.0,0.35662687216539196,10.655802831141537
9067,94.0,43.0,0.0,43.0,4.0,0.619788147899107,11.275590979040643
9068,94.0,44.0,0.0,44.0,4.0,0.0,11.275590979040643
9069,94.0,45.0,0.0,45.0,6.0,0.11636299692256234,11.391953975963206
9070,94.0,46.0,0.0,46.0,4.0,0.05778005683271747,11.449734032795924
9071,94.0,47.0,0.0,47.0,5.0,0.012731154762606778,11.46246518755853
9072,94.0,48.0,0.0,48.0,0.0,0.06806513547863605,11.530530323037166
9073,94.0,49.0,0.0,49.0,3.0,0.0,11.530530323037166
9074,94.0,50.0,0.0,50.0,4.0,0.0,11.530530323037166
9075,94.0,51.0,0.0,51.0,1.0,0.18420213317850265,11.714732456215668
9076,94.0,52.0,0.0,52.0,5.0,0.1271290746976771,11.841861530913345
9077,94.0,53.0,0.0,53.0,6.0,0.019802180604578484,11.861663711517924
9078,94.0,54.0,0.0,54.0,4.0,0.0,11.861663711517924
9079,94.0,55.0,0.0,55.0,1.0,0.06877401020269108,11.930437721720615
9080,94.0,56.0,0.0,56.0,5.0,0.027814322711726475,11.958252044432342
9081,94.0,57.0,0.0,57.0,0.0,0.0,11.958252044432342
9082,94.0,58.0,0.0,58.0,7.0,0.2908331151793469,12.249085159611688
9083,94.0,59.0,0.0,59.0,7.0,0.1302687467552846,12.379353906366973
9084,94.0,60.0,0.0,60.0,4.0,0.14305431294694723,12.52240821931392
9085,94.0,61.0,0.0,61.0,5.0,0.4083245810104282,12.930732800324348
9086,94.0,62.0,0.0,62.0,5.0,0.0,12.930732800324348
9087,94.0,63.0,0.0,63.0,4.0,0.28973804014574706,13.220470840470096
9088,94.0,64.0,0.0,64.0,4.0,0.35410539327964946,13.574576233749745
9089,94.0,65.0,0.0,65.0,4.0,0.2914393100528348,13.86601554380258
9090,94.0,66.0,0.0,66.0,4.0,0.06308539271434067,13.929100936516921
9091,94.0,67.0,0.0,67.0,1.0,0.2217983483299603,14.150899284846881
9092,94.0,68.0,0.0,68.0,6.0,0.09243667781140737,14.24333596265829
9093,94.0,69.0,0.0,69.0,7.0,0.5762895628867217,14.81962552554501
9094,94.0,70.0,0.0,70.0,7.0,0.0,14.81962552554501
9095,94.0,71.0,0.0,71.0,7.0,0.0056253172433511625,14.825250842788362
9096,94.0,72.0,0.0,72.0,5.0,0.3039231620092401,15.129174004797603
9097,94.0,73.0,0.0,73.0,5.0,0.0,15.129174004797603
9098,94.0,74.0,0.0,74.0,1.0,0.18474591588561104,15.313919920683214
9099,94.0,75.0,0.0,75.0,4.0,0.5401870119994172,15.854106932682631
9100,94.0,76.0,0.0,76.0,4.0,0.6273379479591693,16.4814448806418
9101,94.0,77.0,0.0,77.0,4.0,0.23110148611791392,16.712546366759714
9102,94.0,78.0,0.0,78.0,4.0,0.0,16.712546366759714
9103,94.0,79.0,0.0,79.0,4.0,0.07493619689443067,16.787482563654144
9104,94.0,80.0,0.0,80.0,3.0,0.10654364171625509,16.8940262053704
9105,94.0,81.0,0.0,81.0,0.0,0.19270071571413808,17.086726921084537
9106,94.0,82.0,0.0,82.0,4.0,0.12212621641662968,17.208853137501166
9107,94.0,83.0,0.0,83.0,2.0,0.0,17.208853137501166
9108,94.0,84.0,0.0,84.0,1.0,0.2977196118715112,17.506572749372676
9109,94.0,85.0,0.0,85.0,1.0,0.40114156826807473,17.90771431764075
9110,94.0,86.0,0.0,86.0,1.0,0.023156626925220768,17.93087094456597
9111,94.0,87.0,0.0,87.0,4.0,0.42565478925164,18.356525733817612
9112,94.0,88.0,0.0,88.0,4.0,0.0,18.356525733817612
9113,94.0,89.0,0.0,89.0,0.0,0.0,18.356525733817612
9114,94.0,90.0,0.0,90.0,5.0,0.23508109547473272,18.591606829292346
9115,94.0,91.0,0.0,91.0,4.0,0.0,18.591606829292346
9116,94.0,92.0,0.0,92.0,5.0,0.0908247463196243,18.682431575611968
9117,94.0,93.0,0.0,93.0,1.0,0.1525595877654341,18.834991163377403
9118,94.0,94.0,0.0,94.0,6.0,0.060843244270408124,18.89583440764781
9119,94.0,95.0,0.0,95.0,7.0,0.24252754759834638,19.138361955246157
9120,95.0,0.0,0.0,0.0,0.0,0.0,0.0
9121,95.0,1.0,0.0,1.0,1.0,0.0,0.0
9122,95.0,2.0,0.0,2.0,2.0,0.025277121047566284,0.025277121047566284
9123,95.0,3.0,0.0,3.0,3.0,0.04102795575974671,0.06630507680731298
9124,95.0,4.0,0.0,4.0,4.0,0.22645575073161234,0.2927608275389253
9125,95.0,5.0,0.0,5.0,5.0,0.00260008851080455,0.29536091604972986
9126,95.0,6.0,0.0,6.0,6.0,0.0,0.29536091604972986
9127,95.0,7.0,0.0,7.0,7.0,0.08816257292987052,0.38352348897960037
9128,95.0,8.0,0.0,8.0,4.0,0.6296318563139507,1.0131553452935511
9129,95.0,9.0,0.0,9.0,4.0,0.062174288129666674,1.0753296334232179
9130,95.0,10.0,0.0,10.0,4.0,0.03512950138498507,1.110459134808203
9131,95.0,11.0,0.0,11.0,7.0,0.11139279735658204,1.221851932164785
9132,95.0,12.0,0.0,12.0,3.0,0.20186904139831627,1.4237209735631011
9133,95.0,13.0,0.0,13.0,2.0,0.06114289961588151,1.4848638731789827
9134,95.0,14.0,0.0,14.0,5.0,0.0,1.4848638731789827
9135,95.0,15.0,0.0,15.0,0.0,0.16628996392507772,1.6511538371040604
9136,95.0,16.0,0.0,16.0,1.0,0.1122698472049673,1.7634236843090276
9137,95.0,17.0,0.0,17.0,6.0,0.0989051148392537,1.8623287991482813
9138,95.0,18.0,0.0,18.0,4.0,0.12212621641662968,1.984455015564911
9139,95.0,19.0,0.0,19.0,3.0,0.07173524956865848,2.0561902651335693
9140,95.0,20.0,0.0,20.0,7.0,0.06166327491542525,2.1178535400489946
9141,95.0,21.0,0.0,21.0,4.0,0.0,2.1178535400489946
9142,95.0,22.0,0.0,22.0,0.0,0.0,2.1178535400489946
9143,95.0,23.0,0.0,23.0,1.0,0.2107072265151842,2.3285607665641788
9144,95.0,24.0,0.0,24.0,6.0,0.08326994649709853,2.4118307130612773
9145,95.0,25.0,0.0,25.0,2.0,0.08113905787797616,2.4929697709392533
9146,95.0,26.0,0.0,26.0,1.0,0.0,2.4929697709392533
9147,95.0,27.0,0.0,27.0,3.0,0.45250052602955393,2.945470296968807
9148,95.0,28.0,0.0,28.0,3.0,0.17451251960862407,3.1199828165774313
9149,95.0,29.0,0.0,29.0,3.0,0.2656910608312819,3.3856738774087134
9150,95.0,30.0,0.0,30.0,3.0,0.31273620845765815,3.6984100858663718
9151,95.0,31.0,0.0,31.0,3.0,0.24065638461266484,3.9390664704790366
9152,95.0,32.0,0.0,32.0,3.0,0.12261651967535435,4.061682990154391
9153,95.0,33.0,0.0,33.0,4.0,0.3097901048969641,4.371473095051355
9154,95.0,34.0,0.0,34.0,4.0,0.004890111547855993,4.376363206599211
9155,95.0,35.0,0.0,35.0,3.0,0.350068861673392,4.726432068272603
9156,95.0,36.0,0.0,36.0,3.0,0.3813698300550875,5.10780189832769
9157,95.0,37.0,0.0,37.0,3.0,0.48312616217283766,5.590928060500527
9158,95.0,38.0,0.0,38.0,3.0,0.12405932762911029,5.714987388129638
9159,95.0,39.0,0.0,39.0,3.0,0.07153296251594632,5.786520350645584
9160,95.0,40.0,0.0,40.0,7.0,0.2908331151793469,6.077353465824931
9161,95.0,41.0,0.0,41.0,7.0,0.0,6.077353465824931
9162,95.0,42.0,0.0,42.0,3.0,0.21444009859115623,6.291793564416087
9163,95.0,43.0,0.0,43.0,3.0,0.7077056663835212,6.999499230799609
9164,95.0,44.0,0.0,44.0,3.0,0.2794877389564897,7.278986969756098
9165,95.0,45.0,0.0,45.0,3.0,0.0,7.278986969756098
9166,95.0,46.0,0.0,46.0,3.0,0.0,7.278986969756098
9167,95.0,47.0,0.0,47.0,5.0,0.0908247463196243,7.369811716075723
9168,95.0,48.0,0.0,48.0,3.0,0.030472832457272593,7.400284548532995
9169,95.0,49.0,0.0,49.0,4.0,0.5318065204421886,7.932091068975184
9170,95.0,50.0,0.0,50.0,4.0,0.15590532879380598,8.08799639776899
9171,95.0,51.0,0.0,51.0,4.0,0.0,8.08799639776899
9172,95.0,52.0,0.0,52.0,6.0,0.2676282183690528,8.355624616138043
9173,95.0,53.0,0.0,53.0,6.0,0.20104993189686238,8.556674548034906
9174,95.0,54.0,0.0,54.0,6.0,0.23958507229734452,8.79625962033225
9175,95.0,55.0,0.0,55.0,6.0,0.22700732154927955,9.02326694188153
9176,95.0,56.0,0.0,56.0,6.0,0.0206337541478017,9.043900696029333
9177,95.0,57.0,0.0,57.0,2.0,0.41746763913831586,9.461368335167649
9178,95.0,58.0,0.0,58.0,2.0,0.15436321182083243,9.615731546988481
9179,95.0,59.0,0.0,59.0,2.0,0.2822795401633952,9.898011087151877
9180,95.0,60.0,0.0,60.0,2.0,0.2064163726873327,10.10442745983921
9181,95.0,61.0,0.0,61.0,2.0,0.03427022523850223,10.138697685077712
9182,95.0,62.0,0.0,62.0,0.0,0.2947614129510977,10.43345909802881
9183,95.0,63.0,0.0,63.0,0.0,0.1265919745726959,10.560051072601507
9184,95.0,64.0,0.0,64.0,0.0,0.11885831032078227,10.678909382922289
9185,95.0,65.0,0.0,65.0,4.0,0.0,10.678909382922289
9186,95.0,66.0,0.0,66.0,3.0,0.20758298031156905,10.886492363233858
9187,95.0,67.0,0.0,67.0,2.0,0.39818203123925505,11.284674394473113
9188,95.0,68.0,0.0,68.0,2.0,0.153056971216033,11.437731365689146
9189,95.0,69.0,0.0,69.0,2.0,0.4833660339380995,11.921097399627245
9190,95.0,70.0,0.0,70.0,2.0,0.0984534186733431,12.019550818300587
9191,95.0,71.0,0.0,71.0,2.0,0.16196479063327046,12.181515608933857
9192,95.0,72.0,0.0,72.0,2.0,0.2697227342029752,12.451238343136833
9193,95.0,73.0,0.0,73.0,2.0,0.17377914745726974,12.625017490594102
9194,95.0,74.0,0.0,74.0,3.0,0.07917327843515808,12.70419076902926
9195,95.0,75.0,0.0,75.0,7.0,0.7256040504195268,13.429794819448787
9196,95.0,76.0,0.0,76.0,7.0,0.4410508038344497,13.870845623283238
9197,95.0,77.0,0.0,77.0,7.0,0.04239551508702711,13.913241138370264
9198,95.0,78.0,0.0,78.0,7.0,0.26958034497069683,14.18282148334096
9199,95.0,79.0,0.0,79.0,7.0,0.14046681190174445,14.323288295242705
9200,95.0,80.0,0.0,80.0,7.0,0.018202433303999167,14.341490728546704
9201,95.0,81.0,0.0,81.0,7.0,0.24252754759834638,14.58401827614505
9202,95.0,82.0,0.0,82.0,7.0,0.0056253172433511625,14.589643593388402
9203,95.0,83.0,0.0,83.0,1.0,0.39051636555348407,14.980159958941886
9204,95.0,84.0,0.0,84.0,1.0,0.1178259592096348,15.09798591815152
9205,95.0,85.0,0.0,85.0,1.0,0.0,15.09798591815152
9206,95.0,86.0,0.0,86.0,2.0,0.07183681467559985,15.16982273282712
9207,95.0,87.0,0.0,87.0,7.0,0.09266762551682779,15.262490358343948
9208,95.0,88.0,0.0,88.0,3.0,0.08963784878726973,15.352128207131218
9209,95.0,89.0,0.0,89.0,0.0,0.20224160288158624,15.554369810012803
9210,95.0,90.0,0.0,90.0,5.0,0.3060716499089532,15.860441459921756
9211,95.0,91.0,0.0,91.0,5.0,0.19914789524586868,16.059589355167624
9212,95.0,92.0,0.0,92.0,5.0,0.28810875083932547,16.34769810600695
9213,95.0,93.0,0.0,93.0,5.0,0.07041269781241034,16.41811080381936
9214,95.0,94.0,0.0,94.0,5.0,0.33067682826060296,16.748787632079964
9215,95.0,95.0,0.0,95.0,5.0,0.562081128391816,17.31086876047178
9216,96.0,0.0,0.0,0.0,0.0,0.16065957806136022,0.16065957806136022
9217,96.0,1.0,0.0,1.0,1.0,0.2923975416172881,0.4530571196786483
9218,96.0,2.0,0.0,2.0,2.0,0.11327101634064082,0.5663281360192891
9219,96.0,3.0,0.0,3.0,3.0,0.07764731871057673,0.6439754547298658
9220,96.0,4.0,0.0,4.0,4.0,0.0,0.6439754547298658
9221,96.0,5.0,0.0,5.0,5.0,0.0,0.6439754547298658
9222,96.0,6.0,0.0,6.0,6.0,0.10821198863204971,0.7521874433619156
9223,96.0,7.0,0.0,7.0,7.0,0.0056253172433511625,0.7578127606052667
9224,96.0,8.0,0.0,8.0,1.0,0.3409891715042017,1.0988019321094684
9225,96.0,9.0,0.0,9.0,1.0,0.09271436829694825,1.1915163004064167
9226,96.0,10.0,0.0,10.0,0.0,0.13959975313410164,1.3311160535405182
9227,96.0,11.0,0.0,11.0,2.0,0.2992414906149762,1.6303575441554945
9228,96.0,12.0,0.0,12.0,6.0,0.351198302995685,1.9815558471511796
9229,96.0,13.0,0.0,13.0,6.0,0.46120539576978026,2.4427612429209598
9230,96.0,14.0,0.0,14.0,6.0,0.19275096950199988,2.6355122124229595
9231,96.0,15.0,0.0,15.0,3.0,0.12846371562476425,2.763975928047724
9232,96.0,16.0,0.0,16.0,2.0,0.26727365674660486,3.031249584794329
9233,96.0,17.0,0.0,17.0,1.0,0.4978298030149915,3.5290793878093205
9234,96.0,18.0,0.0,18.0,1.0,0.1521898058916304,3.6812691937009507
9235,96.0,19.0,0.0,19.0,6.0,0.012116503352960235,3.693385697053911
9236,96.0,20.0,0.0,20.0,2.0,0.1670621200099897,3.8604478170639007
9237,96.0,21.0,0.0,21.0,7.0,0.0512601046839897,3.9117079217478903
9238,96.0,22.0,0.0,22.0,0.0,0.08603304056370302,3.9977409623115934
9239,96.0,23.0,0.0,23.0,4.0,0.4269573308108327,4.424698293122426
9240,96.0,24.0,0.0,24.0,4.0,0.5189731442966758,4.943671437419102
9241,96.0,25.0,0.0,25.0,4.0,0.23110148611791392,5.174772923537016
9242,96.0,26.0,0.0,26.0,4.0,0.10016360891352999,5.274936532450545
9243,96.0,27.0,0.0,27.0,5.0,0.15886400702583056,5.433800539476376
9244,96.0,28.0,0.0,28.0,1.0,0.0,5.433800539476376
9245,96.0,29.0,0.0,29.0,4.0,0.36899642420942863,5.802796963685805
9246,96.0,30.0,0.0,30.0,4.0,0.45159698088013056,6.254393944565935
9247,96.0,31.0,0.0,31.0,4.0,0.8641538969732209,7.118547841539156
9248,96.0,32.0,0.0,32.0,4.0,0.3378213837210231,7.456369225260179
9249,96.0,33.0,0.0,33.0,4.0,0.21617570620019438,7.672544931460373
9250,96.0,34.0,0.0,34.0,4.0,0.06308539271434067,7.735630324174714
9251,96.0,35.0,0.0,35.0,4.0,0.0702652958566233,7.805895620031338
9252,96.0,36.0,0.0,36.0,2.0,0.40364005699886474,8.209535677030203
9253,96.0,37.0,0.0,37.0,2.0,0.3981486247182143,8.607684301748417
9254,96.0,38.0,0.0,38.0,2.0,0.1972278864460845,8.804912188194502
9255,96.0,39.0,0.0,39.0,3.0,0.350068861673392,9.154981049867894
9256,96.0,40.0,0.0,40.0,3.0,0.8079320082078706,9.962913058075765
9257,96.0,41.0,0.0,41.0,3.0,0.0,9.962913058075765
9258,96.0,42.0,0.0,42.0,3.0,0.3885911041625654,10.35150416223833
9259,96.0,43.0,0.0,43.0,3.0,0.04102795575974671,10.392532117998076
9260,96.0,44.0,0.0,44.0,2.0,0.273959930967197,10.666492048965273
9261,96.0,45.0,0.0,45.0,6.0,0.2888924503251035,10.955384499290377
9262,96.0,46.0,0.0,46.0,4.0,0.3541487541408539,11.30953325343123
9263,96.0,47.0,0.0,47.0,4.0,0.15027538281192757,11.459808636243157
9264,96.0,48.0,0.0,48.0,3.0,0.056484563299236415,11.516293199542393
9265,96.0,49.0,0.0,49.0,2.0,0.0,11.516293199542393
9266,96.0,50.0,0.0,50.0,6.0,0.04941931180611817,11.565712511348512
9267,96.0,51.0,0.0,51.0,1.0,0.14996651879064163,11.715679030139153
9268,96.0,52.0,0.0,52.0,5.0,0.3655504969632712,12.081229527102424
9269,96.0,53.0,0.0,53.0,5.0,0.15002432556116005,12.231253852663585
9270,96.0,54.0,0.0,54.0,4.0,0.3845164824990986,12.615770335162683
9271,96.0,55.0,0.0,55.0,4.0,0.05778005683271747,12.6735503919954
9272,96.0,56.0,0.0,56.0,5.0,0.023341935947433844,12.696892327942834
9273,96.0,57.0,0.0,57.0,0.0,0.2090346472697647,12.905926975212598
9274,96.0,58.0,0.0,58.0,4.0,0.6630452028905913,13.56897217810319
9275,96.0,59.0,0.0,59.0,4.0,0.06660229217274866,13.635574470275937
9276,96.0,60.0,0.0,60.0,4.0,0.6296318563139507,14.265206326589889
9277,96.0,61.0,0.0,61.0,4.0,0.181316232947323,14.446522559537211
9278,96.0,62.0,0.0,62.0,4.0,0.18805542412596601,14.634577983663178
9279,96.0,63.0,0.0,63.0,4.0,0.0,14.634577983663178
9280,96.0,64.0,0.0,64.0,3.0,0.07917327843515808,14.713751262098336
9281,96.0,65.0,0.0,65.0,1.0,0.14763267170963074,14.861383933807966
9282,96.0,66.0,0.0,66.0,2.0,0.0,14.861383933807966
9283,96.0,67.0,0.0,67.0,0.0,0.07309551109955656,14.934479444907522
9284,96.0,68.0,0.0,68.0,6.0,0.23042860433100323,15.164908049238525
9285,96.0,69.0,0.0,69.0,4.0,0.15590532879380598,15.32081337803233
9286,96.0,70.0,0.0,70.0,6.0,0.2624626141648409,15.583275992197171
9287,96.0,71.0,0.0,71.0,4.0,0.1495593642703379,15.73283535646751
9288,96.0,72.0,0.0,72.0,1.0,0.0,15.73283535646751
9289,96.0,73.0,0.0,73.0,6.0,0.09260082505258796,15.825436181520097
9290,96.0,74.0,0.0,74.0,7.0,0.0,15.825436181520097
9291,96.0,75.0,0.0,75.0,3.0,0.13898763859318042,15.964423820113277
9292,96.0,76.0,0.0,76.0,4.0,0.16403310077668387,16.12845692088996
9293,96.0,77.0,0.0,77.0,4.0,0.2459794118468931,16.374436332736853
9294,96.0,78.0,0.0,78.0,2.0,0.4604115321070168,16.83484786484387
9295,96.0,79.0,0.0,79.0,2.0,0.0,16.83484786484387
9296,96.0,80.0,0.0,80.0,4.0,0.1469609607874088,16.98180882563128
9297,96.0,81.0,0.0,81.0,3.0,0.25616649659567714,17.23797532222696
9298,96.0,82.0,0.0,82.0,5.0,0.23571743285633687,17.473692755083295
9299,96.0,83.0,0.0,83.0,6.0,0.3045366457502025,17.7782294008335
9300,96.0,84.0,0.0,84.0,6.0,0.15870422142553076,17.93693362225903
9301,96.0,85.0,0.0,85.0,4.0,0.0,17.93693362225903
9302,96.0,86.0,0.0,86.0,3.0,0.008668876753709993,17.94560249901274
9303,96.0,87.0,0.0,87.0,5.0,0.562081128391816,18.507683627404557
9304,96.0,88.0,0.0,88.0,5.0,0.23508109547473272,18.74276472287929
9305,96.0,89.0,0.0,89.0,5.0,0.13548217890407577,18.878246901783367
9306,96.0,90.0,0.0,90.0,5.0,0.15788754467582478,19.03613444645919
9307,96.0,91.0,0.0,91.0,5.0,0.0,19.03613444645919
9308,96.0,92.0,0.0,92.0,2.0,0.5537602076296071,19.5898946540888
9309,96.0,93.0,0.0,93.0,2.0,0.40117548832375627,19.991070142412553
9310,96.0,94.0,0.0,94.0,2.0,0.5927850394971269,20.58385518190968
9311,96.0,95.0,0.0,95.0,2.0,0.038723990899334274,20.622579172809015
9312,97.0,0.0,0.0,0.0,0.0,0.5485808382521186,0.5485808382521186
9313,97.0,1.0,0.0,1.0,1.0,0.5325149437924254,1.081095782044544
9314,97.0,2.0,0.0,2.0,2.0,0.04195847045540713,1.1230542524999512
9315,97.0,3.0,0.0,3.0,3.0,0.5566120011411148,1.679666253641066
9316,97.0,4.0,0.0,4.0,4.0,0.4269573308108327,2.106623584451899
9317,97.0,5.0,0.0,5.0,5.0,0.5504746613797407,2.6570982458316394
9318,97.0,6.0,0.0,6.0,6.0,0.528994261355651,3.1860925071872903
9319,97.0,7.0,0.0,7.0,7.0,0.018202433303999167,3.2042949404912893
9320,97.0,8.0,0.0,8.0,3.0,0.3437000409382609,3.54799498142955
9321,97.0,9.0,0.0,9.0,5.0,0.13548217890407577,3.683477160333626
9322,97.0,10.0,0.0,10.0,0.0,0.0,3.683477160333626
9323,97.0,11.0,0.0,11.0,1.0,0.04845925959332829,3.7319364199269542
9324,97.0,12.0,0.0,12.0,6.0,0.5609494988696637,4.2928859187966175
9325,97.0,13.0,0.0,13.0,4.0,0.41110112443122054,4.703987043227838
9326,97.0,14.0,0.0,14.0,6.0,0.0,4.703987043227838
9327,97.0,15.0,0.0,15.0,3.0,0.24272613617104483,4.946713179398882
9328,97.0,16.0,0.0,16.0,4.0,0.26227852312629674,5.208991702525179
9329,97.0,17.0,0.0,17.0,5.0,0.43922493403029017,5.6482166365554685
9330,97.0,18.0,0.0,18.0,3.0,0.27104019678738106,5.91925683334285
9331,97.0,19.0,0.0,19.0,5.0,0.25021711092646615,6.169473944269316
9332,97.0,20.0,0.0,20.0,4.0,0.10016360891352999,6.269637553182846
9333,97.0,21.0,0.0,21.0,6.0,0.15870422142553076,6.428341774608376
9334,97.0,22.0,0.0,22.0,1.0,0.05727556146362054,6.485617336071996
9335,97.0,23.0,0.0,23.0,0.0,0.07141833269289534,6.557035668764891
9336,97.0,24.0,0.0,24.0,3.0,0.19321782807184884,6.7502534968367405
9337,97.0,25.0,0.0,25.0,5.0,0.0,6.7502534968367405
9338,97.0,26.0,0.0,26.0,6.0,0.08473142129368774,6.834984918130428
9339,97.0,27.0,0.0,27.0,4.0,0.0702652958566233,6.905250213987052
9340,97.0,28.0,0.0,28.0,3.0,0.1595965695819533,7.064846783569005
9341,97.0,29.0,0.0,29.0,2.0,0.7236703978770197,7.788517181446025
9342,97.0,30.0,0.0,30.0,2.0,0.4604115321070168,8.248928713553042
9343,97.0,31.0,0.0,31.0,2.0,0.16196479063327046,8.410893504186312
9344,97.0,32.0,0.0,32.0,2.0,0.1113616455486472,8.52225514973496
9345,97.0,33.0,0.0,33.0,2.0,0.07183681467559985,8.59409196441056
9346,97.0,34.0,0.0,34.0,7.0,0.06166327491542525,8.655755239325984
9347,97.0,35.0,0.0,35.0,1.0,0.4208360768007997,9.076591316126784
9348,97.0,36.0,0.0,36.0,1.0,0.0,9.076591316126784
9349,97.0,37.0,0.0,37.0,5.0,0.5289754288227388,9.605566744949522
9350,97.0,38.0,0.0,38.0,5.0,0.0,9.605566744949522
9351,97.0,39.0,0.0,39.0,3.0,0.03301525633795021,9.638582001287473
9352,97.0,40.0,0.0,40.0,0.0,0.0,9.638582001287473
9353,97.0,41.0,0.0,41.0,6.0,0.43814959519287755,10.07673159648035
9354,97.0,42.0,0.0,42.0,6.0,0.456597589962221,10.533329186442572
9355,97.0,43.0,0.0,43.0,6.0,0.0,10.533329186442572
9356,97.0,44.0,0.0,44.0,4.0,0.0,10.533329186442572
9357,97.0,45.0,0.0,45.0,2.0,0.1656307552320488,10.698959941674621
9358,97.0,46.0,0.0,46.0,5.0,0.15002432556116005,10.848984267235782
9359,97.0,47.0,0.0,47.0,6.0,0.7074564648856323,11.556440732121414
9360,97.0,48.0,0.0,48.0,6.0,0.4025312660474192,11.958971998168833
9361,97.0,49.0,0.0,49.0,6.0,0.754797882045112,12.713769880213945
9362,97.0,50.0,0.0,50.0,6.0,0.07179891276627816,12.785568792980223
9363,97.0,51.0,0.0,51.0,6.0,0.15948567313383155,12.945054466114055
9364,97.0,52.0,0.0,52.0,6.0,0.0,12.945054466114055
9365,97.0,53.0,0.0,53.0,3.0,0.13611159388976898,13.081166060003824
9366,97.0,54.0,0.0,54.0,6.0,0.04396724673097683,13.125133306734801
9367,97.0,55.0,0.0,55.0,2.0,0.0984534186733431,13.223586725408143
9368,97.0,56.0,0.0,56.0,1.0,0.0,13.223586725408143
9369,97.0,57.0,0.0,57.0,5.0,0.09067390774368256,13.314260633151825
9370,97.0,58.0,0.0,58.0,6.0,0.7377651793174987,14.052025812469324
9371,97.0,59.0,0.0,59.0,6.0,0.351198302995685,14.40322411546501
9372,97.0,60.0,0.0,60.0,6.0,0.5398005436791784,14.943024659144188
9373,97.0,61.0,0.0,61.0,6.0,0.36348110977950954,15.306505768923698
9374,97.0,62.0,0.0,62.0,6.0,0.0,15.306505768923698
9375,97.0,63.0,0.0,63.0,6.0,0.6681191236917254,15.974624892615424
9376,97.0,64.0,0.0,64.0,6.0,0.0989051148392537,16.07353000745468
9377,97.0,65.0,0.0,65.0,6.0,0.29928972735028064,16.37281973480496
9378,97.0,66.0,0.0,66.0,6.0,0.029858941276052695,16.402678676081013
9379,97.0,67.0,0.0,67.0,3.0,0.12261651967535435,16.525295195756367
9380,97.0,68.0,0.0,68.0,4.0,0.2914393100528348,16.8167345058092
9381,97.0,69.0,0.0,69.0,6.0,0.0,16.8167345058092
9382,97.0,70.0,0.0,70.0,4.0,0.2891704822674655,17.105904988076666
9383,97.0,71.0,0.0,71.0,4.0,0.36899642420942863,17.474901412286094
9384,97.0,72.0,0.0,72.0,4.0,0.1469609607874088,17.621862373073505
9385,97.0,73.0,0.0,73.0,2.0,0.4120778195142538,18.033940192587757
9386,97.0,74.0,0.0,74.0,2.0,0.0,18.033940192587757
9387,97.0,75.0,0.0,75.0,5.0,0.13288998660895118,18.166830179196708
9388,97.0,76.0,0.0,76.0,0.0,0.024187376084340982,18.19101755528105
9389,97.0,77.0,0.0,77.0,6.0,0.5211461016164569,18.712163656897506
9390,97.0,78.0,0.0,78.0,6.0,0.3045366457502025,19.01670030264771
9391,97.0,79.0,0.0,79.0,6.0,0.19275096950199988,19.20945127214971
9392,97.0,80.0,0.0,80.0,6.0,0.5415728013366148,19.751024073486324
9393,97.0,81.0,0.0,81.0,6.0,0.2676282183690528,20.018652291855375
9394,97.0,82.0,0.0,82.0,6.0,0.18466604549596066,20.203318337351334
9395,97.0,83.0,0.0,83.0,3.0,0.24065638461266484,20.443974721964
9396,97.0,84.0,0.0,84.0,6.0,0.46655973523908206,20.91053445720308
9397,97.0,85.0,0.0,85.0,6.0,0.38423498309596005,21.294769440299042
9398,97.0,86.0,0.0,86.0,6.0,0.0,21.294769440299042
9399,97.0,87.0,0.0,87.0,4.0,0.19670552128951685,21.49147496158856
9400,97.0,88.0,0.0,88.0,7.0,0.031039358450981096,21.52251432003954
9401,97.0,89.0,0.0,89.0,6.0,0.45154853925075483,21.974062859290296
9402,97.0,90.0,0.0,90.0,6.0,0.3731406200505958,22.34720347934089
9403,97.0,91.0,0.0,91.0,6.0,0.18216968160881716,22.529373160949707
9404,97.0,92.0,0.0,92.0,6.0,0.030996621679545998,22.56036978262925
9405,97.0,93.0,0.0,93.0,3.0,0.025510018405371447,22.585879801034622
9406,97.0,94.0,0.0,94.0,5.0,0.07695982053318112,22.6628396215678
9407,97.0,95.0,0.0,95.0,4.0,0.5318065204421886,23.19464614200999
9408,98.0,0.0,0.0,0.0,0.0,0.002858608451678879,0.002858608451678879
9409,98.0,1.0,0.0,1.0,1.0,0.23895507602304034,0.2418136844747192
9410,98.0,2.0,0.0,2.0,2.0,0.4915012396472239,0.7333149241219431
9411,98.0,3.0,0.0,3.0,3.0,0.18053033147432693,0.9138452555962701
9412,98.0,4.0,0.0,4.0,4.0,0.1495593642703379,1.063404619866608
9413,98.0,5.0,0.0,5.0,5.0,0.0,1.063404619866608
9414,98.0,6.0,0.0,6.0,6.0,0.6681191236917254,1.7315237435583335
9415,98.0,7.0,0.0,7.0,7.0,0.2020575551425499,1.9335812987008834
9416,98.0,8.0,0.0,8.0,6.0,0.2888924503251035,2.222473749025987
9417,98.0,9.0,0.0,9.0,2.0,0.07183681467559985,2.2943105637015866
9418,98.0,10.0,0.0,10.0,6.0,0.5398005436791784,2.8341111073807648
9419,98.0,11.0,0.0,11.0,6.0,0.525530725813632,3.359641833194397
9420,98.0,12.0,0.0,12.0,6.0,0.41014276344445866,3.7697845966388557
9421,98.0,13.0,0.0,13.0,1.0,0.2975171656525792,4.067301762291435
9422,98.0,14.0,0.0,14.0,6.0,0.10821198863204971,4.175513750923485
9423,98.0,15.0,0.0,15.0,7.0,0.09266762551682779,4.268181376440313
9424,98.0,16.0,0.0,16.0,3.0,0.23503314504653663,4.50321452148685
9425,98.0,17.0,0.0,17.0,4.0,0.0,4.50321452148685
9426,98.0,18.0,0.0,18.0,2.0,0.0,4.50321452148685
9427,98.0,19.0,0.0,19.0,6.0,0.351198302995685,4.854412824482535
9428,98.0,20.0,0.0,20.0,1.0,0.18420213317850265,5.0386149576610375
9429,98.0,21.0,0.0,21.0,6.0,0.002161454739645614,5.0407764124006835
9430,98.0,22.0,0.0,22.0,3.0,0.19321782807184884,5.233994240472533
9431,98.0,23.0,0.0,23.0,6.0,0.11636299692256234,5.3503572373950945
9432,98.0,24.0,0.0,24.0,1.0,0.11896244309851166,5.469319680493606
9433,98.0,25.0,0.0,25.0,0.0,0.23944774434232982,5.708767424835936
9434,98.0,26.0,0.0,26.0,6.0,0.25249491253368417,5.96126233736962
9435,98.0,27.0,0.0,27.0,7.0,0.0,5.96126233736962
9436,98.0,28.0,0.0,28.0,5.0,0.023341935947433844,5.9846042733170535
9437,98.0,29.0,0.0,29.0,3.0,0.020094125614477917,6.004698398931532
9438,98.0,30.0,0.0,30.0,6.0,0.3731406200505958,6.377839018982128
9439,98.0,31.0,0.0,31.0,6.0,0.07179891276627816,6.449637931748406
9440,98.0,32.0,0.0,32.0,2.0,0.5201526156790977,6.969790547427503
9441,98.0,33.0,0.0,33.0,2.0,0.025277121047566284,6.99506766847507
9442,98.0,34.0,0.0,34.0,0.0,0.1265919745726959,7.121659643047765
9443,98.0,35.0,0.0,35.0,1.0,0.3461068524360502,7.467766495483816
9444,98.0,36.0,0.0,36.0,1.0,0.2336797832809992,7.7014462787648155
9445,98.0,37.0,0.0,37.0,6.0,0.38423498309596005,8.085681261860776
9446,98.0,38.0,0.0,38.0,6.0,0.0,8.085681261860776
9447,98.0,39.0,0.0,39.0,2.0,0.5537602076296071,8.639441469490382
9448,98.0,40.0,0.0,40.0,2.0,0.27508209868767286,8.914523568178055
9449,98.0,41.0,0.0,41.0,2.0,0.0073944663165102,8.921918034494565
9450,98.0,42.0,0.0,42.0,1.0,0.26917241091670174,9.191090445411266
9451,98.0,43.0,0.0,43.0,1.0,0.1178259592096348,9.3089164046209
9452,98.0,44.0,0.0,44.0,4.0,0.2891704822674655,9.598086886888366
9453,98.0,45.0,0.0,45.0,4.0,0.6296318563139507,10.227718743202317
9454,98.0,46.0,0.0,46.0,4.0,0.14496949301802708,10.372688236220345
9455,98.0,47.0,0.0,47.0,4.0,0.3376566388633923,10.710344875083736
9456,98.0,48.0,0.0,48.0,4.0,0.3378213837210231,11.048166258804759
9457,98.0,49.0,0.0,49.0,4.0,0.35306467064568264,11.401230929450442
9458,98.0,50.0,0.0,50.0,4.0,0.4262384419390214,11.827469371389464
9459,98.0,51.0,0.0,51.0,4.0,0.786538645224503,12.614008016613967
9460,98.0,52.0,0.0,52.0,4.0,0.4269573308108327,13.0409653474248
9461,98.0,53.0,0.0,53.0,4.0,0.2965977540714963,13.337563101496297
9462,98.0,54.0,0.0,54.0,4.0,0.2742259822986554,13.611789083794953
9463,98.0,55.0,0.0,55.0,4.0,0.7468916268125877,14.35868071060754
9464,98.0,56.0,0.0,56.0,4.0,0.3097901048969641,14.668470815504504
9465,98.0,57.0,0.0,57.0,4.0,0.45159698088013056,15.120067796384635
9466,98.0,58.0,0.0,58.0,4.0,0.6273379479591693,15.747405744343805
9467,98.0,59.0,0.0,59.0,4.0,0.15590532879380598,15.90331107313761
9468,98.0,60.0,0.0,60.0,4.0,0.12114345880479456,16.024454531942403
9469,98.0,61.0,0.0,61.0,4.0,0.0,16.024454531942403
9470,98.0,62.0,0.0,62.0,4.0,0.004890111547855993,16.02934464349026
9471,98.0,63.0,0.0,63.0,4.0,0.26227852312629674,16.291623166616557
9472,98.0,64.0,0.0,64.0,4.0,0.024172346025505487,16.31579551264206
9473,98.0,65.0,0.0,65.0,6.0,0.1938598477639666,16.50965536040603
9474,98.0,66.0,0.0,66.0,2.0,0.07148233893511084,16.58113769934114
9475,98.0,67.0,0.0,67.0,4.0,0.42565478925164,17.006792488592783
9476,98.0,68.0,0.0,68.0,4.0,0.6928212275644872,17.69961371615727
9477,98.0,69.0,0.0,69.0,4.0,0.29095081075282125,17.99056452691009
9478,98.0,70.0,0.0,70.0,4.0,0.10016360891352999,18.09072813582362
9479,98.0,71.0,0.0,71.0,4.0,0.0,18.09072813582362
9480,98.0,72.0,0.0,72.0,6.0,0.060843244270408124,18.15157138009403
9481,98.0,73.0,0.0,73.0,0.0,0.12364928192121198,18.27522066201524
9482,98.0,74.0,0.0,74.0,3.0,0.07917327843515808,18.354393940450397
9483,98.0,75.0,0.0,75.0,4.0,0.03512950138498507,18.389523441835383
9484,98.0,76.0,0.0,76.0,1.0,0.1735308598711164,18.5630543017065
9485,98.0,77.0,0.0,77.0,6.0,0.20751175649518033,18.77056605820168
9486,98.0,78.0,0.0,78.0,4.0,0.014489782945512395,18.785055841147194
9487,98.0,79.0,0.0,79.0,2.0,0.2732812363944383,19.058337077541633
9488,98.0,80.0,0.0,80.0,6.0,0.5198631933975867,19.57820027093922
9489,98.0,81.0,0.0,81.0,6.0,0.39899739331314654,19.977197664252365
9490,98.0,82.0,0.0,82.0,6.0,0.4025312660474192,20.379728930299784
9491,98.0,83.0,0.0,83.0,6.0,0.15948567313383155,20.539214603433617
9492,98.0,84.0,0.0,84.0,6.0,0.18466604549596066,20.723880648929576
9493,98.0,85.0,0.0,85.0,6.0,0.46761061637242407,21.191491265302002
9494,98.0,86.0,0.0,86.0,6.0,0.0,21.191491265302002
9495,98.0,87.0,0.0,87.0,2.0,0.6213972006776474,21.81288846597965
9496,98.0,88.0,0.0,88.0,2.0,0.047006242528397114,21.859894708508048
9497,98.0,89.0,0.0,89.0,2.0,0.0,21.859894708508048
9498,98.0,90.0,0.0,90.0,7.0,0.45856256848509114,22.31845727699314
9499,98.0,91.0,0.0,91.0,7.0,0.04103739105239522,22.359494668045535
9500,98.0,92.0,0.0,92.0,1.0,0.23376214866150832,22.593256816707044
9501,98.0,93.0,0.0,93.0,7.0,0.0,22.593256816707044
9502,98.0,94.0,0.0,94.0,4.0,0.03244158328874442,22.625698399995787
9503,98.0,95.0,0.0,95.0,6.0,0.528994261355651,23.15469266135144
9504,99.0,0.0,0.0,0.0,0.0,0.1369825643388808,0.1369825643388808
9505,99.0,1.0,0.0,1.0,1.0,0.1581141854724727,0.2950967498113535
9506,99.0,2.0,0.0,2.0,2.0,0.13810536010235094,0.43320210991370445
9507,99.0,3.0,0.0,3.0,3.0,0.3813698300550875,0.814571939968792
9508,99.0,4.0,0.0,4.0,4.0,0.2768550193866439,1.0914269593554358
9509,99.0,5.0,0.0,5.0,5.0,0.049917863914325566,1.1413448232697614
9510,99.0,6.0,0.0,6.0,6.0,0.4025312660474192,1.5438760893171806
9511,99.0,7.0,0.0,7.0,7.0,0.4048413410201004,1.948717430337281
9512,99.0,8.0,0.0,8.0,7.0,0.025365823974029863,1.9740832543113107
9513,99.0,9.0,0.0,9.0,6.0,0.18788376889070377,2.1619670232020143
9514,99.0,10.0,0.0,10.0,3.0,0.3635186756069499,2.5254856988089642
9515,99.0,11.0,0.0,11.0,4.0,0.0,2.5254856988089642
9516,99.0,12.0,0.0,12.0,3.0,0.0,2.5254856988089642
9517,99.0,13.0,0.0,13.0,1.0,0.0,2.5254856988089642
9518,99.0,14.0,0.0,14.0,6.0,0.1370475401392327,2.662533238948197
9519,99.0,15.0,0.0,15.0,2.0,0.42591938102062793,3.088452619968825
9520,99.0,16.0,0.0,16.0,0.0,0.10452931469019261,3.1929819346590174
9521,99.0,17.0,0.0,17.0,2.0,0.27508209868767286,3.4680640333466903
9522,99.0,18.0,0.0,18.0,7.0,0.0,3.4680640333466903
9523,99.0,19.0,0.0,19.0,2.0,0.0,3.4680640333466903
9524,99.0,20.0,0.0,20.0,5.0,0.6430608029323872,4.111124836279077
9525,99.0,21.0,0.0,21.0,5.0,0.0,4.111124836279077
9526,99.0,22.0,0.0,22.0,3.0,0.00048590855662026,4.111610744835698
9527,99.0,23.0,0.0,23.0,6.0,0.11636299692256234,4.22797374175826
9528,99.0,24.0,0.0,24.0,5.0,0.556448204261036,4.784421946019296
9529,99.0,25.0,0.0,25.0,5.0,0.562081128391816,5.346503074411112
9530,99.0,26.0,0.0,26.0,5.0,0.008843280460235635,5.355346354871347
9531,99.0,27.0,0.0,27.0,5.0,0.07826673374384487,5.433613088615192
9532,99.0,28.0,0.0,28.0,4.0,0.0,5.433613088615192
9533,99.0,29.0,0.0,29.0,0.0,0.11885831032078227,5.552471398935974
9534,99.0,30.0,0.0,30.0,6.0,0.10821198863204971,5.660683387568024
9535,99.0,31.0,0.0,31.0,5.0,0.15143727500736548,5.812120662575389
9536,99.0,32.0,0.0,32.0,2.0,0.06114289961588151,5.873263562191271
9537,99.0,33.0,0.0,33.0,3.0,0.2032469793155898,6.0765105415068605
9538,99.0,34.0,0.0,34.0,5.0,0.16771754750020024,6.244228089007061
9539,99.0,35.0,0.0,35.0,1.0,0.0,6.244228089007061
9540,99.0,36.0,0.0,36.0,7.0,0.06166327491542525,6.305891363922486
9541,99.0,37.0,0.0,37.0,6.0,0.20751175649518033,6.513403120417666
9542,99.0,38.0,0.0,38.0,3.0,0.03301525633795021,6.546418376755616
9543,99.0,39.0,0.0,39.0,5.0,0.07041269781241034,6.616831074568027
9544,99.0,40.0,0.0,40.0,0.0,0.049788940430507446,6.666620014998534
9545,99.0,41.0,0.0,41.0,2.0,0.7236703978770197,7.3902904128755535
9546,99.0,42.0,0.0,42.0,2.0,0.44976625428900363,7.840056667164557
9547,99.0,43.0,0.0,43.0,2.0,0.482186826413389,8.322243493577947
9548,99.0,44.0,0.0,44.0,2.0,0.20166360592346178,8.52390709950141
9549,99.0,45.0,0.0,45.0,2.0,0.26727365674660486,8.791180756248014
9550,99.0,46.0,0.0,46.0,2.0,0.11327101634064082,8.904451772588654
9551,99.0,47.0,0.0,47.0,2.0,0.0,8.904451772588654
9552,99.0,48.0,0.0,48.0,2.0,0.0984534186733431,9.002905191261997
9553,99.0,49.0,0.0,49.0,6.0,0.3152014117071101,9.318106602969106
9554,99.0,50.0,0.0,50.0,6.0,0.0206337541478017,9.338740357116908
9555,99.0,51.0,0.0,51.0,2.0,0.20274467364983373,9.541485030766742
9556,99.0,52.0,0.0,52.0,5.0,0.12956159087489713,9.671046621641638
9557,99.0,53.0,0.0,53.0,4.0,0.6928212275644872,10.363867849206125
9558,99.0,54.0,0.0,54.0,4.0,0.18805542412596601,10.551923273332092
9559,99.0,55.0,0.0,55.0,4.0,0.10013514850155053,10.652058421833642
9560,99.0,56.0,0.0,56.0,4.0,0.2965977540714963,10.948656175905139
9561,99.0,57.0,0.0,57.0,4.0,0.07493619689443067,11.02359237279957
9562,99.0,58.0,0.0,58.0,4.0,0.29965634577184486,11.323248718571415
9563,99.0,59.0,0.0,59.0,4.0,0.16403310077668387,11.4872818193481
9564,99.0,60.0,0.0,60.0,2.0,0.04195847045540713,11.529240289803507
9565,99.0,61.0,0.0,61.0,7.0,0.6820921113526627,12.21133240115617
9566,99.0,62.0,0.0,62.0,7.0,0.03880437980675808,12.250136780962928
9567,99.0,63.0,0.0,63.0,7.0,0.2963231527000224,12.54645993366295
9568,99.0,64.0,0.0,64.0,7.0,0.008325910589010882,12.554785844251962
9569,99.0,65.0,0.0,65.0,5.0,0.07527754375067446,12.630063388002636
9570,99.0,66.0,0.0,66.0,3.0,0.003936487151784531,12.633999875154421
9571,99.0,67.0,0.0,67.0,4.0,0.3378213837210231,12.971821258875444
9572,99.0,68.0,0.0,68.0,4.0,0.08739218446663143,13.059213443342076
9573,99.0,69.0,0.0,69.0,7.0,0.14518903393281696,13.204402477274893
9574,99.0,70.0,0.0,70.0,6.0,0.5609494988696637,13.765351976144558
9575,99.0,71.0,0.0,71.0,6.0,0.2355975950006196,14.000949571145178
9576,99.0,72.0,0.0,72.0,6.0,0.29928972735028064,14.300239298495459
9577,99.0,73.0,0.0,73.0,6.0,0.19330425654839078,14.49354355504385
9578,99.0,74.0,0.0,74.0,6.0,0.45661860173922436,14.950162156783074
9579,99.0,75.0,0.0,75.0,6.0,0.5199951664423675,15.470157323225441
9580,99.0,76.0,0.0,76.0,6.0,0.0,15.470157323225441
9581,99.0,77.0,0.0,77.0,6.0,0.4832391209848758,15.953396444210318
9582,99.0,78.0,0.0,78.0,6.0,0.19720425874379977,16.15060070295412
9583,99.0,79.0,0.0,79.0,6.0,0.2358206865923345,16.386421389546452
9584,99.0,80.0,0.0,80.0,6.0,0.398606424860819,16.78502781440727
9585,99.0,81.0,0.0,81.0,6.0,0.14053761898862807,16.9255654333959
9586,99.0,82.0,0.0,82.0,6.0,0.019802180604578484,16.945367614000478
9587,99.0,83.0,0.0,83.0,2.0,0.0073944663165102,16.952762080316987
9588,99.0,84.0,0.0,84.0,6.0,0.38423498309596005,17.336997063412948
9589,99.0,85.0,0.0,85.0,6.0,0.2380098281042837,17.57500689151723
9590,99.0,86.0,0.0,86.0,6.0,0.46621206372626145,18.04121895524349
9591,99.0,87.0,0.0,87.0,6.0,0.23958507229734452,18.280804027540835
9592,99.0,88.0,0.0,88.0,6.0,0.45863258329410067,18.739436610834936
9593,99.0,89.0,0.0,89.0,6.0,0.23042860433100323,18.96986521516594
9594,99.0,90.0,0.0,90.0,6.0,0.43814959519287755,19.408014810358818
9595,99.0,91.0,0.0,91.0,6.0,0.08900059238186646,19.497015402740683
9596,99.0,92.0,0.0,92.0,6.0,0.06692797541129325,19.563943378151976
9597,99.0,93.0,0.0,93.0,4.0,0.08483909213874269,19.64878247029072
9598,99.0,94.0,0.0,94.0,6.0,0.2888924503251035,19.937674920615823
9599,99.0,95.0,0.0,95.0,0.0,0.0,19.937674920615823
9600,100.0,0.0,0.0,0.0,0.0,0.5491263248112521,0.5491263248112521
9601,100.0,1.0,0.0,1.0,1.0,0.9959745150176808,1.5451008398289328
9602,100.0,2.0,0.0,2.0,2.0,0.4120778195142538,1.9571786593431866
9603,100.0,3.0,0.0,3.0,3.0,0.001461682704674984,1.9586403420478615
9604,100.0,4.0,0.0,4.0,4.0,0.3097901048969641,2.2684304469448255
9605,100.0,5.0,0.0,5.0,5.0,0.2548228037622788,2.5232532507071044
9606,100.0,6.0,0.0,6.0,6.0,0.754797882045112,3.2780511327522164
9607,100.0,7.0,0.0,7.0,7.0,0.21001575520798305,3.4880668879601995
9608,100.0,8.0,0.0,8.0,1.0,0.2975171656525792,3.7855840536127787
9609,100.0,9.0,0.0,9.0,6.0,0.0,3.7855840536127787
9610,100.0,10.0,0.0,10.0,0.0,0.513449698258166,4.299033751870945
9611,100.0,11.0,0.0,11.0,1.0,0.025530299644546818,4.324564051515492
9612,100.0,12.0,0.0,12.0,2.0,0.19935097092522613,4.523915022440718
9613,100.0,13.0,0.0,13.0,0.0,0.0,4.523915022440718
9614,100.0,14.0,0.0,14.0,4.0,0.5370312334100855,5.060946255850804
9615,100.0,15.0,0.0,15.0,4.0,0.0,5.060946255850804
9616,100.0,16.0,0.0,16.0,5.0,0.4585537674797822,5.519500023330586
9617,100.0,17.0,0.0,17.0,6.0,0.19330425654839078,5.712804279878977
9618,100.0,18.0,0.0,18.0,1.0,0.01157769227695752,5.724381972155935
9619,100.0,19.0,0.0,19.0,5.0,0.556448204261036,6.280830176416971
9620,100.0,20.0,0.0,20.0,5.0,0.2305694971756699,6.51139967359264
9621,100.0,21.0,0.0,21.0,7.0,0.15727691362384175,6.668676587216482
9622,100.0,22.0,0.0,22.0,2.0,0.1905422112228126,6.8592187984392945
9623,100.0,23.0,0.0,23.0,0.0,0.049788940430507446,6.909007738869802
9624,100.0,24.0,0.0,24.0,5.0,0.13613113582277864,7.04513887469258
9625,100.0,25.0,0.0,25.0,6.0,0.3286820084901565,7.373820883182737
9626,100.0,26.0,0.0,26.0,1.0,0.14788550522949867,7.521706388412236
9627,100.0,27.0,0.0,27.0,4.0,0.23110148611791392,7.752807874530149
9628,100.0,28.0,0.0,28.0,6.0,0.31122773400729964,8.064035608537448
9629,100.0,29.0,0.0,29.0,2.0,0.08011626779528125,8.14415187633273
9630,100.0,30.0,0.0,30.0,5.0,0.13288998660895118,8.277041862941681
9631,100.0,31.0,0.0,31.0,6.0,0.528994261355651,8.806036124297332
9632,100.0,32.0,0.0,32.0,6.0,0.012576657579367172,8.8186127818767
9633,100.0,33.0,0.0,33.0,7.0,0.5762895628867217,9.394902344763421
9634,100.0,34.0,0.0,34.0,7.0,0.08816257292987052,9.483064917693293
9635,100.0,35.0,0.0,35.0,0.0,0.0,9.483064917693293
9636,100.0,36.0,0.0,36.0,4.0,0.004890111547855993,9.48795502924115
9637,100.0,37.0,0.0,37.0,1.0,0.0930474388599168,9.581002468101067
9638,100.0,38.0,0.0,38.0,7.0,0.2094357913069121,9.79043825940798
9639,100.0,39.0,0.0,39.0,3.0,0.7077056663835212,10.498143925791501
9640,100.0,40.0,0.0,40.0,3.0,0.020094125614477917,10.518238051405978
9641,100.0,41.0,0.0,41.0,3.0,0.26914273809568673,10.787380789501665
9642,100.0,42.0,0.0,42.0,3.0,0.0,10.787380789501665
9643,100.0,43.0,0.0,43.0,5.0,0.26795080419067996,11.055331593692344
9644,100.0,44.0,0.0,44.0,6.0,0.5048327715259897,11.560164365218334
9645,100.0,45.0,0.0,45.0,6.0,0.29928972735028064,11.859454092568615
9646,100.0,46.0,0.0,46.0,6.0,0.07179891276627816,11.931253005334893
9647,100.0,47.0,0.0,47.0,5.0,0.11740694843157064,12.048659953766464
9648,100.0,48.0,0.0,48.0,7.0,0.0,12.048659953766464
9649,100.0,49.0,0.0,49.0,2.0,0.0,12.048659953766464
9650,100.0,50.0,0.0,50.0,1.0,0.09259758356345157,12.141257537329915
9651,100.0,51.0,0.0,51.0,6.0,0.0989051148392537,12.240162652169168
9652,100.0,52.0,0.0,52.0,5.0,0.0,12.240162652169168
9653,100.0,53.0,0.0,53.0,0.0,0.12364928192121198,12.36381193409038
9654,100.0,54.0,0.0,54.0,4.0,0.28973804014574706,12.653549974236128
9655,100.0,55.0,0.0,55.0,6.0,0.19720425874379977,12.850754232979927
9656,100.0,56.0,0.0,56.0,4.0,0.20497945959324024,13.055733692573167
9657,100.0,57.0,0.0,57.0,1.0,0.5506933393432334,13.6064270319164
9658,100.0,58.0,0.0,58.0,1.0,0.03476387852119797,13.641190910437599
9659,100.0,59.0,0.0,59.0,3.0,0.00048590855662026,13.641676818994219
9660,100.0,60.0,0.0,60.0,6.0,0.4025312660474192,14.044208085041637
9661,100.0,61.0,0.0,61.0,6.0,0.709114106247022,14.753322191288659
9662,100.0,62.0,0.0,62.0,6.0,0.2358206865923345,14.989142877880994
9663,100.0,63.0,0.0,63.0,6.0,0.0,14.989142877880994
9664,100.0,64.0,0.0,64.0,1.0,0.4978298030149915,15.486972680895985
9665,100.0,65.0,0.0,65.0,1.0,0.6458467227103142,16.132819403606298
9666,100.0,66.0,0.0,66.0,1.0,0.028670031367413643,16.161489434973713
9667,100.0,67.0,0.0,67.0,1.0,0.2107072265151842,16.372196661488896
9668,100.0,68.0,0.0,68.0,1.0,0.14300684882151335,16.51520351031041
9669,100.0,69.0,0.0,69.0,6.0,0.0,16.51520351031041
9670,100.0,70.0,0.0,70.0,4.0,0.31800611952542285,16.83320962983583
9671,100.0,71.0,0.0,71.0,4.0,0.06308539271434067,16.896295022550174
9672,100.0,72.0,0.0,72.0,7.0,0.3705421398642408,17.266837162414415
9673,100.0,73.0,0.0,73.0,7.0,0.018202433303999167,17.285039595718413
9674,100.0,74.0,0.0,74.0,0.0,0.30754911887660585,17.592588714595017
9675,100.0,75.0,0.0,75.0,0.0,0.0,17.592588714595017
9676,100.0,76.0,0.0,76.0,5.0,0.27855042756309173,17.87113914215811
9677,100.0,77.0,0.0,77.0,1.0,0.29156994495680316,18.162709087114912
9678,100.0,78.0,0.0,78.0,5.0,0.07377049642032883,18.236479583535242
9679,100.0,79.0,0.0,79.0,1.0,0.4208360768007997,18.657315660336042
9680,100.0,80.0,0.0,80.0,1.0,0.35845450021337216,19.015770160549415
9681,100.0,81.0,0.0,81.0,1.0,0.055820590489851885,19.071590751039267
9682,100.0,82.0,0.0,82.0,2.0,0.482186826413389,19.553777577452657
9683,100.0,83.0,0.0,83.0,2.0,0.44976625428900363,20.00354383174166
9684,100.0,84.0,0.0,84.0,2.0,0.05386861899525439,20.057412450736912
9685,100.0,85.0,0.0,85.0,2.0,0.6027562012237242,20.660168651960635
9686,100.0,86.0,0.0,86.0,2.0,0.0,20.660168651960635
9687,100.0,87.0,0.0,87.0,2.0,0.0984534186733431,20.75862207063398
9688,100.0,88.0,0.0,88.0,6.0,0.2676282183690528,21.02625028900303
9689,100.0,89.0,0.0,89.0,6.0,0.308924290481592,21.335174579484622
9690,100.0,90.0,0.0,90.0,1.0,0.0,21.335174579484622
9691,100.0,91.0,0.0,91.0,6.0,0.2245370227069958,21.55971160219162
9692,100.0,92.0,0.0,92.0,2.0,0.0,21.55971160219162
9693,100.0,93.0,0.0,93.0,6.0,0.0,21.55971160219162
9694,100.0,94.0,0.0,94.0,4.0,0.6630452028905913,22.22275680508221
9695,100.0,95.0,0.0,95.0,4.0,0.13505835684833514,22.357815161930546
9696,101.0,0.0,0.0,0.0,0.0,0.16628996392507772,0.16628996392507772
9697,101.0,1.0,0.0,1.0,1.0,0.09843267325163044,0.2647226371767082
9698,101.0,2.0,0.0,2.0,2.0,0.20274467364983373,0.4674673108265419
9699,101.0,3.0,0.0,3.0,3.0,0.13898763859318042,0.6064549494197223
9700,101.0,4.0,0.0,4.0,4.0,0.062174288129666674,0.668629237549389
9701,101.0,5.0,0.0,5.0,5.0,0.0,0.668629237549389
9702,101.0,6.0,0.0,6.0,6.0,0.5415728013366148,1.2102020388860038
9703,101.0,7.0,0.0,7.0,7.0,0.5091692201750498,1.7193712590610537
9704,101.0,8.0,0.0,8.0,6.0,0.45863258329410067,2.1780038423551544
9705,101.0,9.0,0.0,9.0,7.0,0.0,2.1780038423551544
9706,101.0,10.0,0.0,10.0,6.0,0.20751175649518033,2.385515598850335
9707,101.0,11.0,0.0,11.0,2.0,0.08113905787797616,2.466654656728311
9708,101.0,12.0,0.0,12.0,6.0,0.09260082505258796,2.559255481780899
9709,101.0,13.0,0.0,13.0,0.0,0.5344171398190677,3.093672621599967
9710,101.0,14.0,0.0,14.0,0.0,0.01490140434742535,3.108574025947392
9711,101.0,15.0,0.0,15.0,3.0,0.10654364171625509,3.2151176676636473
9712,101.0,16.0,0.0,16.0,7.0,0.0056253172433511625,3.2207429849069986
9713,101.0,17.0,0.0,17.0,1.0,0.0,3.2207429849069986
9714,101.0,18.0,0.0,18.0,6.0,0.2091349837990253,3.429877968706024
9715,101.0,19.0,0.0,19.0,4.0,0.0,3.429877968706024
9716,101.0,20.0,0.0,20.0,0.0,0.0,3.429877968706024
9717,101.0,21.0,0.0,21.0,6.0,0.2358206865923345,3.6656986552983586
9718,101.0,22.0,0.0,22.0,5.0,0.0,3.6656986552983586
9719,101.0,23.0,0.0,23.0,2.0,0.11327101634064082,3.7789696716389996
9720,101.0,24.0,0.0,24.0,6.0,0.09243667781140737,3.8714063494504067
9721,101.0,25.0,0.0,25.0,3.0,0.0,3.8714063494504067
9722,101.0,26.0,0.0,26.0,7.0,0.06166327491542525,3.933069624365832
9723,101.0,27.0,0.0,27.0,6.0,0.030996621679545998,3.964066246045378
9724,101.0,28.0,0.0,28.0,0.0,0.18031182752271988,4.144378073568098
9725,101.0,29.0,0.0,29.0,2.0,0.3083246732118922,4.45270274677999
9726,101.0,30.0,0.0,30.0,2.0,0.41746763913831586,4.870170385918306
9727,101.0,31.0,0.0,31.0,2.0,0.11886118707131776,4.9890315729896235
9728,101.0,32.0,0.0,32.0,2.0,0.289774682159023,5.2788062551486465
9729,101.0,33.0,0.0,33.0,6.0,0.02152766918353003,5.300333924332176
9730,101.0,34.0,0.0,34.0,2.0,0.3746667969555425,5.675000721287719
9731,101.0,35.0,0.0,35.0,2.0,0.07058480069441396,5.745585521982133
9732,101.0,36.0,0.0,36.0,0.0,0.0,5.745585521982133
9733,101.0,37.0,0.0,37.0,1.0,0.23702024352928716,5.98260576551142
9734,101.0,38.0,0.0,38.0,1.0,0.22346138720261824,6.206067152714038
9735,101.0,39.0,0.0,39.0,7.0,0.44759909174127827,6.653666244455316
9736,101.0,40.0,0.0,40.0,7.0,0.3029126053848762,6.956578849840192
9737,101.0,41.0,0.0,41.0,7.0,0.3522479878918014,7.308826837731994
9738,101.0,42.0,0.0,42.0,7.0,0.09818265512943311,7.407009492861427
9739,101.0,43.0,0.0,43.0,7.0,0.0,7.407009492861427
9740,101.0,44.0,0.0,44.0,1.0,0.004865038927265206,7.411874531788692
9741,101.0,45.0,0.0,45.0,2.0,0.0009678536600830689,7.4128423854487755
9742,101.0,46.0,0.0,46.0,4.0,0.08739218446663143,7.500234569915407
9743,101.0,47.0,0.0,47.0,6.0,0.0,7.500234569915407
9744,101.0,48.0,0.0,48.0,3.0,0.20758298031156905,7.707817550226976
9745,101.0,49.0,0.0,49.0,7.0,0.0,7.707817550226976
9746,101.0,50.0,0.0,50.0,3.0,0.4903446086842321,8.198162158911208
9747,101.0,51.0,0.0,51.0,3.0,0.10567512643772035,8.303837285348928
9748,101.0,52.0,0.0,52.0,3.0,0.011662364837897463,8.315499650186826
9749,101.0,53.0,0.0,53.0,2.0,0.01598791051695434,8.331487560703781
9750,101.0,54.0,0.0,54.0,5.0,0.3655504969632712,8.697038057667053
9751,101.0,55.0,0.0,55.0,5.0,0.2248680210661569,8.92190607873321
9752,101.0,56.0,0.0,56.0,5.0,0.5396395039110845,9.461545582644295
9753,101.0,57.0,0.0,57.0,5.0,0.3355502795163708,9.797095862160665
9754,101.0,58.0,0.0,58.0,5.0,0.16528919434875355,9.962385056509419
9755,101.0,59.0,0.0,59.0,5.0,0.43922493403029017,10.40160999053971
9756,101.0,60.0,0.0,60.0,5.0,0.190094615722883,10.591704606262592
9757,101.0,61.0,0.0,61.0,5.0,0.23571743285633687,10.827422039118929
9758,101.0,62.0,0.0,62.0,5.0,0.07377049642032883,10.901192535539257
9759,101.0,63.0,0.0,63.0,5.0,0.13613113582277864,11.037323671362037
9760,101.0,64.0,0.0,64.0,5.0,0.22127064602955218,11.258594317391589
9761,101.0,65.0,0.0,65.0,5.0,0.6427319227634976,11.901326240155086
9762,101.0,66.0,0.0,66.0,5.0,0.27855042756309173,12.179876667718178
9763,101.0,67.0,0.0,67.0,5.0,0.28810875083932547,12.467985418557504
9764,101.0,68.0,0.0,68.0,5.0,0.1011811837154788,12.569166602272983
9765,101.0,69.0,0.0,69.0,5.0,0.31773180429062425,12.886898406563606
9766,101.0,70.0,0.0,70.0,5.0,0.13288998660895118,13.019788393172558
9767,101.0,71.0,0.0,71.0,5.0,0.2899103974255209,13.309698790598079
9768,101.0,72.0,0.0,72.0,5.0,0.15143727500736548,13.461136065605444
9769,101.0,73.0,0.0,73.0,0.0,0.03603438649963739,13.497170452105081
9770,101.0,74.0,0.0,74.0,5.0,0.3060716499089532,13.803242102014034
9771,101.0,75.0,0.0,75.0,5.0,0.4331310121324684,14.236373114146502
9772,101.0,76.0,0.0,76.0,5.0,0.2548228037622788,14.491195917908781
9773,101.0,77.0,0.0,77.0,5.0,0.490234345716472,14.981430263625253
9774,101.0,78.0,0.0,78.0,5.0,0.3213104541310374,15.30274071775629
9775,101.0,79.0,0.0,79.0,5.0,0.1271290746976771,15.429869792453967
9776,101.0,80.0,0.0,80.0,5.0,0.13538863996928308,15.565258432423251
9777,101.0,81.0,0.0,81.0,5.0,0.19914789524586868,15.76440632766912
9778,101.0,82.0,0.0,82.0,5.0,0.0,15.76440632766912
9779,101.0,83.0,0.0,83.0,6.0,0.5199951664423675,16.28440149411149
9780,101.0,84.0,0.0,84.0,6.0,0.12433874510598864,16.408740239217476
9781,101.0,85.0,0.0,85.0,6.0,0.9633601102069204,17.372100349424397
9782,101.0,86.0,0.0,86.0,6.0,0.0,17.372100349424397
9783,101.0,87.0,0.0,87.0,6.0,0.8113111970305757,18.183411546454973
9784,101.0,88.0,0.0,88.0,6.0,0.7074564648856323,18.890868011340604
9785,101.0,89.0,0.0,89.0,6.0,0.5398005436791784,19.430668555019782
9786,101.0,90.0,0.0,90.0,6.0,0.6681191236917254,20.098787678711506
9787,101.0,91.0,0.0,91.0,6.0,0.36348110977950954,20.462268788491016
9788,101.0,92.0,0.0,92.0,6.0,0.351198302995685,20.8134670914867
9789,101.0,93.0,0.0,93.0,6.0,0.23958507229734452,21.053052163784045
9790,101.0,94.0,0.0,94.0,6.0,0.8206264844566112,21.873678648240656
9791,101.0,95.0,0.0,95.0,6.0,0.7330812715508707,22.606759919791525
9792,102.0,0.0,0.0,0.0,0.0,0.0,0.0
9793,102.0,1.0,0.0,1.0,1.0,0.5350809140500077,0.5350809140500077
9794,102.0,2.0,0.0,2.0,2.0,0.032480183465739686,0.5675610975157473
9795,102.0,3.0,0.0,3.0,3.0,0.5566120011411148,1.124173098656862
9796,102.0,4.0,0.0,4.0,4.0,0.15383977509268065,1.2780128737495429
9797,102.0,5.0,0.0,5.0,5.0,0.562081128391816,1.8400940021413588
9798,102.0,6.0,0.0,6.0,6.0,0.02152766918353003,1.8616216713248888
9799,102.0,7.0,0.0,7.0,7.0,0.0,1.8616216713248888
9800,102.0,8.0,0.0,8.0,5.0,0.05296194787752387,1.9145836192024126
9801,102.0,9.0,0.0,9.0,3.0,0.0,1.9145836192024126
9802,102.0,10.0,0.0,10.0,1.0,0.27119035406226066,2.1857739732646735
9803,102.0,11.0,0.0,11.0,1.0,0.18474591588561104,2.3705198891502843
9804,102.0,12.0,0.0,12.0,5.0,0.0,2.3705198891502843
9805,102.0,13.0,0.0,13.0,4.0,0.0,2.3705198891502843
9806,102.0,14.0,0.0,14.0,3.0,0.06695124930527994,2.4374711384555643
9807,102.0,15.0,0.0,15.0,1.0,0.24526319585689446,2.6827343343124586
9808,102.0,16.0,0.0,16.0,1.0,0.0,2.6827343343124586
9809,102.0,17.0,0.0,17.0,2.0,0.14808157325436302,2.8308159075668216
9810,102.0,18.0,0.0,18.0,6.0,0.09260082505258796,2.9234167326194096
9811,102.0,19.0,0.0,19.0,0.0,0.0,2.9234167326194096
9812,102.0,20.0,0.0,20.0,7.0,0.08816257292987052,3.0115793055492803
9813,102.0,21.0,0.0,21.0,3.0,0.08419597055910664,3.095775276108387
9814,102.0,22.0,0.0,22.0,5.0,0.07041269781241034,3.166187973920797
9815,102.0,23.0,0.0,23.0,1.0,0.27837232626576186,3.4445603001865592
9816,102.0,24.0,0.0,24.0,1.0,0.8012578002674544,4.245818100454014
9817,102.0,25.0,0.0,25.0,1.0,0.0,4.245818100454014
9818,102.0,26.0,0.0,26.0,1.0,0.3720624105248227,4.617880510978837
9819,102.0,27.0,0.0,27.0,1.0,0.0772841125499467,4.695164623528783
9820,102.0,28.0,0.0,28.0,2.0,0.14626881783373236,4.841433441362516
9821,102.0,29.0,0.0,29.0,1.0,0.14788550522949867,4.9893189465920145
9822,102.0,30.0,0.0,30.0,4.0,0.8641538969732209,5.8534728435652355
9823,102.0,31.0,0.0,31.0,4.0,0.06660229217274866,5.920075135737984
9824,102.0,32.0,0.0,32.0,4.0,0.0456160838408476,5.965691219578832
9825,102.0,33.0,0.0,33.0,4.0,0.5243230454212805,6.490014265000113
9826,102.0,34.0,0.0,34.0,4.0,0.11081989247498787,6.6008341574751
9827,102.0,35.0,0.0,35.0,4.0,0.11041446593207717,6.711248623407178
9828,102.0,36.0,0.0,36.0,3.0,0.25537726099248537,6.966625884399663
9829,102.0,37.0,0.0,37.0,5.0,0.28810875083932547,7.2547346352389885
9830,102.0,38.0,0.0,38.0,5.0,0.4083245810104282,7.663059216249417
9831,102.0,39.0,0.0,39.0,5.0,0.13613113582277864,7.799190352072196
9832,102.0,40.0,0.0,40.0,3.0,0.5983165769124134,8.397506928984608
9833,102.0,41.0,0.0,41.0,3.0,0.3124487689648274,8.709955697949436
9834,102.0,42.0,0.0,42.0,3.0,0.19321782807184884,8.903173526021284
9835,102.0,43.0,0.0,43.0,3.0,0.0,8.903173526021284
9836,102.0,44.0,0.0,44.0,1.0,0.40114156826807473,9.30431509428936
9837,102.0,45.0,0.0,45.0,1.0,0.7371334889638141,10.041448583253173
9838,102.0,46.0,0.0,46.0,1.0,0.0,10.041448583253173
9839,102.0,47.0,0.0,47.0,1.0,0.21774518083343142,10.259193764086604
9840,102.0,48.0,0.0,48.0,1.0,0.3728753173739762,10.63206908146058
9841,102.0,49.0,0.0,49.0,1.0,0.4091289111380489,11.04119799259863
9842,102.0,50.0,0.0,50.0,1.0,0.05668020652621607,11.097878199124846
9843,102.0,51.0,0.0,51.0,4.0,0.0702652958566233,11.16814349498147
9844,102.0,52.0,0.0,52.0,6.0,0.0,11.16814349498147
9845,102.0,53.0,0.0,53.0,5.0,0.3039231620092401,11.47206665699071
9846,102.0,54.0,0.0,54.0,5.0,0.0,11.47206665699071
9847,102.0,55.0,0.0,55.0,1.0,0.15225671869257557,11.624323375683286
9848,102.0,56.0,0.0,56.0,7.0,0.2075341574424337,11.831857533125719
9849,102.0,57.0,0.0,57.0,2.0,0.08011626779528125,11.911973800921
9850,102.0,58.0,0.0,58.0,3.0,0.20186904139831627,12.113842842319317
9851,102.0,59.0,0.0,59.0,1.0,0.6458467227103142,12.75968956502963
9852,102.0,60.0,0.0,60.0,1.0,0.0,12.75968956502963
9853,102.0,61.0,0.0,61.0,1.0,0.09468128799662574,12.854370853026255
9854,102.0,62.0,0.0,62.0,7.0,0.16322828692812405,13.01759913995438
9855,102.0,63.0,0.0,63.0,3.0,0.27979422998214515,13.297393369936524
9856,102.0,64.0,0.0,64.0,4.0,0.0,13.297393369936524
9857,102.0,65.0,0.0,65.0,3.0,0.001461682704674984,13.2988550526412
9858,102.0,66.0,0.0,66.0,1.0,0.1122698472049673,13.411124899846167
9859,102.0,67.0,0.0,67.0,1.0,0.625716871682588,14.036841771528755
9860,102.0,68.0,0.0,68.0,1.0,0.23895507602304034,14.275796847551796
9861,102.0,69.0,0.0,69.0,1.0,0.10131102734794921,14.377107874899744
9862,102.0,70.0,0.0,70.0,1.0,0.0766334705336081,14.453741345433352
9863,102.0,71.0,0.0,71.0,5.0,0.31773180429062425,14.771473149723976
9864,102.0,72.0,0.0,72.0,5.0,0.0,14.771473149723976
9865,102.0,73.0,0.0,73.0,7.0,0.45690301731070837,15.228376167034684
9866,102.0,74.0,0.0,74.0,7.0,0.0,15.228376167034684
9867,102.0,75.0,0.0,75.0,1.0,0.5459856231058668,15.774361790140551
9868,102.0,76.0,0.0,76.0,1.0,0.4978298030149915,16.272191593155544
9869,102.0,77.0,0.0,77.0,1.0,0.236338495393307,16.508530088548852
9870,102.0,78.0,0.0,78.0,1.0,0.2217983483299603,16.730328436878814
9871,102.0,79.0,0.0,79.0,1.0,0.5325149437924254,17.26284338067124
9872,102.0,80.0,0.0,80.0,1.0,0.3409891715042017,17.60383255217544
9873,102.0,81.0,0.0,81.0,1.0,0.0,17.60383255217544
9874,102.0,82.0,0.0,82.0,1.0,0.04845925959332829,17.65229181176877
9875,102.0,83.0,0.0,83.0,1.0,0.16259328171919027,17.81488509348796
9876,102.0,84.0,0.0,84.0,3.0,0.1800108644972652,17.994895957985225
9877,102.0,85.0,0.0,85.0,7.0,0.025365823974029863,18.020261781959256
9878,102.0,86.0,0.0,86.0,1.0,0.15694390699350397,18.17720568895276
9879,102.0,87.0,0.0,87.0,0.0,0.10953556120793838,18.2867412501607
9880,102.0,88.0,0.0,88.0,4.0,0.2891704822674655,18.575911732428164
9881,102.0,89.0,0.0,89.0,4.0,0.0,18.575911732428164
9882,102.0,90.0,0.0,90.0,2.0,0.38831574574861955,18.964227478176785
9883,102.0,91.0,0.0,91.0,2.0,0.20584383201305861,19.170071310189844
9884,102.0,92.0,0.0,92.0,2.0,0.5201526156790977,19.690223925868942
9885,102.0,93.0,0.0,93.0,2.0,0.2822795401633952,19.972503466032336
9886,102.0,94.0,0.0,94.0,2.0,0.17377914745726974,20.146282613489607
9887,102.0,95.0,0.0,95.0,2.0,0.7236703978770197,20.869953011366626
9888,103.0,0.0,0.0,0.0,0.0,0.18031182752271988,0.18031182752271988
9889,103.0,1.0,0.0,1.0,1.0,0.4091289111380489,0.5894407386607687
9890,103.0,2.0,0.0,2.0,2.0,0.3746667969555425,0.9641075356163112
9891,103.0,3.0,0.0,3.0,3.0,0.13898763859318042,1.1030951742094917
9892,103.0,4.0,0.0,4.0,4.0,0.28973804014574706,1.3928332143552387
9893,103.0,5.0,0.0,5.0,5.0,0.07377049642032883,1.4666037107755674
9894,103.0,6.0,0.0,6.0,6.0,0.0,1.4666037107755674
9895,103.0,7.0,0.0,7.0,7.0,0.44759909174127827,1.9142028025168456
9896,103.0,8.0,0.0,8.0,7.0,0.7256040504195268,2.6398068529363723
9897,103.0,9.0,0.0,9.0,7.0,0.0739714121023839,2.7137782650387563
9898,103.0,10.0,0.0,10.0,1.0,0.0930474388599168,2.806825703898673
9899,103.0,11.0,0.0,11.0,2.0,0.05386861899525439,2.860694322893927
9900,103.0,12.0,0.0,12.0,4.0,0.6273379479591693,3.4880322708530964
9901,103.0,13.0,0.0,13.0,4.0,0.36899642420942863,3.857028695062525
9902,103.0,14.0,0.0,14.0,4.0,0.3815607206079411,4.238589415670466
9903,103.0,15.0,0.0,15.0,7.0,0.0512601046839897,4.289849520354456
9904,103.0,16.0,0.0,16.0,0.0,0.03603438649963739,4.325883906854093
9905,103.0,17.0,0.0,17.0,4.0,0.6548917240652656,4.980775630919359
9906,103.0,18.0,0.0,18.0,4.0,0.21617570620019438,5.196951337119553
9907,103.0,19.0,0.0,19.0,3.0,0.27104019678738106,5.467991533906934
9908,103.0,20.0,0.0,20.0,4.0,0.42565478925164,5.893646323158574
9909,103.0,21.0,0.0,21.0,4.0,0.0,5.893646323158574
9910,103.0,22.0,0.0,22.0,1.0,0.0,5.893646323158574
9911,103.0,23.0,0.0,23.0,7.0,0.3632416151092178,6.256887938267792
9912,103.0,24.0,0.0,24.0,5.0,0.05134333965898673,6.308231277926779
9913,103.0,25.0,0.0,25.0,2.0,0.1588172883297803,6.467048566256559
9914,103.0,26.0,0.0,26.0,3.0,0.37470943161685766,6.841757997873417
9915,103.0,27.0,0.0,27.0,7.0,0.08082649885896648,6.922584496732384
9916,103.0,28.0,0.0,28.0,3.0,0.24272613617104483,7.165310632903428
9917,103.0,29.0,0.0,29.0,4.0,0.15027538281192757,7.315586015715356
9918,103.0,30.0,0.0,30.0,4.0,0.0,7.315586015715356
9919,103.0,31.0,0.0,31.0,3.0,0.13611159388976898,7.451697609605125
9920,103.0,32.0,0.0,32.0,6.0,0.10776919275082603,7.559466802355951
9921,103.0,33.0,0.0,33.0,7.0,0.11533761676746272,7.674804419123414
9922,103.0,34.0,0.0,34.0,2.0,0.6027562012237242,8.277560620347138
9923,103.0,35.0,0.0,35.0,2.0,0.19935097092522613,8.476911591272364
9924,103.0,36.0,0.0,36.0,2.0,0.07300531851332406,8.549916909785688
9925,103.0,37.0,0.0,37.0,4.0,0.3406652420848293,8.890582151870518
9926,103.0,38.0,0.0,38.0,4.0,0.06660229217274866,8.957184444043266
9927,103.0,39.0,0.0,39.0,0.0,0.1369825643388808,9.094167008382147
9928,103.0,40.0,0.0,40.0,3.0,0.5254767966993704,9.619643805081518
9929,103.0,41.0,0.0,41.0,3.0,0.0,9.619643805081518
9930,103.0,42.0,0.0,42.0,1.0,0.8012578002674544,10.420901605348972
9931,103.0,43.0,0.0,43.0,1.0,0.1735308598711164,10.594432465220088
9932,103.0,44.0,0.0,44.0,1.0,0.3409891715042017,10.93542163672429
9933,103.0,45.0,0.0,45.0,1.0,0.0,10.93542163672429
9934,103.0,46.0,0.0,46.0,7.0,0.08463113415129656,11.020052770875585
9935,103.0,47.0,0.0,47.0,1.0,0.01157769227695752,11.031630463152544
9936,103.0,48.0,0.0,48.0,2.0,0.14626881783373236,11.177899280986276
9937,103.0,49.0,0.0,49.0,4.0,0.7468916268125877,11.924790907798863
9938,103.0,50.0,0.0,50.0,4.0,0.45159698088013056,12.376387888678995
9939,103.0,51.0,0.0,51.0,4.0,0.3845164824990986,12.760904371178093
9940,103.0,52.0,0.0,52.0,4.0,0.0,12.760904371178093
9941,103.0,53.0,0.0,53.0,4.0,0.16518765184318784,12.92609202302128
9942,103.0,54.0,0.0,54.0,4.0,0.1469609607874088,13.073052983808688
9943,103.0,55.0,0.0,55.0,3.0,0.020094125614477917,13.093147109423166
9944,103.0,56.0,0.0,56.0,7.0,0.6415126605240132,13.734659769947179
9945,103.0,57.0,0.0,57.0,7.0,0.1578071467912929,13.89246691673847
9946,103.0,58.0,0.0,58.0,7.0,0.2075341574424337,14.100001074180904
9947,103.0,59.0,0.0,59.0,7.0,0.0,14.100001074180904
9948,103.0,60.0,0.0,60.0,2.0,0.289774682159023,14.389775756339926
9949,103.0,61.0,0.0,61.0,4.0,0.3378213837210231,14.727597140060949
9950,103.0,62.0,0.0,62.0,4.0,0.06308539271434067,14.790682532775289
9951,103.0,63.0,0.0,63.0,5.0,0.0,14.790682532775289
9952,103.0,64.0,0.0,64.0,2.0,0.40117548832375627,15.191858021099046
9953,103.0,65.0,0.0,65.0,2.0,0.4898575650501079,15.681715586149155
9954,103.0,66.0,0.0,66.0,2.0,0.5259817321483307,16.207697318297484
9955,103.0,67.0,0.0,67.0,2.0,0.07148233893511084,16.279179657232596
9956,103.0,68.0,0.0,68.0,2.0,0.7068413165322392,16.986020973764834
9957,103.0,69.0,0.0,69.0,2.0,0.0,16.986020973764834
9958,103.0,70.0,0.0,70.0,2.0,0.19074406487779483,17.17676503864263
9959,103.0,71.0,0.0,71.0,2.0,0.20242816608866174,17.37919320473129
9960,103.0,72.0,0.0,72.0,6.0,0.04941931180611817,17.42861251653741
9961,103.0,73.0,0.0,73.0,0.0,0.12021065492910031,17.54882317146651
9962,103.0,74.0,0.0,74.0,1.0,0.27837232626576186,17.82719549773227
9963,103.0,75.0,0.0,75.0,2.0,0.30371061480436934,18.13090611253664
9964,103.0,76.0,0.0,76.0,2.0,0.4472118799386729,18.578117992475313
9965,103.0,77.0,0.0,77.0,2.0,0.0,18.578117992475313
9966,103.0,78.0,0.0,78.0,4.0,0.014489782945512395,18.592607775420827
9967,103.0,79.0,0.0,79.0,1.0,0.3177036958205914,18.910311471241418
9968,103.0,80.0,0.0,80.0,1.0,0.5325149437924254,19.442826415033842
9969,103.0,81.0,0.0,81.0,1.0,0.16259328171919027,19.60541969675303
9970,103.0,82.0,0.0,82.0,1.0,0.29156994495680316,19.896989641709833
9971,103.0,83.0,0.0,83.0,1.0,0.09767182935369328,19.994661471063527
9972,103.0,84.0,0.0,84.0,3.0,0.04429925980485249,20.03896073086838
9973,103.0,85.0,0.0,85.0,2.0,0.043892043518105,20.082852774386485
9974,103.0,86.0,0.0,86.0,7.0,0.658941602314391,20.741794376700877
9975,103.0,87.0,0.0,87.0,7.0,0.08845181773763568,20.830246194438512
9976,103.0,88.0,0.0,88.0,7.0,0.02758892282854971,20.85783511726706
9977,103.0,89.0,0.0,89.0,4.0,0.0,20.85783511726706
9978,103.0,90.0,0.0,90.0,1.0,0.3720624105248227,21.229897527791884
9979,103.0,91.0,0.0,91.0,1.0,0.38990649885735673,21.61980402664924
9980,103.0,92.0,0.0,92.0,1.0,0.1122698472049673,21.73207387385421
9981,103.0,93.0,0.0,93.0,1.0,0.7371334889638141,22.469207362818022
9982,103.0,94.0,0.0,94.0,1.0,0.0,22.469207362818022
9983,103.0,95.0,0.0,95.0,1.0,0.2129057638025988,22.68211312662062
9984,104.0,0.0,0.0,0.0,0.0,0.14603725991723326,0.14603725991723326
9985,104.0,1.0,0.0,1.0,1.0,0.6458467227103142,0.7918839826275474
9986,104.0,2.0,0.0,2.0,2.0,0.40117548832375627,1.1930594709513036
9987,104.0,3.0,0.0,3.0,3.0,0.13898763859318042,1.332047109544484
9988,104.0,4.0,0.0,4.0,4.0,0.0,1.332047109544484
9989,104.0,5.0,0.0,5.0,5.0,0.07826673374384487,1.4103138432883289
9990,104.0,6.0,0.0,6.0,6.0,0.05187143270467871,1.4621852759930076
9991,104.0,7.0,0.0,7.0,7.0,0.04103739105239522,1.5032226670454027
9992,104.0,8.0,0.0,8.0,1.0,0.0,1.5032226670454027
9993,104.0,9.0,0.0,9.0,2.0,0.038723990899334274,1.541946657944737
9994,104.0,10.0,0.0,10.0,1.0,0.5459856231058668,2.0879322810506036
9995,104.0,11.0,0.0,11.0,1.0,0.21774518083343142,2.305677461884035
9996,104.0,12.0,0.0,12.0,0.0,0.01491556061691698,2.3205930225009523
9997,104.0,13.0,0.0,13.0,3.0,0.17758193823470309,2.4981749607356556
9998,104.0,14.0,0.0,14.0,1.0,0.2923975416172881,2.7905725023529437
9999,104.0,15.0,0.0,15.0,5.0,0.19914789524586868,2.9897203975988123
10000,104.0,16.0,0.0,16.0,2.0,0.0,2.9897203975988123
10001,104.0,17.0,0.0,17.0,1.0,0.0,2.9897203975988123
10002,104.0,18.0,0.0,18.0,6.0,0.2690884433507071,3.2588088409495195
10003,104.0,19.0,0.0,19.0,7.0,0.1578071467912929,3.4166159877408124
10004,104.0,20.0,0.0,20.0,6.0,0.754797882045112,4.171413869785924
10005,104.0,21.0,0.0,21.0,6.0,0.4025312660474192,4.573945135833344
10006,104.0,22.0,0.0,22.0,6.0,0.38478252254705636,4.9587276583804005
10007,104.0,23.0,0.0,23.0,6.0,0.46655973523908206,5.425287393619483
10008,104.0,24.0,0.0,24.0,6.0,0.5199951664423675,5.94528256006185
10009,104.0,25.0,0.0,25.0,6.0,0.3045366457502025,6.249819205812052
10010,104.0,26.0,0.0,26.0,6.0,0.592467301916092,6.8422865077281445
10011,104.0,27.0,0.0,27.0,6.0,0.6681191236917254,7.51040563141987
10012,104.0,28.0,0.0,28.0,6.0,0.2355975950006196,7.746003226420489
10013,104.0,29.0,0.0,29.0,6.0,0.7615432087357681,8.507546435156257
10014,104.0,30.0,0.0,30.0,6.0,0.18788376889070377,8.69543020404696
10015,104.0,31.0,0.0,31.0,6.0,0.2888924503251035,8.984322654372065
10016,104.0,32.0,0.0,32.0,6.0,0.7330812715508707,9.717403925922936
10017,104.0,33.0,0.0,33.0,6.0,0.030996621679545998,9.74840054760248
10018,104.0,34.0,0.0,34.0,6.0,0.012116503352960235,9.76051705095544
10019,104.0,35.0,0.0,35.0,6.0,0.09260082505258796,9.853117876008028
10020,104.0,36.0,0.0,36.0,3.0,0.2656910608312819,10.11880893683931
10021,104.0,37.0,0.0,37.0,4.0,0.45969118074479987,10.57850011758411
10022,104.0,38.0,0.0,38.0,4.0,0.07128856318987772,10.649788680773987
10023,104.0,39.0,0.0,39.0,6.0,0.20751175649518033,10.857300437269167
10024,104.0,40.0,0.0,40.0,5.0,0.27855042756309173,11.135850864832259
10025,104.0,41.0,0.0,41.0,1.0,0.09271436829694825,11.228565233129206
10026,104.0,42.0,0.0,42.0,3.0,0.10567512643772035,11.334240359566927
10027,104.0,43.0,0.0,43.0,6.0,0.46761061637242407,11.80185097593935
10028,104.0,44.0,0.0,44.0,6.0,0.15870422142553076,11.960555197364881
10029,104.0,45.0,0.0,45.0,5.0,0.190094615722883,12.150649813087764
10030,104.0,46.0,0.0,46.0,6.0,0.38423498309596005,12.534884796183723
10031,104.0,47.0,0.0,47.0,6.0,0.2676282183690528,12.802513014552776
10032,104.0,48.0,0.0,48.0,4.0,0.22645575073161234,13.028968765284388
10033,104.0,49.0,0.0,49.0,6.0,0.5609494988696637,13.58991826415405
10034,104.0,50.0,0.0,50.0,6.0,0.456597589962221,14.046515854116272
10035,104.0,51.0,0.0,51.0,6.0,0.04941931180611817,14.095935165922391
10036,104.0,52.0,0.0,52.0,6.0,0.019802180604578484,14.11573734652697
10037,104.0,53.0,0.0,53.0,7.0,0.03966389497905114,14.155401241506022
10038,104.0,54.0,0.0,54.0,1.0,0.35845450021337216,14.513855741719395
10039,104.0,55.0,0.0,55.0,1.0,0.2107072265151842,14.72456296823458
10040,104.0,56.0,0.0,56.0,6.0,0.36348110977950954,15.08804407801409
10041,104.0,57.0,0.0,57.0,6.0,0.3286820084901565,15.416726086504246
10042,104.0,58.0,0.0,58.0,4.0,0.0456160838408476,15.462342170345094
10043,104.0,59.0,0.0,59.0,6.0,0.0,15.462342170345094
10044,104.0,60.0,0.0,60.0,5.0,0.056443085324379784,15.518785255669474
10045,104.0,61.0,0.0,61.0,2.0,0.07148233893511084,15.590267594604585
10046,104.0,62.0,0.0,62.0,0.0,0.06806513547863605,15.65833273008322
10047,104.0,63.0,0.0,63.0,1.0,0.31376821855801423,15.972100948641234
10048,104.0,64.0,0.0,64.0,1.0,0.3720624105248227,16.344163359166057
10049,104.0,65.0,0.0,65.0,1.0,0.028670031367413643,16.372833390533472
10050,104.0,66.0,0.0,66.0,6.0,0.14418838926849195,16.517021779801965
10051,104.0,67.0,0.0,67.0,3.0,0.15771312543106009,16.674734905233024
10052,104.0,68.0,0.0,68.0,6.0,0.23042860433100323,16.905163509564026
10053,104.0,69.0,0.0,69.0,6.0,0.2245370227069958,17.129700532271023
10054,104.0,70.0,0.0,70.0,6.0,0.0,17.129700532271023
10055,104.0,71.0,0.0,71.0,1.0,0.3177036958205914,17.447404228091614
10056,104.0,72.0,0.0,72.0,1.0,0.09259758356345157,17.540001811655067
10057,104.0,73.0,0.0,73.0,6.0,0.002161454739645614,17.542163266394713
10058,104.0,74.0,0.0,74.0,3.0,0.03301525633795021,17.575178522732664
10059,104.0,75.0,0.0,75.0,6.0,0.308924290481592,17.884102813214255
10060,104.0,76.0,0.0,76.0,6.0,0.0989051148392537,17.98300792805351
10061,104.0,77.0,0.0,77.0,4.0,0.10013514850155053,18.08314307655506
10062,104.0,78.0,0.0,78.0,5.0,0.4083245810104282,18.49146765756549
10063,104.0,79.0,0.0,79.0,5.0,0.0,18.49146765756549
10064,104.0,80.0,0.0,80.0,1.0,0.2129057638025988,18.70437342136809
10065,104.0,81.0,0.0,81.0,6.0,0.18466604549596066,18.889039466864048
10066,104.0,82.0,0.0,82.0,2.0,0.08113905787797616,18.970178524742025
10067,104.0,83.0,0.0,83.0,6.0,0.1350995944228713,19.105278119164897
10068,104.0,84.0,0.0,84.0,1.0,0.4091289111380489,19.514407030302944
10069,104.0,85.0,0.0,85.0,1.0,0.236338495393307,19.750745525696253
10070,104.0,86.0,0.0,86.0,1.0,0.03476387852119797,19.78550940421745
10071,104.0,87.0,0.0,87.0,6.0,0.398606424860819,20.18411582907827
10072,104.0,88.0,0.0,88.0,6.0,0.0,20.18411582907827
10073,104.0,89.0,0.0,89.0,7.0,0.0,20.18411582907827
10074,104.0,90.0,0.0,90.0,0.0,0.049788940430507446,20.233904769508776
10075,104.0,91.0,0.0,91.0,6.0,0.08326994649709853,20.317174716005873
10076,104.0,92.0,0.0,92.0,5.0,0.15788754467582478,20.475062260681696
10077,104.0,93.0,0.0,93.0,1.0,0.5506933393432334,21.02575560002493
10078,104.0,94.0,0.0,94.0,1.0,0.11675306462359378,21.142508664648524
10079,104.0,95.0,0.0,95.0,1.0,0.031550322030998015,21.174058986679523
10080,105.0,0.0,0.0,0.0,0.0,0.10101189254963196,0.10101189254963196
10081,105.0,1.0,0.0,1.0,1.0,0.3461068524360502,0.44711874498568216
10082,105.0,2.0,0.0,2.0,2.0,0.3083246732118922,0.7554434181975744
10083,105.0,3.0,0.0,3.0,3.0,0.0,0.7554434181975744
10084,105.0,4.0,0.0,4.0,4.0,0.3406652420848293,1.0961086602824037
10085,105.0,5.0,0.0,5.0,5.0,0.15886400702583056,1.2549726673082342
10086,105.0,6.0,0.0,6.0,6.0,0.5398005436791784,1.7947732109874126
10087,105.0,7.0,0.0,7.0,7.0,0.26958034497069683,2.0643535559581094
10088,105.0,8.0,0.0,8.0,6.0,0.19275096950199988,2.257104525460109
10089,105.0,9.0,0.0,9.0,1.0,0.1252470864872485,2.3823516119473576
10090,105.0,10.0,0.0,10.0,4.0,0.19670552128951685,2.5790571332368746
10091,105.0,11.0,0.0,11.0,2.0,0.07058480069441396,2.6496419339312887
10092,105.0,12.0,0.0,12.0,7.0,0.5091692201750498,3.1588111541063384
10093,105.0,13.0,0.0,13.0,7.0,0.08816257292987052,3.246973727036209
10094,105.0,14.0,0.0,14.0,6.0,0.528994261355651,3.77596798839186
10095,105.0,15.0,0.0,15.0,6.0,0.2676282183690528,4.043596206760913
10096,105.0,16.0,0.0,16.0,5.0,0.18916438735281615,4.23276059411373
10097,105.0,17.0,0.0,17.0,6.0,0.3286820084901565,4.561442602603886
10098,105.0,18.0,0.0,18.0,4.0,0.619788147899107,5.181230750502993
10099,105.0,19.0,0.0,19.0,4.0,0.6928212275644872,5.874051978067481
10100,105.0,20.0,0.0,20.0,4.0,0.42565478925164,6.299706767319121
10101,105.0,21.0,0.0,21.0,4.0,0.05283876478085068,6.352545532099971
10102,105.0,22.0,0.0,22.0,0.0,0.30193260026714136,6.654478132367113
10103,105.0,23.0,0.0,23.0,6.0,0.39899739331314654,7.053475525680259
10104,105.0,24.0,0.0,24.0,4.0,0.11081989247498787,7.1642954181552465
10105,105.0,25.0,0.0,25.0,1.0,0.11959474932936898,7.283890167484616
10106,105.0,26.0,0.0,26.0,6.0,0.308924290481592,7.592814457966208
10107,105.0,27.0,0.0,27.0,7.0,0.008325910589010882,7.601140368555218
10108,105.0,28.0,0.0,28.0,6.0,0.1938598477639666,7.795000216319185
10109,105.0,29.0,0.0,29.0,0.0,0.4680805035123675,8.263080719831553
10110,105.0,30.0,0.0,30.0,0.0,0.04497487212076914,8.308055591952321
10111,105.0,31.0,0.0,31.0,2.0,0.1731947690353173,8.481250360987639
10112,105.0,32.0,0.0,32.0,4.0,0.0,8.481250360987639
10113,105.0,33.0,0.0,33.0,5.0,0.0,8.481250360987639
10114,105.0,34.0,0.0,34.0,6.0,0.20751175649518033,8.688762117482819
10115,105.0,35.0,0.0,35.0,3.0,0.18076898800776417,8.869531105490584
10116,105.0,36.0,0.0,36.0,6.0,0.030996621679545998,8.900527727170129
10117,105.0,37.0,0.0,37.0,1.0,0.09271436829694825,8.993242095467076
10118,105.0,38.0,0.0,38.0,4.0,0.03244158328874442,9.02568367875582
10119,105.0,39.0,0.0,39.0,0.0,0.07141833269289534,9.097102011448715
10120,105.0,40.0,0.0,40.0,2.0,0.2822795401633952,9.379381551612111
10121,105.0,41.0,0.0,41.0,7.0,0.11533761676746272,9.494719168379573
10122,105.0,42.0,0.0,42.0,2.0,0.1588172883297803,9.653536456709354
10123,105.0,43.0,0.0,43.0,6.0,0.08900059238186646,9.74253704909122
10124,105.0,44.0,0.0,44.0,3.0,0.5983165769124134,10.340853626003634
10125,105.0,45.0,0.0,45.0,3.0,0.09300458273999601,10.43385820874363
10126,105.0,46.0,0.0,46.0,3.0,0.09565973087312887,10.529517939616758
10127,105.0,47.0,0.0,47.0,4.0,0.07493619689443067,10.604454136511189
10128,105.0,48.0,0.0,48.0,6.0,0.38423498309596005,10.988689119607148
10129,105.0,49.0,0.0,49.0,6.0,0.754797882045112,11.74348700165226
10130,105.0,50.0,0.0,50.0,6.0,0.31122773400729964,12.05471473565956
10131,105.0,51.0,0.0,51.0,6.0,0.02152766918353003,12.076242404843091
10132,105.0,52.0,0.0,52.0,6.0,0.20104993189686238,12.277292336739954
10133,105.0,53.0,0.0,53.0,6.0,0.5048327715259897,12.782125108265944
10134,105.0,54.0,0.0,54.0,6.0,0.012576657579367172,12.794701765845312
10135,105.0,55.0,0.0,55.0,2.0,0.38831574574861955,13.183017511593931
10136,105.0,56.0,0.0,56.0,2.0,0.05386861899525439,13.236886130589186
10137,105.0,57.0,0.0,57.0,7.0,0.0512601046839897,13.288146235273176
10138,105.0,58.0,0.0,58.0,0.0,0.01490140434742535,13.303047639620601
10139,105.0,59.0,0.0,59.0,1.0,0.1250648719057287,13.42811251152633
10140,105.0,60.0,0.0,60.0,3.0,0.24604240966364027,13.67415492118997
10141,105.0,61.0,0.0,61.0,4.0,0.3505563668212525,14.024711288011222
10142,105.0,62.0,0.0,62.0,4.0,0.06660229217274866,14.09131358018397
10143,105.0,63.0,0.0,63.0,6.0,0.029858941276052695,14.121172521460023
10144,105.0,64.0,0.0,64.0,3.0,0.003936487151784531,14.125109008611808
10145,105.0,65.0,0.0,65.0,5.0,0.23571743285633687,14.360826441468145
10146,105.0,66.0,0.0,66.0,5.0,0.15143727500736548,14.51226371647551
10147,105.0,67.0,0.0,67.0,2.0,0.153056971216033,14.665320687691544
10148,105.0,68.0,0.0,68.0,6.0,0.7615432087357681,15.426863896427312
10149,105.0,69.0,0.0,69.0,6.0,0.456597589962221,15.883461486389534
10150,105.0,70.0,0.0,70.0,6.0,0.0,15.883461486389534
10151,105.0,71.0,0.0,71.0,6.0,0.351198302995685,16.23465978938522
10152,105.0,72.0,0.0,72.0,6.0,0.45863258329410067,16.69329237267932
10153,105.0,73.0,0.0,73.0,6.0,0.8113111970305757,17.504603569709897
10154,105.0,74.0,0.0,74.0,6.0,0.40586275112066333,17.910466320830558
10155,105.0,75.0,0.0,75.0,6.0,0.45661860173922436,18.36708492256978
10156,105.0,76.0,0.0,76.0,6.0,0.1370475401392327,18.504132462709013
10157,105.0,77.0,0.0,77.0,6.0,0.3152014117071101,18.819333874416124
10158,105.0,78.0,0.0,78.0,6.0,0.12433874510598864,18.94367261952211
10159,105.0,79.0,0.0,79.0,6.0,0.060843244270408124,19.00451586379252
10160,105.0,80.0,0.0,80.0,6.0,0.45154853925075483,19.456064403043275
10161,105.0,81.0,0.0,81.0,6.0,0.04941931180611817,19.505483714849394
10162,105.0,82.0,0.0,82.0,6.0,0.525530725813632,20.031014440663025
10163,105.0,83.0,0.0,83.0,6.0,0.3045366457502025,20.33555108641323
10164,105.0,84.0,0.0,84.0,6.0,0.05187143270467871,20.38742251911791
10165,105.0,85.0,0.0,85.0,4.0,0.3628567677526115,20.75027928687052
10166,105.0,86.0,0.0,86.0,4.0,0.3716799242424243,21.121959211112944
10167,105.0,87.0,0.0,87.0,4.0,0.10013514850155053,21.222094359614495
10168,105.0,88.0,0.0,88.0,6.0,0.46761061637242407,21.68970497598692
10169,105.0,89.0,0.0,89.0,6.0,0.2888924503251035,21.978597426312025
10170,105.0,90.0,0.0,90.0,6.0,0.10821198863204971,22.086809414944074
10171,105.0,91.0,0.0,91.0,1.0,0.06877401020269108,22.155583425146766
10172,105.0,92.0,0.0,92.0,6.0,0.46655973523908206,22.622143160385846
10173,105.0,93.0,0.0,93.0,6.0,0.3731406200505958,22.99528378043644
10174,105.0,94.0,0.0,94.0,6.0,0.0,22.99528378043644
10175,105.0,95.0,0.0,95.0,4.0,0.41110112443122054,23.40638490486766
10176,106.0,0.0,0.0,0.0,0.0,0.18031182752271988,0.18031182752271988
10177,106.0,1.0,0.0,1.0,1.0,0.43077514535649875,0.6110869728792186
10178,106.0,2.0,0.0,2.0,2.0,0.1113616455486472,0.7224486184278659
10179,106.0,3.0,0.0,3.0,3.0,0.47254251673467496,1.1949911351625409
10180,106.0,4.0,0.0,4.0,4.0,0.0,1.1949911351625409
10181,106.0,5.0,0.0,5.0,5.0,0.13613113582277864,1.3311222709853194
10182,106.0,6.0,0.0,6.0,6.0,0.9633601102069204,2.29448238119224
10183,106.0,7.0,0.0,7.0,7.0,0.031039358450981096,2.325521739643221
10184,106.0,8.0,0.0,8.0,6.0,0.36348110977950954,2.6890028494227307
10185,106.0,9.0,0.0,9.0,6.0,0.0,2.6890028494227307
10186,106.0,10.0,0.0,10.0,3.0,0.12261651967535435,2.811619369098085
10187,106.0,11.0,0.0,11.0,1.0,0.7371334889638141,3.548752858061899
10188,106.0,12.0,0.0,12.0,1.0,0.031550322030998015,3.5803031800928973
10189,106.0,13.0,0.0,13.0,6.0,0.2091349837990253,3.789438163891923
10190,106.0,14.0,0.0,14.0,1.0,0.09271436829694825,3.8821525321888712
10191,106.0,15.0,0.0,15.0,0.0,0.1265919745726959,4.008744506761567
10192,106.0,16.0,0.0,16.0,3.0,0.37470943161685766,4.383453938378425
10193,106.0,17.0,0.0,17.0,5.0,0.07527754375067446,4.4587314821290995
10194,106.0,18.0,0.0,18.0,6.0,0.1370475401392327,4.595779022268332
10195,106.0,19.0,0.0,19.0,3.0,0.14589548209890857,4.741674504367241
10196,106.0,20.0,0.0,20.0,2.0,0.1731947690353173,4.914869273402559
10197,106.0,21.0,0.0,21.0,1.0,0.29885514167787697,5.213724415080436
10198,106.0,22.0,0.0,22.0,6.0,0.11636299692256234,5.330087412002998
10199,106.0,23.0,0.0,23.0,1.0,0.0,5.330087412002998
10200,106.0,24.0,0.0,24.0,7.0,0.3191817414767788,5.649269153479777
10201,106.0,25.0,0.0,25.0,3.0,0.0,5.649269153479777
10202,106.0,26.0,0.0,26.0,7.0,0.6415126605240132,6.29078181400379
10203,106.0,27.0,0.0,27.0,7.0,0.05063330393183056,6.34141511793562
10204,106.0,28.0,0.0,28.0,7.0,0.3632416151092178,6.704656733044838
10205,106.0,29.0,0.0,29.0,0.0,0.48448669996828364,7.189143433013122
10206,106.0,30.0,0.0,30.0,0.0,0.2729458951420526,7.462089328155175
10207,106.0,31.0,0.0,31.0,0.0,0.0,7.462089328155175
10208,106.0,32.0,0.0,32.0,7.0,0.0739714121023839,7.536060740257558
10209,106.0,33.0,0.0,33.0,6.0,0.5415728013366148,8.077633541594173
10210,106.0,34.0,0.0,34.0,6.0,0.45154853925075483,8.529182080844928
10211,106.0,35.0,0.0,35.0,6.0,0.5211461016164569,9.050328182461385
10212,106.0,36.0,0.0,36.0,6.0,0.45863258329410067,9.508960765755486
10213,106.0,37.0,0.0,37.0,6.0,0.7615432087357681,10.270503974491254
10214,106.0,38.0,0.0,38.0,6.0,0.18216968160881716,10.452673656100071
10215,106.0,39.0,0.0,39.0,6.0,0.3286820084901565,10.781355664590228
10216,106.0,40.0,0.0,40.0,6.0,0.12662947121033713,10.907985135800566
10217,106.0,41.0,0.0,41.0,6.0,0.6681191236917254,11.576104259492292
10218,106.0,42.0,0.0,42.0,6.0,0.10821198863204971,11.684316248124341
10219,106.0,43.0,0.0,43.0,4.0,0.16518765184318784,11.84950389996753
10220,106.0,44.0,0.0,44.0,6.0,0.12433874510598864,11.97384264507352
10221,106.0,45.0,0.0,45.0,2.0,0.08113905787797616,12.054981702951496
10222,106.0,46.0,0.0,46.0,6.0,0.08900059238186646,12.143982295333362
10223,106.0,47.0,0.0,47.0,1.0,0.185681072301442,12.329663367634804
10224,106.0,48.0,0.0,48.0,6.0,0.29928972735028064,12.628953094985086
10225,106.0,49.0,0.0,49.0,5.0,0.0,12.628953094985086
10226,106.0,50.0,0.0,50.0,6.0,0.2676282183690528,12.896581313354138
10227,106.0,51.0,0.0,51.0,7.0,0.24252754759834638,13.139108860952485
10228,106.0,52.0,0.0,52.0,6.0,0.019802180604578484,13.158911041557063
10229,106.0,53.0,0.0,53.0,3.0,0.011662364837897463,13.170573406394961
10230,106.0,54.0,0.0,54.0,1.0,0.7864352531193769,13.957008659514338
10231,106.0,55.0,0.0,55.0,1.0,0.09259758356345157,14.04960624307779
10232,106.0,56.0,0.0,56.0,1.0,0.0930474388599168,14.142653681937707
10233,106.0,57.0,0.0,57.0,0.0,0.0,14.142653681937707
10234,106.0,58.0,0.0,58.0,4.0,0.2352620848249543,14.377915766762662
10235,106.0,59.0,0.0,59.0,7.0,0.0512601046839897,14.429175871446652
10236,106.0,60.0,0.0,60.0,1.0,0.0,14.429175871446652
10237,106.0,61.0,0.0,61.0,6.0,0.5064850022994652,14.935660873746118
10238,106.0,62.0,0.0,62.0,6.0,0.030996621679545998,14.966657495425663
10239,106.0,63.0,0.0,63.0,4.0,0.08483909213874269,15.051496587564406
10240,106.0,64.0,0.0,64.0,6.0,0.4419319569723373,15.493428544536744
10241,106.0,65.0,0.0,65.0,6.0,0.2355975950006196,15.729026139537364
10242,106.0,66.0,0.0,66.0,6.0,0.0,15.729026139537364
10243,106.0,67.0,0.0,67.0,2.0,0.6213972006776474,16.350423340215013
10244,106.0,68.0,0.0,68.0,2.0,0.08011626779528125,16.430539608010292
10245,106.0,69.0,0.0,69.0,2.0,0.13810536010235094,16.568644968112643
10246,106.0,70.0,0.0,70.0,2.0,0.06114289961588151,16.629787867728524
10247,106.0,71.0,0.0,71.0,6.0,0.45661860173922436,17.086406469467747
10248,106.0,72.0,0.0,72.0,6.0,0.029858941276052695,17.1162654107438
10249,106.0,73.0,0.0,73.0,1.0,0.0,17.1162654107438
10250,106.0,74.0,0.0,74.0,7.0,0.09266762551682779,17.20893303626063
10251,106.0,75.0,0.0,75.0,6.0,0.5198631933975867,17.728796229658215
10252,106.0,76.0,0.0,76.0,6.0,0.46120539576978026,18.190001625427996
10253,106.0,77.0,0.0,77.0,6.0,0.2030643176852566,18.393065943113253
10254,106.0,78.0,0.0,78.0,6.0,0.09243667781140737,18.48550262092466
10255,106.0,79.0,0.0,79.0,3.0,0.5983165769124134,19.083819197837073
10256,106.0,80.0,0.0,80.0,3.0,0.0747189184831523,19.158538116320226
10257,106.0,81.0,0.0,81.0,3.0,0.18053033147432693,19.339068447794553
10258,106.0,82.0,0.0,82.0,6.0,0.2245370227069958,19.56360547050155
10259,106.0,83.0,0.0,83.0,6.0,0.0,19.56360547050155
10260,106.0,84.0,0.0,84.0,3.0,0.042142145651259406,19.605747616152808
10261,106.0,85.0,0.0,85.0,0.0,0.0,19.605747616152808
10262,106.0,86.0,0.0,86.0,6.0,0.0,19.605747616152808
10263,106.0,87.0,0.0,87.0,7.0,0.025365823974029863,19.63111344012684
10264,106.0,88.0,0.0,88.0,1.0,0.15606839806007136,19.78718183818691
10265,106.0,89.0,0.0,89.0,4.0,0.5243230454212805,20.31150488360819
10266,106.0,90.0,0.0,90.0,4.0,0.15261367299991715,20.464118556608106
10267,106.0,91.0,0.0,91.0,4.0,0.10013514850155053,20.564253705109657
10268,106.0,92.0,0.0,92.0,2.0,0.07058480069441396,20.63483850580407
10269,106.0,93.0,0.0,93.0,4.0,0.0,20.63483850580407
10270,106.0,94.0,0.0,94.0,6.0,0.0,20.63483850580407
10271,106.0,95.0,0.0,95.0,1.0,0.1250648719057287,20.759903377709797
10272,107.0,0.0,0.0,0.0,0.0,0.03603438649963739,0.03603438649963739
10273,107.0,1.0,0.0,1.0,1.0,0.09271436829694825,0.12874875479658565
10274,107.0,2.0,0.0,2.0,2.0,0.0,0.12874875479658565
10275,107.0,3.0,0.0,3.0,3.0,0.25616649659567714,0.3849152513922628
10276,107.0,4.0,0.0,4.0,4.0,0.06308539271434067,0.44800064410660345
10277,107.0,5.0,0.0,5.0,5.0,0.1011811837154788,0.5491818278220822
10278,107.0,6.0,0.0,6.0,6.0,0.1350995944228713,0.6842814222449536
10279,107.0,7.0,0.0,7.0,7.0,0.4048413410201004,1.089122763265054
10280,107.0,8.0,0.0,8.0,7.0,0.0,1.089122763265054
10281,107.0,9.0,0.0,9.0,3.0,0.24604240966364027,1.3351651729286942
10282,107.0,10.0,0.0,10.0,6.0,0.060843244270408124,1.3960084171991023
10283,107.0,11.0,0.0,11.0,3.0,0.19564670942873996,1.5916551266278423
10284,107.0,12.0,0.0,12.0,5.0,0.07377049642032883,1.665425623048171
10285,107.0,13.0,0.0,13.0,1.0,0.1521898058916304,1.8176154289398014
10286,107.0,14.0,0.0,14.0,4.0,0.5512595017927662,2.3688749307325674
10287,107.0,15.0,0.0,15.0,4.0,0.28973804014574706,2.6586129708783144
10288,107.0,16.0,0.0,16.0,4.0,0.31800611952542285,2.9766190904037373
10289,107.0,17.0,0.0,17.0,7.0,0.08845181773763568,3.065070908141373
10290,107.0,18.0,0.0,18.0,4.0,0.13505835684833514,3.2001292649897084
10291,107.0,19.0,0.0,19.0,0.0,0.4680805035123675,3.668209768502076
10292,107.0,20.0,0.0,20.0,0.0,0.07141833269289534,3.7396281011949712
10293,107.0,21.0,0.0,21.0,3.0,0.0,3.7396281011949712
10294,107.0,22.0,0.0,22.0,2.0,0.39818203123925505,4.137810132434226
10295,107.0,23.0,0.0,23.0,2.0,0.20242816608866174,4.340238298522888
10296,107.0,24.0,0.0,24.0,4.0,0.3482376111706019,4.68847590969349
10297,107.0,25.0,0.0,25.0,2.0,0.6213972006776474,5.309873110371138
10298,107.0,26.0,0.0,26.0,2.0,0.0,5.309873110371138
10299,107.0,27.0,0.0,27.0,4.0,0.020723335122281958,5.33059644549342
10300,107.0,28.0,0.0,28.0,0.0,0.27268806162729475,5.603284507120715
10301,107.0,29.0,0.0,29.0,1.0,0.29471142430324837,5.897995931423963
10302,107.0,30.0,0.0,30.0,1.0,0.4091289111380489,6.307124842562011
10303,107.0,31.0,0.0,31.0,1.0,0.27837232626576186,6.585497168827773
10304,107.0,32.0,0.0,32.0,1.0,0.3728753173739762,6.95837248620175
10305,107.0,33.0,0.0,33.0,1.0,0.236338495393307,7.1947109815950565
10306,107.0,34.0,0.0,34.0,2.0,0.27508209868767286,7.469793080282729
10307,107.0,35.0,0.0,35.0,0.0,0.2090346472697647,7.678827727552494
10308,107.0,36.0,0.0,36.0,2.0,0.5913394163650157,8.27016714391751
10309,107.0,37.0,0.0,37.0,2.0,0.0,8.27016714391751
10310,107.0,38.0,0.0,38.0,7.0,0.4763979432030655,8.746565087120576
10311,107.0,39.0,0.0,39.0,7.0,0.6859517409375426,9.43251682805812
10312,107.0,40.0,0.0,40.0,7.0,0.14046681190174445,9.572983639959864
10313,107.0,41.0,0.0,41.0,7.0,0.0,9.572983639959864
10314,107.0,42.0,0.0,42.0,6.0,0.19720425874379977,9.770187898703663
10315,107.0,43.0,0.0,43.0,1.0,0.5102676826124355,10.280455581316097
10316,107.0,44.0,0.0,44.0,1.0,0.44922488554479406,10.729680466860891
10317,107.0,45.0,0.0,45.0,1.0,0.04845925959332829,10.778139726454219
10318,107.0,46.0,0.0,46.0,7.0,0.0,10.778139726454219
10319,107.0,47.0,0.0,47.0,1.0,0.03476387852119797,10.812903604975418
10320,107.0,48.0,0.0,48.0,5.0,0.05134333965898673,10.864246944634404
10321,107.0,49.0,0.0,49.0,2.0,0.587687788672903,11.451934733307308
10322,107.0,50.0,0.0,50.0,2.0,0.05893971598014328,11.510874449287451
10323,107.0,51.0,0.0,51.0,4.0,0.0,11.510874449287451
10324,107.0,52.0,0.0,52.0,0.0,0.11395249262034009,11.624826941907791
10325,107.0,53.0,0.0,53.0,2.0,0.17377914745726974,11.79860608936506
10326,107.0,54.0,0.0,54.0,3.0,0.108472937332383,11.907079026697444
10327,107.0,55.0,0.0,55.0,6.0,0.5721185095518746,12.479197536249318
10328,107.0,56.0,0.0,56.0,6.0,0.43814959519287755,12.917347131442195
10329,107.0,57.0,0.0,57.0,6.0,0.20104993189686238,13.118397063339058
10330,107.0,58.0,0.0,58.0,6.0,0.2380098281042837,13.356406891443342
10331,107.0,59.0,0.0,59.0,6.0,0.030996621679545998,13.387403513122887
10332,107.0,60.0,0.0,60.0,2.0,0.05071475147700608,13.438118264599893
10333,107.0,61.0,0.0,61.0,1.0,0.0,13.438118264599893
10334,107.0,62.0,0.0,62.0,6.0,0.709114106247022,14.147232370846915
10335,107.0,63.0,0.0,63.0,6.0,0.38478252254705636,14.53201489339397
10336,107.0,64.0,0.0,64.0,6.0,0.2690884433507071,14.801103336744678
10337,107.0,65.0,0.0,65.0,6.0,0.2358206865923345,15.036924023337013
10338,107.0,66.0,0.0,66.0,6.0,0.18466604549596066,15.221590068832974
10339,107.0,67.0,0.0,67.0,6.0,0.18216968160881716,15.403759750441791
10340,107.0,68.0,0.0,68.0,6.0,0.08900059238186646,15.492760342823658
10341,107.0,69.0,0.0,69.0,7.0,0.09917719492813658,15.591937537751795
10342,107.0,70.0,0.0,70.0,0.0,0.04497487212076914,15.636912409872563
10343,107.0,71.0,0.0,71.0,4.0,0.0,15.636912409872563
10344,107.0,72.0,0.0,72.0,6.0,0.46120539576978026,16.098117805642342
10345,107.0,73.0,0.0,73.0,6.0,0.5398005436791784,16.63791834932152
10346,107.0,74.0,0.0,74.0,6.0,0.029858941276052695,16.667777290597574
10347,107.0,75.0,0.0,75.0,6.0,0.14053761898862807,16.8083149095862
10348,107.0,76.0,0.0,76.0,2.0,0.0,16.8083149095862
10349,107.0,77.0,0.0,77.0,3.0,0.0,16.8083149095862
10350,107.0,78.0,0.0,78.0,1.0,0.031550322030998015,16.8398652316172
10351,107.0,79.0,0.0,79.0,6.0,0.08473142129368774,16.92459665291089
10352,107.0,80.0,0.0,80.0,7.0,0.12980887699241067,17.0544055299033
10353,107.0,81.0,0.0,81.0,6.0,0.45154853925075483,17.505954069154054
10354,107.0,82.0,0.0,82.0,6.0,0.1440283701753274,17.64998243932938
10355,107.0,83.0,0.0,83.0,6.0,0.0,17.64998243932938
10356,107.0,84.0,0.0,84.0,2.0,0.0,17.64998243932938
10357,107.0,85.0,0.0,85.0,5.0,0.05296194787752387,17.702944387206905
10358,107.0,86.0,0.0,86.0,0.0,0.0,17.702944387206905
10359,107.0,87.0,0.0,87.0,1.0,0.04317602104936086,17.746120408256267
10360,107.0,88.0,0.0,88.0,7.0,0.34149124243916545,18.087611650695433
10361,107.0,89.0,0.0,89.0,7.0,0.4573021530267772,18.54491380372221
10362,107.0,90.0,0.0,90.0,7.0,0.0,18.54491380372221
10363,107.0,91.0,0.0,91.0,4.0,0.6630452028905913,19.2079590066128
10364,107.0,92.0,0.0,92.0,4.0,0.4262384419390214,19.63419744855182
10365,107.0,93.0,0.0,93.0,4.0,0.3716799242424243,20.005877372794245
10366,107.0,94.0,0.0,94.0,4.0,0.35662687216539196,20.362504244959638
10367,107.0,95.0,0.0,95.0,4.0,0.12626645153161312,20.48877069649125
10368,108.0,0.0,0.0,0.0,0.0,0.0,0.0
10369,108.0,1.0,0.0,1.0,1.0,0.0,0.0
10370,108.0,2.0,0.0,2.0,2.0,0.0,0.0
10371,108.0,3.0,0.0,3.0,3.0,0.09270862586868636,0.09270862586868636
10372,108.0,4.0,0.0,4.0,4.0,0.3406652420848293,0.4333738679535156
10373,108.0,5.0,0.0,5.0,5.0,0.43922493403029017,0.8725988019838058
10374,108.0,6.0,0.0,6.0,6.0,0.09260082505258796,0.9651996270363937
10375,108.0,7.0,0.0,7.0,7.0,0.22951623073539107,1.1947158577717847
10376,108.0,8.0,0.0,8.0,5.0,0.056443085324379784,1.2511589430961645
10377,108.0,9.0,0.0,9.0,4.0,0.3716799242424243,1.6228388673385887
10378,108.0,10.0,0.0,10.0,7.0,0.2020575551425499,1.8248964224811386
10379,108.0,11.0,0.0,11.0,4.0,0.35306467064568264,2.177961093126821
10380,108.0,12.0,0.0,12.0,4.0,0.6296318563139507,2.807592949440772
10381,108.0,13.0,0.0,13.0,4.0,0.08739218446663143,2.894985133907403
10382,108.0,14.0,0.0,14.0,5.0,0.0,2.894985133907403
10383,108.0,15.0,0.0,15.0,3.0,0.030472832457272593,2.9254579663646756
10384,108.0,16.0,0.0,16.0,6.0,0.08569355050034418,3.0111515168650196
10385,108.0,17.0,0.0,17.0,4.0,0.0,3.0111515168650196
10386,108.0,18.0,0.0,18.0,7.0,0.0,3.0111515168650196
10387,108.0,19.0,0.0,19.0,4.0,0.2891704822674655,3.300321999132485
10388,108.0,20.0,0.0,20.0,0.0,0.0,3.300321999132485
10389,108.0,21.0,0.0,21.0,1.0,0.2977196118715112,3.598041611003996
10390,108.0,22.0,0.0,22.0,1.0,0.22346138720261824,3.8215029982066144
10391,108.0,23.0,0.0,23.0,2.0,0.10287625647900679,3.924379254685621
10392,108.0,24.0,0.0,24.0,4.0,0.15383977509268065,4.078219029778301
10393,108.0,25.0,0.0,25.0,1.0,0.2923975416172881,4.37061657139559
10394,108.0,26.0,0.0,26.0,4.0,0.786538645224503,5.157155216620093
10395,108.0,27.0,0.0,27.0,4.0,0.0,5.157155216620093
10396,108.0,28.0,0.0,28.0,4.0,0.6548917240652656,5.8120469406853585
10397,108.0,29.0,0.0,29.0,4.0,0.5512595017927662,6.363306442478125
10398,108.0,30.0,0.0,30.0,4.0,0.14496949301802708,6.508275935496152
10399,108.0,31.0,0.0,31.0,4.0,0.005519628586349254,6.513795564082502
10400,108.0,32.0,0.0,32.0,5.0,0.22127064602955218,6.735066210112054
10401,108.0,33.0,0.0,33.0,1.0,0.04317602104936086,6.778242231161415
10402,108.0,34.0,0.0,34.0,4.0,0.6273379479591693,7.405580179120585
10403,108.0,35.0,0.0,35.0,4.0,0.12626645153161312,7.531846630652198
10404,108.0,36.0,0.0,36.0,4.0,0.29965634577184486,7.8315029764240425
10405,108.0,37.0,0.0,37.0,6.0,0.2245370227069958,8.056039999131038
10406,108.0,38.0,0.0,38.0,4.0,0.26227852312629674,8.318318522257334
10407,108.0,39.0,0.0,39.0,4.0,0.45159698088013056,8.769915503137465
10408,108.0,40.0,0.0,40.0,4.0,0.19670552128951685,8.966621024426981
10409,108.0,41.0,0.0,41.0,7.0,0.6820921113526627,9.648713135779644
10410,108.0,42.0,0.0,42.0,7.0,0.06863775353354312,9.717350889313188
10411,108.0,43.0,0.0,43.0,7.0,0.12980887699241067,9.847159766305598
10412,108.0,44.0,0.0,44.0,5.0,0.33067682826060296,10.177836594566202
10413,108.0,45.0,0.0,45.0,5.0,0.0,10.177836594566202
10414,108.0,46.0,0.0,46.0,4.0,0.22645575073161234,10.404292345297813
10415,108.0,47.0,0.0,47.0,6.0,0.5198631933975867,10.9241555386954
10416,108.0,48.0,0.0,48.0,6.0,0.18466604549596066,11.108821584191361
10417,108.0,49.0,0.0,49.0,6.0,0.02152766918353003,11.130349253374892
10418,108.0,50.0,0.0,50.0,7.0,0.041228864090092084,11.171578117464984
10419,108.0,51.0,0.0,51.0,4.0,0.0,11.171578117464984
10420,108.0,52.0,0.0,52.0,3.0,0.17451251960862407,11.346090637073608
10421,108.0,53.0,0.0,53.0,2.0,0.08011626779528125,11.42620690486889
10422,108.0,54.0,0.0,54.0,4.0,0.20497945959324024,11.63118636446213
10423,108.0,55.0,0.0,55.0,4.0,0.8641538969732209,12.49534026143535
10424,108.0,56.0,0.0,56.0,4.0,0.1469609607874088,12.642301222222759
10425,108.0,57.0,0.0,57.0,4.0,0.062174288129666674,12.704475510352426
10426,108.0,58.0,0.0,58.0,4.0,0.35410539327964946,13.058580903632075
10427,108.0,59.0,0.0,59.0,4.0,0.0456160838408476,13.104196987472923
10428,108.0,60.0,0.0,60.0,1.0,0.11184940162260157,13.216046389095524
10429,108.0,61.0,0.0,61.0,6.0,0.5609494988696637,13.776995887965189
10430,108.0,62.0,0.0,62.0,6.0,0.6681191236917254,14.445115011656915
10431,108.0,63.0,0.0,63.0,6.0,0.456597589962221,14.901712601619137
10432,108.0,64.0,0.0,64.0,6.0,0.3286820084901565,15.230394610109293
10433,108.0,65.0,0.0,65.0,6.0,0.05187143270467871,15.282266042813973
10434,108.0,66.0,0.0,66.0,6.0,0.8206264844566112,16.102892527270583
10435,108.0,67.0,0.0,67.0,6.0,0.709114106247022,16.812006633517605
10436,108.0,68.0,0.0,68.0,6.0,0.1370475401392327,16.949054173656837
10437,108.0,69.0,0.0,69.0,6.0,0.002161454739645614,16.951215628396483
10438,108.0,70.0,0.0,70.0,6.0,0.07179891276627816,17.023014541162762
10439,108.0,71.0,0.0,71.0,6.0,0.060843244270408124,17.08385778543317
10440,108.0,72.0,0.0,72.0,6.0,0.5064850022994652,17.590342787732638
10441,108.0,73.0,0.0,73.0,6.0,0.4419319569723373,18.032274744704974
10442,108.0,74.0,0.0,74.0,6.0,0.11636299692256234,18.148637741627535
10443,108.0,75.0,0.0,75.0,6.0,0.40586275112066333,18.554500492748197
10444,108.0,76.0,0.0,76.0,6.0,0.10821198863204971,18.662712481380247
10445,108.0,77.0,0.0,77.0,6.0,0.9633601102069204,19.626072591587167
10446,108.0,78.0,0.0,78.0,6.0,0.2091349837990253,19.835207575386193
10447,108.0,79.0,0.0,79.0,6.0,0.308924290481592,20.144131865867784
10448,108.0,80.0,0.0,80.0,6.0,0.36321665879061876,20.507348524658404
10449,108.0,81.0,0.0,81.0,6.0,0.20104993189686238,20.708398456555265
10450,108.0,82.0,0.0,82.0,6.0,0.08900059238186646,20.79739904893713
10451,108.0,83.0,0.0,83.0,6.0,0.08544920153663012,20.88284825047376
10452,108.0,84.0,0.0,84.0,6.0,0.18216968160881716,21.065017932082576
10453,108.0,85.0,0.0,85.0,6.0,0.29928972735028064,21.364307659432857
10454,108.0,86.0,0.0,86.0,6.0,0.2355975950006196,21.599905254433477
10455,108.0,87.0,0.0,87.0,4.0,0.11081989247498787,21.710725146908466
10456,108.0,88.0,0.0,88.0,3.0,0.0,21.710725146908466
10457,108.0,89.0,0.0,89.0,6.0,0.46761061637242407,22.17833576328089
10458,108.0,90.0,0.0,90.0,6.0,0.0,22.17833576328089
10459,108.0,91.0,0.0,91.0,7.0,0.0,22.17833576328089
10460,108.0,92.0,0.0,92.0,4.0,0.024172346025505487,22.202508109306397
10461,108.0,93.0,0.0,93.0,6.0,0.1350995944228713,22.33760770372927
10462,108.0,94.0,0.0,94.0,5.0,0.3655504969632712,22.70315820069254
10463,108.0,95.0,0.0,95.0,5.0,0.13613113582277864,22.839289336515318
10464,109.0,0.0,0.0,0.0,0.0,0.0,0.0
10465,109.0,1.0,0.0,1.0,1.0,0.39739577573671786,0.39739577573671786
10466,109.0,2.0,0.0,2.0,2.0,0.0984534186733431,0.495849194410061
10467,109.0,3.0,0.0,3.0,3.0,0.31311875945201073,0.8089679538620718
10468,109.0,4.0,0.0,4.0,4.0,0.10016360891352999,0.9091315627756018
10469,109.0,5.0,0.0,5.0,5.0,0.07527754375067446,0.9844091065262762
10470,109.0,6.0,0.0,6.0,6.0,0.592467301916092,1.5768764084423683
10471,109.0,7.0,0.0,7.0,7.0,0.45856256848509114,2.0354389769274595
10472,109.0,8.0,0.0,8.0,6.0,0.4419319569723373,2.4773709338997967
10473,109.0,9.0,0.0,9.0,7.0,0.25759234324777713,2.734963277147574
10474,109.0,10.0,0.0,10.0,1.0,0.2107072265151842,2.945670503662758
10475,109.0,11.0,0.0,11.0,6.0,0.5398005436791784,3.485471047341936
10476,109.0,12.0,0.0,12.0,6.0,0.308924290481592,3.794395337823528
10477,109.0,13.0,0.0,13.0,3.0,0.7077056663835212,4.5021010042070495
10478,109.0,14.0,0.0,14.0,3.0,0.10654364171625509,4.608644645923305
10479,109.0,15.0,0.0,15.0,6.0,0.5609494988696637,5.169594144792969
10480,109.0,16.0,0.0,16.0,6.0,0.470561563191029,5.640155707983998
10481,109.0,17.0,0.0,17.0,7.0,0.3029126053848762,5.943068313368874
10482,109.0,18.0,0.0,18.0,6.0,0.07179891276627816,6.014867226135152
10483,109.0,19.0,0.0,19.0,3.0,0.030472832457272593,6.045340058592425
10484,109.0,20.0,0.0,20.0,1.0,0.9645942569749285,7.009934315567353
10485,109.0,21.0,0.0,21.0,1.0,0.43077514535649875,7.440709460923852
10486,109.0,22.0,0.0,22.0,1.0,0.11959474932936898,7.560304210253221
10487,109.0,23.0,0.0,23.0,1.0,0.29471142430324837,7.8550156345564695
10488,109.0,24.0,0.0,24.0,7.0,0.45898782090217066,8.31400345545864
10489,109.0,25.0,0.0,25.0,7.0,0.15727691362384175,8.47128036908248
10490,109.0,26.0,0.0,26.0,6.0,0.030996621679545998,8.502276990762025
10491,109.0,27.0,0.0,27.0,1.0,0.7207407501430242,9.22301774090505
10492,109.0,28.0,0.0,28.0,1.0,0.04317602104936086,9.26619376195441
10493,109.0,29.0,0.0,29.0,4.0,0.41110112443122054,9.677294886385631
10494,109.0,30.0,0.0,30.0,4.0,0.5401870119994172,10.21748189838505
10495,109.0,31.0,0.0,31.0,4.0,0.31800611952542285,10.535488017910472
10496,109.0,32.0,0.0,32.0,2.0,0.5201526156790977,11.05564063358957
10497,109.0,33.0,0.0,33.0,2.0,0.39818203123925505,11.453822664828825
10498,109.0,34.0,0.0,34.0,2.0,0.1113616455486472,11.565184310377473
10499,109.0,35.0,0.0,35.0,4.0,0.03244158328874442,11.597625893666217
10500,109.0,36.0,0.0,36.0,5.0,0.13613113582277864,11.733757029488997
10501,109.0,37.0,0.0,37.0,1.0,0.236338495393307,11.970095524882304
10502,109.0,38.0,0.0,38.0,6.0,0.7330812715508707,12.703176796433175
10503,109.0,39.0,0.0,39.0,6.0,0.11636299692256234,12.819539793355737
10504,109.0,40.0,0.0,40.0,7.0,0.5762895628867217,13.395829356242459
10505,109.0,41.0,0.0,41.0,7.0,0.21288313045197185,13.608712486694431
10506,109.0,42.0,0.0,42.0,1.0,0.2217983483299603,13.830510835024391
10507,109.0,43.0,0.0,43.0,6.0,0.06692797541129325,13.897438810435684
10508,109.0,44.0,0.0,44.0,3.0,0.21444009859115623,14.11187890902684
10509,109.0,45.0,0.0,45.0,7.0,0.34149124243916545,14.453370151466006
10510,109.0,46.0,0.0,46.0,2.0,0.482186826413389,14.935556977879395
10511,109.0,47.0,0.0,47.0,2.0,0.0,14.935556977879395
10512,109.0,48.0,0.0,48.0,7.0,0.0,14.935556977879395
10513,109.0,49.0,0.0,49.0,1.0,0.06877401020269108,15.004330988082087
10514,109.0,50.0,0.0,50.0,6.0,0.002161454739645614,15.006492442821733
10515,109.0,51.0,0.0,51.0,4.0,0.23110148611791392,15.237593928939647
10516,109.0,52.0,0.0,52.0,0.0,0.0,15.237593928939647
10517,109.0,53.0,0.0,53.0,3.0,0.03301525633795021,15.270609185277598
10518,109.0,54.0,0.0,54.0,1.0,0.0,15.270609185277598
10519,109.0,55.0,0.0,55.0,4.0,0.0,15.270609185277598
10520,109.0,56.0,0.0,56.0,7.0,0.13016600678161144,15.400775192059209
10521,109.0,57.0,0.0,57.0,2.0,0.0,15.400775192059209
10522,109.0,58.0,0.0,58.0,6.0,0.525530725813632,15.92630591787284
10523,109.0,59.0,0.0,59.0,6.0,0.09260082505258796,16.018906742925427
10524,109.0,60.0,0.0,60.0,5.0,0.07695982053318112,16.095866563458607
10525,109.0,61.0,0.0,61.0,6.0,0.39899739331314654,16.494863956771752
10526,109.0,62.0,0.0,62.0,6.0,0.46120539576978026,16.956069352541533
10527,109.0,63.0,0.0,63.0,6.0,0.060843244270408124,17.01691259681194
10528,109.0,64.0,0.0,64.0,1.0,0.1735308598711164,17.19044345668306
10529,109.0,65.0,0.0,65.0,7.0,0.0,17.19044345668306
10530,109.0,66.0,0.0,66.0,6.0,0.7074564648856323,17.89789992156869
10531,109.0,67.0,0.0,67.0,6.0,0.04941931180611817,17.94731923337481
10532,109.0,68.0,0.0,68.0,6.0,0.5048327715259897,18.4521520049008
10533,109.0,69.0,0.0,69.0,6.0,0.456597589962221,18.90874959486302
10534,109.0,70.0,0.0,70.0,6.0,0.31122773400729964,19.21997732887032
10535,109.0,71.0,0.0,71.0,6.0,0.2624626141648409,19.48243994303516
10536,109.0,72.0,0.0,72.0,6.0,0.0,19.48243994303516
10537,109.0,73.0,0.0,73.0,3.0,0.48312616217283766,19.965566105207998
10538,109.0,74.0,0.0,74.0,3.0,0.19321782807184884,20.158783933279846
10539,109.0,75.0,0.0,75.0,1.0,0.8012578002674544,20.9600417335473
10540,109.0,76.0,0.0,76.0,1.0,0.7864352531193769,21.746476986666675
10541,109.0,77.0,0.0,77.0,1.0,0.1521898058916304,21.898666792558306
10542,109.0,78.0,0.0,78.0,1.0,0.29156994495680316,22.190236737515107
10543,109.0,79.0,0.0,79.0,1.0,0.0,22.190236737515107
10544,109.0,80.0,0.0,80.0,1.0,0.09468128799662574,22.284918025511733
10545,109.0,81.0,0.0,81.0,3.0,0.13898763859318042,22.423905664104915
10546,109.0,82.0,0.0,82.0,1.0,0.24526319585689446,22.669168859961808
10547,109.0,83.0,0.0,83.0,6.0,0.45154853925075483,23.120717399212563
10548,109.0,84.0,0.0,84.0,6.0,0.3731406200505958,23.493858019263158
10549,109.0,85.0,0.0,85.0,6.0,0.8206264844566112,24.31448450371977
10550,109.0,86.0,0.0,86.0,6.0,0.19237477602684144,24.50685927974661
10551,109.0,87.0,0.0,87.0,6.0,0.12662947121033713,24.633488750956946
10552,109.0,88.0,0.0,88.0,6.0,0.0,24.633488750956946
10553,109.0,89.0,0.0,89.0,1.0,0.031550322030998015,24.665039072987945
10554,109.0,90.0,0.0,90.0,4.0,0.5189731442966758,25.18401221728462
10555,109.0,91.0,0.0,91.0,4.0,0.06308539271434067,25.247097609998963
10556,109.0,92.0,0.0,92.0,2.0,0.1731947690353173,25.42029237903428
10557,109.0,93.0,0.0,93.0,6.0,0.398606424860819,25.8188988038951
10558,109.0,94.0,0.0,94.0,6.0,0.15948567313383155,25.978384477028932
10559,109.0,95.0,0.0,95.0,7.0,0.11500588206885451,26.093390359097786
10560,110.0,0.0,0.0,0.0,0.0,0.0,0.0
10561,110.0,1.0,0.0,1.0,1.0,0.14763267170963074,0.14763267170963074
10562,110.0,2.0,0.0,2.0,2.0,0.3746667969555425,0.5222994686651732
10563,110.0,3.0,0.0,3.0,3.0,0.26702269374071647,0.7893221624058897
10564,110.0,4.0,0.0,4.0,4.0,0.01616105790717103,0.8054832203130607
10565,110.0,5.0,0.0,5.0,5.0,0.3355502795163708,1.1410334998294316
10566,110.0,6.0,0.0,6.0,6.0,0.398606424860819,1.5396399246902506
10567,110.0,7.0,0.0,7.0,7.0,0.45690301731070837,1.9965429420009588
10568,110.0,8.0,0.0,8.0,7.0,0.658941602314391,2.6554845443153496
10569,110.0,9.0,0.0,9.0,7.0,0.6946860763679339,3.3501706206832838
10570,110.0,10.0,0.0,10.0,6.0,0.5398005436791784,3.8899711643624624
10571,110.0,11.0,0.0,11.0,7.0,0.4410508038344497,4.331021968196912
10572,110.0,12.0,0.0,12.0,2.0,0.40138850547070165,4.732410473667613
10573,110.0,13.0,0.0,13.0,5.0,0.0,4.732410473667613
10574,110.0,14.0,0.0,14.0,6.0,0.46621206372626145,5.198622537393875
10575,110.0,15.0,0.0,15.0,7.0,0.0,5.198622537393875
10576,110.0,16.0,0.0,16.0,3.0,0.0,5.198622537393875
10577,110.0,17.0,0.0,17.0,6.0,0.12433874510598864,5.322961282499863
10578,110.0,18.0,0.0,18.0,2.0,0.1731947690353173,5.496156051535181
10579,110.0,19.0,0.0,19.0,7.0,0.0,5.496156051535181
10580,110.0,20.0,0.0,20.0,1.0,0.5350809140500077,6.0312369655851885
10581,110.0,21.0,0.0,21.0,1.0,0.3177036958205914,6.34894066140578
10582,110.0,22.0,0.0,22.0,6.0,0.7377651793174987,7.086705840723279
10583,110.0,23.0,0.0,23.0,6.0,0.18466604549596066,7.27137188621924
10584,110.0,24.0,0.0,24.0,1.0,0.23376214866150832,7.505134034880748
10585,110.0,25.0,0.0,25.0,6.0,0.0,7.505134034880748
10586,110.0,26.0,0.0,26.0,2.0,0.5913394163650157,8.096473451245764
10587,110.0,27.0,0.0,27.0,2.0,0.0,8.096473451245764
10588,110.0,28.0,0.0,28.0,7.0,0.15727691362384175,8.253750364869605
10589,110.0,29.0,0.0,29.0,1.0,0.15606839806007136,8.409818762929676
10590,110.0,30.0,0.0,30.0,6.0,0.6681191236917254,9.077937886621402
10591,110.0,31.0,0.0,31.0,6.0,0.23042860433100323,9.308366490952405
10592,110.0,32.0,0.0,32.0,6.0,0.0206337541478017,9.329000245100207
10593,110.0,33.0,0.0,33.0,7.0,0.05063330393183056,9.379633549032038
10594,110.0,34.0,0.0,34.0,2.0,0.3083246732118922,9.68795822224393
10595,110.0,35.0,0.0,35.0,5.0,0.09067390774368256,9.778632129987612
10596,110.0,36.0,0.0,36.0,4.0,0.0,9.778632129987612
10597,110.0,37.0,0.0,37.0,2.0,0.0,9.778632129987612
10598,110.0,38.0,0.0,38.0,1.0,0.0,9.778632129987612
10599,110.0,39.0,0.0,39.0,0.0,0.15235659301307192,9.930988723000684
10600,110.0,40.0,0.0,40.0,6.0,0.5211461016164569,10.452134824617142
10601,110.0,41.0,0.0,41.0,6.0,0.43814959519287755,10.890284419810019
10602,110.0,42.0,0.0,42.0,6.0,0.0,10.890284419810019
10603,110.0,43.0,0.0,43.0,3.0,0.17451251960862407,11.064796939418644
10604,110.0,44.0,0.0,44.0,7.0,0.0,11.064796939418644
10605,110.0,45.0,0.0,45.0,6.0,0.22700732154927955,11.291804260967924
10606,110.0,46.0,0.0,46.0,6.0,0.8206264844566112,12.112430745424534
10607,110.0,47.0,0.0,47.0,6.0,0.20104993189686238,12.313480677321397
10608,110.0,48.0,0.0,48.0,6.0,0.002161454739645614,12.315642132061043
10609,110.0,49.0,0.0,49.0,2.0,0.5537602076296071,12.86940233969065
10610,110.0,50.0,0.0,50.0,2.0,0.0,12.86940233969065
10611,110.0,51.0,0.0,51.0,6.0,0.4419319569723373,13.311334296662988
10612,110.0,52.0,0.0,52.0,6.0,0.08326994649709853,13.394604243160087
10613,110.0,53.0,0.0,53.0,7.0,0.22951623073539107,13.624120473895477
10614,110.0,54.0,0.0,54.0,6.0,0.2624626141648409,13.886583088060318
10615,110.0,55.0,0.0,55.0,3.0,0.18053033147432693,14.067113419534644
10616,110.0,56.0,0.0,56.0,1.0,0.04845925959332829,14.115572679127972
10617,110.0,57.0,0.0,57.0,2.0,0.1588172883297803,14.274389967457752
10618,110.0,58.0,0.0,58.0,5.0,0.0,14.274389967457752
10619,110.0,59.0,0.0,59.0,6.0,0.31122773400729964,14.585617701465052
10620,110.0,60.0,0.0,60.0,0.0,0.3052502660187513,14.890867967483803
10621,110.0,61.0,0.0,61.0,0.0,0.0,14.890867967483803
10622,110.0,62.0,0.0,62.0,6.0,0.08900059238186646,14.97986855986567
10623,110.0,63.0,0.0,63.0,7.0,0.0,14.97986855986567
10624,110.0,64.0,0.0,64.0,6.0,0.08569355050034418,15.065562110366015
10625,110.0,65.0,0.0,65.0,2.0,0.0,15.065562110366015
10626,110.0,66.0,0.0,66.0,3.0,0.07608616683900467,15.14164827720502
10627,110.0,67.0,0.0,67.0,6.0,0.2091349837990253,15.350783261004045
10628,110.0,68.0,0.0,68.0,6.0,0.02152766918353003,15.372310930187576
10629,110.0,69.0,0.0,69.0,7.0,0.025365823974029863,15.397676754161605
10630,110.0,70.0,0.0,70.0,1.0,0.0766334705336081,15.474310224695213
10631,110.0,71.0,0.0,71.0,2.0,0.17796714865995647,15.652277373355169
10632,110.0,72.0,0.0,72.0,6.0,0.5198631933975867,16.172140566752756
10633,110.0,73.0,0.0,73.0,6.0,0.0,16.172140566752756
10634,110.0,74.0,0.0,74.0,6.0,0.592467301916092,16.764607868668847
10635,110.0,75.0,0.0,75.0,6.0,0.19237477602684144,16.95698264469569
10636,110.0,76.0,0.0,76.0,6.0,0.4832391209848758,17.440221765680565
10637,110.0,77.0,0.0,77.0,6.0,0.0,17.440221765680565
10638,110.0,78.0,0.0,78.0,6.0,0.2690884433507071,17.709310209031273
10639,110.0,79.0,0.0,79.0,6.0,0.09260082505258796,17.80191103408386
10640,110.0,80.0,0.0,80.0,2.0,0.2732812363944383,18.0751922704783
10641,110.0,81.0,0.0,81.0,7.0,0.06863775353354312,18.143830024011844
10642,110.0,82.0,0.0,82.0,2.0,0.01598791051695434,18.1598179345288
10643,110.0,83.0,0.0,83.0,6.0,0.5064850022994652,18.666302936828266
10644,110.0,84.0,0.0,84.0,6.0,0.19330425654839078,18.859607193376657
10645,110.0,85.0,0.0,85.0,6.0,0.2358206865923345,19.09542787996899
10646,110.0,86.0,0.0,86.0,1.0,0.1178259592096348,19.213253839178627
10647,110.0,87.0,0.0,87.0,6.0,0.012116503352960235,19.225370342531587
10648,110.0,88.0,0.0,88.0,0.0,0.47815931578689846,19.703529658318484
10649,110.0,89.0,0.0,89.0,0.0,0.0,19.703529658318484
10650,110.0,90.0,0.0,90.0,3.0,0.24065638461266484,19.94418604293115
10651,110.0,91.0,0.0,91.0,4.0,0.08483909213874269,20.029025135069894
10652,110.0,92.0,0.0,92.0,3.0,0.6916736699244181,20.720698804994313
10653,110.0,93.0,0.0,93.0,3.0,0.20758298031156905,20.92828178530588
10654,110.0,94.0,0.0,94.0,3.0,0.0,20.92828178530588
10655,110.0,95.0,0.0,95.0,3.0,0.0,20.92828178530588
10656,111.0,0.0,0.0,0.0,0.0,0.11885831032078227,0.11885831032078227
10657,111.0,1.0,0.0,1.0,1.0,0.625716871682588,0.7445751820033704
10658,111.0,2.0,0.0,2.0,2.0,0.05071475147700608,0.7952899334803765
10659,111.0,3.0,0.0,3.0,3.0,0.6012094297445113,1.3964993632248879
10660,111.0,4.0,0.0,4.0,4.0,0.0456160838408476,1.4421154470657356
10661,111.0,5.0,0.0,5.0,5.0,0.0908247463196243,1.53294019338536
10662,111.0,6.0,0.0,6.0,6.0,0.456597589962221,1.989537783347581
10663,111.0,7.0,0.0,7.0,7.0,0.15884992243992793,2.148387705787509
10664,111.0,8.0,0.0,8.0,1.0,0.0,2.148387705787509
10665,111.0,9.0,0.0,9.0,3.0,0.10133948080521624,2.2497271865927253
10666,111.0,10.0,0.0,10.0,6.0,0.38423498309596005,2.6339621696886852
10667,111.0,11.0,0.0,11.0,6.0,0.3116598759686686,2.9456220456573536
10668,111.0,12.0,0.0,12.0,3.0,0.07153296251594632,3.0171550081733
10669,111.0,13.0,0.0,13.0,6.0,0.3286820084901565,3.345837016663457
10670,111.0,14.0,0.0,14.0,1.0,0.04845925959332829,3.394296276256785
10671,111.0,15.0,0.0,15.0,7.0,0.15727691362384175,3.551573189880627
10672,111.0,16.0,0.0,16.0,6.0,0.08569355050034418,3.637266740380971
10673,111.0,17.0,0.0,17.0,0.0,0.0766001135159025,3.7138668538968735
10674,111.0,18.0,0.0,18.0,5.0,0.0,3.7138668538968735
10675,111.0,19.0,0.0,19.0,2.0,0.19074406487779483,3.9046109187746683
10676,111.0,20.0,0.0,20.0,3.0,0.09565973087312887,4.000270649647797
10677,111.0,21.0,0.0,21.0,4.0,0.15261367299991715,4.152884322647714
10678,111.0,22.0,0.0,22.0,6.0,0.1370475401392327,4.289931862786947
10679,111.0,23.0,0.0,23.0,1.0,0.21643836357841792,4.506370226365365
10680,111.0,24.0,0.0,24.0,7.0,0.24252754759834638,4.748897773963711
10681,111.0,25.0,0.0,25.0,6.0,0.45661860173922436,5.205516375702936
10682,111.0,26.0,0.0,26.0,6.0,0.012116503352960235,5.217632879055896
10683,111.0,27.0,0.0,27.0,7.0,0.06166327491542525,5.279296153971321
10684,111.0,28.0,0.0,28.0,2.0,0.0,5.279296153971321
10685,111.0,29.0,0.0,29.0,1.0,0.31376821855801423,5.5930643725293345
10686,111.0,30.0,0.0,30.0,3.0,0.10860300214653837,5.701667374675873
10687,111.0,31.0,0.0,31.0,1.0,0.11896244309851166,5.8206298177743845
10688,111.0,32.0,0.0,32.0,4.0,0.0,5.8206298177743845
10689,111.0,33.0,0.0,33.0,0.0,0.0,5.8206298177743845
10690,111.0,34.0,0.0,34.0,6.0,0.754797882045112,6.575427699819496
10691,111.0,35.0,0.0,35.0,6.0,0.31122773400729964,6.886655433826796
10692,111.0,36.0,0.0,36.0,6.0,0.0,6.886655433826796
10693,111.0,37.0,0.0,37.0,6.0,0.060843244270408124,6.947498678097205
10694,111.0,38.0,0.0,38.0,1.0,0.15225671869257557,7.09975539678978
10695,111.0,39.0,0.0,39.0,6.0,0.0,7.09975539678978
10696,111.0,40.0,0.0,40.0,3.0,0.5930123040989156,7.692767700888695
10697,111.0,41.0,0.0,41.0,3.0,0.27104019678738106,7.963807897676077
10698,111.0,42.0,0.0,42.0,3.0,0.00048590855662026,7.964293806232697
10699,111.0,43.0,0.0,43.0,3.0,0.31273620845765815,8.277030014690355
10700,111.0,44.0,0.0,44.0,3.0,0.008668876753709993,8.285698891444065
10701,111.0,45.0,0.0,45.0,7.0,0.0,8.285698891444065
10702,111.0,46.0,0.0,46.0,1.0,0.05668020652621607,8.342379097970282
10703,111.0,47.0,0.0,47.0,5.0,0.0,8.342379097970282
10704,111.0,48.0,0.0,48.0,6.0,0.3152014117071101,8.657580509677391
10705,111.0,49.0,0.0,49.0,6.0,0.0,8.657580509677391
10706,111.0,50.0,0.0,50.0,3.0,0.07352085026470992,8.731101359942102
10707,111.0,51.0,0.0,51.0,6.0,0.0,8.731101359942102
10708,111.0,52.0,0.0,52.0,2.0,0.0009678536600830689,8.732069213602184
10709,111.0,53.0,0.0,53.0,1.0,0.2336797832809992,8.965748996883184
10710,111.0,54.0,0.0,54.0,1.0,0.0,8.965748996883184
10711,111.0,55.0,0.0,55.0,4.0,0.2352620848249543,9.201011081708138
10712,111.0,56.0,0.0,56.0,4.0,0.6166947510523849,9.817705832760524
10713,111.0,57.0,0.0,57.0,4.0,0.14496949301802708,9.962675325778552
10714,111.0,58.0,0.0,58.0,4.0,0.0,9.962675325778552
10715,111.0,59.0,0.0,59.0,4.0,0.12114345880479456,10.083818784583347
10716,111.0,60.0,0.0,60.0,3.0,0.07173524956865848,10.155554034152004
10717,111.0,61.0,0.0,61.0,0.0,0.4367721168526441,10.592326151004649
10718,111.0,62.0,0.0,62.0,0.0,0.12325565854824504,10.715581809552894
10719,111.0,63.0,0.0,63.0,0.0,0.33003064520520264,11.045612454758096
10720,111.0,64.0,0.0,64.0,0.0,0.024187376084340982,11.069799830842438
10721,111.0,65.0,0.0,65.0,6.0,0.15870422142553076,11.228504052267969
10722,111.0,66.0,0.0,66.0,7.0,0.35893392020488385,11.587437972472852
10723,111.0,67.0,0.0,67.0,7.0,0.08816257292987052,11.675600545402723
10724,111.0,68.0,0.0,68.0,0.0,0.049788940430507446,11.725389485833231
10725,111.0,69.0,0.0,69.0,6.0,0.030996621679545998,11.756386107512776
10726,111.0,70.0,0.0,70.0,7.0,0.2094357913069121,11.965821898819689
10727,111.0,71.0,0.0,71.0,4.0,0.3845164824990986,12.350338381318787
10728,111.0,72.0,0.0,72.0,4.0,0.3097901048969641,12.66012848621575
10729,111.0,73.0,0.0,73.0,4.0,0.5318065204421886,13.191935006657939
10730,111.0,74.0,0.0,74.0,4.0,0.35662687216539196,13.548561878823332
10731,111.0,75.0,0.0,75.0,4.0,0.35410539327964946,13.902667272102981
10732,111.0,76.0,0.0,76.0,4.0,0.005519628586349254,13.90818690068933
10733,111.0,77.0,0.0,77.0,4.0,0.3406652420848293,14.24885214277416
10734,111.0,78.0,0.0,78.0,4.0,0.3716799242424243,14.620532067016585
10735,111.0,79.0,0.0,79.0,4.0,0.42565478925164,15.046186856268225
10736,111.0,80.0,0.0,80.0,4.0,0.0,15.046186856268225
10737,111.0,81.0,0.0,81.0,4.0,0.786538645224503,15.832725501492728
10738,111.0,82.0,0.0,82.0,4.0,0.18805542412596601,16.020780925618695
10739,111.0,83.0,0.0,83.0,4.0,0.15590532879380598,16.176686254412502
10740,111.0,84.0,0.0,84.0,4.0,0.07465631834671323,16.251342572759214
10741,111.0,85.0,0.0,85.0,4.0,0.014489782945512395,16.265832355704728
10742,111.0,86.0,0.0,86.0,4.0,0.04666036375174277,16.312492719456472
10743,111.0,87.0,0.0,87.0,4.0,0.05778005683271747,16.37027277628919
10744,111.0,88.0,0.0,88.0,3.0,0.3813698300550875,16.75164260634428
10745,111.0,89.0,0.0,89.0,3.0,0.0,16.75164260634428
10746,111.0,90.0,0.0,90.0,7.0,0.26478666827767994,17.01642927462196
10747,111.0,91.0,0.0,91.0,7.0,0.34149124243916545,17.357920517061125
10748,111.0,92.0,0.0,92.0,7.0,0.05063330393183056,17.408553820992957
10749,111.0,93.0,0.0,93.0,1.0,0.0,17.408553820992957
10750,111.0,94.0,0.0,94.0,6.0,0.12433874510598864,17.532892566098944
10751,111.0,95.0,0.0,95.0,4.0,0.29095081075282125,17.823843376851766
10752,112.0,0.0,0.0,0.0,0.0,0.11885831032078227,0.11885831032078227
10753,112.0,1.0,0.0,1.0,1.0,0.39051636555348407,0.5093746758742663
10754,112.0,2.0,0.0,2.0,2.0,0.21976599108420175,0.7291406669584681
10755,112.0,3.0,0.0,3.0,3.0,0.26914273809568673,0.9982834050541549
10756,112.0,4.0,0.0,4.0,4.0,0.6296318563139507,1.6279152613681056
10757,112.0,5.0,0.0,5.0,5.0,0.0,1.6279152613681056
10758,112.0,6.0,0.0,6.0,6.0,0.3152014117071101,1.9431166730752156
10759,112.0,7.0,0.0,7.0,7.0,0.6859517409375426,2.6290684140127585
10760,112.0,8.0,0.0,8.0,7.0,0.34149124243916545,2.970559656451924
10761,112.0,9.0,0.0,9.0,4.0,0.0702652958566233,3.0408249523085473
10762,112.0,10.0,0.0,10.0,1.0,0.40114156826807473,3.441966520576622
10763,112.0,11.0,0.0,11.0,7.0,0.24291591879383728,3.6848824393704596
10764,112.0,12.0,0.0,12.0,6.0,0.46120539576978026,4.14608783514024
10765,112.0,13.0,0.0,13.0,3.0,0.5566120011411148,4.702699836281355
10766,112.0,14.0,0.0,14.0,3.0,0.0,4.702699836281355
10767,112.0,15.0,0.0,15.0,1.0,0.640526367398124,5.343226203679479
10768,112.0,16.0,0.0,16.0,1.0,0.2129057638025988,5.556131967482078
10769,112.0,17.0,0.0,17.0,6.0,0.08544920153663012,5.641581169018708
10770,112.0,18.0,0.0,18.0,2.0,0.07300531851332406,5.714586487532032
10771,112.0,19.0,0.0,19.0,7.0,0.4048413410201004,6.119427828552133
10772,112.0,20.0,0.0,20.0,4.0,0.5401870119994172,6.65961484055155
10773,112.0,21.0,0.0,21.0,4.0,0.19670552128951685,6.856320361841067
10774,112.0,22.0,0.0,22.0,7.0,0.0,6.856320361841067
10775,112.0,23.0,0.0,23.0,1.0,0.0,6.856320361841067
10776,112.0,24.0,0.0,24.0,0.0,0.30754911887660585,7.163869480717673
10777,112.0,25.0,0.0,25.0,4.0,0.04666036375174277,7.2105298444694155
10778,112.0,26.0,0.0,26.0,6.0,0.8206264844566112,8.031156328926027
10779,112.0,27.0,0.0,27.0,6.0,0.14053761898862807,8.171693947914655
10780,112.0,28.0,0.0,28.0,6.0,0.4832391209848758,8.654933068899531
10781,112.0,29.0,0.0,29.0,6.0,0.02152766918353003,8.676460738083062
10782,112.0,30.0,0.0,30.0,0.0,0.0,8.676460738083062
10783,112.0,31.0,0.0,31.0,3.0,0.030472832457272593,8.706933570540334
10784,112.0,32.0,0.0,32.0,7.0,0.041228864090092084,8.748162434630427
10785,112.0,33.0,0.0,33.0,1.0,0.055820590489851885,8.803983025120278
10786,112.0,34.0,0.0,34.0,6.0,0.4419319569723373,9.245914982092616
10787,112.0,35.0,0.0,35.0,6.0,0.12662947121033713,9.372544453302954
10788,112.0,36.0,0.0,36.0,4.0,0.0,9.372544453302954
10789,112.0,37.0,0.0,37.0,5.0,0.07041269781241034,9.442957151115364
10790,112.0,38.0,0.0,38.0,2.0,0.17796714865995647,9.62092429977532
10791,112.0,39.0,0.0,39.0,7.0,0.3191817414767788,9.940106041252099
10792,112.0,40.0,0.0,40.0,6.0,0.7615432087357681,10.701649249987867
10793,112.0,41.0,0.0,41.0,6.0,0.012116503352960235,10.713765753340827
10794,112.0,42.0,0.0,42.0,1.0,0.6458467227103142,11.35961247605114
10795,112.0,43.0,0.0,43.0,1.0,0.29156994495680316,11.651182421007944
10796,112.0,44.0,0.0,44.0,1.0,0.0,11.651182421007944
10797,112.0,45.0,0.0,45.0,6.0,0.46655973523908206,12.117742156247026
10798,112.0,46.0,0.0,46.0,6.0,0.1350995944228713,12.252841750669898
10799,112.0,47.0,0.0,47.0,7.0,0.4478551091326492,12.700696859802546
10800,112.0,48.0,0.0,48.0,7.0,0.11139279735658204,12.81208965715913
10801,112.0,49.0,0.0,49.0,6.0,0.2091349837990253,13.021224640958154
10802,112.0,50.0,0.0,50.0,3.0,0.17451251960862407,13.195737160566779
10803,112.0,51.0,0.0,51.0,1.0,0.5102676826124355,13.706004843179214
10804,112.0,52.0,0.0,52.0,1.0,0.5191650371090091,14.225169880288222
10805,112.0,53.0,0.0,53.0,1.0,0.31376821855801423,14.538938098846236
10806,112.0,54.0,0.0,54.0,1.0,0.185681072301442,14.724619171147678
10807,112.0,55.0,0.0,55.0,1.0,0.7864352531193769,15.511054424267055
10808,112.0,56.0,0.0,56.0,1.0,0.3409891715042017,15.852043595771256
10809,112.0,57.0,0.0,57.0,1.0,0.7207407501430242,16.57278434591428
10810,112.0,58.0,0.0,58.0,1.0,0.2923975416172881,16.865181887531566
10811,112.0,59.0,0.0,59.0,1.0,0.15225671869257557,17.017438606224143
10812,112.0,60.0,0.0,60.0,1.0,0.11896244309851166,17.136401049322654
10813,112.0,61.0,0.0,61.0,1.0,0.023156626925220768,17.159557676247875
10814,112.0,62.0,0.0,62.0,7.0,0.031039358450981096,17.190597034698857
10815,112.0,63.0,0.0,63.0,6.0,0.0206337541478017,17.21123078884666
10816,112.0,64.0,0.0,64.0,4.0,0.36899642420942863,17.580227213056087
10817,112.0,65.0,0.0,65.0,4.0,0.13505835684833514,17.715285569904424
10818,112.0,66.0,0.0,66.0,2.0,0.44976625428900363,18.165051824193426
10819,112.0,67.0,0.0,67.0,2.0,0.38831574574861955,18.553367569942047
10820,112.0,68.0,0.0,68.0,2.0,0.482186826413389,19.035554396355437
10821,112.0,69.0,0.0,69.0,2.0,0.0,19.035554396355437
10822,112.0,70.0,0.0,70.0,2.0,0.04195847045540713,19.077512866810842
10823,112.0,71.0,0.0,71.0,1.0,0.11959474932936898,19.19710761614021
10824,112.0,72.0,0.0,72.0,0.0,0.18032739676781326,19.377435012908023
10825,112.0,73.0,0.0,73.0,3.0,0.20186904139831627,19.57930405430634
10826,112.0,74.0,0.0,74.0,6.0,0.11636299692256234,19.695667051228902
10827,112.0,75.0,0.0,75.0,1.0,0.0,19.695667051228902
10828,112.0,76.0,0.0,76.0,4.0,0.6166947510523849,20.312361802281288
10829,112.0,77.0,0.0,77.0,4.0,0.11081989247498787,20.423181694756277
10830,112.0,78.0,0.0,78.0,4.0,0.3376566388633923,20.76083833361967
10831,112.0,79.0,0.0,79.0,4.0,0.11041446593207717,20.871252799551748
10832,112.0,80.0,0.0,80.0,7.0,0.1302687467552846,21.001521546307032
10833,112.0,81.0,0.0,81.0,6.0,0.0989051148392537,21.100426661146287
10834,112.0,82.0,0.0,82.0,1.0,0.0,21.100426661146287
10835,112.0,83.0,0.0,83.0,3.0,0.26702269374071647,21.367449354887004
10836,112.0,84.0,0.0,84.0,4.0,0.3815607206079411,21.749010075494944
10837,112.0,85.0,0.0,85.0,4.0,0.0,21.749010075494944
10838,112.0,86.0,0.0,86.0,2.0,0.0984534186733431,21.847463494168288
10839,112.0,87.0,0.0,87.0,3.0,0.008668876753709993,21.856132370921998
10840,112.0,88.0,0.0,88.0,0.0,0.0,21.856132370921998
10841,112.0,89.0,0.0,89.0,7.0,0.4410508038344497,22.297183174756448
10842,112.0,90.0,0.0,90.0,7.0,0.6820921113526627,22.97927528610911
10843,112.0,91.0,0.0,91.0,7.0,0.18383185769136598,23.163107143800477
10844,112.0,92.0,0.0,92.0,7.0,0.15961076329720134,23.32271790709768
10845,112.0,93.0,0.0,93.0,7.0,0.10038865027494817,23.423106557372627
10846,112.0,94.0,0.0,94.0,6.0,0.04941931180611817,23.472525869178746
10847,112.0,95.0,0.0,95.0,1.0,0.0930474388599168,23.565573308038662
10848,113.0,0.0,0.0,0.0,0.0,0.12325565854824504,0.12325565854824504
10849,113.0,1.0,0.0,1.0,1.0,0.004865038927265206,0.12812069747551025
10850,113.0,2.0,0.0,2.0,2.0,0.03427022523850223,0.16239092271401248
10851,113.0,3.0,0.0,3.0,3.0,0.25616649659567714,0.4185574193096896
10852,113.0,4.0,0.0,4.0,4.0,0.30316141851187267,0.7217188378215622
10853,113.0,5.0,0.0,5.0,5.0,0.5943235436047835,1.3160423814263456
10854,113.0,6.0,0.0,6.0,6.0,0.15870422142553076,1.4747466028518763
10855,113.0,7.0,0.0,7.0,7.0,0.0,1.4747466028518763
10856,113.0,8.0,0.0,8.0,5.0,0.07377049642032883,1.548517099272205
10857,113.0,9.0,0.0,9.0,4.0,0.1365648802244922,1.6850819794966974
10858,113.0,10.0,0.0,10.0,3.0,0.20758298031156905,1.8926649598082663
10859,113.0,11.0,0.0,11.0,5.0,0.015747168809085662,1.9084121286173519
10860,113.0,12.0,0.0,12.0,6.0,0.9633601102069204,2.8717722388242723
10861,113.0,13.0,0.0,13.0,6.0,0.18216968160881716,3.0539419204330893
10862,113.0,14.0,0.0,14.0,6.0,0.18788376889070377,3.241825689323793
10863,113.0,15.0,0.0,15.0,0.0,0.01491556061691698,3.2567412499407102
10864,113.0,16.0,0.0,16.0,6.0,0.470561563191029,3.727302813131739
10865,113.0,17.0,0.0,17.0,6.0,0.18466604549596066,3.9119688586277
10866,113.0,18.0,0.0,18.0,3.0,0.5566120011411148,4.468580859768815
10867,113.0,19.0,0.0,19.0,3.0,0.06695124930527994,4.5355321090740945
10868,113.0,20.0,0.0,20.0,4.0,0.14496949301802708,4.6805016020921215
10869,113.0,21.0,0.0,21.0,6.0,0.09260082505258796,4.77310242714471
10870,113.0,22.0,0.0,22.0,2.0,0.07300531851332406,4.846107745658034
10871,113.0,23.0,0.0,23.0,3.0,0.2794877389564897,5.125595484614523
10872,113.0,24.0,0.0,24.0,5.0,0.09069293668371073,5.216288421298234
10873,113.0,25.0,0.0,25.0,6.0,0.1938598477639666,5.4101482690622005
10874,113.0,26.0,0.0,26.0,1.0,0.11896244309851166,5.529110712160712
10875,113.0,27.0,0.0,27.0,7.0,0.21001575520798305,5.739126467368695
10876,113.0,28.0,0.0,28.0,3.0,0.12261651967535435,5.861742987044049
10877,113.0,29.0,0.0,29.0,4.0,0.6273379479591693,6.489080935003218
10878,113.0,30.0,0.0,30.0,4.0,0.0,6.489080935003218
10879,113.0,31.0,0.0,31.0,6.0,0.11636299692256234,6.60544393192578
10880,113.0,32.0,0.0,32.0,4.0,0.15590532879380598,6.761349260719586
10881,113.0,33.0,0.0,33.0,7.0,0.6820921113526627,7.443441372072249
10882,113.0,34.0,0.0,34.0,7.0,0.14046681190174445,7.5839081839739935
10883,113.0,35.0,0.0,35.0,7.0,0.12720264438925566,7.711110828363249
10884,113.0,36.0,0.0,36.0,7.0,0.1302687467552846,7.841379575118533
10885,113.0,37.0,0.0,37.0,3.0,0.011662364837897463,7.85304193995643
10886,113.0,38.0,0.0,38.0,6.0,0.46120539576978026,8.314247335726211
10887,113.0,39.0,0.0,39.0,6.0,0.0,8.314247335726211
10888,113.0,40.0,0.0,40.0,5.0,0.07525820400177534,8.389505539727987
10889,113.0,41.0,0.0,41.0,4.0,0.11041446593207717,8.499920005660064
10890,113.0,42.0,0.0,42.0,6.0,0.528994261355651,9.028914267015715
10891,113.0,43.0,0.0,43.0,6.0,0.38423498309596005,9.413149250111674
10892,113.0,44.0,0.0,44.0,6.0,0.2690884433507071,9.682237693462382
10893,113.0,45.0,0.0,45.0,6.0,0.20751175649518033,9.889749449957561
10894,113.0,46.0,0.0,46.0,0.0,0.11717595902856863,10.00692540898613
10895,113.0,47.0,0.0,47.0,6.0,0.3286820084901565,10.335607417476286
10896,113.0,48.0,0.0,48.0,6.0,0.40586275112066333,10.74147016859695
10897,113.0,49.0,0.0,49.0,6.0,0.12662947121033713,10.868099639807287
10898,113.0,50.0,0.0,50.0,7.0,0.0,10.868099639807287
10899,113.0,51.0,0.0,51.0,1.0,0.21643836357841792,11.084538003385704
10900,113.0,52.0,0.0,52.0,6.0,0.36321665879061876,11.447754662176322
10901,113.0,53.0,0.0,53.0,6.0,0.09243667781140737,11.54019133998773
10902,113.0,54.0,0.0,54.0,2.0,0.3195571986524608,11.859748538640192
10903,113.0,55.0,0.0,55.0,2.0,0.4833660339380995,12.34311457257829
10904,113.0,56.0,0.0,56.0,2.0,0.27508209868767286,12.618196671265963
10905,113.0,57.0,0.0,57.0,2.0,0.07148233893511084,12.689679010201074
10906,113.0,58.0,0.0,58.0,2.0,0.26727365674660486,12.956952666947679
10907,113.0,59.0,0.0,59.0,2.0,0.6027562012237242,13.559708868171402
10908,113.0,60.0,0.0,60.0,2.0,0.5927850394971269,14.152493907668529
10909,113.0,61.0,0.0,61.0,2.0,0.1113616455486472,14.263855553217176
10910,113.0,62.0,0.0,62.0,2.0,0.20274467364983373,14.46660022686701
10911,113.0,63.0,0.0,63.0,2.0,0.0,14.46660022686701
10912,113.0,64.0,0.0,64.0,3.0,0.07173524956865848,14.538335476435668
10913,113.0,65.0,0.0,65.0,1.0,0.11675306462359378,14.655088541059262
10914,113.0,66.0,0.0,66.0,4.0,0.020723335122281958,14.675811876181545
10915,113.0,67.0,0.0,67.0,6.0,0.0,14.675811876181545
10916,113.0,68.0,0.0,68.0,2.0,0.038723990899334274,14.71453586708088
10917,113.0,69.0,0.0,69.0,5.0,0.1208852646021139,14.835421131682994
10918,113.0,70.0,0.0,70.0,6.0,0.592467301916092,15.427888433599085
10919,113.0,71.0,0.0,71.0,6.0,0.2358206865923345,15.66370912019142
10920,113.0,72.0,0.0,72.0,6.0,0.15948567313383155,15.823194793325252
10921,113.0,73.0,0.0,73.0,6.0,0.39899739331314654,16.2221921866384
10922,113.0,74.0,0.0,74.0,6.0,0.012116503352960235,16.23430868999136
10923,113.0,75.0,0.0,75.0,2.0,0.1670621200099897,16.40137081000135
10924,113.0,76.0,0.0,76.0,0.0,0.0,16.40137081000135
10925,113.0,77.0,0.0,77.0,3.0,0.3394391447328553,16.740809954734203
10926,113.0,78.0,0.0,78.0,3.0,0.6916736699244181,17.432483624658623
10927,113.0,79.0,0.0,79.0,3.0,0.04429925980485249,17.476782884463475
10928,113.0,80.0,0.0,80.0,3.0,0.042142145651259406,17.518925030114733
10929,113.0,81.0,0.0,81.0,7.0,0.2442715151719623,17.763196545286696
10930,113.0,82.0,0.0,82.0,6.0,0.0,17.763196545286696
10931,113.0,83.0,0.0,83.0,7.0,0.03880437980675808,17.802000925093456
10932,113.0,84.0,0.0,84.0,3.0,0.07352085026470992,17.875521775358166
10933,113.0,85.0,0.0,85.0,5.0,0.4299809133878022,18.305502688745968
10934,113.0,86.0,0.0,86.0,5.0,0.061655103827774414,18.367157792573742
10935,113.0,87.0,0.0,87.0,2.0,0.44976625428900363,18.816924046862745
10936,113.0,88.0,0.0,88.0,2.0,0.0073944663165102,18.824318513179254
10937,113.0,89.0,0.0,89.0,1.0,0.0,18.824318513179254
10938,113.0,90.0,0.0,90.0,4.0,0.12626645153161312,18.950584964710867
10939,113.0,91.0,0.0,91.0,6.0,0.46761061637242407,19.418195581083292
10940,113.0,92.0,0.0,92.0,6.0,0.8113111970305757,20.22950677811387
10941,113.0,93.0,0.0,93.0,6.0,0.23958507229734452,20.469091850411214
10942,113.0,94.0,0.0,94.0,6.0,0.08900059238186646,20.55809244279308
10943,113.0,95.0,0.0,95.0,6.0,0.14418838926849195,20.70228083206157
10944,114.0,0.0,0.0,0.0,0.0,0.09968082273709172,0.09968082273709172
10945,114.0,1.0,0.0,1.0,1.0,0.18420213317850265,0.28388295591559437
10946,114.0,2.0,0.0,2.0,2.0,0.482186826413389,0.7660697823289834
10947,114.0,3.0,0.0,3.0,3.0,0.12405932762911029,0.8901291099580937
10948,114.0,4.0,0.0,4.0,4.0,0.0456160838408476,0.9357451937989413
10949,114.0,5.0,0.0,5.0,5.0,0.07525820400177534,1.0110033978007167
10950,114.0,6.0,0.0,6.0,6.0,0.4025312660474192,1.4135346638481359
10951,114.0,7.0,0.0,7.0,7.0,0.16322828692812405,1.57676295077626
10952,114.0,8.0,0.0,8.0,2.0,0.0,1.57676295077626
10953,114.0,9.0,0.0,9.0,6.0,0.5199951664423675,2.0967581172186276
10954,114.0,10.0,0.0,10.0,6.0,0.7074564648856323,2.80421458210426
10955,114.0,11.0,0.0,11.0,6.0,0.0,2.80421458210426
10956,114.0,12.0,0.0,12.0,1.0,0.15694390699350397,2.961158489097764
10957,114.0,13.0,0.0,13.0,7.0,0.0,2.961158489097764
10958,114.0,14.0,0.0,14.0,6.0,0.05187143270467871,3.0130299218024423
10959,114.0,15.0,0.0,15.0,3.0,0.0,3.0130299218024423
10960,114.0,16.0,0.0,16.0,0.0,0.04836594814127285,3.0613958699437154
10961,114.0,17.0,0.0,17.0,2.0,0.0,3.0613958699437154
10962,114.0,18.0,0.0,18.0,5.0,0.0,3.0613958699437154
10963,114.0,19.0,0.0,19.0,6.0,0.38423498309596005,3.4456308530396753
10964,114.0,20.0,0.0,20.0,6.0,0.15870422142553076,3.6043350744652063
10965,114.0,21.0,0.0,21.0,4.0,0.0,3.6043350744652063
10966,114.0,22.0,0.0,22.0,1.0,0.4091289111380489,4.013463985603255
10967,114.0,23.0,0.0,23.0,1.0,0.1122698472049673,4.125733832808222
10968,114.0,24.0,0.0,24.0,6.0,0.709114106247022,4.834847939055244
10969,114.0,25.0,0.0,25.0,6.0,0.22700732154927955,5.061855260604523
10970,114.0,26.0,0.0,26.0,6.0,0.7330812715508707,5.794936532155394
10971,114.0,27.0,0.0,27.0,6.0,0.5609494988696637,6.355886031025058
10972,114.0,28.0,0.0,28.0,6.0,0.15948567313383155,6.515371704158889
10973,114.0,29.0,0.0,29.0,6.0,0.3152014117071101,6.830573115866
10974,114.0,30.0,0.0,30.0,6.0,0.0,6.830573115866
10975,114.0,31.0,0.0,31.0,6.0,0.0206337541478017,6.851206870013802
10976,114.0,32.0,0.0,32.0,1.0,0.4978298030149915,7.3490366730287935
10977,114.0,33.0,0.0,33.0,1.0,0.023156626925220768,7.372193299954014
10978,114.0,34.0,0.0,34.0,6.0,0.29928972735028064,7.671483027304294
10979,114.0,35.0,0.0,35.0,6.0,0.08544920153663012,7.756932228840924
10980,114.0,36.0,0.0,36.0,2.0,0.587687788672903,8.344620017513828
10981,114.0,37.0,0.0,37.0,2.0,0.40364005699886474,8.748260074512693
10982,114.0,38.0,0.0,38.0,2.0,0.07300531851332406,8.821265393026017
10983,114.0,39.0,0.0,39.0,2.0,0.26727365674660486,9.088539049772622
10984,114.0,40.0,0.0,40.0,2.0,0.4898575650501079,9.578396614822731
10985,114.0,41.0,0.0,41.0,2.0,0.0,9.578396614822731
10986,114.0,42.0,0.0,42.0,7.0,0.18383185769136598,9.762228472514098
10987,114.0,43.0,0.0,43.0,6.0,0.43814959519287755,10.200378067706975
10988,114.0,44.0,0.0,44.0,6.0,0.40586275112066333,10.606240818827638
10989,114.0,45.0,0.0,45.0,6.0,0.0,10.606240818827638
10990,114.0,46.0,0.0,46.0,1.0,0.0,10.606240818827638
10991,114.0,47.0,0.0,47.0,0.0,0.11717595902856863,10.723416777856206
10992,114.0,48.0,0.0,48.0,2.0,0.31838380442486014,11.041800582281066
10993,114.0,49.0,0.0,49.0,6.0,0.08473142129368774,11.126532003574754
10994,114.0,50.0,0.0,50.0,2.0,0.44976625428900363,11.576298257863758
10995,114.0,51.0,0.0,51.0,2.0,0.01598791051695434,11.592286168380713
10996,114.0,52.0,0.0,52.0,3.0,0.31273620845765815,11.905022376838371
10997,114.0,53.0,0.0,53.0,3.0,0.08963784878726973,11.99466022562564
10998,114.0,54.0,0.0,54.0,6.0,0.2624626141648409,12.257122839790481
10999,114.0,55.0,0.0,55.0,7.0,0.0056253172433511625,12.262748157033833
11000,114.0,56.0,0.0,56.0,6.0,0.2380098281042837,12.500757985138117
11001,114.0,57.0,0.0,57.0,2.0,0.0,12.500757985138117
11002,114.0,58.0,0.0,58.0,6.0,0.8206264844566112,13.321384469594728
11003,114.0,59.0,0.0,59.0,6.0,0.18466604549596066,13.506050515090688
11004,114.0,60.0,0.0,60.0,6.0,0.14053761898862807,13.646588134079316
11005,114.0,61.0,0.0,61.0,6.0,0.36321665879061876,14.009804792869934
11006,114.0,62.0,0.0,62.0,6.0,0.2888924503251035,14.298697243195038
11007,114.0,63.0,0.0,63.0,6.0,0.5198631933975867,14.818560436592625
11008,114.0,64.0,0.0,64.0,6.0,0.39899739331314654,15.217557829905772
11009,114.0,65.0,0.0,65.0,6.0,0.45154853925075483,15.669106369156527
11010,114.0,66.0,0.0,66.0,6.0,0.470561563191029,16.139667932347557
11011,114.0,67.0,0.0,67.0,6.0,0.1938598477639666,16.333527780111524
11012,114.0,68.0,0.0,68.0,6.0,0.45863258329410067,16.792160363405625
11013,114.0,69.0,0.0,69.0,6.0,0.3116598759686686,17.103820239374294
11014,114.0,70.0,0.0,70.0,6.0,0.18216968160881716,17.28598992098311
11015,114.0,71.0,0.0,71.0,6.0,0.0,17.28598992098311
11016,114.0,72.0,0.0,72.0,6.0,0.38478252254705636,17.670772443530165
11017,114.0,73.0,0.0,73.0,6.0,0.3045366457502025,17.97530908928037
11018,114.0,74.0,0.0,74.0,6.0,0.18788376889070377,18.163192858171072
11019,114.0,75.0,0.0,75.0,5.0,0.3355502795163708,18.498743137687445
11020,114.0,76.0,0.0,76.0,5.0,0.1812152791592592,18.679958416846706
11021,114.0,77.0,0.0,77.0,5.0,0.0,18.679958416846706
11022,114.0,78.0,0.0,78.0,6.0,0.09260082505258796,18.772559241899295
11023,114.0,79.0,0.0,79.0,1.0,0.24526319585689446,19.017822437756188
11024,114.0,80.0,0.0,80.0,6.0,0.0,19.017822437756188
11025,114.0,81.0,0.0,81.0,3.0,0.3635186756069499,19.38134111336314
11026,114.0,82.0,0.0,82.0,3.0,0.3813698300550875,19.762710943418227
11027,114.0,83.0,0.0,83.0,3.0,0.07352085026470992,19.836231793682938
11028,114.0,84.0,0.0,84.0,3.0,0.108472937332383,19.94470473101532
11029,114.0,85.0,0.0,85.0,1.0,0.2217983483299603,20.166503079345283
11030,114.0,86.0,0.0,86.0,0.0,0.0,20.166503079345283
11031,114.0,87.0,0.0,87.0,4.0,0.2891704822674655,20.45567356161275
11032,114.0,88.0,0.0,88.0,4.0,0.005519628586349254,20.461193190199097
11033,114.0,89.0,0.0,89.0,2.0,0.07183681467559985,20.533030004874696
11034,114.0,90.0,0.0,90.0,6.0,0.2676282183690528,20.80065822324375
11035,114.0,91.0,0.0,91.0,6.0,0.45661860173922436,21.257276824982974
11036,114.0,92.0,0.0,92.0,6.0,0.19237477602684144,21.449651601009815
11037,114.0,93.0,0.0,93.0,6.0,0.10776919275082603,21.55742079376064
11038,114.0,94.0,0.0,94.0,1.0,0.1252470864872485,21.68266788024789
11039,114.0,95.0,0.0,95.0,6.0,0.19330425654839078,21.875972136796282
11040,115.0,0.0,0.0,0.0,0.0,0.07365740875287344,0.07365740875287344
11041,115.0,1.0,0.0,1.0,1.0,0.14690456218978679,0.22056197094266022
11042,115.0,2.0,0.0,2.0,2.0,0.44976625428900363,0.6703282252316638
11043,115.0,3.0,0.0,3.0,3.0,0.27104019678738106,0.9413684220190448
11044,115.0,4.0,0.0,4.0,4.0,0.12114345880479456,1.0625118808238394
11045,115.0,5.0,0.0,5.0,5.0,0.7159429210092614,1.7784548018331008
11046,115.0,6.0,0.0,6.0,6.0,0.15948567313383155,1.9379404749669322
11047,115.0,7.0,0.0,7.0,7.0,0.15727691362384175,2.095217388590774
11048,115.0,8.0,0.0,8.0,5.0,0.0,2.095217388590774
11049,115.0,9.0,0.0,9.0,2.0,0.153056971216033,2.248274359806807
11050,115.0,10.0,0.0,10.0,3.0,0.0,2.248274359806807
11051,115.0,11.0,0.0,11.0,5.0,0.0,2.248274359806807
11052,115.0,12.0,0.0,12.0,6.0,0.2358206865923345,2.4840950463991414
11053,115.0,13.0,0.0,13.0,7.0,0.1578071467912929,2.6419021931904343
11054,115.0,14.0,0.0,14.0,2.0,0.5537602076296071,3.1956624008200416
11055,115.0,15.0,0.0,15.0,2.0,0.17796714865995647,3.373629549479998
11056,115.0,16.0,0.0,16.0,1.0,0.15694390699350397,3.530573456473502
11057,115.0,17.0,0.0,17.0,4.0,0.0,3.530573456473502
11058,115.0,18.0,0.0,18.0,2.0,0.20242816608866174,3.733001622562164
11059,115.0,19.0,0.0,19.0,0.0,0.10953556120793838,3.8425371837701023
11060,115.0,20.0,0.0,20.0,6.0,0.0,3.8425371837701023
11061,115.0,21.0,0.0,21.0,2.0,0.1731947690353173,4.01573195280542
11062,115.0,22.0,0.0,22.0,5.0,0.0,4.01573195280542
11063,115.0,23.0,0.0,23.0,7.0,0.0,4.01573195280542
11064,115.0,24.0,0.0,24.0,1.0,0.1735308598711164,4.189262812676536
11065,115.0,25.0,0.0,25.0,2.0,0.11886118707131776,4.3081239997478535
11066,115.0,26.0,0.0,26.0,3.0,0.7077056663835212,5.015829666131375
11067,115.0,27.0,0.0,27.0,3.0,0.20758298031156905,5.223412646442944
11068,115.0,28.0,0.0,28.0,3.0,0.108472937332383,5.331885583775327
11069,115.0,29.0,0.0,29.0,3.0,0.10567512643772035,5.437560710213048
11070,115.0,30.0,0.0,30.0,2.0,0.05893971598014328,5.496500426193191
11071,115.0,31.0,0.0,31.0,1.0,0.23376214866150832,5.7302625748547
11072,115.0,32.0,0.0,32.0,0.0,0.0,5.7302625748547
11073,115.0,33.0,0.0,33.0,3.0,0.0,5.7302625748547
11074,115.0,34.0,0.0,34.0,5.0,0.001891977950375154,5.732154552805075
11075,115.0,35.0,0.0,35.0,1.0,0.4208360768007997,6.152990629605875
11076,115.0,36.0,0.0,36.0,1.0,0.11675306462359378,6.269743694229469
11077,115.0,37.0,0.0,37.0,6.0,0.0,6.269743694229469
11078,115.0,38.0,0.0,38.0,4.0,0.0,6.269743694229469
11079,115.0,39.0,0.0,39.0,2.0,0.032480183465739686,6.302223877695209
11080,115.0,40.0,0.0,40.0,1.0,0.236338495393307,6.538562373088515
11081,115.0,41.0,0.0,41.0,1.0,0.15225671869257557,6.690819091781091
11082,115.0,42.0,0.0,42.0,7.0,0.5762895628867217,7.267108654667812
11083,115.0,43.0,0.0,43.0,7.0,0.21288313045197185,7.4799917851197835
11084,115.0,44.0,0.0,44.0,7.0,0.0,7.4799917851197835
11085,115.0,45.0,0.0,45.0,3.0,0.45250052602955393,7.932492311149337
11086,115.0,46.0,0.0,46.0,3.0,0.028731351967359188,7.961223663116696
11087,115.0,47.0,0.0,47.0,7.0,0.12388247804213057,8.085106141158827
11088,115.0,48.0,0.0,48.0,1.0,0.18420213317850265,8.269308274337329
11089,115.0,49.0,0.0,49.0,2.0,0.30371061480436934,8.573018889141698
11090,115.0,50.0,0.0,50.0,2.0,0.11327101634064082,8.686289905482338
11091,115.0,51.0,0.0,51.0,3.0,0.15771312543106009,8.844003030913399
11092,115.0,52.0,0.0,52.0,1.0,0.14788550522949867,8.991888536142897
11093,115.0,53.0,0.0,53.0,5.0,0.0,8.991888536142897
11094,115.0,54.0,0.0,54.0,7.0,0.3705421398642408,9.362430676007138
11095,115.0,55.0,0.0,55.0,7.0,0.3497936611859112,9.71222433719305
11096,115.0,56.0,0.0,56.0,7.0,0.12980887699241067,9.84203321418546
11097,115.0,57.0,0.0,57.0,7.0,0.5091692201750498,10.35120243436051
11098,115.0,58.0,0.0,58.0,7.0,0.061569980833461685,10.41277241519397
11099,115.0,59.0,0.0,59.0,7.0,0.3029126053848762,10.715685020578846
11100,115.0,60.0,0.0,60.0,7.0,0.4763979432030655,11.192082963781912
11101,115.0,61.0,0.0,61.0,7.0,0.6820921113526627,11.874175075134575
11102,115.0,62.0,0.0,62.0,7.0,0.0,11.874175075134575
11103,115.0,63.0,0.0,63.0,7.0,0.3522479878918014,12.226423063026376
11104,115.0,64.0,0.0,64.0,7.0,0.0,12.226423063026376
11105,115.0,65.0,0.0,65.0,7.0,0.04103739105239522,12.26746045407877
11106,115.0,66.0,0.0,66.0,2.0,0.0,12.26746045407877
11107,115.0,67.0,0.0,67.0,3.0,0.2794877389564897,12.546948193035261
11108,115.0,68.0,0.0,68.0,3.0,0.05696293260850334,12.603911125643764
11109,115.0,69.0,0.0,69.0,1.0,0.14763267170963074,12.751543797353394
11110,115.0,70.0,0.0,70.0,7.0,0.10038865027494817,12.851932447628341
11111,115.0,71.0,0.0,71.0,0.0,0.5491263248112521,13.401058772439594
11112,115.0,72.0,0.0,72.0,0.0,0.48448669996828364,13.885545472407877
11113,115.0,73.0,0.0,73.0,0.0,0.12325565854824504,14.008801130956122
11114,115.0,74.0,0.0,74.0,0.0,0.04497487212076914,14.05377600307689
11115,115.0,75.0,0.0,75.0,0.0,0.0,14.05377600307689
11116,115.0,76.0,0.0,76.0,0.0,0.16065957806136022,14.21443558113825
11117,115.0,77.0,0.0,77.0,6.0,0.2676282183690528,14.482063799507303
11118,115.0,78.0,0.0,78.0,6.0,0.08900059238186646,14.57106439188917
11119,115.0,79.0,0.0,79.0,1.0,0.2107072265151842,14.781771618404354
11120,115.0,80.0,0.0,80.0,3.0,0.10860300214653837,14.890374620550892
11121,115.0,81.0,0.0,81.0,7.0,0.25759234324777713,15.14796696379867
11122,115.0,82.0,0.0,82.0,7.0,0.0,15.14796696379867
11123,115.0,83.0,0.0,83.0,2.0,0.2052375345025933,15.353204498301263
11124,115.0,84.0,0.0,84.0,0.0,0.33003064520520264,15.683235143506465
11125,115.0,85.0,0.0,85.0,0.0,0.0,15.683235143506465
11126,115.0,86.0,0.0,86.0,1.0,0.35164524988197277,16.034880393388438
11127,115.0,87.0,0.0,87.0,1.0,0.04317602104936086,16.0780564144378
11128,115.0,88.0,0.0,88.0,2.0,0.40364005699886474,16.481696471436663
11129,115.0,89.0,0.0,89.0,2.0,0.0,16.481696471436663
11130,115.0,90.0,0.0,90.0,3.0,0.01013449636003612,16.491830967796698
11131,115.0,91.0,0.0,91.0,6.0,0.2380098281042837,16.72984079590098
11132,115.0,92.0,0.0,92.0,6.0,0.8113111970305757,17.541151992931557
11133,115.0,93.0,0.0,93.0,6.0,0.45863258329410067,17.999784576225657
11134,115.0,94.0,0.0,94.0,6.0,0.5048327715259897,18.504617347751648
11135,115.0,95.0,0.0,95.0,6.0,0.5609494988696637,19.065566846621312
11136,116.0,0.0,0.0,0.0,0.0,0.5344171398190677,0.5344171398190677
11137,116.0,1.0,0.0,1.0,1.0,0.29885514167787697,0.8332722814969447
11138,116.0,2.0,0.0,2.0,2.0,0.03949449756546484,0.8727667790624095
11139,116.0,3.0,0.0,3.0,3.0,0.25537726099248537,1.1281440400548948
11140,116.0,4.0,0.0,4.0,4.0,0.3815607206079411,1.509704760662836
11141,116.0,5.0,0.0,5.0,5.0,0.0,1.509704760662836
11142,116.0,6.0,0.0,6.0,6.0,0.7074564648856323,2.2171612255484683
11143,116.0,7.0,0.0,7.0,7.0,0.15727691362384175,2.37443813917231
11144,116.0,8.0,0.0,8.0,6.0,0.7615432087357681,3.1359813479080785
11145,116.0,9.0,0.0,9.0,6.0,0.4025312660474192,3.538512613955498
11146,116.0,10.0,0.0,10.0,0.0,0.12364928192121198,3.66216189587671
11147,116.0,11.0,0.0,11.0,6.0,0.2380098281042837,3.9001717239809937
11148,116.0,12.0,0.0,12.0,4.0,0.08739218446663143,3.987563908447625
11149,116.0,13.0,0.0,13.0,1.0,0.3177036958205914,4.3052676042682165
11150,116.0,14.0,0.0,14.0,6.0,0.19720425874379977,4.502471863012016
11151,116.0,15.0,0.0,15.0,3.0,0.5930123040989156,5.095484167110932
11152,116.0,16.0,0.0,16.0,3.0,0.2656910608312819,5.361175227942214
11153,116.0,17.0,0.0,17.0,6.0,0.4832391209848758,5.844414348927089
11154,116.0,18.0,0.0,18.0,0.0,0.0,5.844414348927089
11155,116.0,19.0,0.0,19.0,6.0,0.0,5.844414348927089
11156,116.0,20.0,0.0,20.0,1.0,0.1525595877654341,5.996973936692523
11157,116.0,21.0,0.0,21.0,3.0,0.0,5.996973936692523
11158,116.0,22.0,0.0,22.0,7.0,0.0,5.996973936692523
11159,116.0,23.0,0.0,23.0,4.0,0.45159698088013056,6.4485709175726535
11160,116.0,24.0,0.0,24.0,4.0,0.22645575073161234,6.675026668304266
11161,116.0,25.0,0.0,25.0,6.0,0.1350995944228713,6.810126262727137
11162,116.0,26.0,0.0,26.0,1.0,0.21774518083343142,7.027871443560569
11163,116.0,27.0,0.0,27.0,6.0,0.012116503352960235,7.039987946913529
11164,116.0,28.0,0.0,28.0,2.0,0.3195571986524608,7.35954514556599
11165,116.0,29.0,0.0,29.0,4.0,0.20497945959324024,7.564524605159231
11166,116.0,30.0,0.0,30.0,2.0,0.08113905787797616,7.645663663037207
11167,116.0,31.0,0.0,31.0,3.0,0.10654364171625509,7.752207304753463
11168,116.0,32.0,0.0,32.0,0.0,0.10953556120793838,7.861742865961401
11169,116.0,33.0,0.0,33.0,5.0,0.562081128391816,8.423823994353217
11170,116.0,34.0,0.0,34.0,5.0,0.023341935947433844,8.44716593030065
11171,116.0,35.0,0.0,35.0,1.0,0.004865038927265206,8.452030969227916
11172,116.0,36.0,0.0,36.0,4.0,0.005519628586349254,8.457550597814265
11173,116.0,37.0,0.0,37.0,6.0,0.7377651793174987,9.195315777131764
11174,116.0,38.0,0.0,38.0,6.0,0.5199951664423675,9.715310943574131
11175,116.0,39.0,0.0,39.0,6.0,0.3731406200505958,10.088451563624727
11176,116.0,40.0,0.0,40.0,6.0,0.2624626141648409,10.350914177789567
11177,116.0,41.0,0.0,41.0,6.0,0.40586275112066333,10.75677692891023
11178,116.0,42.0,0.0,42.0,6.0,0.23042860433100323,10.987205533241234
11179,116.0,43.0,0.0,43.0,6.0,0.23958507229734452,11.226790605538579
11180,116.0,44.0,0.0,44.0,5.0,0.16771754750020024,11.394508153038778
11181,116.0,45.0,0.0,45.0,6.0,0.14053761898862807,11.535045772027406
11182,116.0,46.0,0.0,46.0,3.0,0.0,11.535045772027406
11183,116.0,47.0,0.0,47.0,6.0,0.3152014117071101,11.850247183734515
11184,116.0,48.0,0.0,48.0,6.0,0.3116598759686686,12.161907059703184
11185,116.0,49.0,0.0,49.0,6.0,0.0,12.161907059703184
11186,116.0,50.0,0.0,50.0,0.0,0.002858608451678879,12.164765668154862
11187,116.0,51.0,0.0,51.0,5.0,0.0908247463196243,12.255590414474486
11188,116.0,52.0,0.0,52.0,6.0,0.2030643176852566,12.458654732159744
11189,116.0,53.0,0.0,53.0,2.0,0.05071475147700608,12.50936948363675
11190,116.0,54.0,0.0,54.0,7.0,0.025365823974029863,12.534735307610779
11191,116.0,55.0,0.0,55.0,4.0,0.26227852312629674,12.797013830737075
11192,116.0,56.0,0.0,56.0,6.0,0.22700732154927955,13.024021152286355
11193,116.0,57.0,0.0,57.0,1.0,0.11896244309851166,13.142983595384868
11194,116.0,58.0,0.0,58.0,6.0,0.45863258329410067,13.601616178678968
11195,116.0,59.0,0.0,59.0,6.0,0.0,13.601616178678968
11196,116.0,60.0,0.0,60.0,4.0,0.31800611952542285,13.919622298204391
11197,116.0,61.0,0.0,61.0,4.0,0.5512595017927662,14.470881799997157
11198,116.0,62.0,0.0,62.0,4.0,0.12212621641662968,14.593008016413787
11199,116.0,63.0,0.0,63.0,4.0,0.3628567677526115,14.955864784166398
11200,116.0,64.0,0.0,64.0,4.0,0.014489782945512395,14.97035456711191
11201,116.0,65.0,0.0,65.0,6.0,0.46761061637242407,15.437965183484334
11202,116.0,66.0,0.0,66.0,6.0,0.04396724673097683,15.481932430215311
11203,116.0,67.0,0.0,67.0,3.0,0.2032469793155898,15.685179409530901
11204,116.0,68.0,0.0,68.0,6.0,0.15948567313383155,15.844665082664733
11205,116.0,69.0,0.0,69.0,6.0,0.46655973523908206,16.311224817903813
11206,116.0,70.0,0.0,70.0,6.0,0.2358206865923345,16.547045504496147
11207,116.0,71.0,0.0,71.0,6.0,0.08569355050034418,16.63273905499649
11208,116.0,72.0,0.0,72.0,4.0,0.0,16.63273905499649
11209,116.0,73.0,0.0,73.0,5.0,0.25545532592559733,16.88819438092209
11210,116.0,74.0,0.0,74.0,3.0,0.6012094297445113,17.4894038106666
11211,116.0,75.0,0.0,75.0,3.0,0.0,17.4894038106666
11212,116.0,76.0,0.0,76.0,3.0,0.47254251673467496,17.961946327401275
11213,116.0,77.0,0.0,77.0,3.0,0.0,17.961946327401275
11214,116.0,78.0,0.0,78.0,1.0,0.1252470864872485,18.087193413888524
11215,116.0,79.0,0.0,79.0,5.0,0.16528919434875355,18.25248260823728
11216,116.0,80.0,0.0,80.0,6.0,0.0,18.25248260823728
11217,116.0,81.0,0.0,81.0,3.0,0.24065638461266484,18.493138992849946
11218,116.0,82.0,0.0,82.0,0.0,0.031745572507859386,18.524884565357805
11219,116.0,83.0,0.0,83.0,6.0,0.3286820084901565,18.85356657384796
11220,116.0,84.0,0.0,84.0,6.0,0.0,18.85356657384796
11221,116.0,85.0,0.0,85.0,2.0,0.0073944663165102,18.86096104016447
11222,116.0,86.0,0.0,86.0,3.0,0.0,18.86096104016447
11223,116.0,87.0,0.0,87.0,5.0,0.13548217890407577,18.996443219068546
11224,116.0,88.0,0.0,88.0,4.0,0.2352620848249543,19.2317053038935
11225,116.0,89.0,0.0,89.0,1.0,0.15694390699350397,19.388649210887003
11226,116.0,90.0,0.0,90.0,6.0,0.525530725813632,19.914179936700634
11227,116.0,91.0,0.0,91.0,6.0,0.0,19.914179936700634
11228,116.0,92.0,0.0,92.0,4.0,0.5401870119994172,20.454366948700052
11229,116.0,93.0,0.0,93.0,4.0,0.28973804014574706,20.7441049888458
11230,116.0,94.0,0.0,94.0,4.0,0.0,20.7441049888458
11231,116.0,95.0,0.0,95.0,6.0,0.2245370227069958,20.968642011552795
11232,117.0,0.0,0.0,0.0,0.0,0.19270071571413808,0.19270071571413808
11233,117.0,1.0,0.0,1.0,1.0,0.7343824664965894,0.9270831822107275
11234,117.0,2.0,0.0,2.0,2.0,0.6257180907935707,1.5528012730042982
11235,117.0,3.0,0.0,3.0,3.0,0.025510018405371447,1.5783112914096695
11236,117.0,4.0,0.0,4.0,4.0,0.062174288129666674,1.6404855795393363
11237,117.0,5.0,0.0,5.0,5.0,0.562081128391816,2.2025667079311524
11238,117.0,6.0,0.0,6.0,6.0,0.43814959519287755,2.64071630312403
11239,117.0,7.0,0.0,7.0,7.0,0.0,2.64071630312403
11240,117.0,8.0,0.0,8.0,1.0,0.4208360768007997,3.06155237992483
11241,117.0,9.0,0.0,9.0,2.0,0.06114289961588151,3.1226952795407117
11242,117.0,10.0,0.0,10.0,5.0,0.15886400702583056,3.281559286566542
11243,117.0,11.0,0.0,11.0,6.0,0.525530725813632,3.8070900123801743
11244,117.0,12.0,0.0,12.0,1.0,0.2977196118715112,4.104809624251685
11245,117.0,13.0,0.0,13.0,6.0,0.4025312660474192,4.507340890299105
11246,117.0,14.0,0.0,14.0,1.0,0.1521898058916304,4.6595306961907355
11247,117.0,15.0,0.0,15.0,6.0,0.12662947121033713,4.786160167401072
11248,117.0,16.0,0.0,16.0,5.0,0.049917863914325566,4.836078031315398
11249,117.0,17.0,0.0,17.0,2.0,0.043892043518105,4.879970074833503
11250,117.0,18.0,0.0,18.0,0.0,0.0,4.879970074833503
11251,117.0,19.0,0.0,19.0,1.0,0.29885514167787697,5.17882521651138
11252,117.0,20.0,0.0,20.0,6.0,0.38423498309596005,5.5630601996073406
11253,117.0,21.0,0.0,21.0,1.0,0.24526319585689446,5.808323395464235
11254,117.0,22.0,0.0,22.0,6.0,0.45661860173922436,6.26494199720346
11255,117.0,23.0,0.0,23.0,6.0,0.08900059238186646,6.353942589585326
11256,117.0,24.0,0.0,24.0,1.0,0.028670031367413643,6.38261262095274
11257,117.0,25.0,0.0,25.0,4.0,0.28973804014574706,6.672350661098487
11258,117.0,26.0,0.0,26.0,5.0,0.7159429210092614,7.388293582107748
11259,117.0,27.0,0.0,27.0,5.0,0.012731154762606778,7.401024736870355
11260,117.0,28.0,0.0,28.0,6.0,0.0,7.401024736870355
11261,117.0,29.0,0.0,29.0,2.0,0.0,7.401024736870355
11262,117.0,30.0,0.0,30.0,4.0,0.26227852312629674,7.663303259996651
11263,117.0,31.0,0.0,31.0,3.0,0.26702269374071647,7.930325953737367
11264,117.0,32.0,0.0,32.0,5.0,0.4331310121324684,8.363456965869835
11265,117.0,33.0,0.0,33.0,5.0,0.0,8.363456965869835
11266,117.0,34.0,0.0,34.0,1.0,0.2336797832809992,8.597136749150835
11267,117.0,35.0,0.0,35.0,7.0,0.45690301731070837,9.054039766461543
11268,117.0,36.0,0.0,36.0,7.0,0.0,9.054039766461543
11269,117.0,37.0,0.0,37.0,3.0,0.0,9.054039766461543
11270,117.0,38.0,0.0,38.0,4.0,0.020723335122281958,9.074763101583825
11271,117.0,39.0,0.0,39.0,6.0,0.3116598759686686,9.386422977552494
11272,117.0,40.0,0.0,40.0,1.0,0.9645942569749285,10.351017234527422
11273,117.0,41.0,0.0,41.0,1.0,0.14788550522949867,10.49890273975692
11274,117.0,42.0,0.0,42.0,1.0,0.14690456218978679,10.645807301946707
11275,117.0,43.0,0.0,43.0,1.0,0.4091289111380489,11.054936213084757
11276,117.0,44.0,0.0,44.0,1.0,0.625716871682588,11.680653084767345
11277,117.0,45.0,0.0,45.0,1.0,0.0,11.680653084767345
11278,117.0,46.0,0.0,46.0,6.0,0.1370475401392327,11.817700624906577
11279,117.0,47.0,0.0,47.0,1.0,0.2107072265151842,12.028407851421761
11280,117.0,48.0,0.0,48.0,5.0,0.05134333965898673,12.079751191080748
11281,117.0,49.0,0.0,49.0,1.0,0.19166078110951457,12.271411972190261
11282,117.0,50.0,0.0,50.0,0.0,0.01574852489682053,12.287160497087081
11283,117.0,51.0,0.0,51.0,6.0,0.0,12.287160497087081
11284,117.0,52.0,0.0,52.0,1.0,0.5325149437924254,12.819675440879506
11285,117.0,53.0,0.0,53.0,1.0,0.1581141854724727,12.977789626351978
11286,117.0,54.0,0.0,54.0,7.0,0.2908331151793469,13.268622741531324
11287,117.0,55.0,0.0,55.0,1.0,0.0,13.268622741531324
11288,117.0,56.0,0.0,56.0,7.0,0.4573021530267772,13.725924894558101
11289,117.0,57.0,0.0,57.0,7.0,0.14046681190174445,13.866391706459845
11290,117.0,58.0,0.0,58.0,2.0,0.3195571986524608,14.185948905112307
11291,117.0,59.0,0.0,59.0,2.0,0.27508209868767286,14.46103100379998
11292,117.0,60.0,0.0,60.0,7.0,0.03966389497905114,14.500694898779031
11293,117.0,61.0,0.0,61.0,2.0,0.0,14.500694898779031
11294,117.0,62.0,0.0,62.0,5.0,0.0908247463196243,14.591519645098655
11295,117.0,63.0,0.0,63.0,1.0,0.3461068524360502,14.937626497534705
11296,117.0,64.0,0.0,64.0,1.0,0.11338444405026506,15.05101094158497
11297,117.0,65.0,0.0,65.0,6.0,0.20751175649518033,15.25852269808015
11298,117.0,66.0,0.0,66.0,4.0,0.6630452028905913,15.921567900970741
11299,117.0,67.0,0.0,67.0,4.0,0.03512950138498507,15.956697402355726
11300,117.0,68.0,0.0,68.0,4.0,0.7468916268125877,16.703589029168313
11301,117.0,69.0,0.0,69.0,4.0,0.36899642420942863,17.07258545337774
11302,117.0,70.0,0.0,70.0,4.0,0.2914393100528348,17.364024763430574
11303,117.0,71.0,0.0,71.0,4.0,0.004890111547855993,17.36891487497843
11304,117.0,72.0,0.0,72.0,4.0,0.31800611952542285,17.68692099450385
11305,117.0,73.0,0.0,73.0,4.0,0.5189731442966758,18.205894138800527
11306,117.0,74.0,0.0,74.0,4.0,0.005519628586349254,18.211413767386876
11307,117.0,75.0,0.0,75.0,4.0,0.4202049514706216,18.6316187188575
11308,117.0,76.0,0.0,76.0,4.0,0.1469609607874088,18.77857967964491
11309,117.0,77.0,0.0,77.0,1.0,0.09259758356345157,18.871177263208363
11310,117.0,78.0,0.0,78.0,4.0,0.11041446593207717,18.98159172914044
11311,117.0,79.0,0.0,79.0,6.0,0.10776919275082603,19.089360921891267
11312,117.0,80.0,0.0,80.0,5.0,0.5504746613797407,19.639835583271008
11313,117.0,81.0,0.0,81.0,5.0,0.15788754467582478,19.79772312794683
11314,117.0,82.0,0.0,82.0,5.0,0.0,19.79772312794683
11315,117.0,83.0,0.0,83.0,1.0,0.0,19.79772312794683
11316,117.0,84.0,0.0,84.0,4.0,0.35662687216539196,20.154350000112224
11317,117.0,85.0,0.0,85.0,4.0,0.29965634577184486,20.454006345884068
11318,117.0,86.0,0.0,86.0,4.0,0.4269573308108327,20.8809636766949
11319,117.0,87.0,0.0,87.0,4.0,0.3378213837210231,21.218785060415925
11320,117.0,88.0,0.0,88.0,4.0,0.2768550193866439,21.49564007980257
11321,117.0,89.0,0.0,89.0,4.0,0.619788147899107,22.115428227701678
11322,117.0,90.0,0.0,90.0,4.0,0.0,22.115428227701678
11323,117.0,91.0,0.0,91.0,4.0,0.15383977509268065,22.26926800279436
11324,117.0,92.0,0.0,92.0,7.0,0.04671064980753169,22.315978652601892
11325,117.0,93.0,0.0,93.0,3.0,0.0747189184831523,22.390697571085045
11326,117.0,94.0,0.0,94.0,6.0,0.5398005436791784,22.930498114764223
11327,117.0,95.0,0.0,95.0,6.0,0.528994261355651,23.459492376119876
11328,118.0,0.0,0.0,0.0,0.0,0.15235659301307192,0.15235659301307192
11329,118.0,1.0,0.0,1.0,1.0,0.185681072301442,0.33803766531451396
11330,118.0,2.0,0.0,2.0,2.0,0.08011626779528125,0.4181539331097952
11331,118.0,3.0,0.0,3.0,3.0,0.0,0.4181539331097952
11332,118.0,4.0,0.0,4.0,4.0,0.29965634577184486,0.7178102788816401
11333,118.0,5.0,0.0,5.0,5.0,0.05134333965898673,0.7691536185406268
11334,118.0,6.0,0.0,6.0,6.0,0.19330425654839078,0.9624578750890176
11335,118.0,7.0,0.0,7.0,7.0,0.26958034497069683,1.2320382200597144
11336,118.0,8.0,0.0,8.0,4.0,0.36899642420942863,1.601034644269143
11337,118.0,9.0,0.0,9.0,7.0,0.0,1.601034644269143
11338,118.0,10.0,0.0,10.0,6.0,0.012116503352960235,1.6131511476221032
11339,118.0,11.0,0.0,11.0,4.0,0.14305431294694723,1.7562054605690505
11340,118.0,12.0,0.0,12.0,1.0,0.11675306462359378,1.8729585251926442
11341,118.0,13.0,0.0,13.0,0.0,0.0,1.8729585251926442
11342,118.0,14.0,0.0,14.0,2.0,0.0,1.8729585251926442
11343,118.0,15.0,0.0,15.0,4.0,0.2459794118468931,2.1189379370395374
11344,118.0,16.0,0.0,16.0,5.0,0.015747168809085662,2.134685105848623
11345,118.0,17.0,0.0,17.0,4.0,0.13505835684833514,2.269743462696958
11346,118.0,18.0,0.0,18.0,1.0,0.9959745150176808,3.265717977714639
11347,118.0,19.0,0.0,19.0,1.0,0.11959474932936898,3.385312727044008
11348,118.0,20.0,0.0,20.0,1.0,0.023156626925220768,3.408469353969229
11349,118.0,21.0,0.0,21.0,1.0,0.19166078110951457,3.6001301350787434
11350,118.0,22.0,0.0,22.0,3.0,0.1595965695819533,3.7597267046606966
11351,118.0,23.0,0.0,23.0,7.0,0.0,3.7597267046606966
11352,118.0,24.0,0.0,24.0,1.0,0.27391822828331297,4.03364493294401
11353,118.0,25.0,0.0,25.0,4.0,0.5370312334100855,4.570676166354096
11354,118.0,26.0,0.0,26.0,4.0,0.2768550193866439,4.847531185740739
11355,118.0,27.0,0.0,27.0,4.0,0.0,4.847531185740739
11356,118.0,28.0,0.0,28.0,1.0,0.23376214866150832,5.081293334402248
11357,118.0,29.0,0.0,29.0,6.0,0.1370475401392327,5.2183408745414805
11358,118.0,30.0,0.0,30.0,1.0,0.05668020652621607,5.275021081067696
11359,118.0,31.0,0.0,31.0,3.0,0.00048590855662026,5.275506989624317
11360,118.0,32.0,0.0,32.0,0.0,0.031745572507859386,5.307252562132176
11361,118.0,33.0,0.0,33.0,4.0,0.1495593642703379,5.456811926402514
11362,118.0,34.0,0.0,34.0,1.0,0.27837232626576186,5.735184252668276
11363,118.0,35.0,0.0,35.0,4.0,0.8641538969732209,6.599338149641497
11364,118.0,36.0,0.0,36.0,4.0,0.6166947510523849,7.2160329006938815
11365,118.0,37.0,0.0,37.0,4.0,0.14496949301802708,7.3610023937119085
11366,118.0,38.0,0.0,38.0,4.0,0.16518765184318784,7.526190045555096
11367,118.0,39.0,0.0,39.0,4.0,0.4202049514706216,7.946394997025718
11368,118.0,40.0,0.0,40.0,4.0,0.1365648802244922,8.08295987725021
11369,118.0,41.0,0.0,41.0,4.0,0.3482376111706019,8.43119748842081
11370,118.0,42.0,0.0,42.0,4.0,0.11041446593207717,8.541611954352888
11371,118.0,43.0,0.0,43.0,4.0,0.5512595017927662,9.092871456145653
11372,118.0,44.0,0.0,44.0,4.0,0.0,9.092871456145653
11373,118.0,45.0,0.0,45.0,1.0,0.35164524988197277,9.444516706027626
11374,118.0,46.0,0.0,46.0,1.0,0.23895507602304034,9.683471782050667
11375,118.0,47.0,0.0,47.0,4.0,0.4269573308108327,10.1104291128615
11376,118.0,48.0,0.0,48.0,4.0,0.18805542412596601,10.298484536987466
11377,118.0,49.0,0.0,49.0,6.0,0.592467301916092,10.890951838903558
11378,118.0,50.0,0.0,50.0,6.0,0.019802180604578484,10.910754019508136
11379,118.0,51.0,0.0,51.0,6.0,0.3731406200505958,11.283894639558731
11380,118.0,52.0,0.0,52.0,6.0,0.08544920153663012,11.369343841095361
11381,118.0,53.0,0.0,53.0,4.0,0.03244158328874442,11.401785424384105
11382,118.0,54.0,0.0,54.0,1.0,0.7343824664965894,12.136167890880694
11383,118.0,55.0,0.0,55.0,1.0,0.1521898058916304,12.288357696772325
11384,118.0,56.0,0.0,56.0,1.0,0.1250648719057287,12.413422568678053
11385,118.0,57.0,0.0,57.0,1.0,0.3461068524360502,12.759529421114102
11386,118.0,58.0,0.0,58.0,1.0,0.23702024352928716,12.99654966464339
11387,118.0,59.0,0.0,59.0,1.0,0.31376821855801423,13.310317883201403
11388,118.0,60.0,0.0,60.0,1.0,0.0,13.310317883201403
11389,118.0,61.0,0.0,61.0,2.0,0.06114289961588151,13.371460782817284
11390,118.0,62.0,0.0,62.0,6.0,0.0,13.371460782817284
11391,118.0,63.0,0.0,63.0,5.0,0.2501458808505047,13.621606663667789
11392,118.0,64.0,0.0,64.0,5.0,0.3614743312712399,13.983080994939028
11393,118.0,65.0,0.0,65.0,5.0,0.16771754750020024,14.150798542439228
11394,118.0,66.0,0.0,66.0,5.0,0.3355502795163708,14.486348821955598
11395,118.0,67.0,0.0,67.0,5.0,0.07826673374384487,14.564615555699444
11396,118.0,68.0,0.0,68.0,4.0,0.2742259822986554,14.8388415379981
11397,118.0,69.0,0.0,69.0,4.0,0.08739218446663143,14.926233722464731
11398,118.0,70.0,0.0,70.0,7.0,0.0459894712458177,14.97222319371055
11399,118.0,71.0,0.0,71.0,1.0,0.4208360768007997,15.39305927051135
11400,118.0,72.0,0.0,72.0,1.0,0.17515766824041448,15.568216938751764
11401,118.0,73.0,0.0,73.0,1.0,0.1178259592096348,15.686042897961398
11402,118.0,74.0,0.0,74.0,4.0,0.5318065204421886,16.21784941840359
11403,118.0,75.0,0.0,75.0,4.0,0.0,16.21784941840359
11404,118.0,76.0,0.0,76.0,4.0,0.31800611952542285,16.53585553792901
11405,118.0,77.0,0.0,77.0,4.0,0.10016360891352999,16.63601914684254
11406,118.0,78.0,0.0,78.0,5.0,0.001891977950375154,16.637911124792915
11407,118.0,79.0,0.0,79.0,1.0,0.031550322030998015,16.669461446823913
11408,118.0,80.0,0.0,80.0,4.0,0.19670552128951685,16.86616696811343
11409,118.0,81.0,0.0,81.0,4.0,0.03512950138498507,16.901296469498416
11410,118.0,82.0,0.0,82.0,6.0,0.709114106247022,17.610410575745437
11411,118.0,83.0,0.0,83.0,6.0,0.20751175649518033,17.817922332240617
11412,118.0,84.0,0.0,84.0,6.0,0.5721185095518746,18.39004084179249
11413,118.0,85.0,0.0,85.0,6.0,0.14053761898862807,18.53057846078112
11414,118.0,86.0,0.0,86.0,6.0,0.02152766918353003,18.55210612996465
11415,118.0,87.0,0.0,87.0,6.0,0.38478252254705636,18.936888652511705
11416,118.0,88.0,0.0,88.0,6.0,0.5415728013366148,19.47846145384832
11417,118.0,89.0,0.0,89.0,6.0,0.31122773400729964,19.78968918785562
11418,118.0,90.0,0.0,90.0,6.0,0.308924290481592,20.09861347833721
11419,118.0,91.0,0.0,91.0,6.0,0.43814959519287755,20.53676307353009
11420,118.0,92.0,0.0,92.0,6.0,0.0,20.53676307353009
11421,118.0,93.0,0.0,93.0,6.0,0.36321665879061876,20.89997973232071
11422,118.0,94.0,0.0,94.0,6.0,0.04396724673097683,20.943946979051685
11423,118.0,95.0,0.0,95.0,6.0,0.0206337541478017,20.964580733199487
11424,119.0,0.0,0.0,0.0,0.0,0.0,0.0
11425,119.0,1.0,0.0,1.0,1.0,0.0766334705336081,0.0766334705336081
11426,119.0,2.0,0.0,2.0,2.0,0.0,0.0766334705336081
11427,119.0,3.0,0.0,3.0,3.0,0.10567512643772035,0.18230859697132845
11428,119.0,4.0,0.0,4.0,4.0,0.21617570620019438,0.39848430317152284
11429,119.0,5.0,0.0,5.0,5.0,0.5289754288227388,0.9274597319942617
11430,119.0,6.0,0.0,6.0,6.0,0.351198302995685,1.2786580349899466
11431,119.0,7.0,0.0,7.0,7.0,0.0,1.2786580349899466
11432,119.0,8.0,0.0,8.0,5.0,0.4585537674797822,1.7372118024697287
11433,119.0,9.0,0.0,9.0,6.0,0.20104993189686238,1.938261734366591
11434,119.0,10.0,0.0,10.0,5.0,0.0,1.938261734366591
11435,119.0,11.0,0.0,11.0,4.0,0.18805542412596601,2.126317158492557
11436,119.0,12.0,0.0,12.0,6.0,0.5211461016164569,2.647463260109014
11437,119.0,13.0,0.0,13.0,6.0,0.45661860173922436,3.1040818618482384
11438,119.0,14.0,0.0,14.0,6.0,0.002161454739645614,3.106243316587884
11439,119.0,15.0,0.0,15.0,5.0,0.31773180429062425,3.423975120878508
11440,119.0,16.0,0.0,16.0,3.0,0.30727719064634834,3.7312523115248566
11441,119.0,17.0,0.0,17.0,1.0,0.40114156826807473,4.132393879792931
11442,119.0,18.0,0.0,18.0,1.0,0.0,4.132393879792931
11443,119.0,19.0,0.0,19.0,5.0,0.05028223153043451,4.1826761113233655
11444,119.0,20.0,0.0,20.0,3.0,0.07608616683900467,4.25876227816237
11445,119.0,21.0,0.0,21.0,4.0,0.22645575073161234,4.485218028893983
11446,119.0,22.0,0.0,22.0,6.0,0.4832391209848758,4.968457149878859
11447,119.0,23.0,0.0,23.0,6.0,0.2355975950006196,5.204054744879478
11448,119.0,24.0,0.0,24.0,6.0,0.308924290481592,5.51297903536107
11449,119.0,25.0,0.0,25.0,0.0,0.0,5.51297903536107
11450,119.0,26.0,0.0,26.0,2.0,0.08011626779528125,5.5930953031563515
11451,119.0,27.0,0.0,27.0,7.0,0.6946860763679339,6.287781379524286
11452,119.0,28.0,0.0,28.0,7.0,0.28559811848043837,6.573379498004724
11453,119.0,29.0,0.0,29.0,7.0,0.24252754759834638,6.81590704560307
11454,119.0,30.0,0.0,30.0,7.0,0.02758892282854971,6.843495968431619
11455,119.0,31.0,0.0,31.0,4.0,0.41110112443122054,7.25459709286284
11456,119.0,32.0,0.0,32.0,4.0,0.35306467064568264,7.607661763508522
11457,119.0,33.0,0.0,33.0,4.0,0.7468916268125877,8.35455339032111
11458,119.0,34.0,0.0,34.0,4.0,0.2742259822986554,8.628779372619766
11459,119.0,35.0,0.0,35.0,4.0,0.5243230454212805,9.153102418041046
11460,119.0,36.0,0.0,36.0,4.0,0.0,9.153102418041046
11461,119.0,37.0,0.0,37.0,6.0,0.12433874510598864,9.277441163147035
11462,119.0,38.0,0.0,38.0,5.0,0.15886400702583056,9.436305170172865
11463,119.0,39.0,0.0,39.0,4.0,0.0,9.436305170172865
11464,119.0,40.0,0.0,40.0,7.0,0.13016600678161144,9.566471176954476
11465,119.0,41.0,0.0,41.0,6.0,0.43814959519287755,10.004620772147353
11466,119.0,42.0,0.0,42.0,6.0,0.31122773400729964,10.315848506154653
11467,119.0,43.0,0.0,43.0,6.0,0.36321665879061876,10.679065164945271
11468,119.0,44.0,0.0,44.0,6.0,0.5398005436791784,11.218865708624449
11469,119.0,45.0,0.0,45.0,6.0,0.06692797541129325,11.285793684035742
11470,119.0,46.0,0.0,46.0,5.0,0.1011811837154788,11.38697486775122
11471,119.0,47.0,0.0,47.0,4.0,0.26227852312629674,11.649253390877517
11472,119.0,48.0,0.0,48.0,3.0,0.48312616217283766,12.132379553050354
11473,119.0,49.0,0.0,49.0,3.0,0.08963784878726973,12.222017401837624
11474,119.0,50.0,0.0,50.0,6.0,0.1350995944228713,12.357116996260496
11475,119.0,51.0,0.0,51.0,1.0,0.0,12.357116996260496
11476,119.0,52.0,0.0,52.0,4.0,0.2965977540714963,12.653714750331993
11477,119.0,53.0,0.0,53.0,3.0,0.108472937332383,12.762187687664376
11478,119.0,54.0,0.0,54.0,4.0,0.07128856318987772,12.833476250854254
11479,119.0,55.0,0.0,55.0,7.0,0.3523297046050333,13.185805955459287
11480,119.0,56.0,0.0,56.0,7.0,0.0739714121023839,13.259777367561671
11481,119.0,57.0,0.0,57.0,6.0,0.0,13.259777367561671
11482,119.0,58.0,0.0,58.0,5.0,0.24447138445430638,13.504248752015977
11483,119.0,59.0,0.0,59.0,4.0,0.23110148611791392,13.735350238133892
11484,119.0,60.0,0.0,60.0,5.0,0.25545532592559733,13.990805564059489
11485,119.0,61.0,0.0,61.0,6.0,0.18216968160881716,14.172975245668306
11486,119.0,62.0,0.0,62.0,4.0,0.020723335122281958,14.193698580790588
11487,119.0,63.0,0.0,63.0,7.0,0.05063330393183056,14.244331884722419
11488,119.0,64.0,0.0,64.0,5.0,0.3039231620092401,14.54825504673166
11489,119.0,65.0,0.0,65.0,5.0,0.5504746613797407,15.0987297081114
11490,119.0,66.0,0.0,66.0,5.0,0.38483968791955336,15.483569396030953
11491,119.0,67.0,0.0,67.0,5.0,0.38817062381795203,15.871740019848906
11492,119.0,68.0,0.0,68.0,5.0,0.2305694971756699,16.102309517024576
11493,119.0,69.0,0.0,69.0,5.0,0.34526090527631603,16.447570422300892
11494,119.0,70.0,0.0,70.0,5.0,0.5396395039110845,16.987209926211975
11495,119.0,71.0,0.0,71.0,5.0,0.1510381477286157,17.13824807394059
11496,119.0,72.0,0.0,72.0,5.0,0.3614743312712399,17.49972240521183
11497,119.0,73.0,0.0,73.0,5.0,0.490234345716472,17.989956750928304
11498,119.0,74.0,0.0,74.0,5.0,0.1208852646021139,18.110842015530416
11499,119.0,75.0,0.0,75.0,5.0,0.0,18.110842015530416
11500,119.0,76.0,0.0,76.0,3.0,0.6916736699244181,18.802515685454836
11501,119.0,77.0,0.0,77.0,3.0,0.17758193823470309,18.980097623689538
11502,119.0,78.0,0.0,78.0,3.0,0.08263274320301577,19.062730366892552
11503,119.0,79.0,0.0,79.0,3.0,0.24604240966364027,19.308772776556193
11504,119.0,80.0,0.0,80.0,6.0,0.07179891276627816,19.380571689322473
11505,119.0,81.0,0.0,81.0,3.0,0.2794877389564897,19.660059428278963
11506,119.0,82.0,0.0,82.0,5.0,0.23571743285633687,19.8957768611353
11507,119.0,83.0,0.0,83.0,2.0,0.38831574574861955,20.28409260688392
11508,119.0,84.0,0.0,84.0,2.0,0.0,20.28409260688392
11509,119.0,85.0,0.0,85.0,3.0,0.056484563299236415,20.340577170183156
11510,119.0,86.0,0.0,86.0,5.0,0.2248680210661569,20.565445191249314
11511,119.0,87.0,0.0,87.0,5.0,0.12956159087489713,20.69500678212421
11512,119.0,88.0,0.0,88.0,6.0,0.5064850022994652,21.201491784423677
11513,119.0,89.0,0.0,89.0,6.0,0.14053761898862807,21.342029403412305
11514,119.0,90.0,0.0,90.0,4.0,0.0456160838408476,21.387645487253153
11515,119.0,91.0,0.0,91.0,6.0,0.15948567313383155,21.547131160386986
11516,119.0,92.0,0.0,92.0,5.0,0.0908247463196243,21.63795590670661
11517,119.0,93.0,0.0,93.0,6.0,0.14418838926849195,21.7821442959751
11518,119.0,94.0,0.0,94.0,7.0,0.6415126605240132,22.423656956499116
11519,119.0,95.0,0.0,95.0,7.0,0.0,22.423656956499116
11520,120.0,0.0,0.0,0.0,0.0,0.0,0.0
11521,120.0,1.0,0.0,1.0,1.0,0.7343824664965894,0.7343824664965894
11522,120.0,2.0,0.0,2.0,2.0,0.06114289961588151,0.7955253661124709
11523,120.0,3.0,0.0,3.0,3.0,0.0,0.7955253661124709
11524,120.0,4.0,0.0,4.0,4.0,0.0,0.7955253661124709
11525,120.0,5.0,0.0,5.0,5.0,0.0,0.7955253661124709
11526,120.0,6.0,0.0,6.0,6.0,0.46761061637242407,1.263135982484895
11527,120.0,7.0,0.0,7.0,7.0,0.06166327491542525,1.3247992574003202
11528,120.0,8.0,0.0,8.0,1.0,0.14788550522949867,1.472684762629819
11529,120.0,9.0,0.0,9.0,6.0,0.398606424860819,1.871291187490638
11530,120.0,10.0,0.0,10.0,1.0,0.1250648719057287,1.9963560593963667
11531,120.0,11.0,0.0,11.0,6.0,0.709114106247022,2.705470165643389
11532,120.0,12.0,0.0,12.0,6.0,0.22700732154927955,2.9324774871926684
11533,120.0,13.0,0.0,13.0,6.0,0.012576657579367172,2.9450541447720355
11534,120.0,14.0,0.0,14.0,1.0,0.39739577573671786,3.3424499205087534
11535,120.0,15.0,0.0,15.0,1.0,0.03476387852119797,3.3772137990299513
11536,120.0,16.0,0.0,16.0,6.0,0.10776919275082603,3.4849829917807775
11537,120.0,17.0,0.0,17.0,7.0,0.018202433303999167,3.5031854250847765
11538,120.0,18.0,0.0,18.0,2.0,0.3746667969555425,3.877852222040319
11539,120.0,19.0,0.0,19.0,2.0,0.42591938102062793,4.303771603060947
11540,120.0,20.0,0.0,20.0,2.0,0.1731947690353173,4.476966372096265
11541,120.0,21.0,0.0,21.0,6.0,0.43814959519287755,4.915115967289142
11542,120.0,22.0,0.0,22.0,6.0,0.2380098281042837,5.153125795393426
11543,120.0,23.0,0.0,23.0,1.0,0.3720624105248227,5.525188205918249
11544,120.0,24.0,0.0,24.0,2.0,0.03949449756546484,5.564682703483713
11545,120.0,25.0,0.0,25.0,1.0,0.640526367398124,6.205209070881837
11546,120.0,26.0,0.0,26.0,1.0,0.0,6.205209070881837
11547,120.0,27.0,0.0,27.0,6.0,0.5211461016164569,6.726355172498295
11548,120.0,28.0,0.0,28.0,6.0,0.525530725813632,7.251885898311927
11549,120.0,29.0,0.0,29.0,6.0,0.1370475401392327,7.38893343845116
11550,120.0,30.0,0.0,30.0,0.0,0.41174567644419385,7.800679114895353
11551,120.0,31.0,0.0,31.0,0.0,0.1801451502088366,7.98082426510419
11552,120.0,32.0,0.0,32.0,3.0,0.3635186756069499,8.34434294071114
11553,120.0,33.0,0.0,33.0,3.0,0.19581372444038134,8.540156665151521
11554,120.0,34.0,0.0,34.0,4.0,0.0,8.540156665151521
11555,120.0,35.0,0.0,35.0,5.0,0.15886400702583056,8.699020672177351
11556,120.0,36.0,0.0,36.0,6.0,0.20751175649518033,8.90653242867253
11557,120.0,37.0,0.0,37.0,0.0,0.0,8.90653242867253
11558,120.0,38.0,0.0,38.0,1.0,0.023156626925220768,8.929689055597752
11559,120.0,39.0,0.0,39.0,6.0,0.11636299692256234,9.046052052520315
11560,120.0,40.0,0.0,40.0,3.0,0.0,9.046052052520315
11561,120.0,41.0,0.0,41.0,6.0,0.0,9.046052052520315
11562,120.0,42.0,0.0,42.0,1.0,0.0,9.046052052520315
11563,120.0,43.0,0.0,43.0,2.0,0.0,9.046052052520315
11564,120.0,44.0,0.0,44.0,5.0,0.023341935947433844,9.069393988467748
11565,120.0,45.0,0.0,45.0,6.0,0.19720425874379977,9.266598247211547
11566,120.0,46.0,0.0,46.0,6.0,0.45154853925075483,9.718146786462302
11567,120.0,47.0,0.0,47.0,6.0,0.0,9.718146786462302
11568,120.0,48.0,0.0,48.0,1.0,0.0,9.718146786462302
11569,120.0,49.0,0.0,49.0,6.0,0.19275096950199988,9.910897755964303
11570,120.0,50.0,0.0,50.0,0.0,0.0,9.910897755964303
11571,120.0,51.0,0.0,51.0,7.0,0.0459894712458177,9.956887227210121
11572,120.0,52.0,0.0,52.0,6.0,0.4832391209848758,10.440126348194998
11573,120.0,53.0,0.0,53.0,6.0,0.39899739331314654,10.839123741508145
11574,120.0,54.0,0.0,54.0,6.0,0.0989051148392537,10.938028856347398
11575,120.0,55.0,0.0,55.0,6.0,0.15870422142553076,11.096733077772928
11576,120.0,56.0,0.0,56.0,3.0,0.18053033147432693,11.277263409247254
11577,120.0,57.0,0.0,57.0,6.0,0.9633601102069204,12.240623519454175
11578,120.0,58.0,0.0,58.0,6.0,0.41014276344445866,12.650766282898633
11579,120.0,59.0,0.0,59.0,6.0,0.351198302995685,13.001964585894319
11580,120.0,60.0,0.0,60.0,6.0,0.3152014117071101,13.317165997601428
11581,120.0,61.0,0.0,61.0,6.0,0.308924290481592,13.62609028808302
11582,120.0,62.0,0.0,62.0,6.0,0.2355975950006196,13.86168788308364
11583,120.0,63.0,0.0,63.0,6.0,0.012116503352960235,13.8738043864366
11584,120.0,64.0,0.0,64.0,6.0,0.0,13.8738043864366
11585,120.0,65.0,0.0,65.0,2.0,0.11796462285651328,13.991769009293114
11586,120.0,66.0,0.0,66.0,6.0,0.10821198863204971,14.099980997925163
11587,120.0,67.0,0.0,67.0,1.0,0.1581141854724727,14.258095183397636
11588,120.0,68.0,0.0,68.0,6.0,0.1350995944228713,14.393194777820508
11589,120.0,69.0,0.0,69.0,3.0,0.19564670942873996,14.588841487249248
11590,120.0,70.0,0.0,70.0,6.0,0.07179891276627816,14.660640400015525
11591,120.0,71.0,0.0,71.0,1.0,0.0,14.660640400015525
11592,120.0,72.0,0.0,72.0,3.0,0.08066953314049238,14.741309933156018
11593,120.0,73.0,0.0,73.0,6.0,0.19237477602684144,14.93368470918286
11594,120.0,74.0,0.0,74.0,2.0,0.537148762474358,15.470833471657217
11595,120.0,75.0,0.0,75.0,2.0,0.0073944663165102,15.478227937973728
11596,120.0,76.0,0.0,76.0,2.0,0.05071475147700608,15.528942689450734
11597,120.0,77.0,0.0,77.0,6.0,0.14053761898862807,15.669480308439361
11598,120.0,78.0,0.0,78.0,4.0,0.23110148611791392,15.900581794557276
11599,120.0,79.0,0.0,79.0,4.0,0.2891704822674655,16.18975227682474
11600,120.0,80.0,0.0,80.0,4.0,0.0,16.18975227682474
11601,120.0,81.0,0.0,81.0,6.0,0.2676282183690528,16.457380495193796
11602,120.0,82.0,0.0,82.0,6.0,0.05187143270467871,16.509251927898475
11603,120.0,83.0,0.0,83.0,5.0,0.25021711092646615,16.759469038824943
11604,120.0,84.0,0.0,84.0,5.0,0.1271290746976771,16.88659811352262
11605,120.0,85.0,0.0,85.0,6.0,0.29928972735028064,17.1858878408729
11606,120.0,86.0,0.0,86.0,6.0,0.3045366457502025,17.490424486623105
11607,120.0,87.0,0.0,87.0,6.0,0.20104993189686238,17.691474418519967
11608,120.0,88.0,0.0,88.0,0.0,0.20224160288158624,17.893716021401552
11609,120.0,89.0,0.0,89.0,1.0,0.0,17.893716021401552
11610,120.0,90.0,0.0,90.0,6.0,0.0206337541478017,17.914349775549354
11611,120.0,91.0,0.0,91.0,2.0,0.4120778195142538,18.326427595063606
11612,120.0,92.0,0.0,92.0,2.0,0.07058480069441396,18.39701239575802
11613,120.0,93.0,0.0,93.0,0.0,0.48448669996828364,18.8814990957263
11614,120.0,94.0,0.0,94.0,0.0,0.18031182752271988,19.06181092324902
11615,120.0,95.0,0.0,95.0,0.0,0.0,19.06181092324902
11616,121.0,0.0,0.0,0.0,0.0,0.0,0.0
11617,121.0,1.0,0.0,1.0,1.0,0.29471142430324837,0.29471142430324837
11618,121.0,2.0,0.0,2.0,2.0,0.38831574574861955,0.683027170051868
11619,121.0,3.0,0.0,3.0,3.0,0.020094125614477917,0.7031212956663458
11620,121.0,4.0,0.0,4.0,4.0,0.2914393100528348,0.9945606057191807
11621,121.0,5.0,0.0,5.0,5.0,0.34526090527631603,1.3398215109954967
11622,121.0,6.0,0.0,6.0,6.0,0.46761061637242407,1.8074321273679208
11623,121.0,7.0,0.0,7.0,7.0,0.6859517409375426,2.4933838683054637
11624,121.0,8.0,0.0,8.0,7.0,0.06166327491542525,2.555047143220889
11625,121.0,9.0,0.0,9.0,6.0,0.36348110977950954,2.9185282530003986
11626,121.0,10.0,0.0,10.0,2.0,0.17796714865995647,3.096495401660355
11627,121.0,11.0,0.0,11.0,5.0,0.0,3.096495401660355
11628,121.0,12.0,0.0,12.0,1.0,0.23702024352928716,3.3335156451896424
11629,121.0,13.0,0.0,13.0,4.0,0.06660229217274866,3.400117937362391
11630,121.0,14.0,0.0,14.0,6.0,0.40586275112066333,3.8059806884830545
11631,121.0,15.0,0.0,15.0,7.0,0.45690301731070837,4.2628837057937625
11632,121.0,16.0,0.0,16.0,6.0,0.2245370227069958,4.487420728500759
11633,121.0,17.0,0.0,17.0,7.0,0.06863775353354312,4.5560584820343015
11634,121.0,18.0,0.0,18.0,2.0,0.39818203123925505,4.9542405132735565
11635,121.0,19.0,0.0,19.0,1.0,0.028670031367413643,4.98291054464097
11636,121.0,20.0,0.0,20.0,6.0,0.4025312660474192,5.3854418106883895
11637,121.0,21.0,0.0,21.0,2.0,0.038723990899334274,5.424165801587724
11638,121.0,22.0,0.0,22.0,6.0,0.3045366457502025,5.728702447337926
11639,121.0,23.0,0.0,23.0,7.0,0.658941602314391,6.387644049652317
11640,121.0,24.0,0.0,24.0,7.0,0.08845181773763568,6.476095867389953
11641,121.0,25.0,0.0,25.0,6.0,0.2380098281042837,6.714105695494236
11642,121.0,26.0,0.0,26.0,7.0,0.30489283886315693,7.018998534357394
11643,121.0,27.0,0.0,27.0,6.0,0.12662947121033713,7.145628005567731
11644,121.0,28.0,0.0,28.0,4.0,0.2965977540714963,7.442225759639227
11645,121.0,29.0,0.0,29.0,5.0,0.0,7.442225759639227
11646,121.0,30.0,0.0,30.0,7.0,0.14518903393281696,7.5874147935720435
11647,121.0,31.0,0.0,31.0,3.0,0.0,7.5874147935720435
11648,121.0,32.0,0.0,32.0,4.0,0.45159698088013056,8.039011774452174
11649,121.0,33.0,0.0,33.0,4.0,0.36899642420942863,8.408008198661603
11650,121.0,34.0,0.0,34.0,4.0,0.3505563668212525,8.758564565482855
11651,121.0,35.0,0.0,35.0,4.0,0.05283876478085068,8.811403330263706
11652,121.0,36.0,0.0,36.0,2.0,0.482186826413389,9.293590156677096
11653,121.0,37.0,0.0,37.0,2.0,0.07058480069441396,9.36417495737151
11654,121.0,38.0,0.0,38.0,0.0,0.4367721168526441,9.800947074224155
11655,121.0,39.0,0.0,39.0,0.0,0.0,9.800947074224155
11656,121.0,40.0,0.0,40.0,6.0,0.09243667781140737,9.893383752035563
11657,121.0,41.0,0.0,41.0,7.0,0.2908331151793469,10.184216867214909
11658,121.0,42.0,0.0,42.0,1.0,0.0,10.184216867214909
11659,121.0,43.0,0.0,43.0,7.0,0.4410508038344497,10.62526767104936
11660,121.0,44.0,0.0,44.0,7.0,0.28559811848043837,10.910865789529797
11661,121.0,45.0,0.0,45.0,7.0,0.1578071467912929,11.06867293632109
11662,121.0,46.0,0.0,46.0,2.0,0.0,11.06867293632109
11663,121.0,47.0,0.0,47.0,6.0,0.1938598477639666,11.262532784085057
11664,121.0,48.0,0.0,48.0,4.0,0.42565478925164,11.688187573336696
11665,121.0,49.0,0.0,49.0,4.0,0.12212621641662968,11.810313789753327
11666,121.0,50.0,0.0,50.0,7.0,0.0512601046839897,11.861573894437317
11667,121.0,51.0,0.0,51.0,6.0,0.528994261355651,12.390568155792968
11668,121.0,52.0,0.0,52.0,6.0,0.0989051148392537,12.489473270632221
11669,121.0,53.0,0.0,53.0,4.0,0.0,12.489473270632221
11670,121.0,54.0,0.0,54.0,0.0,0.0,12.489473270632221
11671,121.0,55.0,0.0,55.0,6.0,0.20751175649518033,12.6969850271274
11672,121.0,56.0,0.0,56.0,7.0,0.0,12.6969850271274
11673,121.0,57.0,0.0,57.0,6.0,0.2030643176852566,12.900049344812658
11674,121.0,58.0,0.0,58.0,2.0,0.0,12.900049344812658
11675,121.0,59.0,0.0,59.0,6.0,0.38478252254705636,13.284831867359713
11676,121.0,60.0,0.0,60.0,6.0,0.5198631933975867,13.8046950607573
11677,121.0,61.0,0.0,61.0,6.0,0.002161454739645614,13.806856515496946
11678,121.0,62.0,0.0,62.0,5.0,0.1189977910814536,13.9258543065784
11679,121.0,63.0,0.0,63.0,6.0,0.4832391209848758,14.409093427563276
11680,121.0,64.0,0.0,64.0,6.0,0.23042860433100323,14.639522031894279
11681,121.0,65.0,0.0,65.0,6.0,0.1350995944228713,14.77462162631715
11682,121.0,66.0,0.0,66.0,4.0,0.15383977509268065,14.928461401409832
11683,121.0,67.0,0.0,67.0,7.0,0.3632416151092178,15.29170301651905
11684,121.0,68.0,0.0,68.0,7.0,0.018202433303999167,15.309905449823049
11685,121.0,69.0,0.0,69.0,6.0,0.525530725813632,15.83543617563668
11686,121.0,70.0,0.0,70.0,6.0,0.060843244270408124,15.896279419907088
11687,121.0,71.0,0.0,71.0,1.0,0.1252470864872485,16.021526506394338
11688,121.0,72.0,0.0,72.0,6.0,0.14053761898862807,16.162064125382965
11689,121.0,73.0,0.0,73.0,4.0,0.3482376111706019,16.51030173655357
11690,121.0,74.0,0.0,74.0,4.0,0.45969118074479987,16.96999291729837
11691,121.0,75.0,0.0,75.0,4.0,0.181316232947323,17.151309150245694
11692,121.0,76.0,0.0,76.0,4.0,0.11081989247498787,17.262129042720684
11693,121.0,77.0,0.0,77.0,6.0,0.308924290481592,17.571053333202276
11694,121.0,78.0,0.0,78.0,7.0,0.3497936611859112,17.920846994388185
11695,121.0,79.0,0.0,79.0,7.0,0.12388247804213057,18.044729472430316
11696,121.0,80.0,0.0,80.0,6.0,0.5048327715259897,18.549562243956306
11697,121.0,81.0,0.0,81.0,6.0,0.19237477602684144,18.741937019983148
11698,121.0,82.0,0.0,82.0,6.0,0.20104993189686238,18.94298695188001
11699,121.0,83.0,0.0,83.0,6.0,0.5064850022994652,19.449471954179476
11700,121.0,84.0,0.0,84.0,6.0,0.11636299692256234,19.565834951102037
11701,121.0,85.0,0.0,85.0,6.0,0.0,19.565834951102037
11702,121.0,86.0,0.0,86.0,4.0,0.19670552128951685,19.762540472391553
11703,121.0,87.0,0.0,87.0,2.0,0.20242816608866174,19.964968638480215
11704,121.0,88.0,0.0,88.0,7.0,0.029232001322727855,19.994200639802944
11705,121.0,89.0,0.0,89.0,4.0,0.05778005683271747,20.051980696635663
11706,121.0,90.0,0.0,90.0,5.0,0.12956159087489713,20.18154228751056
11707,121.0,91.0,0.0,91.0,6.0,0.29928972735028064,20.48083201486084
11708,121.0,92.0,0.0,92.0,3.0,0.3530641579703023,20.833896172831142
11709,121.0,93.0,0.0,93.0,3.0,0.1400797834114359,20.97397595624258
11710,121.0,94.0,0.0,94.0,3.0,0.6012094297445113,21.57518538598709
11711,121.0,95.0,0.0,95.0,3.0,0.3437000409382609,21.91888542692535
11712,122.0,0.0,0.0,0.0,0.0,0.1379763011203817,0.1379763011203817
11713,122.0,1.0,0.0,1.0,1.0,0.0,0.1379763011203817
11714,122.0,2.0,0.0,2.0,2.0,0.20242816608866174,0.34040446720904344
11715,122.0,3.0,0.0,3.0,3.0,0.31273620845765815,0.6531406756667015
11716,122.0,4.0,0.0,4.0,4.0,0.3541487541408539,1.0072894298075554
11717,122.0,5.0,0.0,5.0,5.0,0.4585537674797822,1.4658431972873376
11718,122.0,6.0,0.0,6.0,6.0,0.18788376889070377,1.6537269661780414
11719,122.0,7.0,0.0,7.0,7.0,0.0,1.6537269661780414
11720,122.0,8.0,0.0,8.0,5.0,0.07695982053318112,1.7306867867112226
11721,122.0,9.0,0.0,9.0,4.0,0.22645575073161234,1.9571425374428348
11722,122.0,10.0,0.0,10.0,3.0,0.030472832457272593,1.9876153699001073
11723,122.0,11.0,0.0,11.0,2.0,0.0,1.9876153699001073
11724,122.0,12.0,0.0,12.0,6.0,0.19330425654839078,2.1809196264484982
11725,122.0,13.0,0.0,13.0,4.0,0.3505563668212525,2.531475993269751
11726,122.0,14.0,0.0,14.0,0.0,0.04177638852618539,2.5732523817959363
11727,122.0,15.0,0.0,15.0,5.0,0.5289754288227388,3.1022278106186754
11728,122.0,16.0,0.0,16.0,5.0,0.2248680210661569,3.327095831684832
11729,122.0,17.0,0.0,17.0,4.0,0.3628567677526115,3.6899525994374436
11730,122.0,18.0,0.0,18.0,4.0,0.07493619689443067,3.7648887963318742
11731,122.0,19.0,0.0,19.0,5.0,0.2548228037622788,4.019711600094153
11732,122.0,20.0,0.0,20.0,6.0,0.754797882045112,4.7745094821392655
11733,122.0,21.0,0.0,21.0,6.0,0.0,4.7745094821392655
11734,122.0,22.0,0.0,22.0,6.0,0.5721185095518746,5.34662799169114
11735,122.0,23.0,0.0,23.0,6.0,0.2690884433507071,5.615716435041847
11736,122.0,24.0,0.0,24.0,6.0,0.04941931180611817,5.665135746847965
11737,122.0,25.0,0.0,25.0,5.0,0.25021711092646615,5.915352857774431
11738,122.0,26.0,0.0,26.0,3.0,0.24272613617104483,6.158078993945476
11739,122.0,27.0,0.0,27.0,5.0,0.49945965498331496,6.65753864892879
11740,122.0,28.0,0.0,28.0,5.0,0.13613113582277864,6.793669784751569
11741,122.0,29.0,0.0,29.0,1.0,0.35164524988197277,7.1453150346335415
11742,122.0,30.0,0.0,30.0,1.0,0.14300684882151335,7.288321883455055
11743,122.0,31.0,0.0,31.0,7.0,0.0739714121023839,7.362293295557438
11744,122.0,32.0,0.0,32.0,4.0,0.020723335122281958,7.3830166306797205
11745,122.0,33.0,0.0,33.0,3.0,0.07764731871057673,7.460663949390297
11746,122.0,34.0,0.0,34.0,5.0,0.023341935947433844,7.484005885337731
11747,122.0,35.0,0.0,35.0,6.0,0.0,7.484005885337731
11748,122.0,36.0,0.0,36.0,2.0,0.2064163726873327,7.690422258025063
11749,122.0,37.0,0.0,37.0,1.0,0.21774518083343142,7.908167438858495
11750,122.0,38.0,0.0,38.0,0.0,0.0,7.908167438858495
11751,122.0,39.0,0.0,39.0,5.0,0.15143727500736548,8.05960471386586
11752,122.0,40.0,0.0,40.0,4.0,0.45159698088013056,8.511201694745992
11753,122.0,41.0,0.0,41.0,4.0,0.10016360891352999,8.611365303659522
11754,122.0,42.0,0.0,42.0,6.0,0.20751175649518033,8.818877060154701
11755,122.0,43.0,0.0,43.0,1.0,0.9959745150176808,9.814851575172382
11756,122.0,44.0,0.0,44.0,1.0,0.0,9.814851575172382
11757,122.0,45.0,0.0,45.0,1.0,0.11338444405026506,9.928236019222647
11758,122.0,46.0,0.0,46.0,1.0,0.15694390699350397,10.085179926216151
11759,122.0,47.0,0.0,47.0,2.0,0.0072074941480090105,10.09238742036416
11760,122.0,48.0,0.0,48.0,1.0,0.3409891715042017,10.433376591868361
11761,122.0,49.0,0.0,49.0,1.0,0.14996651879064163,10.583343110659003
11762,122.0,50.0,0.0,50.0,4.0,0.0,10.583343110659003
11763,122.0,51.0,0.0,51.0,5.0,0.15788754467582478,10.741230655334828
11764,122.0,52.0,0.0,52.0,3.0,0.20758298031156905,10.948813635646397
11765,122.0,53.0,0.0,53.0,6.0,0.0,10.948813635646397
11766,122.0,54.0,0.0,54.0,1.0,0.09271436829694825,11.041528003943345
11767,122.0,55.0,0.0,55.0,5.0,0.1988526429963335,11.240380646939679
11768,122.0,56.0,0.0,56.0,3.0,0.0,11.240380646939679
11769,122.0,57.0,0.0,57.0,5.0,0.0,11.240380646939679
11770,122.0,58.0,0.0,58.0,7.0,0.28559811848043837,11.525978765420117
11771,122.0,59.0,0.0,59.0,7.0,0.0,11.525978765420117
11772,122.0,60.0,0.0,60.0,1.0,0.2217983483299603,11.747777113750077
11773,122.0,61.0,0.0,61.0,4.0,0.28146556337815226,12.029242677128229
11774,122.0,62.0,0.0,62.0,6.0,0.9633601102069204,12.99260278733515
11775,122.0,63.0,0.0,63.0,6.0,0.36348110977950954,13.35608389711466
11776,122.0,64.0,0.0,64.0,6.0,0.40586275112066333,13.761946648235323
11777,122.0,65.0,0.0,65.0,6.0,0.012576657579367172,13.774523305814691
11778,122.0,66.0,0.0,66.0,6.0,0.38478252254705636,14.159305828361747
11779,122.0,67.0,0.0,67.0,6.0,0.2888924503251035,14.448198278686851
11780,122.0,68.0,0.0,68.0,6.0,0.5398005436791784,14.987998822366029
11781,122.0,69.0,0.0,69.0,6.0,0.0989051148392537,15.086903937205282
11782,122.0,70.0,0.0,70.0,6.0,0.2091349837990253,15.296038921004307
11783,122.0,71.0,0.0,71.0,6.0,0.14053761898862807,15.436576539992934
11784,122.0,72.0,0.0,72.0,6.0,0.08544920153663012,15.522025741529564
11785,122.0,73.0,0.0,73.0,6.0,0.5199951664423675,16.04202090797193
11786,122.0,74.0,0.0,74.0,6.0,0.0,16.04202090797193
11787,122.0,75.0,0.0,75.0,4.0,0.6166947510523849,16.658715659024317
11788,122.0,76.0,0.0,76.0,4.0,0.5401870119994172,17.198902671023735
11789,122.0,77.0,0.0,77.0,4.0,0.07128856318987772,17.270191234213613
11790,122.0,78.0,0.0,78.0,4.0,0.3406652420848293,17.61085647629844
11791,122.0,79.0,0.0,79.0,4.0,0.2742259822986554,17.885082458597097
11792,122.0,80.0,0.0,80.0,4.0,0.3716799242424243,18.256762382839522
11793,122.0,81.0,0.0,81.0,4.0,0.0,18.256762382839522
11794,122.0,82.0,0.0,82.0,4.0,0.5370312334100855,18.79379361624961
11795,122.0,83.0,0.0,83.0,4.0,0.2891704822674655,19.082964098517074
11796,122.0,84.0,0.0,84.0,4.0,0.0456160838408476,19.128580182357922
11797,122.0,85.0,0.0,85.0,4.0,0.014489782945512395,19.143069965303436
11798,122.0,86.0,0.0,86.0,1.0,0.2336797832809992,19.376749748584434
11799,122.0,87.0,0.0,87.0,6.0,0.398606424860819,19.775356173445253
11800,122.0,88.0,0.0,88.0,6.0,0.36321665879061876,20.138572832235873
11801,122.0,89.0,0.0,89.0,6.0,0.46655973523908206,20.605132567474953
11802,122.0,90.0,0.0,90.0,6.0,0.002161454739645614,20.6072940222146
11803,122.0,91.0,0.0,91.0,6.0,0.20104993189686238,20.80834395411146
11804,122.0,92.0,0.0,92.0,1.0,0.11896244309851166,20.92730639720997
11805,122.0,93.0,0.0,93.0,6.0,0.02152766918353003,20.948834066393502
11806,122.0,94.0,0.0,94.0,5.0,0.061655103827774414,21.010489170221277
11807,122.0,95.0,0.0,95.0,4.0,0.19670552128951685,21.207194691510793
11808,123.0,0.0,0.0,0.0,0.0,0.026462552773326972,0.026462552773326972
11809,123.0,1.0,0.0,1.0,1.0,0.1521898058916304,0.17865235866495738
11810,123.0,2.0,0.0,2.0,2.0,0.1905422112228126,0.36919456988777
11811,123.0,3.0,0.0,3.0,3.0,0.18053033147432693,0.549724901362097
11812,123.0,4.0,0.0,4.0,4.0,0.11041446593207717,0.6601393672941741
11813,123.0,5.0,0.0,5.0,5.0,0.3039231620092401,0.9640625293034142
11814,123.0,6.0,0.0,6.0,6.0,0.3116598759686686,1.2757224052720828
11815,123.0,7.0,0.0,7.0,7.0,0.2020575551425499,1.4777799604146327
11816,123.0,8.0,0.0,8.0,6.0,0.20751175649518033,1.685291716909813
11817,123.0,9.0,0.0,9.0,5.0,0.4083245810104282,2.0936162979202413
11818,123.0,10.0,0.0,10.0,5.0,0.015747168809085662,2.109363466729327
11819,123.0,11.0,0.0,11.0,7.0,0.45690301731070837,2.5662664840400353
11820,123.0,12.0,0.0,12.0,2.0,0.3981486247182143,2.9644151087582498
11821,123.0,13.0,0.0,13.0,7.0,0.5091692201750498,3.4735843289332995
11822,123.0,14.0,0.0,14.0,3.0,0.08066953314049238,3.554253862073792
11823,123.0,15.0,0.0,15.0,7.0,0.0,3.554253862073792
11824,123.0,16.0,0.0,16.0,1.0,0.0,3.554253862073792
11825,123.0,17.0,0.0,17.0,2.0,0.273959930967197,3.828213793040989
11826,123.0,18.0,0.0,18.0,6.0,0.04396724673097683,3.872181039771966
11827,123.0,19.0,0.0,19.0,4.0,0.6296318563139507,4.501812896085917
11828,123.0,20.0,0.0,20.0,4.0,0.08739218446663143,4.589205080552548
11829,123.0,21.0,0.0,21.0,2.0,0.03427022523850223,4.62347530579105
11830,123.0,22.0,0.0,22.0,4.0,0.14496949301802708,4.768444798809077
11831,123.0,23.0,0.0,23.0,7.0,0.0,4.768444798809077
11832,123.0,24.0,0.0,24.0,5.0,0.07826673374384487,4.846711532552922
11833,123.0,25.0,0.0,25.0,0.0,0.04067335314553405,4.887384885698456
11834,123.0,26.0,0.0,26.0,4.0,0.005519628586349254,4.8929045142848056
11835,123.0,27.0,0.0,27.0,3.0,0.05696293260850334,4.949867446893309
11836,123.0,28.0,0.0,28.0,6.0,0.019802180604578484,4.969669627497888
11837,123.0,29.0,0.0,29.0,2.0,0.14808157325436302,5.117751200752251
11838,123.0,30.0,0.0,30.0,7.0,0.0739714121023839,5.191722612854635
11839,123.0,31.0,0.0,31.0,5.0,0.4299809133878022,5.621703526242437
11840,123.0,32.0,0.0,32.0,5.0,0.11740694843157064,5.739110474674008
11841,123.0,33.0,0.0,33.0,2.0,0.1113616455486472,5.850472120222655
11842,123.0,34.0,0.0,34.0,5.0,0.25021711092646615,6.100689231149121
11843,123.0,35.0,0.0,35.0,1.0,0.39051636555348407,6.491205596702605
11844,123.0,36.0,0.0,36.0,1.0,0.3409891715042017,6.832194768206807
11845,123.0,37.0,0.0,37.0,1.0,0.3461068524360502,7.178301620642857
11846,123.0,38.0,0.0,38.0,1.0,0.5325149437924254,7.710816564435283
11847,123.0,39.0,0.0,39.0,1.0,0.21774518083343142,7.9285617452687145
11848,123.0,40.0,0.0,40.0,1.0,0.004865038927265206,7.93342678419598
11849,123.0,41.0,0.0,41.0,1.0,0.29471142430324837,8.228138208499228
11850,123.0,42.0,0.0,42.0,1.0,0.05727556146362054,8.28541376996285
11851,123.0,43.0,0.0,43.0,4.0,0.4262384419390214,8.711652211901871
11852,123.0,44.0,0.0,44.0,4.0,0.6273379479591693,9.33899015986104
11853,123.0,45.0,0.0,45.0,4.0,0.3845164824990986,9.723506642360139
11854,123.0,46.0,0.0,46.0,4.0,0.28146556337815226,10.00497220573829
11855,123.0,47.0,0.0,47.0,4.0,0.181316232947323,10.186288438685613
11856,123.0,48.0,0.0,48.0,4.0,0.42565478925164,10.611943227937253
11857,123.0,49.0,0.0,49.0,4.0,0.12114345880479456,10.733086686742048
11858,123.0,50.0,0.0,50.0,4.0,0.0,10.733086686742048
11859,123.0,51.0,0.0,51.0,5.0,0.33067682826060296,11.063763515002652
11860,123.0,52.0,0.0,52.0,5.0,0.13948261044307597,11.203246125445729
11861,123.0,53.0,0.0,53.0,7.0,0.0,11.203246125445729
11862,123.0,54.0,0.0,54.0,4.0,0.062174288129666674,11.265420413575395
11863,123.0,55.0,0.0,55.0,5.0,0.0,11.265420413575395
11864,123.0,56.0,0.0,56.0,2.0,0.04195847045540713,11.307378884030802
11865,123.0,57.0,0.0,57.0,6.0,0.43814959519287755,11.74552847922368
11866,123.0,58.0,0.0,58.0,6.0,0.4419319569723373,12.187460436196018
11867,123.0,59.0,0.0,59.0,6.0,0.38423498309596005,12.571695419291977
11868,123.0,60.0,0.0,60.0,6.0,0.5415728013366148,13.113268220628592
11869,123.0,61.0,0.0,61.0,6.0,0.39899739331314654,13.51226561394174
11870,123.0,62.0,0.0,62.0,6.0,0.08569355050034418,13.597959164442084
11871,123.0,63.0,0.0,63.0,6.0,0.15948567313383155,13.757444837575916
11872,123.0,64.0,0.0,64.0,6.0,0.36321665879061876,14.120661496366534
11873,123.0,65.0,0.0,65.0,6.0,0.18466604549596066,14.305327541862495
11874,123.0,66.0,0.0,66.0,6.0,0.1370475401392327,14.442375082001726
11875,123.0,67.0,0.0,67.0,6.0,0.012576657579367172,14.454951739581094
11876,123.0,68.0,0.0,68.0,3.0,0.1800108644972652,14.63496260407836
11877,123.0,69.0,0.0,69.0,1.0,0.14300684882151335,14.777969452899875
11878,123.0,70.0,0.0,70.0,0.0,0.002858608451678879,14.780828061351553
11879,123.0,71.0,0.0,71.0,4.0,0.16518765184318784,14.94601571319474
11880,123.0,72.0,0.0,72.0,6.0,0.4832391209848758,15.429254834179616
11881,123.0,73.0,0.0,73.0,6.0,0.10821198863204971,15.537466822811666
11882,123.0,74.0,0.0,74.0,1.0,0.43077514535649875,15.968241968168165
11883,123.0,75.0,0.0,75.0,1.0,0.10131102734794921,16.069552995516116
11884,123.0,76.0,0.0,76.0,6.0,0.5721185095518746,16.64167150506799
11885,123.0,77.0,0.0,77.0,6.0,0.5064850022994652,17.148156507367457
11886,123.0,78.0,0.0,78.0,6.0,0.0,17.148156507367457
11887,123.0,79.0,0.0,79.0,6.0,0.05187143270467871,17.200027940072136
11888,123.0,80.0,0.0,80.0,3.0,0.09565973087312887,17.295687670945266
11889,123.0,81.0,0.0,81.0,4.0,0.3505563668212525,17.646244037766518
11890,123.0,82.0,0.0,82.0,4.0,0.20497945959324024,17.851223497359758
11891,123.0,83.0,0.0,83.0,1.0,0.29885514167787697,18.150078639037634
11892,123.0,84.0,0.0,84.0,1.0,0.16259328171919027,18.312671920756824
11893,123.0,85.0,0.0,85.0,4.0,0.01616105790717103,18.328832978663996
11894,123.0,86.0,0.0,86.0,6.0,0.5609494988696637,18.88978247753366
11895,123.0,87.0,0.0,87.0,6.0,0.308924290481592,19.198706768015253
11896,123.0,88.0,0.0,88.0,6.0,0.8113111970305757,20.01001796504583
11897,123.0,89.0,0.0,89.0,6.0,0.1938598477639666,20.203877812809797
11898,123.0,90.0,0.0,90.0,6.0,0.3152014117071101,20.519079224516908
11899,123.0,91.0,0.0,91.0,6.0,0.19237477602684144,20.71145400054375
11900,123.0,92.0,0.0,92.0,6.0,0.10776919275082603,20.819223193294576
11901,123.0,93.0,0.0,93.0,6.0,0.5048327715259897,21.324055964820566
11902,123.0,94.0,0.0,94.0,6.0,0.08326994649709853,21.407325911317663
11903,123.0,95.0,0.0,95.0,6.0,0.2245370227069958,21.63186293402466
11904,124.0,0.0,0.0,0.0,0.0,0.30754911887660585,0.30754911887660585
11905,124.0,1.0,0.0,1.0,1.0,0.5506933393432334,0.8582424582198392
11906,124.0,2.0,0.0,2.0,2.0,0.15868138789215788,1.0169238461119972
11907,124.0,3.0,0.0,3.0,3.0,0.07352085026470992,1.0904446963767072
11908,124.0,4.0,0.0,4.0,4.0,0.14496949301802708,1.2354141893947341
11909,124.0,5.0,0.0,5.0,5.0,0.4034908793754677,1.6389050687702018
11910,124.0,6.0,0.0,6.0,6.0,0.0,1.6389050687702018
11911,124.0,7.0,0.0,7.0,7.0,0.6859517409375426,2.3248568097077444
11912,124.0,8.0,0.0,8.0,7.0,0.06863775353354312,2.3934945632412874
11913,124.0,9.0,0.0,9.0,1.0,0.39919928454817294,2.7926938477894603
11914,124.0,10.0,0.0,10.0,5.0,0.027814322711726475,2.8205081705011867
11915,124.0,11.0,0.0,11.0,1.0,0.23895507602304034,3.059463246524227
11916,124.0,12.0,0.0,12.0,0.0,0.2947614129510977,3.3542246594753244
11917,124.0,13.0,0.0,13.0,7.0,0.18383185769136598,3.5380565171666905
11918,124.0,14.0,0.0,14.0,1.0,0.1735308598711164,3.711587377037807
11919,124.0,15.0,0.0,15.0,2.0,0.6257180907935707,4.337305467831378
11920,124.0,16.0,0.0,16.0,2.0,0.0,4.337305467831378
11921,124.0,17.0,0.0,17.0,0.0,0.07987026212693644,4.4171757299583145
11922,124.0,18.0,0.0,18.0,4.0,0.11041446593207717,4.527590195890392
11923,124.0,19.0,0.0,19.0,7.0,0.4410508038344497,4.968640999724841
11924,124.0,20.0,0.0,20.0,7.0,0.45690301731070837,5.425544017035549
11925,124.0,21.0,0.0,21.0,7.0,0.0,5.425544017035549
11926,124.0,22.0,0.0,22.0,1.0,0.0,5.425544017035549
11927,124.0,23.0,0.0,23.0,3.0,0.24272613617104483,5.668270153206594
11928,124.0,24.0,0.0,24.0,5.0,0.4299809133878022,6.098251066594396
11929,124.0,25.0,0.0,25.0,5.0,0.3060716499089532,6.40432271650335
11930,124.0,26.0,0.0,26.0,2.0,0.20166360592346178,6.605986322426811
11931,124.0,27.0,0.0,27.0,5.0,0.4083245810104282,7.01431090343724
11932,124.0,28.0,0.0,28.0,5.0,0.008843280460235635,7.023154183897475
11933,124.0,29.0,0.0,29.0,0.0,0.0,7.023154183897475
11934,124.0,30.0,0.0,30.0,3.0,0.19581372444038134,7.218967908337857
11935,124.0,31.0,0.0,31.0,7.0,0.1578071467912929,7.3767750551291495
11936,124.0,32.0,0.0,32.0,6.0,0.709114106247022,8.085889161376171
11937,124.0,33.0,0.0,33.0,6.0,0.029858941276052695,8.115748102652224
11938,124.0,34.0,0.0,34.0,6.0,0.08473142129368774,8.200479523945912
11939,124.0,35.0,0.0,35.0,2.0,0.1731947690353173,8.37367429298123
11940,124.0,36.0,0.0,36.0,1.0,0.43077514535649875,8.804449438337729
11941,124.0,37.0,0.0,37.0,1.0,0.055820590489851885,8.86027002882758
11942,124.0,38.0,0.0,38.0,4.0,0.0,8.86027002882758
11943,124.0,39.0,0.0,39.0,7.0,0.5091692201750498,9.36943924900263
11944,124.0,40.0,0.0,40.0,7.0,0.45856256848509114,9.82800181748772
11945,124.0,41.0,0.0,41.0,7.0,0.15727691362384175,9.985278731111562
11946,124.0,42.0,0.0,42.0,7.0,0.03966389497905114,10.024942626090613
11947,124.0,43.0,0.0,43.0,5.0,0.3213104541310374,10.34625308022165
11948,124.0,44.0,0.0,44.0,5.0,0.0,10.34625308022165
11949,124.0,45.0,0.0,45.0,3.0,0.0,10.34625308022165
11950,124.0,46.0,0.0,46.0,6.0,0.754797882045112,11.101050962266763
11951,124.0,47.0,0.0,47.0,6.0,0.6681191236917254,11.76917008595849
11952,124.0,48.0,0.0,48.0,6.0,0.08326994649709853,11.852440032455588
11953,124.0,49.0,0.0,49.0,6.0,0.19275096950199988,12.045191001957589
11954,124.0,50.0,0.0,50.0,6.0,0.0,12.045191001957589
11955,124.0,51.0,0.0,51.0,2.0,0.0,12.045191001957589
11956,124.0,52.0,0.0,52.0,1.0,0.26917241091670174,12.31436341287429
11957,124.0,53.0,0.0,53.0,6.0,0.0,12.31436341287429
11958,124.0,54.0,0.0,54.0,1.0,0.29885514167787697,12.613218554552166
11959,124.0,55.0,0.0,55.0,7.0,0.12720264438925566,12.740421198941421
11960,124.0,56.0,0.0,56.0,1.0,0.0,12.740421198941421
11961,124.0,57.0,0.0,57.0,0.0,0.09968082273709172,12.840102021678513
11962,124.0,58.0,0.0,58.0,7.0,0.3632416151092178,13.20334363678773
11963,124.0,59.0,0.0,59.0,7.0,0.0,13.20334363678773
11964,124.0,60.0,0.0,60.0,5.0,0.1011811837154788,13.30452482050321
11965,124.0,61.0,0.0,61.0,6.0,0.8206264844566112,14.12515130495982
11966,124.0,62.0,0.0,62.0,6.0,0.525530725813632,14.650682030773451
11967,124.0,63.0,0.0,63.0,6.0,0.46761061637242407,15.118292647145875
11968,124.0,64.0,0.0,64.0,6.0,0.0,15.118292647145875
11969,124.0,65.0,0.0,65.0,6.0,0.18466604549596066,15.302958692641836
11970,124.0,66.0,0.0,66.0,6.0,0.19237477602684144,15.495333468668678
11971,124.0,67.0,0.0,67.0,6.0,0.45661860173922436,15.951952070407902
11972,124.0,68.0,0.0,68.0,6.0,0.02152766918353003,15.973479739591433
11973,124.0,69.0,0.0,69.0,6.0,0.019802180604578484,15.993281920196011
11974,124.0,70.0,0.0,70.0,1.0,0.21774518083343142,16.211027101029444
11975,124.0,71.0,0.0,71.0,2.0,0.27508209868767286,16.486109199717117
11976,124.0,72.0,0.0,72.0,7.0,0.4478551091326492,16.933964308849767
11977,124.0,73.0,0.0,73.0,7.0,0.6820921113526627,17.61605642020243
11978,124.0,74.0,0.0,74.0,7.0,0.2442715151719623,17.860327935374393
11979,124.0,75.0,0.0,75.0,7.0,0.029232001322727855,17.889559936697122
11980,124.0,76.0,0.0,76.0,7.0,0.0,17.889559936697122
11981,124.0,77.0,0.0,77.0,2.0,0.08011626779528125,17.9696762044924
11982,124.0,78.0,0.0,78.0,1.0,0.5102676826124355,18.479943887104838
11983,124.0,79.0,0.0,79.0,1.0,0.6458467227103142,19.12579060981515
11984,124.0,80.0,0.0,80.0,1.0,0.18474591588561104,19.310536525700762
11985,124.0,81.0,0.0,81.0,1.0,0.2336797832809992,19.54421630898176
11986,124.0,82.0,0.0,82.0,1.0,0.9645942569749285,20.50881056595669
11987,124.0,83.0,0.0,83.0,1.0,0.3409891715042017,20.84979973746089
11988,124.0,84.0,0.0,84.0,1.0,0.2107072265151842,21.060506963976074
11989,124.0,85.0,0.0,85.0,1.0,0.1122698472049673,21.17277681118104
11990,124.0,86.0,0.0,86.0,1.0,0.10131102734794921,21.27408783852899
11991,124.0,87.0,0.0,87.0,1.0,0.23702024352928716,21.51110808205828
11992,124.0,88.0,0.0,88.0,1.0,0.11896244309851166,21.63007052515679
11993,124.0,89.0,0.0,89.0,1.0,0.38990649885735673,22.019977024014146
11994,124.0,90.0,0.0,90.0,1.0,0.14690456218978679,22.16688158620393
11995,124.0,91.0,0.0,91.0,5.0,0.2501458808505047,22.417027467054435
11996,124.0,92.0,0.0,92.0,6.0,0.2358206865923345,22.65284815364677
11997,124.0,93.0,0.0,93.0,1.0,0.04317602104936086,22.69602417469613
11998,124.0,94.0,0.0,94.0,6.0,0.19330425654839078,22.88932843124452
11999,124.0,95.0,0.0,95.0,5.0,0.0,22.88932843124452
12000,125.0,0.0,0.0,0.0,0.0,0.16628996392507772,0.16628996392507772
12001,125.0,1.0,0.0,1.0,1.0,0.9959745150176808,1.1622644789427585
12002,125.0,2.0,0.0,2.0,2.0,0.0,1.1622644789427585
12003,125.0,3.0,0.0,3.0,3.0,0.0,1.1622644789427585
12004,125.0,4.0,0.0,4.0,4.0,0.181316232947323,1.3435807118900815
12005,125.0,5.0,0.0,5.0,5.0,0.3655504969632712,1.7091312088533528
12006,125.0,6.0,0.0,6.0,6.0,0.0,1.7091312088533528
12007,125.0,7.0,0.0,7.0,7.0,0.0,1.7091312088533528
12008,125.0,8.0,0.0,8.0,1.0,0.22346138720261824,1.9325925960559711
12009,125.0,9.0,0.0,9.0,1.0,0.15606839806007136,2.0886609941160423
12010,125.0,10.0,0.0,10.0,5.0,0.02856175595510002,2.1172227500711425
12011,125.0,11.0,0.0,11.0,1.0,0.0,2.1172227500711425
12012,125.0,12.0,0.0,12.0,4.0,0.0,2.1172227500711425
12013,125.0,13.0,0.0,13.0,0.0,0.12685150903703096,2.2440742591081735
12014,125.0,14.0,0.0,14.0,1.0,0.27391822828331297,2.5179924873914863
12015,125.0,15.0,0.0,15.0,1.0,0.6458467227103142,3.1638392101018002
12016,125.0,16.0,0.0,16.0,1.0,0.01157769227695752,3.1754169023787577
12017,125.0,17.0,0.0,17.0,5.0,0.21582234885179488,3.3912392512305525
12018,125.0,18.0,0.0,18.0,1.0,0.5459856231058668,3.9372248743364193
12019,125.0,19.0,0.0,19.0,1.0,0.5506933393432334,4.487918213679652
12020,125.0,20.0,0.0,20.0,1.0,0.09843267325163044,4.586350886931283
12021,125.0,21.0,0.0,21.0,1.0,0.27837232626576186,4.864723213197045
12022,125.0,22.0,0.0,22.0,0.0,0.0920635712636228,4.956786784460667
12023,125.0,23.0,0.0,23.0,2.0,0.11796462285651328,5.074751407317181
12024,125.0,24.0,0.0,24.0,3.0,0.07352085026470992,5.14827225758189
12025,125.0,25.0,0.0,25.0,6.0,0.398606424860819,5.54687868244271
12026,125.0,26.0,0.0,26.0,6.0,0.528994261355651,6.075872943798361
12027,125.0,27.0,0.0,27.0,6.0,0.2355975950006196,6.3114705387989805
12028,125.0,28.0,0.0,28.0,6.0,0.12662947121033713,6.438100010009317
12029,125.0,29.0,0.0,29.0,7.0,0.08845181773763568,6.526551827746953
12030,125.0,30.0,0.0,30.0,1.0,0.11896244309851166,6.645514270845465
12031,125.0,31.0,0.0,31.0,5.0,0.00260008851080455,6.648114359356269
12032,125.0,32.0,0.0,32.0,6.0,0.012576657579367172,6.660691016935636
12033,125.0,33.0,0.0,33.0,1.0,0.03476387852119797,6.695454895456834
12034,125.0,34.0,0.0,34.0,4.0,0.3628567677526115,7.058311663209445
12035,125.0,35.0,0.0,35.0,4.0,0.6630452028905913,7.721356866100036
12036,125.0,36.0,0.0,36.0,4.0,0.35662687216539196,8.077983738265429
12037,125.0,37.0,0.0,37.0,4.0,0.0,8.077983738265429
12038,125.0,38.0,0.0,38.0,4.0,0.0,8.077983738265429
12039,125.0,39.0,0.0,39.0,1.0,0.23895507602304034,8.31693881428847
12040,125.0,40.0,0.0,40.0,1.0,0.4091289111380489,8.72606772542652
12041,125.0,41.0,0.0,41.0,1.0,0.05727556146362054,8.78334328689014
12042,125.0,42.0,0.0,42.0,6.0,0.18216968160881716,8.965512968498958
12043,125.0,43.0,0.0,43.0,0.0,0.06286079809602607,9.028373766594983
12044,125.0,44.0,0.0,44.0,1.0,0.0,9.028373766594983
12045,125.0,45.0,0.0,45.0,2.0,0.07183681467559985,9.100210581270582
12046,125.0,46.0,0.0,46.0,4.0,0.3482376111706019,9.448448192441184
12047,125.0,47.0,0.0,47.0,4.0,0.619788147899107,10.068236340340292
12048,125.0,48.0,0.0,48.0,4.0,0.0,10.068236340340292
12049,125.0,49.0,0.0,49.0,4.0,0.05778005683271747,10.126016397173009
12050,125.0,50.0,0.0,50.0,5.0,0.49945965498331496,10.625476052156325
12051,125.0,51.0,0.0,51.0,5.0,0.0,10.625476052156325
12052,125.0,52.0,0.0,52.0,6.0,0.18466604549596066,10.810142097652285
12053,125.0,53.0,0.0,53.0,7.0,0.037894009123875756,10.848036106776162
12054,125.0,54.0,0.0,54.0,1.0,0.1581141854724727,11.006150292248634
12055,125.0,55.0,0.0,55.0,3.0,0.0,11.006150292248634
12056,125.0,56.0,0.0,56.0,5.0,0.43922493403029017,11.445375226278925
12057,125.0,57.0,0.0,57.0,5.0,0.490234345716472,11.935609571995396
12058,125.0,58.0,0.0,58.0,5.0,0.13288998660895118,12.068499558604348
12059,125.0,59.0,0.0,59.0,5.0,0.061655103827774414,12.130154662432123
12060,125.0,60.0,0.0,60.0,4.0,0.3097901048969641,12.439944767329086
12061,125.0,61.0,0.0,61.0,4.0,0.0,12.439944767329086
12062,125.0,62.0,0.0,62.0,6.0,0.4832391209848758,12.923183888313963
12063,125.0,63.0,0.0,63.0,6.0,0.25249491253368417,13.175678800847647
12064,125.0,64.0,0.0,64.0,6.0,0.2380098281042837,13.413688628951931
12065,125.0,65.0,0.0,65.0,6.0,0.0989051148392537,13.512593743791184
12066,125.0,66.0,0.0,66.0,1.0,0.025530299644546818,13.538124043435731
12067,125.0,67.0,0.0,67.0,5.0,0.0908247463196243,13.628948789755356
12068,125.0,68.0,0.0,68.0,6.0,0.2690884433507071,13.898037233106063
12069,125.0,69.0,0.0,69.0,6.0,0.456597589962221,14.354634823068285
12070,125.0,70.0,0.0,70.0,6.0,0.45661860173922436,14.811253424807509
12071,125.0,71.0,0.0,71.0,6.0,0.15948567313383155,14.97073909794134
12072,125.0,72.0,0.0,72.0,6.0,0.2676282183690528,15.238367316310393
12073,125.0,73.0,0.0,73.0,6.0,0.1350995944228713,15.373466910733265
12074,125.0,74.0,0.0,74.0,1.0,0.0930474388599168,15.466514349593183
12075,125.0,75.0,0.0,75.0,6.0,0.709114106247022,16.175628455840204
12076,125.0,76.0,0.0,76.0,6.0,0.2888924503251035,16.46452090616531
12077,125.0,77.0,0.0,77.0,6.0,0.45863258329410067,16.92315348945941
12078,125.0,78.0,0.0,78.0,6.0,0.012116503352960235,16.93526999281237
12079,125.0,79.0,0.0,79.0,6.0,0.5415728013366148,17.476842794148983
12080,125.0,80.0,0.0,80.0,6.0,0.39899739331314654,17.875840187462128
12081,125.0,81.0,0.0,81.0,6.0,0.02152766918353003,17.89736785664566
12082,125.0,82.0,0.0,82.0,6.0,0.754797882045112,18.65216573869077
12083,125.0,83.0,0.0,83.0,6.0,0.04941931180611817,18.701585050496888
12084,125.0,84.0,0.0,84.0,6.0,0.060843244270408124,18.762428294767297
12085,125.0,85.0,0.0,85.0,6.0,0.07179891276627816,18.834227207533576
12086,125.0,86.0,0.0,86.0,6.0,0.45154853925075483,19.28577574678433
12087,125.0,87.0,0.0,87.0,6.0,0.29928972735028064,19.585065474134613
12088,125.0,88.0,0.0,88.0,6.0,0.36321665879061876,19.948282132925232
12089,125.0,89.0,0.0,89.0,6.0,0.36348110977950954,20.311763242704743
12090,125.0,90.0,0.0,90.0,6.0,0.22700732154927955,20.538770564254023
12091,125.0,91.0,0.0,91.0,6.0,0.2091349837990253,20.747905548053048
12092,125.0,92.0,0.0,92.0,6.0,0.5198631933975867,21.267768741450634
12093,125.0,93.0,0.0,93.0,6.0,0.46621206372626145,21.733980805176895
12094,125.0,94.0,0.0,94.0,6.0,0.10776919275082603,21.84174999792772
12095,125.0,95.0,0.0,95.0,6.0,0.40586275112066333,22.247612749048383
12096,126.0,0.0,0.0,0.0,0.0,0.30193260026714136,0.30193260026714136
12097,126.0,1.0,0.0,1.0,1.0,0.6458467227103142,0.9477793229774556
12098,126.0,2.0,0.0,2.0,2.0,0.2641208848836428,1.2119002078610985
12099,126.0,3.0,0.0,3.0,3.0,0.1800108644972652,1.3919110723583636
12100,126.0,4.0,0.0,4.0,4.0,0.786538645224503,2.1784497175828665
12101,126.0,5.0,0.0,5.0,5.0,0.0,2.1784497175828665
12102,126.0,6.0,0.0,6.0,6.0,0.470561563191029,2.6490112807738955
12103,126.0,7.0,0.0,7.0,7.0,0.0,2.6490112807738955
12104,126.0,8.0,0.0,8.0,4.0,0.5243230454212805,3.173334326195176
12105,126.0,9.0,0.0,9.0,1.0,0.5102676826124355,3.683602008807611
12106,126.0,10.0,0.0,10.0,4.0,0.2914393100528348,3.975041318860446
12107,126.0,11.0,0.0,11.0,6.0,0.23958507229734452,4.214626391157791
12108,126.0,12.0,0.0,12.0,1.0,0.236338495393307,4.450964886551097
12109,126.0,13.0,0.0,13.0,4.0,0.15383977509268065,4.604804661643778
12110,126.0,14.0,0.0,14.0,0.0,0.07141833269289534,4.676222994336673
12111,126.0,15.0,0.0,15.0,2.0,0.6027562012237242,5.278979195560397
12112,126.0,16.0,0.0,16.0,2.0,0.31838380442486014,5.597362999985257
12113,126.0,17.0,0.0,17.0,1.0,0.15606839806007136,5.753431398045328
12114,126.0,18.0,0.0,18.0,6.0,0.5721185095518746,6.325549907597203
12115,126.0,19.0,0.0,19.0,6.0,0.1370475401392327,6.462597447736436
12116,126.0,20.0,0.0,20.0,4.0,0.0,6.462597447736436
12117,126.0,21.0,0.0,21.0,2.0,0.05386861899525439,6.516466066731691
12118,126.0,22.0,0.0,22.0,3.0,0.056484563299236415,6.5729506300309275
12119,126.0,23.0,0.0,23.0,1.0,0.4978298030149915,7.070780433045919
12120,126.0,24.0,0.0,24.0,1.0,0.18474591588561104,7.2555263489315305
12121,126.0,25.0,0.0,25.0,6.0,0.3286820084901565,7.584208357421687
12122,126.0,26.0,0.0,26.0,1.0,0.39051636555348407,7.974724722975171
12123,126.0,27.0,0.0,27.0,4.0,0.05778005683271747,8.032504779807889
12124,126.0,28.0,0.0,28.0,6.0,0.2355975950006196,8.268102374808509
12125,126.0,29.0,0.0,29.0,1.0,0.5506933393432334,8.818795714151742
12126,126.0,30.0,0.0,30.0,1.0,0.11959474932936898,8.938390463481111
12127,126.0,31.0,0.0,31.0,2.0,0.0,8.938390463481111
12128,126.0,32.0,0.0,32.0,0.0,0.0,8.938390463481111
12129,126.0,33.0,0.0,33.0,6.0,0.7615432087357681,9.69993367221688
12130,126.0,34.0,0.0,34.0,6.0,0.19275096950199988,9.89268464171888
12131,126.0,35.0,0.0,35.0,6.0,0.05187143270467871,9.94455607442356
12132,126.0,36.0,0.0,36.0,1.0,0.5459856231058668,10.490541697529427
12133,126.0,37.0,0.0,37.0,1.0,0.2923975416172881,10.782939239146714
12134,126.0,38.0,0.0,38.0,1.0,0.031550322030998015,10.814489561177712
12135,126.0,39.0,0.0,39.0,4.0,0.0,10.814489561177712
12136,126.0,40.0,0.0,40.0,5.0,0.38817062381795203,11.202660184995665
12137,126.0,41.0,0.0,41.0,5.0,0.05296194787752387,11.255622132873189
12138,126.0,42.0,0.0,42.0,7.0,0.4259437601209804,11.681565892994168
12139,126.0,43.0,0.0,43.0,7.0,0.029232001322727855,11.710797894316896
12140,126.0,44.0,0.0,44.0,6.0,0.456597589962221,12.167395484279117
12141,126.0,45.0,0.0,45.0,6.0,0.22700732154927955,12.394402805828397
12142,126.0,46.0,0.0,46.0,1.0,0.0930474388599168,12.487450244688315
12143,126.0,47.0,0.0,47.0,6.0,0.2888924503251035,12.776342695013419
12144,126.0,48.0,0.0,48.0,6.0,0.0,12.776342695013419
12145,126.0,49.0,0.0,49.0,3.0,0.09565973087312887,12.872002425886548
12146,126.0,50.0,0.0,50.0,2.0,0.06114289961588151,12.933145325502428
12147,126.0,51.0,0.0,51.0,1.0,0.09767182935369328,13.030817154856122
12148,126.0,52.0,0.0,52.0,4.0,0.12626645153161312,13.157083606387735
12149,126.0,53.0,0.0,53.0,1.0,0.14300684882151335,13.300090455209249
12150,126.0,54.0,0.0,54.0,6.0,0.5199951664423675,13.820085621651616
12151,126.0,55.0,0.0,55.0,6.0,0.0,13.820085621651616
12152,126.0,56.0,0.0,56.0,7.0,0.6946860763679339,14.51477169801955
12153,126.0,57.0,0.0,57.0,7.0,0.0,14.51477169801955
12154,126.0,58.0,0.0,58.0,7.0,0.14518903393281696,14.659960731952367
12155,126.0,59.0,0.0,59.0,5.0,0.027814322711726475,14.687775054664094
12156,126.0,60.0,0.0,60.0,1.0,0.17515766824041448,14.862932722904509
12157,126.0,61.0,0.0,61.0,6.0,0.0989051148392537,14.961837837743762
12158,126.0,62.0,0.0,62.0,2.0,0.2052375345025933,15.167075372246355
12159,126.0,63.0,0.0,63.0,7.0,0.2442715151719623,15.411346887418317
12160,126.0,64.0,0.0,64.0,4.0,0.5189731442966758,15.930320031714992
12161,126.0,65.0,0.0,65.0,4.0,0.15590532879380598,16.0862253605088
12162,126.0,66.0,0.0,66.0,4.0,0.23110148611791392,16.317326846626713
12163,126.0,67.0,0.0,67.0,1.0,0.1122698472049673,16.42959669383168
12164,126.0,68.0,0.0,68.0,0.0,0.10452931469019261,16.534126008521874
12165,126.0,69.0,0.0,69.0,6.0,0.36321665879061876,16.897342667312493
12166,126.0,70.0,0.0,70.0,6.0,0.0,16.897342667312493
12167,126.0,71.0,0.0,71.0,4.0,0.181316232947323,17.078658900259818
12168,126.0,72.0,0.0,72.0,7.0,0.0512601046839897,17.129919004943808
12169,126.0,73.0,0.0,73.0,2.0,0.0,17.129919004943808
12170,126.0,74.0,0.0,74.0,1.0,0.7207407501430242,17.85065975508683
12171,126.0,75.0,0.0,75.0,1.0,0.0,17.85065975508683
12172,126.0,76.0,0.0,76.0,1.0,0.43077514535649875,18.28143490044333
12173,126.0,77.0,0.0,77.0,1.0,0.0,18.28143490044333
12174,126.0,78.0,0.0,78.0,3.0,0.25616649659567714,18.53760139703901
12175,126.0,79.0,0.0,79.0,3.0,0.0,18.53760139703901
12176,126.0,80.0,0.0,80.0,4.0,0.10013514850155053,18.63773654554056
12177,126.0,81.0,0.0,81.0,6.0,0.12433874510598864,18.762075290646546
12178,126.0,82.0,0.0,82.0,1.0,0.05668020652621607,18.818755497172763
12179,126.0,83.0,0.0,83.0,6.0,0.7330812715508707,19.551836768723632
12180,126.0,84.0,0.0,84.0,6.0,0.46621206372626145,20.018048832449892
12181,126.0,85.0,0.0,85.0,6.0,0.2358206865923345,20.253869519042226
12182,126.0,86.0,0.0,86.0,6.0,0.0,20.253869519042226
12183,126.0,87.0,0.0,87.0,6.0,0.0,20.253869519042226
12184,126.0,88.0,0.0,88.0,4.0,0.2352620848249543,20.48913160386718
12185,126.0,89.0,0.0,89.0,1.0,0.004865038927265206,20.493996642794443
12186,126.0,90.0,0.0,90.0,7.0,0.1578071467912929,20.651803789585735
12187,126.0,91.0,0.0,91.0,4.0,0.13505835684833514,20.78686214643407
12188,126.0,92.0,0.0,92.0,6.0,0.08900059238186646,20.875862738815936
12189,126.0,93.0,0.0,93.0,0.0,0.20745119701015383,21.08331393582609
12190,126.0,94.0,0.0,94.0,5.0,0.0,21.08331393582609
12191,126.0,95.0,0.0,95.0,2.0,0.4898575650501079,21.5731715008762
12192,127.0,0.0,0.0,0.0,0.0,0.0,0.0
12193,127.0,1.0,0.0,1.0,1.0,0.5506933393432334,0.5506933393432334
12194,127.0,2.0,0.0,2.0,2.0,0.0,0.5506933393432334
12195,127.0,3.0,0.0,3.0,3.0,0.15771312543106009,0.7084064647742935
12196,127.0,4.0,0.0,4.0,4.0,0.0,0.7084064647742935
12197,127.0,5.0,0.0,5.0,5.0,0.16771754750020024,0.8761240122744938
12198,127.0,6.0,0.0,6.0,6.0,0.20104993189686238,1.0771739441713561
12199,127.0,7.0,0.0,7.0,7.0,0.0,1.0771739441713561
12200,127.0,8.0,0.0,8.0,1.0,0.640526367398124,1.7177003115694802
12201,127.0,9.0,0.0,9.0,1.0,0.15694390699350397,1.8746442185629841
12202,127.0,10.0,0.0,10.0,1.0,0.29885514167787697,2.173499360240861
12203,127.0,11.0,0.0,11.0,6.0,0.43814959519287755,2.611648955433739
12204,127.0,12.0,0.0,12.0,6.0,0.7074564648856323,3.3191054203193713
12205,127.0,13.0,0.0,13.0,6.0,0.31122773400729964,3.630333154326671
12206,127.0,14.0,0.0,14.0,5.0,0.07332434542589378,3.7036574997525644
12207,127.0,15.0,0.0,15.0,6.0,0.456597589962221,4.160255089714785
12208,127.0,16.0,0.0,16.0,1.0,0.9959745150176808,5.156229604732466
12209,127.0,17.0,0.0,17.0,1.0,0.0,5.156229604732466
12210,127.0,18.0,0.0,18.0,3.0,0.0,5.156229604732466
12211,127.0,19.0,0.0,19.0,6.0,0.04396724673097683,5.200196851463442
12212,127.0,20.0,0.0,20.0,1.0,0.0,5.200196851463442
12213,127.0,21.0,0.0,21.0,1.0,0.39051636555348407,5.590713217016926
12214,127.0,22.0,0.0,22.0,6.0,0.2380098281042837,5.82872304512121
12215,127.0,23.0,0.0,23.0,1.0,0.11896244309851166,5.947685488219721
12216,127.0,24.0,0.0,24.0,6.0,0.2624626141648409,6.210148102384562
12217,127.0,25.0,0.0,25.0,1.0,0.09271436829694825,6.302862470681511
12218,127.0,26.0,0.0,26.0,6.0,0.5609494988696637,6.863811969551175
12219,127.0,27.0,0.0,27.0,6.0,0.46621206372626145,7.330024033277436
12220,127.0,28.0,0.0,28.0,6.0,0.1938598477639666,7.523883881041402
12221,127.0,29.0,0.0,29.0,6.0,0.0,7.523883881041402
12222,127.0,30.0,0.0,30.0,0.0,0.18031182752271988,7.704195708564122
12223,127.0,31.0,0.0,31.0,2.0,0.40364005699886474,8.107835765562987
12224,127.0,32.0,0.0,32.0,2.0,0.482186826413389,8.590022591976377
12225,127.0,33.0,0.0,33.0,2.0,0.0,8.590022591976377
12226,127.0,34.0,0.0,34.0,4.0,0.4202049514706216,9.010227543446998
12227,127.0,35.0,0.0,35.0,4.0,0.06660229217274866,9.076829835619746
12228,127.0,36.0,0.0,36.0,7.0,0.314479252098775,9.39130908771852
12229,127.0,37.0,0.0,37.0,7.0,0.3522479878918014,9.74355707561032
12230,127.0,38.0,0.0,38.0,7.0,0.30489283886315693,10.048449914473478
12231,127.0,39.0,0.0,39.0,7.0,0.018202433303999167,10.066652347777477
12232,127.0,40.0,0.0,40.0,1.0,0.0,10.066652347777477
12233,127.0,41.0,0.0,41.0,5.0,0.0,10.066652347777477
12234,127.0,42.0,0.0,42.0,2.0,0.0,10.066652347777477
12235,127.0,43.0,0.0,43.0,6.0,0.14418838926849195,10.21084073704597
12236,127.0,44.0,0.0,44.0,4.0,0.5243230454212805,10.73516378246725
12237,127.0,45.0,0.0,45.0,4.0,0.12212621641662968,10.85728999888388
12238,127.0,46.0,0.0,46.0,4.0,0.16518765184318784,11.022477650727069
12239,127.0,47.0,0.0,47.0,6.0,0.351198302995685,11.373675953722755
12240,127.0,48.0,0.0,48.0,6.0,0.09243667781140737,11.466112631534163
12241,127.0,49.0,0.0,49.0,1.0,0.24526319585689446,11.711375827391057
12242,127.0,50.0,0.0,50.0,0.0,0.0,11.711375827391057
12243,127.0,51.0,0.0,51.0,1.0,0.3720624105248227,12.08343823791588
12244,127.0,52.0,0.0,52.0,1.0,0.1250648719057287,12.208503109821608
12245,127.0,53.0,0.0,53.0,3.0,0.09270862586868636,12.301211735690295
12246,127.0,54.0,0.0,54.0,6.0,0.19275096950199988,12.493962705192295
12247,127.0,55.0,0.0,55.0,7.0,0.3523297046050333,12.846292409797329
12248,127.0,56.0,0.0,56.0,7.0,0.11500588206885451,12.961298291866184
12249,127.0,57.0,0.0,57.0,4.0,0.31800611952542285,13.279304411391607
12250,127.0,58.0,0.0,58.0,4.0,0.3482376111706019,13.627542022562208
12251,127.0,59.0,0.0,59.0,4.0,0.0,13.627542022562208
12252,127.0,60.0,0.0,60.0,1.0,0.2977196118715112,13.925261634433719
12253,127.0,61.0,0.0,61.0,6.0,0.528994261355651,14.45425589578937
12254,127.0,62.0,0.0,62.0,6.0,0.2030643176852566,14.657320213474627
12255,127.0,63.0,0.0,63.0,6.0,0.05187143270467871,14.709191646179306
12256,127.0,64.0,0.0,64.0,1.0,0.236338495393307,14.945530141572613
12257,127.0,65.0,0.0,65.0,1.0,0.185681072301442,15.131211213874055
12258,127.0,66.0,0.0,66.0,6.0,0.0206337541478017,15.151844968021857
12259,127.0,67.0,0.0,67.0,2.0,0.3981486247182143,15.549993592740071
12260,127.0,68.0,0.0,68.0,2.0,0.0072074941480090105,15.55720108688808
12261,127.0,69.0,0.0,69.0,1.0,0.27119035406226066,15.828391440950341
12262,127.0,70.0,0.0,70.0,7.0,0.4410508038344497,16.26944224478479
12263,127.0,71.0,0.0,71.0,7.0,0.0,16.26944224478479
12264,127.0,72.0,0.0,72.0,1.0,0.2107072265151842,16.480149471299974
12265,127.0,73.0,0.0,73.0,1.0,0.39919928454817294,16.87934875584815
12266,127.0,74.0,0.0,74.0,1.0,0.27837232626576186,17.15772108211391
12267,127.0,75.0,0.0,75.0,1.0,0.1252470864872485,17.28296816860116
12268,127.0,76.0,0.0,76.0,6.0,0.7615432087357681,18.044511377336928
12269,127.0,77.0,0.0,77.0,6.0,0.45661860173922436,18.50112997907615
12270,127.0,78.0,0.0,78.0,6.0,0.18216968160881716,18.683299660684966
12271,127.0,79.0,0.0,79.0,6.0,0.39899739331314654,19.08229705399811
12272,127.0,80.0,0.0,80.0,6.0,0.40586275112066333,19.488159805118773
12273,127.0,81.0,0.0,81.0,6.0,0.1440283701753274,19.6321881752941
12274,127.0,82.0,0.0,82.0,6.0,0.0,19.6321881752941
12275,127.0,83.0,0.0,83.0,6.0,0.36321665879061876,19.99540483408472
12276,127.0,84.0,0.0,84.0,6.0,0.0,19.99540483408472
12277,127.0,85.0,0.0,85.0,4.0,0.35410539327964946,20.34951022736437
12278,127.0,86.0,0.0,86.0,4.0,0.0,20.34951022736437
12279,127.0,87.0,0.0,87.0,1.0,0.7343824664965894,21.08389269386096
12280,127.0,88.0,0.0,88.0,1.0,0.14996651879064163,21.233859212651602
12281,127.0,89.0,0.0,89.0,1.0,0.9645942569749285,22.198453469626532
12282,127.0,90.0,0.0,90.0,1.0,0.025530299644546818,22.22398376927108
12283,127.0,91.0,0.0,91.0,1.0,0.11675306462359378,22.340736833894674
12284,127.0,92.0,0.0,92.0,1.0,0.31376821855801423,22.654505052452688
12285,127.0,93.0,0.0,93.0,1.0,0.32124548368694295,22.975750536139632
12286,127.0,94.0,0.0,94.0,1.0,0.44922488554479406,23.424975421684426
12287,127.0,95.0,0.0,95.0,1.0,0.04317602104936086,23.468151442733788
12288,128.0,0.0,0.0,0.0,0.0,0.17361444276394056,0.17361444276394056
12289,128.0,1.0,0.0,1.0,1.0,0.0930474388599168,0.26666188162385734
12290,128.0,2.0,0.0,2.0,2.0,0.16196479063327046,0.4286266722571278
12291,128.0,3.0,0.0,3.0,3.0,0.04102795575974671,0.4696546280168745
12292,128.0,4.0,0.0,4.0,4.0,0.0,0.4696546280168745
12293,128.0,5.0,0.0,5.0,5.0,0.0,0.4696546280168745
12294,128.0,6.0,0.0,6.0,6.0,0.3731406200505958,0.8427952480674703
12295,128.0,7.0,0.0,7.0,7.0,0.7375721814246866,1.5803674294921568
12296,128.0,8.0,0.0,8.0,7.0,0.18383185769136598,1.7641992871835228
12297,128.0,9.0,0.0,9.0,6.0,0.7074564648856323,2.471655752069155
12298,128.0,10.0,0.0,10.0,6.0,0.7330812715508707,3.2047370236200257
12299,128.0,11.0,0.0,11.0,6.0,0.4832391209848758,3.6879761446049013
12300,128.0,12.0,0.0,12.0,6.0,0.0,3.6879761446049013
12301,128.0,13.0,0.0,13.0,7.0,0.0459894712458177,3.733965615850719
12302,128.0,14.0,0.0,14.0,6.0,0.41014276344445866,4.144108379295178
12303,128.0,15.0,0.0,15.0,0.0,0.2947614129510977,4.438869792246275
12304,128.0,16.0,0.0,16.0,2.0,0.0009678536600830689,4.439837645906358
12305,128.0,17.0,0.0,17.0,6.0,0.060843244270408124,4.500680890176767
12306,128.0,18.0,0.0,18.0,7.0,0.0,4.500680890176767
12307,128.0,19.0,0.0,19.0,1.0,0.29156994495680316,4.79225083513357
12308,128.0,20.0,0.0,20.0,0.0,0.16065957806136022,4.952910413194931
12309,128.0,21.0,0.0,21.0,6.0,0.43814959519287755,5.391060008387808
12310,128.0,22.0,0.0,22.0,6.0,0.19237477602684144,5.583434784414649
12311,128.0,23.0,0.0,23.0,1.0,0.0,5.583434784414649
12312,128.0,24.0,0.0,24.0,6.0,0.18216968160881716,5.765604466023467
12313,128.0,25.0,0.0,25.0,3.0,0.23503314504653663,6.000637611070004
12314,128.0,26.0,0.0,26.0,6.0,0.19720425874379977,6.197841869813804
12315,128.0,27.0,0.0,27.0,4.0,0.1495593642703379,6.347401234084142
12316,128.0,28.0,0.0,28.0,5.0,0.4585537674797822,6.805955001563924
12317,128.0,29.0,0.0,29.0,5.0,0.27855042756309173,7.084505429127016
12318,128.0,30.0,0.0,30.0,5.0,0.11740694843157064,7.201912377558586
12319,128.0,31.0,0.0,31.0,0.0,0.12325565854824504,7.325168036106831
12320,128.0,32.0,0.0,32.0,6.0,0.07179891276627816,7.396966948873109
12321,128.0,33.0,0.0,33.0,7.0,0.05063330393183056,7.447600252804939
12322,128.0,34.0,0.0,34.0,3.0,0.3394391447328553,7.787039397537795
12323,128.0,35.0,0.0,35.0,3.0,0.10860300214653837,7.895642399684333
12324,128.0,36.0,0.0,36.0,6.0,0.1938598477639666,8.0895022474483
12325,128.0,37.0,0.0,37.0,5.0,0.6074606983847354,8.696962945833034
12326,128.0,38.0,0.0,38.0,5.0,0.027814322711726475,8.724777268544761
12327,128.0,39.0,0.0,39.0,5.0,0.0,8.724777268544761
12328,128.0,40.0,0.0,40.0,6.0,0.470561563191029,9.195338831735791
12329,128.0,41.0,0.0,41.0,6.0,0.754797882045112,9.950136713780903
12330,128.0,42.0,0.0,42.0,6.0,0.7615432087357681,10.711679922516671
12331,128.0,43.0,0.0,43.0,6.0,0.46655973523908206,11.178239657755753
12332,128.0,44.0,0.0,44.0,6.0,0.2624626141648409,11.440702271920594
12333,128.0,45.0,0.0,45.0,6.0,0.019802180604578484,11.460504452525173
12334,128.0,46.0,0.0,46.0,6.0,0.2030643176852566,11.66356877021043
12335,128.0,47.0,0.0,47.0,6.0,0.3045366457502025,11.968105415960633
12336,128.0,48.0,0.0,48.0,6.0,0.46761061637242407,12.435716032333056
12337,128.0,49.0,0.0,49.0,6.0,0.08326994649709853,12.518985978830155
12338,128.0,50.0,0.0,50.0,6.0,0.308924290481592,12.827910269311747
12339,128.0,51.0,0.0,51.0,6.0,0.46120539576978026,13.289115665081528
12340,128.0,52.0,0.0,52.0,6.0,0.0,13.289115665081528
12341,128.0,53.0,0.0,53.0,0.0,0.0,13.289115665081528
12342,128.0,54.0,0.0,54.0,2.0,0.047006242528397114,13.336121907609925
12343,128.0,55.0,0.0,55.0,3.0,0.020094125614477917,13.356216033224403
12344,128.0,56.0,0.0,56.0,6.0,0.351198302995685,13.707414336220088
12345,128.0,57.0,0.0,57.0,4.0,0.024172346025505487,13.731586682245593
12346,128.0,58.0,0.0,58.0,6.0,0.06692797541129325,13.798514657656886
12347,128.0,59.0,0.0,59.0,7.0,0.0,13.798514657656886
12348,128.0,60.0,0.0,60.0,1.0,0.15606839806007136,13.954583055716958
12349,128.0,61.0,0.0,61.0,6.0,0.0,13.954583055716958
12350,128.0,62.0,0.0,62.0,6.0,0.22700732154927955,14.181590377266238
12351,128.0,63.0,0.0,63.0,5.0,0.3355502795163708,14.517140656782608
12352,128.0,64.0,0.0,64.0,5.0,0.15886400702583056,14.676004663808438
12353,128.0,65.0,0.0,65.0,6.0,0.1440283701753274,14.820033033983766
12354,128.0,66.0,0.0,66.0,6.0,0.19275096950199988,15.012784003485766
12355,128.0,67.0,0.0,67.0,6.0,0.2358206865923345,15.248604690078102
12356,128.0,68.0,0.0,68.0,5.0,0.30212354745347314,15.550728237531574
12357,128.0,69.0,0.0,69.0,5.0,0.0,15.550728237531574
12358,128.0,70.0,0.0,70.0,1.0,0.2129057638025988,15.763634001334173
12359,128.0,71.0,0.0,71.0,6.0,0.525530725813632,16.289164727147806
12360,128.0,72.0,0.0,72.0,6.0,0.09243667781140737,16.381601404959213
12361,128.0,73.0,0.0,73.0,6.0,0.39899739331314654,16.780598798272358
12362,128.0,74.0,0.0,74.0,6.0,0.0206337541478017,16.80123255242016
12363,128.0,75.0,0.0,75.0,6.0,0.5198631933975867,17.321095745817747
12364,128.0,76.0,0.0,76.0,6.0,0.12433874510598864,17.445434490923734
12365,128.0,77.0,0.0,77.0,6.0,0.5398005436791784,17.985235034602912
12366,128.0,78.0,0.0,78.0,6.0,0.45154853925075483,18.436783573853667
12367,128.0,79.0,0.0,79.0,6.0,0.18466604549596066,18.621449619349626
12368,128.0,80.0,0.0,80.0,6.0,0.36321665879061876,18.984666278140246
12369,128.0,81.0,0.0,81.0,6.0,0.38423498309596005,19.368901261236207
12370,128.0,82.0,0.0,82.0,6.0,0.0,19.368901261236207
12371,128.0,83.0,0.0,83.0,1.0,0.4208360768007997,19.789737338037007
12372,128.0,84.0,0.0,84.0,1.0,0.2336797832809992,20.023417121318005
12373,128.0,85.0,0.0,85.0,1.0,0.0,20.023417121318005
12374,128.0,86.0,0.0,86.0,0.0,0.06286079809602607,20.08627791941403
12375,128.0,87.0,0.0,87.0,7.0,0.12980887699241067,20.21608679640644
12376,128.0,88.0,0.0,88.0,6.0,0.5415728013366148,20.757659597743054
12377,128.0,89.0,0.0,89.0,6.0,0.10821198863204971,20.865871586375103
12378,128.0,90.0,0.0,90.0,6.0,0.7377651793174987,21.603636765692602
12379,128.0,91.0,0.0,91.0,6.0,0.5211461016164569,22.124782867309058
12380,128.0,92.0,0.0,92.0,6.0,0.09260082505258796,22.217383692361647
12381,128.0,93.0,0.0,93.0,6.0,0.04396724673097683,22.261350939092623
12382,128.0,94.0,0.0,94.0,6.0,0.012576657579367172,22.27392759667199
12383,128.0,95.0,0.0,95.0,3.0,0.09270862586868636,22.366636222540674
12384,129.0,0.0,0.0,0.0,0.0,0.18032739676781326,0.18032739676781326
12385,129.0,1.0,0.0,1.0,1.0,0.03476387852119797,0.21509127528901123
12386,129.0,2.0,0.0,2.0,2.0,0.0,0.21509127528901123
12387,129.0,3.0,0.0,3.0,3.0,0.12697042011696535,0.3420616954059766
12388,129.0,4.0,0.0,4.0,4.0,0.01616105790717103,0.3582227533131476
12389,129.0,5.0,0.0,5.0,5.0,0.4299809133878022,0.7882036667009498
12390,129.0,6.0,0.0,6.0,6.0,0.5721185095518746,1.3603221762528244
12391,129.0,7.0,0.0,7.0,7.0,0.0,1.3603221762528244
12392,129.0,8.0,0.0,8.0,6.0,0.2624626141648409,1.6227847904176653
12393,129.0,9.0,0.0,9.0,5.0,0.18916438735281615,1.8119491777704815
12394,129.0,10.0,0.0,10.0,6.0,0.43814959519287755,2.250098772963359
12395,129.0,11.0,0.0,11.0,6.0,0.0,2.250098772963359
12396,129.0,12.0,0.0,12.0,0.0,0.07309551109955656,2.3231942840629154
12397,129.0,13.0,0.0,13.0,5.0,0.43922493403029017,2.7624192180932057
12398,129.0,14.0,0.0,14.0,5.0,0.3041591797941908,3.0665783978873966
12399,129.0,15.0,0.0,15.0,3.0,0.5983165769124134,3.66489497479981
12400,129.0,16.0,0.0,16.0,3.0,0.08263274320301577,3.747527718002826
12401,129.0,17.0,0.0,17.0,5.0,0.0,3.747527718002826
12402,129.0,18.0,0.0,18.0,6.0,0.5048327715259897,4.252360489528815
12403,129.0,19.0,0.0,19.0,6.0,0.2690884433507071,4.521448932879522
12404,129.0,20.0,0.0,20.0,3.0,0.14109950605318325,4.662548438932705
12405,129.0,21.0,0.0,21.0,6.0,0.029858941276052695,4.692407380208758
12406,129.0,22.0,0.0,22.0,1.0,0.2129057638025988,4.905313144011357
12407,129.0,23.0,0.0,23.0,4.0,0.30316141851187267,5.20847456252323
12408,129.0,24.0,0.0,24.0,4.0,0.13505835684833514,5.343532919371564
12409,129.0,25.0,0.0,25.0,2.0,0.42591938102062793,5.769452300392192
12410,129.0,26.0,0.0,26.0,2.0,0.1656307552320488,5.935083055624241
12411,129.0,27.0,0.0,27.0,7.0,0.0,5.935083055624241
12412,129.0,28.0,0.0,28.0,5.0,0.07377049642032883,6.008853552044569
12413,129.0,29.0,0.0,29.0,3.0,0.24272613617104483,6.251579688215614
12414,129.0,30.0,0.0,30.0,2.0,0.41746763913831586,6.66904732735393
12415,129.0,31.0,0.0,31.0,2.0,0.0984534186733431,6.767500746027273
12416,129.0,32.0,0.0,32.0,6.0,0.002161454739645614,6.769662200766919
12417,129.0,33.0,0.0,33.0,0.0,0.0,6.769662200766919
12418,129.0,34.0,0.0,34.0,1.0,0.15225671869257557,6.921918919459494
12419,129.0,35.0,0.0,35.0,3.0,0.0,6.921918919459494
12420,129.0,36.0,0.0,36.0,2.0,0.07300531851332406,6.9949242379728185
12421,129.0,37.0,0.0,37.0,5.0,0.0,6.9949242379728185
12422,129.0,38.0,0.0,38.0,4.0,0.004890111547855993,6.999814349520674
12423,129.0,39.0,0.0,39.0,6.0,0.41014276344445866,7.409957112965133
12424,129.0,40.0,0.0,40.0,6.0,0.46120539576978026,7.871162508734913
12425,129.0,41.0,0.0,41.0,6.0,0.8206264844566112,8.691788993191524
12426,129.0,42.0,0.0,42.0,6.0,0.060843244270408124,8.752632237461933
12427,129.0,43.0,0.0,43.0,6.0,0.46655973523908206,9.219191972701015
12428,129.0,44.0,0.0,44.0,6.0,0.18216968160881716,9.401361654309833
12429,129.0,45.0,0.0,45.0,6.0,0.012576657579367172,9.4139383118892
12430,129.0,46.0,0.0,46.0,6.0,0.2676282183690528,9.681566530258253
12431,129.0,47.0,0.0,47.0,6.0,0.019802180604578484,9.701368710862832
12432,129.0,48.0,0.0,48.0,1.0,0.11338444405026506,9.814753154913097
12433,129.0,49.0,0.0,49.0,3.0,0.03301525633795021,9.847768411251048
12434,129.0,50.0,0.0,50.0,6.0,0.08544920153663012,9.933217612787677
12435,129.0,51.0,0.0,51.0,2.0,0.27508209868767286,10.20829971147535
12436,129.0,52.0,0.0,52.0,2.0,0.5201526156790977,10.728452327154448
12437,129.0,53.0,0.0,53.0,2.0,0.15868138789215788,10.887133715046605
12438,129.0,54.0,0.0,54.0,2.0,0.0073944663165102,10.894528181363116
12439,129.0,55.0,0.0,55.0,5.0,0.1011811837154788,10.995709365078595
12440,129.0,56.0,0.0,56.0,6.0,0.08900059238186646,11.084709957460461
12441,129.0,57.0,0.0,57.0,1.0,0.9645942569749285,12.04930421443539
12442,129.0,58.0,0.0,58.0,1.0,0.025530299644546818,12.074834514079937
12443,129.0,59.0,0.0,59.0,1.0,0.01157769227695752,12.086412206356895
12444,129.0,60.0,0.0,60.0,1.0,0.3728753173739762,12.459287523730872
12445,129.0,61.0,0.0,61.0,1.0,0.35845450021337216,12.817742023944245
12446,129.0,62.0,0.0,62.0,1.0,0.625716871682588,13.443458895626833
12447,129.0,63.0,0.0,63.0,1.0,0.15606839806007136,13.599527293686904
12448,129.0,64.0,0.0,64.0,1.0,0.05727556146362054,13.656802855150525
12449,129.0,65.0,0.0,65.0,1.0,0.2977196118715112,13.954522467022036
12450,129.0,66.0,0.0,66.0,1.0,0.15694390699350397,14.11146637401554
12451,129.0,67.0,0.0,67.0,1.0,0.5191650371090091,14.630631411124549
12452,129.0,68.0,0.0,68.0,1.0,0.0,14.630631411124549
12453,129.0,69.0,0.0,69.0,1.0,0.004865038927265206,14.635496450051814
12454,129.0,70.0,0.0,70.0,6.0,0.0,14.635496450051814
12455,129.0,71.0,0.0,71.0,0.0,0.0,14.635496450051814
12456,129.0,72.0,0.0,72.0,2.0,0.0,14.635496450051814
12457,129.0,73.0,0.0,73.0,5.0,0.3614743312712399,14.996970781323054
12458,129.0,74.0,0.0,74.0,5.0,0.07826673374384487,15.075237515066899
12459,129.0,75.0,0.0,75.0,4.0,0.3406652420848293,15.415902757151729
12460,129.0,76.0,0.0,76.0,4.0,0.08483909213874269,15.500741849290472
12461,129.0,77.0,0.0,77.0,3.0,0.07896543589840778,15.57970728518888
12462,129.0,78.0,0.0,78.0,1.0,0.1521898058916304,15.73189709108051
12463,129.0,79.0,0.0,79.0,6.0,0.20751175649518033,15.93940884757569
12464,129.0,80.0,0.0,80.0,5.0,0.05028223153043451,15.989691079106125
12465,129.0,81.0,0.0,81.0,6.0,0.08326994649709853,16.072961025603224
12466,129.0,82.0,0.0,82.0,7.0,0.03880437980675808,16.111765405409983
12467,129.0,83.0,0.0,83.0,1.0,0.40114156826807473,16.512906973678056
12468,129.0,84.0,0.0,84.0,1.0,0.39739577573671786,16.910302749414775
12469,129.0,85.0,0.0,85.0,1.0,0.5325149437924254,17.4428176932072
12470,129.0,86.0,0.0,86.0,1.0,0.06877401020269108,17.51159170340989
12471,129.0,87.0,0.0,87.0,1.0,0.7864352531193769,18.298026956529267
12472,129.0,88.0,0.0,88.0,1.0,0.5459856231058668,18.844012579635134
12473,129.0,89.0,0.0,89.0,1.0,0.09767182935369328,18.941684408988827
12474,129.0,90.0,0.0,90.0,1.0,0.23376214866150832,19.175446557650336
12475,129.0,91.0,0.0,91.0,1.0,0.11959474932936898,19.295041306979705
12476,129.0,92.0,0.0,92.0,1.0,0.14763267170963074,19.442673978689335
12477,129.0,93.0,0.0,93.0,1.0,0.18420213317850265,19.626876111867837
12478,129.0,94.0,0.0,94.0,1.0,0.11184940162260157,19.73872551349044
12479,129.0,95.0,0.0,95.0,1.0,0.23702024352928716,19.975745757019727
12480,130.0,0.0,0.0,0.0,0.0,0.12503130792408373,0.12503130792408373
12481,130.0,1.0,0.0,1.0,1.0,0.09843267325163044,0.22346398117571417
12482,130.0,2.0,0.0,2.0,2.0,0.0984534186733431,0.32191739984905726
12483,130.0,3.0,0.0,3.0,3.0,0.13611159388976898,0.4580289937388262
12484,130.0,4.0,0.0,4.0,4.0,0.6548917240652656,1.1129207178040919
12485,130.0,5.0,0.0,5.0,5.0,0.0,1.1129207178040919
12486,130.0,6.0,0.0,6.0,6.0,0.5199951664423675,1.6329158842464593
12487,130.0,7.0,0.0,7.0,7.0,0.0739714121023839,1.7068872963488433
12488,130.0,8.0,0.0,8.0,4.0,0.181316232947323,1.8882035292961663
12489,130.0,9.0,0.0,9.0,6.0,0.14053761898862807,2.0287411482847943
12490,130.0,10.0,0.0,10.0,4.0,0.0,2.0287411482847943
12491,130.0,11.0,0.0,11.0,6.0,0.1440283701753274,2.1727695184601217
12492,130.0,12.0,0.0,12.0,3.0,0.003936487151784531,2.1767060056119063
12493,130.0,13.0,0.0,13.0,0.0,0.17361444276394056,2.3503204483758466
12494,130.0,14.0,0.0,14.0,2.0,0.26727365674660486,2.6175941051224516
12495,130.0,15.0,0.0,15.0,1.0,0.35845450021337216,2.9760486053358237
12496,130.0,16.0,0.0,16.0,1.0,0.35164524988197277,3.3276938552177966
12497,130.0,17.0,0.0,17.0,7.0,0.17451046426450795,3.5022043194823045
12498,130.0,18.0,0.0,18.0,4.0,0.3628567677526115,3.865061087234916
12499,130.0,19.0,0.0,19.0,1.0,0.31376821855801423,4.17882930579293
12500,130.0,20.0,0.0,20.0,6.0,0.38478252254705636,4.563611828339987
12501,130.0,21.0,0.0,21.0,4.0,0.004890111547855993,4.568501939887843
12502,130.0,22.0,0.0,22.0,6.0,0.351198302995685,4.919700242883527
12503,130.0,23.0,0.0,23.0,2.0,0.38831574574861955,5.308015988632147
12504,130.0,24.0,0.0,24.0,2.0,0.25637356125238836,5.5643895498845355
12505,130.0,25.0,0.0,25.0,6.0,0.0,5.5643895498845355
12506,130.0,26.0,0.0,26.0,1.0,0.15225671869257557,5.716646268577111
12507,130.0,27.0,0.0,27.0,0.0,0.0,5.716646268577111
12508,130.0,28.0,0.0,28.0,2.0,0.2822795401633952,5.9989258087405055
12509,130.0,29.0,0.0,29.0,5.0,0.190094615722883,6.189020424463388
12510,130.0,30.0,0.0,30.0,2.0,0.3981486247182143,6.587169049181602
12511,130.0,31.0,0.0,31.0,2.0,0.0,6.587169049181602
12512,130.0,32.0,0.0,32.0,1.0,0.236338495393307,6.823507544574909
12513,130.0,33.0,0.0,33.0,7.0,0.2075341574424337,7.031041702017343
12514,130.0,34.0,0.0,34.0,4.0,0.6928212275644872,7.723862929581831
12515,130.0,35.0,0.0,35.0,4.0,0.4269573308108327,8.150820260392663
12516,130.0,36.0,0.0,36.0,4.0,0.36899642420942863,8.519816684602093
12517,130.0,37.0,0.0,37.0,4.0,0.05778005683271747,8.57759674143481
12518,130.0,38.0,0.0,38.0,4.0,0.6273379479591693,9.20493468939398
12519,130.0,39.0,0.0,39.0,4.0,0.12114345880479456,9.326078148198775
12520,130.0,40.0,0.0,40.0,4.0,0.3716799242424243,9.6977580724412
12521,130.0,41.0,0.0,41.0,4.0,0.0,9.6977580724412
12522,130.0,42.0,0.0,42.0,6.0,0.7074564648856323,10.405214537326833
12523,130.0,43.0,0.0,43.0,6.0,0.3116598759686686,10.716874413295502
12524,130.0,44.0,0.0,44.0,6.0,0.09260082505258796,10.809475238348089
12525,130.0,45.0,0.0,45.0,6.0,0.3045366457502025,11.114011884098291
12526,130.0,46.0,0.0,46.0,1.0,0.5191650371090091,11.6331769212073
12527,130.0,47.0,0.0,47.0,1.0,0.04317602104936086,11.67635294225666
12528,130.0,48.0,0.0,48.0,6.0,0.0,11.67635294225666
12529,130.0,49.0,0.0,49.0,5.0,0.5943235436047835,12.270676485861443
12530,130.0,50.0,0.0,50.0,5.0,0.07826673374384487,12.348943219605289
12531,130.0,51.0,0.0,51.0,5.0,0.21528111200447786,12.564224331609767
12532,130.0,52.0,0.0,52.0,7.0,0.0,12.564224331609767
12533,130.0,53.0,0.0,53.0,5.0,0.22127064602955218,12.785494977639319
12534,130.0,54.0,0.0,54.0,4.0,0.0,12.785494977639319
12535,130.0,55.0,0.0,55.0,1.0,0.9959745150176808,13.781469492657
12536,130.0,56.0,0.0,56.0,1.0,0.1735308598711164,13.955000352528115
12537,130.0,57.0,0.0,57.0,1.0,0.7343824664965894,14.689382819024704
12538,130.0,58.0,0.0,58.0,1.0,0.185681072301442,14.875063891326146
12539,130.0,59.0,0.0,59.0,1.0,0.0,14.875063891326146
12540,130.0,60.0,0.0,60.0,1.0,0.09767182935369328,14.97273572067984
12541,130.0,61.0,0.0,61.0,1.0,0.11959474932936898,15.092330470009209
12542,130.0,62.0,0.0,62.0,2.0,0.0,15.092330470009209
12543,130.0,63.0,0.0,63.0,3.0,0.10654364171625509,15.198874111725464
12544,130.0,64.0,0.0,64.0,1.0,0.39919928454817294,15.598073396273637
12545,130.0,65.0,0.0,65.0,1.0,0.6458467227103142,16.24392011898395
12546,130.0,66.0,0.0,66.0,1.0,0.05727556146362054,16.30119568044757
12547,130.0,67.0,0.0,67.0,1.0,0.0,16.30119568044757
12548,130.0,68.0,0.0,68.0,5.0,0.0,16.30119568044757
12549,130.0,69.0,0.0,69.0,6.0,0.002161454739645614,16.303357135187216
12550,130.0,70.0,0.0,70.0,4.0,0.5243230454212805,16.827680180608496
12551,130.0,71.0,0.0,71.0,4.0,0.03244158328874442,16.86012176389724
12552,130.0,72.0,0.0,72.0,1.0,0.0,16.86012176389724
12553,130.0,73.0,0.0,73.0,4.0,0.11041446593207717,16.970536229829317
12554,130.0,74.0,0.0,74.0,6.0,0.20751175649518033,17.178047986324497
12555,130.0,75.0,0.0,75.0,0.0,0.41174567644419385,17.58979366276869
12556,130.0,76.0,0.0,76.0,0.0,0.30754911887660585,17.897342781645296
12557,130.0,77.0,0.0,77.0,0.0,0.12364928192121198,18.020992063566506
12558,130.0,78.0,0.0,78.0,0.0,0.0,18.020992063566506
12559,130.0,79.0,0.0,79.0,4.0,0.2891704822674655,18.310162545833972
12560,130.0,80.0,0.0,80.0,2.0,0.1731947690353173,18.483357314869288
12561,130.0,81.0,0.0,81.0,4.0,0.6166947510523849,19.100052065921673
12562,130.0,82.0,0.0,82.0,4.0,0.5401870119994172,19.64023907792109
12563,130.0,83.0,0.0,83.0,4.0,0.14305431294694723,19.78329339086804
12564,130.0,84.0,0.0,84.0,4.0,0.8641538969732209,20.64744728784126
12565,130.0,85.0,0.0,85.0,4.0,0.15383977509268065,20.80128706293394
12566,130.0,86.0,0.0,86.0,4.0,0.35662687216539196,21.157913935099334
12567,130.0,87.0,0.0,87.0,4.0,0.3378213837210231,21.49573531882036
12568,130.0,88.0,0.0,88.0,4.0,0.5512595017927662,22.046994820613126
12569,130.0,89.0,0.0,89.0,4.0,0.1469609607874088,22.193955781400536
12570,130.0,90.0,0.0,90.0,4.0,0.5370312334100855,22.730987014810623
12571,130.0,91.0,0.0,91.0,4.0,0.0,22.730987014810623
12572,130.0,92.0,0.0,92.0,4.0,0.29095081075282125,23.021937825563445
12573,130.0,93.0,0.0,93.0,4.0,0.3097901048969641,23.33172793046041
12574,130.0,94.0,0.0,94.0,4.0,0.6630452028905913,23.994773133351
12575,130.0,95.0,0.0,95.0,4.0,0.01616105790717103,24.010934191258173
12576,131.0,0.0,0.0,0.0,0.0,0.16628996392507772,0.16628996392507772
12577,131.0,1.0,0.0,1.0,1.0,0.5459856231058668,0.7122755870309445
12578,131.0,2.0,0.0,2.0,2.0,0.3981486247182143,1.1104242117491587
12579,131.0,3.0,0.0,3.0,3.0,0.5566120011411148,1.6670362128902734
12580,131.0,4.0,0.0,4.0,4.0,0.13505835684833514,1.8020945697386086
12581,131.0,5.0,0.0,5.0,5.0,0.0,1.8020945697386086
12582,131.0,6.0,0.0,6.0,6.0,0.07179891276627816,1.8738934825048867
12583,131.0,7.0,0.0,7.0,7.0,0.1578071467912929,2.0317006292961795
12584,131.0,8.0,0.0,8.0,3.0,0.6774497976451884,2.7091504269413678
12585,131.0,9.0,0.0,9.0,1.0,0.1735308598711164,2.8826812868124843
12586,131.0,10.0,0.0,10.0,3.0,0.011662364837897463,2.8943436516503818
12587,131.0,11.0,0.0,11.0,2.0,0.0,2.8943436516503818
12588,131.0,12.0,0.0,12.0,1.0,0.18420213317850265,3.0785457848288846
12589,131.0,13.0,0.0,13.0,3.0,0.37470943161685766,3.453255216445742
12590,131.0,14.0,0.0,14.0,0.0,0.17361444276394056,3.6268696592096825
12591,131.0,15.0,0.0,15.0,7.0,0.0,3.6268696592096825
12592,131.0,16.0,0.0,16.0,3.0,0.08263274320301577,3.7095024024126984
12593,131.0,17.0,0.0,17.0,4.0,0.05778005683271747,3.7672824592454157
12594,131.0,18.0,0.0,18.0,1.0,0.14763267170963074,3.9149151309550465
12595,131.0,19.0,0.0,19.0,6.0,0.012576657579367172,3.9274917885344136
12596,131.0,20.0,0.0,20.0,3.0,0.04429925980485249,3.971791048339266
12597,131.0,21.0,0.0,21.0,2.0,0.0,3.971791048339266
12598,131.0,22.0,0.0,22.0,0.0,0.41174567644419385,4.38353672478346
12599,131.0,23.0,0.0,23.0,0.0,0.10452931469019261,4.488066039473653
12600,131.0,24.0,0.0,24.0,1.0,0.11896244309851166,4.607028482572164
12601,131.0,25.0,0.0,25.0,5.0,0.3655504969632712,4.972578979535435
12602,131.0,26.0,0.0,26.0,5.0,0.056443085324379784,5.029022064859815
12603,131.0,27.0,0.0,27.0,3.0,0.5930123040989156,5.62203436895873
12604,131.0,28.0,0.0,28.0,3.0,0.48312616217283766,6.105160531131568
12605,131.0,29.0,0.0,29.0,3.0,0.4903446086842321,6.5955051398158
12606,131.0,30.0,0.0,30.0,3.0,0.19564670942873996,6.79115184924454
12607,131.0,31.0,0.0,31.0,3.0,0.10860300214653837,6.899754851391078
12608,131.0,32.0,0.0,32.0,3.0,0.2285348190821269,7.1282896704732055
12609,131.0,33.0,0.0,33.0,3.0,0.18053033147432693,7.308820001947533
12610,131.0,34.0,0.0,34.0,0.0,0.5344171398190677,7.8432371417666005
12611,131.0,35.0,0.0,35.0,0.0,0.48448669996828364,8.327723841734883
12612,131.0,36.0,0.0,36.0,0.0,0.21715257588084835,8.544876417615733
12613,131.0,37.0,0.0,37.0,0.0,0.0920635712636228,8.636939988879355
12614,131.0,38.0,0.0,38.0,1.0,0.03476387852119797,8.671703867400554
12615,131.0,39.0,0.0,39.0,4.0,0.7468916268125877,9.418595494213141
12616,131.0,40.0,0.0,40.0,4.0,0.18805542412596601,9.606650918339108
12617,131.0,41.0,0.0,41.0,4.0,0.23110148611791392,9.837752404457023
12618,131.0,42.0,0.0,42.0,4.0,0.786538645224503,10.624291049681526
12619,131.0,43.0,0.0,43.0,4.0,0.35662687216539196,10.980917921846919
12620,131.0,44.0,0.0,44.0,4.0,0.4269573308108327,11.407875252657751
12621,131.0,45.0,0.0,45.0,4.0,0.0,11.407875252657751
12622,131.0,46.0,0.0,46.0,4.0,0.28973804014574706,11.6976132928035
12623,131.0,47.0,0.0,47.0,4.0,0.0,11.6976132928035
12624,131.0,48.0,0.0,48.0,0.0,0.0,11.6976132928035
12625,131.0,49.0,0.0,49.0,3.0,0.17451251960862407,11.872125812412124
12626,131.0,50.0,0.0,50.0,4.0,0.1365648802244922,12.008690692636616
12627,131.0,51.0,0.0,51.0,3.0,0.5254767966993704,12.534167489335987
12628,131.0,52.0,0.0,52.0,3.0,0.10567512643772035,12.639842615773707
12629,131.0,53.0,0.0,53.0,7.0,0.13016600678161144,12.770008622555318
12630,131.0,54.0,0.0,54.0,5.0,0.15002432556116005,12.920032948116479
12631,131.0,55.0,0.0,55.0,3.0,0.1595965695819533,13.079629517698432
12632,131.0,56.0,0.0,56.0,4.0,0.03244158328874442,13.112071100987176
12633,131.0,57.0,0.0,57.0,2.0,0.0072074941480090105,13.119278595135185
12634,131.0,58.0,0.0,58.0,3.0,0.26914273809568673,13.388421333230871
12635,131.0,59.0,0.0,59.0,3.0,0.20186904139831627,13.590290374629188
12636,131.0,60.0,0.0,60.0,0.0,0.0,13.590290374629188
12637,131.0,61.0,0.0,61.0,1.0,0.19166078110951457,13.781951155738703
12638,131.0,62.0,0.0,62.0,3.0,0.12506065997339402,13.907011815712098
12639,131.0,63.0,0.0,63.0,4.0,0.11041446593207717,14.017426281644175
12640,131.0,64.0,0.0,64.0,6.0,0.2624626141648409,14.279888895809016
12641,131.0,65.0,0.0,65.0,6.0,0.5609494988696637,14.84083839467868
12642,131.0,66.0,0.0,66.0,6.0,0.45661860173922436,15.297456996417905
12643,131.0,67.0,0.0,67.0,6.0,0.10776919275082603,15.405226189168731
12644,131.0,68.0,0.0,68.0,6.0,0.18216968160881716,15.587395870777549
12645,131.0,69.0,0.0,69.0,6.0,0.36321665879061876,15.950612529568167
12646,131.0,70.0,0.0,70.0,6.0,0.7377651793174987,16.688377708885664
12647,131.0,71.0,0.0,71.0,6.0,0.45863258329410067,17.147010292179765
12648,131.0,72.0,0.0,72.0,6.0,0.0,17.147010292179765
12649,131.0,73.0,0.0,73.0,6.0,0.0,17.147010292179765
12650,131.0,74.0,0.0,74.0,6.0,0.3286820084901565,17.47569230066992
12651,131.0,75.0,0.0,75.0,6.0,0.19237477602684144,17.66806707669676
12652,131.0,76.0,0.0,76.0,6.0,0.5415728013366148,18.209639878033375
12653,131.0,77.0,0.0,77.0,6.0,0.2380098281042837,18.447649706137657
12654,131.0,78.0,0.0,78.0,6.0,0.8113111970305757,19.258960903168234
12655,131.0,79.0,0.0,79.0,6.0,0.3045366457502025,19.563497548918438
12656,131.0,80.0,0.0,80.0,6.0,0.04941931180611817,19.612916860724557
12657,131.0,81.0,0.0,81.0,6.0,0.1370475401392327,19.74996440086379
12658,131.0,82.0,0.0,82.0,6.0,0.04396724673097683,19.793931647594764
12659,131.0,83.0,0.0,83.0,5.0,0.18916438735281615,19.98309603494758
12660,131.0,84.0,0.0,84.0,3.0,0.0,19.98309603494758
12661,131.0,85.0,0.0,85.0,1.0,0.0,19.98309603494758
12662,131.0,86.0,0.0,86.0,6.0,0.709114106247022,20.6922101411946
12663,131.0,87.0,0.0,87.0,6.0,0.9633601102069204,21.65557025140152
12664,131.0,88.0,0.0,88.0,6.0,0.5064850022994652,22.162055253700988
12665,131.0,89.0,0.0,89.0,6.0,0.2358206865923345,22.39787594029332
12666,131.0,90.0,0.0,90.0,6.0,0.0,22.39787594029332
12667,131.0,91.0,0.0,91.0,6.0,0.14053761898862807,22.53841355928195
12668,131.0,92.0,0.0,92.0,6.0,0.351198302995685,22.889611862277633
12669,131.0,93.0,0.0,93.0,6.0,0.15948567313383155,23.049097535411466
12670,131.0,94.0,0.0,94.0,6.0,0.1938598477639666,23.242957383175433
12671,131.0,95.0,0.0,95.0,6.0,0.14418838926849195,23.387145772443926
12672,132.0,0.0,0.0,0.0,0.0,0.1908288003675769,0.1908288003675769
12673,132.0,1.0,0.0,1.0,1.0,0.15225671869257557,0.3430855190601525
12674,132.0,2.0,0.0,2.0,2.0,0.0,0.3430855190601525
12675,132.0,3.0,0.0,3.0,3.0,0.3394391447328553,0.6825246637930078
12676,132.0,4.0,0.0,4.0,4.0,0.12114345880479456,0.8036681225978024
12677,132.0,5.0,0.0,5.0,5.0,0.1208852646021139,0.9245533871999163
12678,132.0,6.0,0.0,6.0,6.0,0.19330425654839078,1.117857643748307
12679,132.0,7.0,0.0,7.0,7.0,0.0,1.117857643748307
12680,132.0,8.0,0.0,8.0,3.0,0.07896543589840778,1.1968230796467147
12681,132.0,9.0,0.0,9.0,6.0,0.9633601102069204,2.160183189853635
12682,132.0,10.0,0.0,10.0,6.0,0.351198302995685,2.51138149284932
12683,132.0,11.0,0.0,11.0,6.0,0.36321665879061876,2.874598151639939
12684,132.0,12.0,0.0,12.0,6.0,0.08569355050034418,2.960291702140283
12685,132.0,13.0,0.0,13.0,0.0,0.12685150903703096,3.087143211177314
12686,132.0,14.0,0.0,14.0,1.0,0.31376821855801423,3.4009114297353285
12687,132.0,15.0,0.0,15.0,4.0,0.31800611952542285,3.7189175492607514
12688,132.0,16.0,0.0,16.0,5.0,0.0,3.7189175492607514
12689,132.0,17.0,0.0,17.0,6.0,0.5198631933975867,4.238780742658338
12690,132.0,18.0,0.0,18.0,6.0,0.29928972735028064,4.538070470008618
12691,132.0,19.0,0.0,19.0,1.0,0.16259328171919027,4.7006637517278085
12692,132.0,20.0,0.0,20.0,6.0,0.04941931180611817,4.750083063533927
12693,132.0,21.0,0.0,21.0,4.0,0.5401870119994172,5.290270075533344
12694,132.0,22.0,0.0,22.0,4.0,0.0,5.290270075533344
12695,132.0,23.0,0.0,23.0,3.0,0.12261651967535435,5.412886595208698
12696,132.0,24.0,0.0,24.0,6.0,0.002161454739645614,5.415048049948344
12697,132.0,25.0,0.0,25.0,0.0,0.0,5.415048049948344
12698,132.0,26.0,0.0,26.0,2.0,0.0009678536600830689,5.416015903608427
12699,132.0,27.0,0.0,27.0,7.0,0.025365823974029863,5.441381727582457
12700,132.0,28.0,0.0,28.0,1.0,0.24526319585689446,5.686644923439352
12701,132.0,29.0,0.0,29.0,4.0,0.0,5.686644923439352
12702,132.0,30.0,0.0,30.0,6.0,0.0989051148392537,5.785550038278606
12703,132.0,31.0,0.0,31.0,3.0,0.10567512643772035,5.891225164716326
12704,132.0,32.0,0.0,32.0,1.0,0.04317602104936086,5.9344011857656875
12705,132.0,33.0,0.0,33.0,6.0,0.4025312660474192,6.336932451813107
12706,132.0,34.0,0.0,34.0,6.0,0.398606424860819,6.735538876673926
12707,132.0,35.0,0.0,35.0,6.0,0.22700732154927955,6.9625461982232055
12708,132.0,36.0,0.0,36.0,6.0,0.0,6.9625461982232055
12709,132.0,37.0,0.0,37.0,4.0,0.0,6.9625461982232055
12710,132.0,38.0,0.0,38.0,6.0,0.8113111970305757,7.773857395253781
12711,132.0,39.0,0.0,39.0,6.0,0.31122773400729964,8.085085129261081
12712,132.0,40.0,0.0,40.0,6.0,0.08544920153663012,8.170534330797711
12713,132.0,41.0,0.0,41.0,6.0,0.14418838926849195,8.314722720066204
12714,132.0,42.0,0.0,42.0,5.0,0.34526090527631603,8.65998362534252
12715,132.0,43.0,0.0,43.0,5.0,0.13613113582277864,8.796114761165299
12716,132.0,44.0,0.0,44.0,6.0,0.0,8.796114761165299
12717,132.0,45.0,0.0,45.0,3.0,0.3128854636562684,9.109000224821568
12718,132.0,46.0,0.0,46.0,3.0,0.0,9.109000224821568
12719,132.0,47.0,0.0,47.0,1.0,0.031550322030998015,9.140550546852566
12720,132.0,48.0,0.0,48.0,5.0,0.05296194787752387,9.19351249473009
12721,132.0,49.0,0.0,49.0,0.0,0.0,9.19351249473009
12722,132.0,50.0,0.0,50.0,6.0,0.46655973523908206,9.660072229969172
12723,132.0,51.0,0.0,51.0,6.0,0.19237477602684144,9.852447005996014
12724,132.0,52.0,0.0,52.0,6.0,0.12433874510598864,9.976785751102003
12725,132.0,53.0,0.0,53.0,6.0,0.20104993189686238,10.177835682998866
12726,132.0,54.0,0.0,54.0,6.0,0.012576657579367172,10.190412340578234
12727,132.0,55.0,0.0,55.0,4.0,0.0702652958566233,10.260677636434858
12728,132.0,56.0,0.0,56.0,7.0,0.08463113415129656,10.345308770586154
12729,132.0,57.0,0.0,57.0,6.0,0.7615432087357681,11.106851979321922
12730,132.0,58.0,0.0,58.0,6.0,0.0,11.106851979321922
12731,132.0,59.0,0.0,59.0,6.0,0.18216968160881716,11.28902166093074
12732,132.0,60.0,0.0,60.0,6.0,0.4832391209848758,11.772260781915616
12733,132.0,61.0,0.0,61.0,6.0,0.06692797541129325,11.839188757326909
12734,132.0,62.0,0.0,62.0,3.0,0.03301525633795021,11.87220401366486
12735,132.0,63.0,0.0,63.0,1.0,0.06877401020269108,11.940978023867551
12736,132.0,64.0,0.0,64.0,6.0,0.07179891276627816,12.012776936633829
12737,132.0,65.0,0.0,65.0,5.0,0.6427319227634976,12.655508859397326
12738,132.0,66.0,0.0,66.0,5.0,0.16771754750020024,12.823226406897525
12739,132.0,67.0,0.0,67.0,5.0,0.13948261044307597,12.962709017340602
12740,132.0,68.0,0.0,68.0,5.0,0.1812152791592592,13.143924296499861
12741,132.0,69.0,0.0,69.0,5.0,0.008843280460235635,13.152767576960096
12742,132.0,70.0,0.0,70.0,2.0,0.04195847045540713,13.194726047415504
12743,132.0,71.0,0.0,71.0,6.0,0.3045366457502025,13.499262693165706
12744,132.0,72.0,0.0,72.0,6.0,0.8206264844566112,14.319889177622317
12745,132.0,73.0,0.0,73.0,6.0,0.0,14.319889177622317
12746,132.0,74.0,0.0,74.0,6.0,0.7330812715508707,15.052970449173188
12747,132.0,75.0,0.0,75.0,6.0,0.05187143270467871,15.104841881877867
12748,132.0,76.0,0.0,76.0,6.0,0.2690884433507071,15.373930325228574
12749,132.0,77.0,0.0,77.0,6.0,0.3152014117071101,15.689131736935684
12750,132.0,78.0,0.0,78.0,6.0,0.7074564648856323,16.396588201821316
12751,132.0,79.0,0.0,79.0,6.0,0.40586275112066333,16.802450952941978
12752,132.0,80.0,0.0,80.0,6.0,0.3286820084901565,17.131132961432133
12753,132.0,81.0,0.0,81.0,6.0,0.2030643176852566,17.33419727911739
12754,132.0,82.0,0.0,82.0,6.0,0.02152766918353003,17.35572494830092
12755,132.0,83.0,0.0,83.0,6.0,0.2091349837990253,17.564859932099946
12756,132.0,84.0,0.0,84.0,6.0,0.7377651793174987,18.302625111417445
12757,132.0,85.0,0.0,85.0,6.0,0.019802180604578484,18.322427292022024
12758,132.0,86.0,0.0,86.0,6.0,0.2624626141648409,18.584889906186863
12759,132.0,87.0,0.0,87.0,6.0,0.19720425874379977,18.782094164930662
12760,132.0,88.0,0.0,88.0,6.0,0.19275096950199988,18.974845134432663
12761,132.0,89.0,0.0,89.0,6.0,0.38423498309596005,19.359080117528624
12762,132.0,90.0,0.0,90.0,6.0,0.41014276344445866,19.769222880973082
12763,132.0,91.0,0.0,91.0,6.0,0.2245370227069958,19.99375990368008
12764,132.0,92.0,0.0,92.0,6.0,0.15870422142553076,20.15246412510561
12765,132.0,93.0,0.0,93.0,6.0,0.592467301916092,20.7449314270217
12766,132.0,94.0,0.0,94.0,6.0,0.08473142129368774,20.82966284831539
12767,132.0,95.0,0.0,95.0,6.0,0.0,20.82966284831539
12768,133.0,0.0,0.0,0.0,0.0,0.18032739676781326,0.18032739676781326
12769,133.0,1.0,0.0,1.0,1.0,0.29471142430324837,0.47503882107106166
12770,133.0,2.0,0.0,2.0,2.0,0.6027562012237242,1.0777950222947859
12771,133.0,3.0,0.0,3.0,3.0,0.350068861673392,1.4278638839681779
12772,133.0,4.0,0.0,4.0,4.0,0.3815607206079411,1.8094246045761189
12773,133.0,5.0,0.0,5.0,5.0,0.05296194787752387,1.8623865524536427
12774,133.0,6.0,0.0,6.0,6.0,0.06692797541129325,1.929314527864936
12775,133.0,7.0,0.0,7.0,7.0,0.04671064980753169,1.9760251776724675
12776,133.0,8.0,0.0,8.0,2.0,0.1113616455486472,2.087386823221115
12777,133.0,9.0,0.0,9.0,4.0,0.35306467064568264,2.4404514938667976
12778,133.0,10.0,0.0,10.0,3.0,0.06695124930527994,2.5074027431720776
12779,133.0,11.0,0.0,11.0,1.0,0.40114156826807473,2.9085443114401524
12780,133.0,12.0,0.0,12.0,4.0,0.014489782945512395,2.9230340943856645
12781,133.0,13.0,0.0,13.0,2.0,0.21976599108420175,3.142800085469866
12782,133.0,14.0,0.0,14.0,1.0,0.2217983483299603,3.3645984337998263
12783,133.0,15.0,0.0,15.0,0.0,0.14166395096102197,3.506262384760848
12784,133.0,16.0,0.0,16.0,2.0,0.17377914745726974,3.6800415322181177
12785,133.0,17.0,0.0,17.0,1.0,0.35845450021337216,4.03849603243149
12786,133.0,18.0,0.0,18.0,1.0,0.35164524988197277,4.390141282313462
12787,133.0,19.0,0.0,19.0,6.0,0.012576657579367172,4.402717939892829
12788,133.0,20.0,0.0,20.0,3.0,0.09565973087312887,4.498377670765958
12789,133.0,21.0,0.0,21.0,5.0,0.0,4.498377670765958
12790,133.0,22.0,0.0,22.0,1.0,0.38990649885735673,4.888284169623315
12791,133.0,23.0,0.0,23.0,7.0,0.1578071467912929,5.046091316414608
12792,133.0,24.0,0.0,24.0,1.0,0.2336797832809992,5.2797710996956075
12793,133.0,25.0,0.0,25.0,4.0,0.16403310077668387,5.443804200472291
12794,133.0,26.0,0.0,26.0,2.0,0.0,5.443804200472291
12795,133.0,27.0,0.0,27.0,0.0,0.5344171398190677,5.978221340291359
12796,133.0,28.0,0.0,28.0,0.0,0.04177638852618539,6.019997728817544
12797,133.0,29.0,0.0,29.0,1.0,0.1525595877654341,6.172557316582978
12798,133.0,30.0,0.0,30.0,4.0,0.6928212275644872,6.865378544147465
12799,133.0,31.0,0.0,31.0,4.0,0.2742259822986554,7.13960452644612
12800,133.0,32.0,0.0,32.0,4.0,0.12212621641662968,7.261730742862749
12801,133.0,33.0,0.0,33.0,1.0,0.023156626925220768,7.2848873697879695
12802,133.0,34.0,0.0,34.0,4.0,0.8641538969732209,8.14904126676119
12803,133.0,35.0,0.0,35.0,4.0,0.28973804014574706,8.438779306906937
12804,133.0,36.0,0.0,36.0,4.0,0.2965977540714963,8.735377060978434
12805,133.0,37.0,0.0,37.0,4.0,0.6296318563139507,9.365008917292386
12806,133.0,38.0,0.0,38.0,4.0,0.13505835684833514,9.50006727414072
12807,133.0,39.0,0.0,39.0,4.0,0.0,9.50006727414072
12808,133.0,40.0,0.0,40.0,0.0,0.0,9.50006727414072
12809,133.0,41.0,0.0,41.0,4.0,0.0,9.50006727414072
12810,133.0,42.0,0.0,42.0,3.0,0.01013449636003612,9.510201770500757
12811,133.0,43.0,0.0,43.0,7.0,0.029232001322727855,9.539433771823484
12812,133.0,44.0,0.0,44.0,2.0,0.1656307552320488,9.705064527055534
12813,133.0,45.0,0.0,45.0,1.0,0.0,9.705064527055534
12814,133.0,46.0,0.0,46.0,4.0,0.3716799242424243,10.076744451297959
12815,133.0,47.0,0.0,47.0,4.0,0.15027538281192757,10.227019834109885
12816,133.0,48.0,0.0,48.0,4.0,0.041223720141801624,10.268243554251686
12817,133.0,49.0,0.0,49.0,2.0,0.31838380442486014,10.586627358676546
12818,133.0,50.0,0.0,50.0,2.0,0.1588172883297803,10.745444647006327
12819,133.0,51.0,0.0,51.0,0.0,0.20224160288158624,10.947686249887912
12820,133.0,52.0,0.0,52.0,4.0,0.004890111547855993,10.952576361435769
12821,133.0,53.0,0.0,53.0,1.0,0.0,10.952576361435769
12822,133.0,54.0,0.0,54.0,2.0,0.273959930967197,11.226536292402965
12823,133.0,55.0,0.0,55.0,6.0,0.0,11.226536292402965
12824,133.0,56.0,0.0,56.0,2.0,0.4915012396472239,11.71803753205019
12825,133.0,57.0,0.0,57.0,2.0,0.05071475147700608,11.768752283527196
12826,133.0,58.0,0.0,58.0,0.0,0.0,11.768752283527196
12827,133.0,59.0,0.0,59.0,2.0,0.0,11.768752283527196
12828,133.0,60.0,0.0,60.0,4.0,0.26227852312629674,12.031030806653492
12829,133.0,61.0,0.0,61.0,3.0,0.3437000409382609,12.374730847591753
12830,133.0,62.0,0.0,62.0,3.0,0.6774497976451884,13.052180645236941
12831,133.0,63.0,0.0,63.0,3.0,0.1400797834114359,13.192260428648376
12832,133.0,64.0,0.0,64.0,3.0,0.31273620845765815,13.504996637106034
12833,133.0,65.0,0.0,65.0,3.0,0.21444009859115623,13.71943673569719
12834,133.0,66.0,0.0,66.0,3.0,0.14589548209890857,13.865332217796098
12835,133.0,67.0,0.0,67.0,3.0,0.08263274320301577,13.947964960999114
12836,133.0,68.0,0.0,68.0,4.0,0.2891704822674655,14.23713544326658
12837,133.0,69.0,0.0,69.0,5.0,0.061655103827774414,14.298790547094354
12838,133.0,70.0,0.0,70.0,4.0,0.29965634577184486,14.5984468928662
12839,133.0,71.0,0.0,71.0,4.0,0.0456160838408476,14.644062976707048
12840,133.0,72.0,0.0,72.0,3.0,0.18076898800776417,14.824831964714813
12841,133.0,73.0,0.0,73.0,1.0,0.236338495393307,15.06117046010812
12842,133.0,74.0,0.0,74.0,7.0,0.2020575551425499,15.26322801525067
12843,133.0,75.0,0.0,75.0,1.0,0.26917241091670174,15.53240042616737
12844,133.0,76.0,0.0,76.0,4.0,0.0,15.53240042616737
12845,133.0,77.0,0.0,77.0,1.0,0.0,15.53240042616737
12846,133.0,78.0,0.0,78.0,3.0,0.056484563299236415,15.588884989466607
12847,133.0,79.0,0.0,79.0,7.0,0.24252754759834638,15.831412537064953
12848,133.0,80.0,0.0,80.0,7.0,0.0,15.831412537064953
12849,133.0,81.0,0.0,81.0,2.0,0.6213972006776474,16.4528097377426
12850,133.0,82.0,0.0,82.0,2.0,0.6257180907935707,17.07852782853617
12851,133.0,83.0,0.0,83.0,2.0,0.025277121047566284,17.103804949583736
12852,133.0,84.0,0.0,84.0,2.0,0.3083246732118922,17.41212962279563
12853,133.0,85.0,0.0,85.0,2.0,0.40117548832375627,17.813305111119384
12854,133.0,86.0,0.0,86.0,2.0,0.0984534186733431,17.911758529792728
12855,133.0,87.0,0.0,87.0,2.0,0.153056971216033,18.06481550100876
12856,133.0,88.0,0.0,88.0,2.0,0.5927850394971269,18.657600540505886
12857,133.0,89.0,0.0,89.0,2.0,0.41746763913831586,19.0750681796442
12858,133.0,90.0,0.0,90.0,2.0,0.0,19.0750681796442
12859,133.0,91.0,0.0,91.0,2.0,0.0,19.0750681796442
12860,133.0,92.0,0.0,92.0,2.0,0.10287625647900679,19.17794443612321
12861,133.0,93.0,0.0,93.0,4.0,0.12114345880479456,19.299087894928004
12862,133.0,94.0,0.0,94.0,2.0,0.30371061480436934,19.602798509732374
12863,133.0,95.0,0.0,95.0,2.0,0.1731947690353173,19.77599327876769
12864,134.0,0.0,0.0,0.0,0.0,0.1801451502088366,0.1801451502088366
12865,134.0,1.0,0.0,1.0,1.0,0.22346138720261824,0.4036065374114548
12866,134.0,2.0,0.0,2.0,2.0,0.1113616455486472,0.514968182960102
12867,134.0,3.0,0.0,3.0,3.0,0.22459010399443233,0.7395582869545344
12868,134.0,4.0,0.0,4.0,4.0,0.15261367299991715,0.8921719599544515
12869,134.0,5.0,0.0,5.0,5.0,0.07377049642032883,0.9659424563747804
12870,134.0,6.0,0.0,6.0,6.0,0.38478252254705636,1.3507249789218367
12871,134.0,7.0,0.0,7.0,7.0,0.2963231527000224,1.647048131621859
12872,134.0,8.0,0.0,8.0,6.0,0.2355975950006196,1.8826457266224788
12873,134.0,9.0,0.0,9.0,7.0,0.022183306689947068,1.9048290333124258
12874,134.0,10.0,0.0,10.0,3.0,0.07608616683900467,1.9809152001514305
12875,134.0,11.0,0.0,11.0,1.0,0.185681072301442,2.1665962724528725
12876,134.0,12.0,0.0,12.0,0.0,0.12503130792408373,2.2916275803769564
12877,134.0,13.0,0.0,13.0,6.0,0.08544920153663012,2.3770767819135865
12878,134.0,14.0,0.0,14.0,4.0,0.014489782945512395,2.3915665648590987
12879,134.0,15.0,0.0,15.0,2.0,0.0,2.3915665648590987
12880,134.0,16.0,0.0,16.0,5.0,0.7159429210092614,3.10750948586836
12881,134.0,17.0,0.0,17.0,5.0,0.0,3.10750948586836
12882,134.0,18.0,0.0,18.0,1.0,0.0,3.10750948586836
12883,134.0,19.0,0.0,19.0,5.0,0.38817062381795203,3.495680109686312
12884,134.0,20.0,0.0,20.0,5.0,0.3614743312712399,3.857154440957552
12885,134.0,21.0,0.0,21.0,5.0,0.027814322711726475,3.8849687636692787
12886,134.0,22.0,0.0,22.0,6.0,0.012116503352960235,3.897085267022239
12887,134.0,23.0,0.0,23.0,7.0,0.24291591879383728,4.140001185816076
12888,134.0,24.0,0.0,24.0,0.0,0.297424803795574,4.437425989611651
12889,134.0,25.0,0.0,25.0,3.0,0.05696293260850334,4.494388922220154
12890,134.0,26.0,0.0,26.0,0.0,0.12685150903703096,4.621240431257185
12891,134.0,27.0,0.0,27.0,7.0,0.4259437601209804,5.047184191378165
12892,134.0,28.0,0.0,28.0,7.0,0.08463113415129656,5.131815325529462
12893,134.0,29.0,0.0,29.0,5.0,0.38483968791955336,5.516655013449015
12894,134.0,30.0,0.0,30.0,5.0,0.07826673374384487,5.59492174719286
12895,134.0,31.0,0.0,31.0,7.0,0.44759909174127827,6.042520838934138
12896,134.0,32.0,0.0,32.0,7.0,0.0,6.042520838934138
12897,134.0,33.0,0.0,33.0,4.0,0.14496949301802708,6.187490331952165
12898,134.0,34.0,0.0,34.0,0.0,0.18404068387434905,6.3715310158265135
12899,134.0,35.0,0.0,35.0,5.0,0.0,6.3715310158265135
12900,134.0,36.0,0.0,36.0,6.0,0.05187143270467871,6.423402448531192
12901,134.0,37.0,0.0,37.0,1.0,0.23376214866150832,6.6571645971927005
12902,134.0,38.0,0.0,38.0,1.0,0.27837232626576186,6.9355369234584625
12903,134.0,39.0,0.0,39.0,2.0,0.31838380442486014,7.253920727883322
12904,134.0,40.0,0.0,40.0,2.0,0.025277121047566284,7.279197848930889
12905,134.0,41.0,0.0,41.0,3.0,0.0,7.279197848930889
12906,134.0,42.0,0.0,42.0,1.0,0.5191650371090091,7.798362886039898
12907,134.0,43.0,0.0,43.0,1.0,0.19166078110951457,7.990023667149413
12908,134.0,44.0,0.0,44.0,1.0,0.40114156826807473,8.391165235417487
12909,134.0,45.0,0.0,45.0,1.0,0.05727556146362054,8.448440796881108
12910,134.0,46.0,0.0,46.0,0.0,0.12325565854824504,8.571696455429354
12911,134.0,47.0,0.0,47.0,7.0,0.037894009123875756,8.60959046455323
12912,134.0,48.0,0.0,48.0,1.0,0.2217983483299603,8.83138881288319
12913,134.0,49.0,0.0,49.0,4.0,0.26227852312629674,9.093667336009487
12914,134.0,50.0,0.0,50.0,4.0,0.4262384419390214,9.519905777948509
12915,134.0,51.0,0.0,51.0,4.0,0.1365648802244922,9.656470658173001
12916,134.0,52.0,0.0,52.0,4.0,0.08739218446663143,9.743862842639633
12917,134.0,53.0,0.0,53.0,5.0,0.09067390774368256,9.834536750383315
12918,134.0,54.0,0.0,54.0,1.0,0.04845925959332829,9.882996009976642
12919,134.0,55.0,0.0,55.0,6.0,0.9633601102069204,10.846356120183563
12920,134.0,56.0,0.0,56.0,6.0,0.2676282183690528,11.113984338552616
12921,134.0,57.0,0.0,57.0,6.0,0.7074564648856323,11.821440803438248
12922,134.0,58.0,0.0,58.0,6.0,0.10776919275082603,11.929209996189075
12923,134.0,59.0,0.0,59.0,6.0,0.012576657579367172,11.941786653768443
12924,134.0,60.0,0.0,60.0,6.0,0.060843244270408124,12.002629898038851
12925,134.0,61.0,0.0,61.0,6.0,0.45154853925075483,12.454178437289606
12926,134.0,62.0,0.0,62.0,6.0,0.5064850022994652,12.960663439589071
12927,134.0,63.0,0.0,63.0,6.0,0.1350995944228713,13.095763034011943
12928,134.0,64.0,0.0,64.0,6.0,0.14053761898862807,13.236300653000571
12929,134.0,65.0,0.0,65.0,6.0,0.7377651793174987,13.97406583231807
12930,134.0,66.0,0.0,66.0,6.0,0.8113111970305757,14.785377029348645
12931,134.0,67.0,0.0,67.0,6.0,0.38423498309596005,15.169612012444604
12932,134.0,68.0,0.0,68.0,6.0,0.3116598759686686,15.481271888413273
12933,134.0,69.0,0.0,69.0,6.0,0.030996621679545998,15.512268510092818
12934,134.0,70.0,0.0,70.0,6.0,0.36321665879061876,15.875485168883436
12935,134.0,71.0,0.0,71.0,6.0,0.0,15.875485168883436
12936,134.0,72.0,0.0,72.0,6.0,0.15870422142553076,16.034189390308967
12937,134.0,73.0,0.0,73.0,6.0,0.528994261355651,16.56318365166462
12938,134.0,74.0,0.0,74.0,6.0,0.0,16.56318365166462
12939,134.0,75.0,0.0,75.0,6.0,0.709114106247022,17.27229775791164
12940,134.0,76.0,0.0,76.0,6.0,0.2091349837990253,17.481432741710666
12941,134.0,77.0,0.0,77.0,6.0,0.5211461016164569,18.00257884332712
12942,134.0,78.0,0.0,78.0,6.0,0.18466604549596066,18.18724488882308
12943,134.0,79.0,0.0,79.0,6.0,0.19275096950199988,18.37999585832508
12944,134.0,80.0,0.0,80.0,6.0,0.14418838926849195,18.524184247593574
12945,134.0,81.0,0.0,81.0,6.0,0.08473142129368774,18.608915668887263
12946,134.0,82.0,0.0,82.0,6.0,0.0,18.608915668887263
12947,134.0,83.0,0.0,83.0,0.0,0.0,18.608915668887263
12948,134.0,84.0,0.0,84.0,6.0,0.04396724673097683,18.65288291561824
12949,134.0,85.0,0.0,85.0,7.0,0.13016600678161144,18.78304892239985
12950,134.0,86.0,0.0,86.0,5.0,0.1988526429963335,18.981901565396182
12951,134.0,87.0,0.0,87.0,6.0,0.8206264844566112,19.802528049852793
12952,134.0,88.0,0.0,88.0,6.0,0.5198631933975867,20.32239124325038
12953,134.0,89.0,0.0,89.0,6.0,0.02152766918353003,20.34391891243391
12954,134.0,90.0,0.0,90.0,6.0,0.4025312660474192,20.74645017848133
12955,134.0,91.0,0.0,91.0,6.0,0.19720425874379977,20.943654437225128
12956,134.0,92.0,0.0,92.0,6.0,0.11636299692256234,21.06001743414769
12957,134.0,93.0,0.0,93.0,6.0,0.5048327715259897,21.56485020567368
12958,134.0,94.0,0.0,94.0,6.0,0.40586275112066333,21.97071295679434
12959,134.0,95.0,0.0,95.0,6.0,0.2245370227069958,22.195249979501337
12960,135.0,0.0,0.0,0.0,0.0,0.0,0.0
12961,135.0,1.0,0.0,1.0,1.0,0.7371334889638141,0.7371334889638141
12962,135.0,2.0,0.0,2.0,2.0,0.3004714236147025,1.0376049125785167
12963,135.0,3.0,0.0,3.0,3.0,0.01013449636003612,1.0477394089385528
12964,135.0,4.0,0.0,4.0,4.0,0.0,1.0477394089385528
12965,135.0,5.0,0.0,5.0,5.0,0.4331310121324684,1.480870421071021
12966,135.0,6.0,0.0,6.0,6.0,0.6681191236917254,2.1489895447627463
12967,135.0,7.0,0.0,7.0,7.0,0.2963231527000224,2.445312697462769
12968,135.0,8.0,0.0,8.0,1.0,0.09468128799662574,2.5399939854593945
12969,135.0,9.0,0.0,9.0,6.0,0.19275096950199988,2.7327449549613942
12970,135.0,10.0,0.0,10.0,5.0,0.3213104541310374,3.054055409092432
12971,135.0,11.0,0.0,11.0,2.0,0.25637356125238836,3.3104289703448204
12972,135.0,12.0,0.0,12.0,7.0,0.09917719492813658,3.409606165272957
12973,135.0,13.0,0.0,13.0,6.0,0.9633601102069204,4.372966275479877
12974,135.0,14.0,0.0,14.0,6.0,0.19720425874379977,4.570170534223677
12975,135.0,15.0,0.0,15.0,1.0,0.14300684882151335,4.71317738304519
12976,135.0,16.0,0.0,16.0,6.0,0.5048327715259897,5.21801015457118
12977,135.0,17.0,0.0,17.0,5.0,0.5943235436047835,5.812333698175964
12978,135.0,18.0,0.0,18.0,5.0,0.38483968791955336,6.197173386095518
12979,135.0,19.0,0.0,19.0,6.0,0.18788376889070377,6.385057154986221
12980,135.0,20.0,0.0,20.0,5.0,0.07377049642032883,6.4588276514065495
12981,135.0,21.0,0.0,21.0,6.0,0.08544920153663012,6.544276852943179
12982,135.0,22.0,0.0,22.0,2.0,0.07300531851332406,6.6172821714565035
12983,135.0,23.0,0.0,23.0,1.0,0.35845450021337216,6.975736671669876
12984,135.0,24.0,0.0,24.0,6.0,0.5064850022994652,7.482221673969341
12985,135.0,25.0,0.0,25.0,6.0,0.012576657579367172,7.494798331548708
12986,135.0,26.0,0.0,26.0,5.0,0.0,7.494798331548708
12987,135.0,27.0,0.0,27.0,1.0,0.11896244309851166,7.613760774647219
12988,135.0,28.0,0.0,28.0,7.0,0.008325910589010882,7.62208668523623
12989,135.0,29.0,0.0,29.0,6.0,0.0,7.62208668523623
12990,135.0,30.0,0.0,30.0,1.0,0.5506933393432334,8.172780024579463
12991,135.0,31.0,0.0,31.0,1.0,0.32124548368694295,8.494025508266406
12992,135.0,32.0,0.0,32.0,1.0,0.29885514167787697,8.792880649944282
12993,135.0,33.0,0.0,33.0,3.0,0.18053033147432693,8.973410981418608
12994,135.0,34.0,0.0,34.0,5.0,0.2305694971756699,9.203980478594278
12995,135.0,35.0,0.0,35.0,1.0,0.14788550522949867,9.351865983823776
12996,135.0,36.0,0.0,36.0,0.0,0.12364928192121198,9.475515265744988
12997,135.0,37.0,0.0,37.0,4.0,0.1495593642703379,9.625074630015327
12998,135.0,38.0,0.0,38.0,2.0,0.038723990899334274,9.663798620914662
12999,135.0,39.0,0.0,39.0,6.0,0.23958507229734452,9.903383693212007
13000,135.0,40.0,0.0,40.0,5.0,0.15886400702583056,10.062247700237837
13001,135.0,41.0,0.0,41.0,1.0,0.0,10.062247700237837
13002,135.0,42.0,0.0,42.0,6.0,0.36321665879061876,10.425464359028455
13003,135.0,43.0,0.0,43.0,6.0,0.09260082505258796,10.518065184081042
13004,135.0,44.0,0.0,44.0,5.0,0.3614743312712399,10.879539515352281
13005,135.0,45.0,0.0,45.0,5.0,0.07041269781241034,10.949952213164691
13006,135.0,46.0,0.0,46.0,3.0,0.09565973087312887,11.04561194403782
13007,135.0,47.0,0.0,47.0,6.0,0.04941931180611817,11.095031255843939
13008,135.0,48.0,0.0,48.0,1.0,0.15694390699350397,11.251975162837443
13009,135.0,49.0,0.0,49.0,4.0,0.5318065204421886,11.783781683279631
13010,135.0,50.0,0.0,50.0,4.0,0.3541487541408539,12.137930437420485
13011,135.0,51.0,0.0,51.0,4.0,0.16403310077668387,12.30196353819717
13012,135.0,52.0,0.0,52.0,4.0,0.0,12.30196353819717
13013,135.0,53.0,0.0,53.0,6.0,0.38478252254705636,12.686746060744225
13014,135.0,54.0,0.0,54.0,6.0,0.1370475401392327,12.823793600883457
13015,135.0,55.0,0.0,55.0,7.0,0.04671064980753169,12.870504250690988
13016,135.0,56.0,0.0,56.0,5.0,0.21528111200447786,13.085785362695466
13017,135.0,57.0,0.0,57.0,2.0,0.4898575650501079,13.575642927745575
13018,135.0,58.0,0.0,58.0,2.0,0.1113616455486472,13.687004573294223
13019,135.0,59.0,0.0,59.0,1.0,0.3409891715042017,14.027993744798424
13020,135.0,60.0,0.0,60.0,1.0,0.15225671869257557,14.180250463491
13021,135.0,61.0,0.0,61.0,2.0,0.0,14.180250463491
13022,135.0,62.0,0.0,62.0,0.0,0.15235659301307192,14.332607056504072
13023,135.0,63.0,0.0,63.0,6.0,0.012116503352960235,14.344723559857032
13024,135.0,64.0,0.0,64.0,5.0,0.1189977910814536,14.463721350938485
13025,135.0,65.0,0.0,65.0,4.0,0.45159698088013056,14.915318331818616
13026,135.0,66.0,0.0,66.0,4.0,0.0,14.915318331818616
13027,135.0,67.0,0.0,67.0,1.0,0.0,14.915318331818616
13028,135.0,68.0,0.0,68.0,6.0,0.2888924503251035,15.20421078214372
13029,135.0,69.0,0.0,69.0,5.0,0.38817062381795203,15.592381405961673
13030,135.0,70.0,0.0,70.0,5.0,0.012731154762606778,15.60511256072428
13031,135.0,71.0,0.0,71.0,6.0,0.18466604549596066,15.78977860622024
13032,135.0,72.0,0.0,72.0,3.0,0.20186904139831627,15.991647647618557
13033,135.0,73.0,0.0,73.0,4.0,0.6273379479591693,16.618985595577726
13034,135.0,74.0,0.0,74.0,4.0,0.05283876478085068,16.671824360358578
13035,135.0,75.0,0.0,75.0,4.0,0.062174288129666674,16.733998648488246
13036,135.0,76.0,0.0,76.0,6.0,0.2358206865923345,16.96981933508058
13037,135.0,77.0,0.0,77.0,0.0,0.3052502660187513,17.275069601099332
13038,135.0,78.0,0.0,78.0,0.0,0.30193260026714136,17.577002201366472
13039,135.0,79.0,0.0,79.0,0.0,0.06286079809602607,17.639862999462498
13040,135.0,80.0,0.0,80.0,1.0,0.2107072265151842,17.85057022597768
13041,135.0,81.0,0.0,81.0,6.0,0.7330812715508707,18.58365149752855
13042,135.0,82.0,0.0,82.0,6.0,0.0,18.58365149752855
13043,135.0,83.0,0.0,83.0,6.0,0.2245370227069958,18.808188520235547
13044,135.0,84.0,0.0,84.0,6.0,0.0,18.808188520235547
13045,135.0,85.0,0.0,85.0,5.0,0.33067682826060296,19.13886534849615
13046,135.0,86.0,0.0,86.0,5.0,0.05134333965898673,19.19020868815514
13047,135.0,87.0,0.0,87.0,3.0,0.3124487689648274,19.502657457119966
13048,135.0,88.0,0.0,88.0,3.0,0.10654364171625509,19.60920109883622
13049,135.0,89.0,0.0,89.0,1.0,0.7207407501430242,20.329941848979242
13050,135.0,90.0,0.0,90.0,1.0,0.39051636555348407,20.720458214532727
13051,135.0,91.0,0.0,91.0,1.0,0.27119035406226066,20.991648568594986
13052,135.0,92.0,0.0,92.0,1.0,0.031550322030998015,21.023198890625984
13053,135.0,93.0,0.0,93.0,1.0,0.4208360768007997,21.444034967426784
13054,135.0,94.0,0.0,94.0,1.0,0.14763267170963074,21.591667639136414
13055,135.0,95.0,0.0,95.0,1.0,0.1250648719057287,21.716732511042142
13056,136.0,0.0,0.0,0.0,0.0,0.0,0.0
13057,136.0,1.0,0.0,1.0,1.0,0.38990649885735673,0.38990649885735673
13058,136.0,2.0,0.0,2.0,2.0,0.40364005699886474,0.7935465558562215
13059,136.0,3.0,0.0,3.0,3.0,0.08419597055910664,0.8777425264153281
13060,136.0,4.0,0.0,4.0,4.0,0.014489782945512395,0.8922323093608405
13061,136.0,5.0,0.0,5.0,5.0,0.1271290746976771,1.0193613840585176
13062,136.0,6.0,0.0,6.0,6.0,0.2355975950006196,1.2549589790591371
13063,136.0,7.0,0.0,7.0,7.0,0.16322828692812405,1.4181872659872612
13064,136.0,8.0,0.0,8.0,2.0,0.7236703978770197,2.141857663864281
13065,136.0,9.0,0.0,9.0,2.0,0.0984534186733431,2.240311082537624
13066,136.0,10.0,0.0,10.0,1.0,0.028670031367413643,2.2689811139050375
13067,136.0,11.0,0.0,11.0,6.0,0.23958507229734452,2.508566186202382
13068,136.0,12.0,0.0,12.0,2.0,0.20274467364983373,2.7113108598522158
13069,136.0,13.0,0.0,13.0,7.0,0.45856256848509114,3.169873428337307
13070,136.0,14.0,0.0,14.0,7.0,0.2908331151793469,3.460706543516654
13071,136.0,15.0,0.0,15.0,5.0,0.31773180429062425,3.778438347807278
13072,136.0,16.0,0.0,16.0,2.0,0.0,3.778438347807278
13073,136.0,17.0,0.0,17.0,7.0,0.0,3.778438347807278
13074,136.0,18.0,0.0,18.0,6.0,0.19330425654839078,3.971742604355669
13075,136.0,19.0,0.0,19.0,3.0,0.13898763859318042,4.11073024294885
13076,136.0,20.0,0.0,20.0,5.0,0.38817062381795203,4.498900866766801
13077,136.0,21.0,0.0,21.0,5.0,0.6430608029323872,5.141961669699189
13078,136.0,22.0,0.0,22.0,5.0,0.1189977910814536,5.260959460780643
13079,136.0,23.0,0.0,23.0,1.0,0.39919928454817294,5.660158745328816
13080,136.0,24.0,0.0,24.0,1.0,0.23702024352928716,5.897178988858102
13081,136.0,25.0,0.0,25.0,5.0,0.0,5.897178988858102
13082,136.0,26.0,0.0,26.0,4.0,0.4202049514706216,6.317383940328724
13083,136.0,27.0,0.0,27.0,4.0,0.14305431294694723,6.460438253275671
13084,136.0,28.0,0.0,28.0,1.0,0.10131102734794921,6.56174928062362
13085,136.0,29.0,0.0,29.0,6.0,0.351198302995685,6.912947583619305
13086,136.0,30.0,0.0,30.0,2.0,0.42591938102062793,7.338866964639933
13087,136.0,31.0,0.0,31.0,2.0,0.26727365674660486,7.606140621386538
13088,136.0,32.0,0.0,32.0,6.0,0.10821198863204971,7.7143526100185875
13089,136.0,33.0,0.0,33.0,0.0,0.12021065492910031,7.834563264947688
13090,136.0,34.0,0.0,34.0,2.0,0.01598791051695434,7.850551175464642
13091,136.0,35.0,0.0,35.0,4.0,0.0,7.850551175464642
13092,136.0,36.0,0.0,36.0,7.0,0.02758892282854971,7.8781400982931915
13093,136.0,37.0,0.0,37.0,5.0,0.0,7.8781400982931915
13094,136.0,38.0,0.0,38.0,3.0,0.0,7.8781400982931915
13095,136.0,39.0,0.0,39.0,1.0,0.39739577573671786,8.27553587402991
13096,136.0,40.0,0.0,40.0,1.0,0.1581141854724727,8.433650059502382
13097,136.0,41.0,0.0,41.0,6.0,0.012116503352960235,8.445766562855342
13098,136.0,42.0,0.0,42.0,2.0,0.04195847045540713,8.487725033310749
13099,136.0,43.0,0.0,43.0,1.0,0.9645942569749285,9.452319290285677
13100,136.0,44.0,0.0,44.0,1.0,0.3728753173739762,9.825194607659654
13101,136.0,45.0,0.0,45.0,1.0,0.5350809140500077,10.360275521709662
13102,136.0,46.0,0.0,46.0,1.0,0.0,10.360275521709662
13103,136.0,47.0,0.0,47.0,1.0,0.8012578002674544,11.161533321977116
13104,136.0,48.0,0.0,48.0,1.0,0.0,11.161533321977116
13105,136.0,49.0,0.0,49.0,1.0,0.7371334889638141,11.898666810940929
13106,136.0,50.0,0.0,50.0,1.0,0.14788550522949867,12.046552316170427
13107,136.0,51.0,0.0,51.0,1.0,0.21643836357841792,12.262990679748844
13108,136.0,52.0,0.0,52.0,1.0,0.3177036958205914,12.580694375569436
13109,136.0,53.0,0.0,53.0,1.0,0.0,12.580694375569436
13110,136.0,54.0,0.0,54.0,1.0,0.31376821855801423,12.89446259412745
13111,136.0,55.0,0.0,55.0,1.0,0.1122698472049673,13.006732441332417
13112,136.0,56.0,0.0,56.0,1.0,0.27119035406226066,13.277922795394678
13113,136.0,57.0,0.0,57.0,1.0,0.11338444405026506,13.391307239444943
13114,136.0,58.0,0.0,58.0,5.0,0.05134333965898673,13.44265057910393
13115,136.0,59.0,0.0,59.0,0.0,0.04556819691499105,13.48821877601892
13116,136.0,60.0,0.0,60.0,7.0,0.17451046426450795,13.662729240283428
13117,136.0,61.0,0.0,61.0,2.0,0.03427022523850223,13.69699946552193
13118,136.0,62.0,0.0,62.0,1.0,0.5506933393432334,14.247692804865164
13119,136.0,63.0,0.0,63.0,1.0,0.23895507602304034,14.486647880888205
13120,136.0,64.0,0.0,64.0,1.0,0.0,14.486647880888205
13121,136.0,65.0,0.0,65.0,1.0,0.2975171656525792,14.784165046540783
13122,136.0,66.0,0.0,66.0,4.0,0.6273379479591693,15.411502994499953
13123,136.0,67.0,0.0,67.0,4.0,0.0,15.411502994499953
13124,136.0,68.0,0.0,68.0,4.0,0.5318065204421886,15.943309514942142
13125,136.0,69.0,0.0,69.0,4.0,0.03244158328874442,15.975751098230885
13126,136.0,70.0,0.0,70.0,4.0,0.4262384419390214,16.401989540169907
13127,136.0,71.0,0.0,71.0,4.0,0.2891704822674655,16.691160022437373
13128,136.0,72.0,0.0,72.0,4.0,0.2768550193866439,16.968015041824017
13129,136.0,73.0,0.0,73.0,4.0,0.07465631834671323,17.04267136017073
13130,136.0,74.0,0.0,74.0,1.0,0.09767182935369328,17.140343189524422
13131,136.0,75.0,0.0,75.0,6.0,0.04941931180611817,17.18976250133054
13132,136.0,76.0,0.0,76.0,7.0,0.34149124243916545,17.531253743769707
13133,136.0,77.0,0.0,77.0,7.0,0.025365823974029863,17.556619567743738
13134,136.0,78.0,0.0,78.0,1.0,0.35845450021337216,17.91507406795711
13135,136.0,79.0,0.0,79.0,1.0,0.09271436829694825,18.00778843625406
13136,136.0,80.0,0.0,80.0,5.0,0.0,18.00778843625406
13137,136.0,81.0,0.0,81.0,4.0,0.35662687216539196,18.364415308419453
13138,136.0,82.0,0.0,82.0,4.0,0.11081989247498787,18.475235200894442
13139,136.0,83.0,0.0,83.0,2.0,0.1972278864460845,18.672463087340528
13140,136.0,84.0,0.0,84.0,1.0,0.2107072265151842,18.88317031385571
13141,136.0,85.0,0.0,85.0,1.0,0.004865038927265206,18.888035352782975
13142,136.0,86.0,0.0,86.0,2.0,0.0,18.888035352782975
13143,136.0,87.0,0.0,87.0,4.0,0.29095081075282125,19.178986163535797
13144,136.0,88.0,0.0,88.0,4.0,0.28973804014574706,19.468724203681543
13145,136.0,89.0,0.0,89.0,4.0,0.3845164824990986,19.85324068618064
13146,136.0,90.0,0.0,90.0,4.0,0.0,19.85324068618064
13147,136.0,91.0,0.0,91.0,3.0,0.0,19.85324068618064
13148,136.0,92.0,0.0,92.0,1.0,0.5102676826124355,20.363508368793077
13149,136.0,93.0,0.0,93.0,1.0,0.04317602104936086,20.40668438984244
13150,136.0,94.0,0.0,94.0,7.0,0.4048413410201004,20.81152573086254
13151,136.0,95.0,0.0,95.0,7.0,0.037894009123875756,20.849419739986416
13152,137.0,0.0,0.0,0.0,0.0,0.06806513547863605,0.06806513547863605
13153,137.0,1.0,0.0,1.0,1.0,0.0,0.06806513547863605
13154,137.0,2.0,0.0,2.0,2.0,0.5537602076296071,0.6218253431082431
13155,137.0,3.0,0.0,3.0,3.0,0.3437000409382609,0.965525384046504
13156,137.0,4.0,0.0,4.0,4.0,0.0,0.965525384046504
13157,137.0,5.0,0.0,5.0,5.0,0.3041591797941908,1.2696845638406948
13158,137.0,6.0,0.0,6.0,6.0,0.46761061637242407,1.737295180213119
13159,137.0,7.0,0.0,7.0,7.0,0.0,1.737295180213119
13160,137.0,8.0,0.0,8.0,2.0,0.10287625647900679,1.8401714366921258
13161,137.0,9.0,0.0,9.0,6.0,0.398606424860819,2.238777861552945
13162,137.0,10.0,0.0,10.0,3.0,0.17451251960862407,2.413290381161569
13163,137.0,11.0,0.0,11.0,5.0,0.3355502795163708,2.74884066067794
13164,137.0,12.0,0.0,12.0,6.0,0.5415728013366148,3.2904134620145546
13165,137.0,13.0,0.0,13.0,6.0,0.23958507229734452,3.529998534311899
13166,137.0,14.0,0.0,14.0,2.0,0.153056971216033,3.683055505527932
13167,137.0,15.0,0.0,15.0,5.0,0.24447138445430638,3.9275268899822384
13168,137.0,16.0,0.0,16.0,6.0,0.5211461016164569,4.448672991598695
13169,137.0,17.0,0.0,17.0,6.0,0.5064850022994652,4.95515799389816
13170,137.0,18.0,0.0,18.0,6.0,0.7330812715508707,5.688239265449031
13171,137.0,19.0,0.0,19.0,6.0,0.43814959519287755,6.126388860641908
13172,137.0,20.0,0.0,20.0,6.0,0.14053761898862807,6.266926479630537
13173,137.0,21.0,0.0,21.0,3.0,0.17859802399158817,6.445524503622125
13174,137.0,22.0,0.0,22.0,6.0,0.25249491253368417,6.698019416155809
13175,137.0,23.0,0.0,23.0,5.0,0.0,6.698019416155809
13176,137.0,24.0,0.0,24.0,6.0,0.7377651793174987,7.435784595473308
13177,137.0,25.0,0.0,25.0,6.0,0.5048327715259897,7.940617366999298
13178,137.0,26.0,0.0,26.0,6.0,0.06692797541129325,8.007545342410591
13179,137.0,27.0,0.0,27.0,0.0,0.11395249262034009,8.121497835030931
13180,137.0,28.0,0.0,28.0,6.0,0.060843244270408124,8.18234107930134
13181,137.0,29.0,0.0,29.0,2.0,0.7236703978770197,8.90601147717836
13182,137.0,30.0,0.0,30.0,2.0,0.2697227342029752,9.175734211381336
13183,137.0,31.0,0.0,31.0,2.0,0.11796462285651328,9.29369883423785
13184,137.0,32.0,0.0,32.0,6.0,0.5198631933975867,9.813562027635436
13185,137.0,33.0,0.0,33.0,6.0,0.19330425654839078,10.006866284183827
13186,137.0,34.0,0.0,34.0,2.0,0.047006242528397114,10.053872526712224
13187,137.0,35.0,0.0,35.0,3.0,0.028731351967359188,10.082603878679583
13188,137.0,36.0,0.0,36.0,6.0,0.15870422142553076,10.241308100105114
13189,137.0,37.0,0.0,37.0,6.0,0.3731406200505958,10.614448720155709
13190,137.0,38.0,0.0,38.0,1.0,0.23895507602304034,10.85340379617875
13191,137.0,39.0,0.0,39.0,4.0,0.11041446593207717,10.963818262110827
13192,137.0,40.0,0.0,40.0,7.0,0.3029126053848762,11.266730867495703
13193,137.0,41.0,0.0,41.0,7.0,0.0,11.266730867495703
13194,137.0,42.0,0.0,42.0,6.0,0.030996621679545998,11.297727489175248
13195,137.0,43.0,0.0,43.0,6.0,0.592467301916092,11.89019479109134
13196,137.0,44.0,0.0,44.0,6.0,0.0,11.89019479109134
13197,137.0,45.0,0.0,45.0,1.0,0.5191650371090091,12.409359828200348
13198,137.0,46.0,0.0,46.0,1.0,0.44922488554479406,12.858584713745142
13199,137.0,47.0,0.0,47.0,1.0,0.0,12.858584713745142
13200,137.0,48.0,0.0,48.0,5.0,0.25021711092646615,13.108801824671607
13201,137.0,49.0,0.0,49.0,2.0,0.5201526156790977,13.628954440350705
13202,137.0,50.0,0.0,50.0,2.0,0.2992414906149762,13.928195930965682
13203,137.0,51.0,0.0,51.0,2.0,0.2822795401633952,14.210475471129078
13204,137.0,52.0,0.0,52.0,6.0,0.10821198863204971,14.318687459761128
13205,137.0,53.0,0.0,53.0,2.0,0.2732812363944383,14.591968696155567
13206,137.0,54.0,0.0,54.0,1.0,0.025530299644546818,14.617498995800114
13207,137.0,55.0,0.0,55.0,2.0,0.1113616455486472,14.728860641348762
13208,137.0,56.0,0.0,56.0,6.0,0.528994261355651,15.257854902704413
13209,137.0,57.0,0.0,57.0,6.0,0.0,15.257854902704413
13210,137.0,58.0,0.0,58.0,5.0,0.4331310121324684,15.690985914836881
13211,137.0,59.0,0.0,59.0,5.0,0.07695982053318112,15.767945735370063
13212,137.0,60.0,0.0,60.0,0.0,0.21715257588084835,15.985098311250912
13213,137.0,61.0,0.0,61.0,6.0,0.46655973523908206,16.451658046489992
13214,137.0,62.0,0.0,62.0,6.0,0.5199951664423675,16.97165321293236
13215,137.0,63.0,0.0,63.0,6.0,0.3286820084901565,17.300335221422515
13216,137.0,64.0,0.0,64.0,6.0,0.08326994649709853,17.38360516791961
13217,137.0,65.0,0.0,65.0,6.0,0.012576657579367172,17.396181825498978
13218,137.0,66.0,0.0,66.0,2.0,0.038723990899334274,17.434905816398313
13219,137.0,67.0,0.0,67.0,3.0,0.13898763859318042,17.573893454991495
13220,137.0,68.0,0.0,68.0,5.0,0.25009537864149917,17.823988833632995
13221,137.0,69.0,0.0,69.0,0.0,0.16065957806136022,17.984648411694355
13222,137.0,70.0,0.0,70.0,6.0,0.36321665879061876,18.347865070484975
13223,137.0,71.0,0.0,71.0,6.0,0.002161454739645614,18.35002652522462
13224,137.0,72.0,0.0,72.0,5.0,0.34526090527631603,18.695287430500937
13225,137.0,73.0,0.0,73.0,5.0,0.0,18.695287430500937
13226,137.0,74.0,0.0,74.0,1.0,0.4978298030149915,19.193117233515927
13227,137.0,75.0,0.0,75.0,1.0,0.06877401020269108,19.26189124371862
13228,137.0,76.0,0.0,76.0,6.0,0.05187143270467871,19.3137626764233
13229,137.0,77.0,0.0,77.0,4.0,0.07493619689443067,19.38869887331773
13230,137.0,78.0,0.0,78.0,2.0,0.03427022523850223,19.42296909855623
13231,137.0,79.0,0.0,79.0,1.0,0.2923975416172881,19.715366640173517
13232,137.0,80.0,0.0,80.0,6.0,0.2690884433507071,19.984455083524225
13233,137.0,81.0,0.0,81.0,1.0,0.39919928454817294,20.3836543680724
13234,137.0,82.0,0.0,82.0,1.0,0.21643836357841792,20.600092731650818
13235,137.0,83.0,0.0,83.0,1.0,0.3720624105248227,20.97215514217564
13236,137.0,84.0,0.0,84.0,1.0,0.19166078110951457,21.163815923285156
13237,137.0,85.0,0.0,85.0,6.0,0.07179891276627816,21.235614836051436
13238,137.0,86.0,0.0,86.0,3.0,0.00048590855662026,21.236100744608056
13239,137.0,87.0,0.0,87.0,1.0,0.0772841125499467,21.313384857158002
13240,137.0,88.0,0.0,88.0,0.0,0.049788940430507446,21.36317379758851
13241,137.0,89.0,0.0,89.0,7.0,0.14046681190174445,21.503640609490255
13242,137.0,90.0,0.0,90.0,6.0,0.14418838926849195,21.647828998758747
13243,137.0,91.0,0.0,91.0,2.0,0.273959930967197,21.921788929725945
13244,137.0,92.0,0.0,92.0,2.0,0.38230358492209854,22.304092514648044
13245,137.0,93.0,0.0,93.0,2.0,0.4472118799386729,22.751304394586718
13246,137.0,94.0,0.0,94.0,2.0,0.0,22.751304394586718
13247,137.0,95.0,0.0,95.0,6.0,0.4832391209848758,23.234543515571595
13248,138.0,0.0,0.0,0.0,0.0,0.23944774434232982,0.23944774434232982
13249,138.0,1.0,0.0,1.0,1.0,0.640526367398124,0.8799741117404538
13250,138.0,2.0,0.0,2.0,2.0,0.0,0.8799741117404538
13251,138.0,3.0,0.0,3.0,3.0,0.6774497976451884,1.5574239093856423
13252,138.0,4.0,0.0,4.0,4.0,0.11041446593207717,1.6678383753177195
13253,138.0,5.0,0.0,5.0,5.0,0.5289754288227388,2.1968138041404583
13254,138.0,6.0,0.0,6.0,6.0,0.5211461016164569,2.7179599057569153
13255,138.0,7.0,0.0,7.0,7.0,0.0,2.7179599057569153
13256,138.0,8.0,0.0,8.0,3.0,0.25616649659567714,2.974126402352592
13257,138.0,9.0,0.0,9.0,1.0,0.0,2.974126402352592
13258,138.0,10.0,0.0,10.0,5.0,0.15788754467582478,3.132013947028417
13259,138.0,11.0,0.0,11.0,6.0,0.2030643176852566,3.335078264713674
13260,138.0,12.0,0.0,12.0,3.0,0.13898763859318042,3.474065903306854
13261,138.0,13.0,0.0,13.0,0.0,0.2947614129510977,3.7688273162579518
13262,138.0,14.0,0.0,14.0,6.0,0.8113111970305757,4.580138513288528
13263,138.0,15.0,0.0,15.0,6.0,0.14418838926849195,4.72432690255702
13264,138.0,16.0,0.0,16.0,5.0,0.2305694971756699,4.954896399732689
13265,138.0,17.0,0.0,17.0,1.0,0.24526319585689446,5.200159595589584
13266,138.0,18.0,0.0,18.0,6.0,0.04941931180611817,5.249578907395702
13267,138.0,19.0,0.0,19.0,3.0,0.5983165769124134,5.847895484308116
13268,138.0,20.0,0.0,20.0,3.0,0.27979422998214515,6.127689714290261
13269,138.0,21.0,0.0,21.0,0.0,0.1801451502088366,6.307834864499098
13270,138.0,22.0,0.0,22.0,3.0,0.0,6.307834864499098
13271,138.0,23.0,0.0,23.0,4.0,0.20497945959324024,6.512814324092338
13272,138.0,24.0,0.0,24.0,5.0,0.03503381451770802,6.547848138610046
13273,138.0,25.0,0.0,25.0,1.0,0.27119035406226066,6.819038492672307
13274,138.0,26.0,0.0,26.0,6.0,0.02152766918353003,6.840566161855837
13275,138.0,27.0,0.0,27.0,1.0,0.7343824664965894,7.574948628352427
13276,138.0,28.0,0.0,28.0,1.0,0.4978298030149915,8.072778431367418
13277,138.0,29.0,0.0,29.0,1.0,0.3177036958205914,8.39048212718801
13278,138.0,30.0,0.0,30.0,1.0,0.31376821855801423,8.704250345746024
13279,138.0,31.0,0.0,31.0,1.0,0.21643836357841792,8.920688709324441
13280,138.0,32.0,0.0,32.0,3.0,0.10654364171625509,9.027232351040697
13281,138.0,33.0,0.0,33.0,0.0,0.0,9.027232351040697
13282,138.0,34.0,0.0,34.0,1.0,0.2107072265151842,9.237939577555881
13283,138.0,35.0,0.0,35.0,4.0,0.05283876478085068,9.290778342336733
13284,138.0,36.0,0.0,36.0,1.0,0.18474591588561104,9.475524258222343
13285,138.0,37.0,0.0,37.0,2.0,0.20274467364983373,9.678268931872177
13286,138.0,38.0,0.0,38.0,7.0,0.0372746347292418,9.715543566601418
13287,138.0,39.0,0.0,39.0,6.0,0.592467301916092,10.30801086851751
13288,138.0,40.0,0.0,40.0,6.0,0.2358206865923345,10.543831555109845
13289,138.0,41.0,0.0,41.0,6.0,0.0,10.543831555109845
13290,138.0,42.0,0.0,42.0,5.0,0.13236637124382183,10.676197926353668
13291,138.0,43.0,0.0,43.0,3.0,0.6012094297445113,11.277407356098179
13292,138.0,44.0,0.0,44.0,3.0,0.17859802399158817,11.456005380089767
13293,138.0,45.0,0.0,45.0,3.0,0.08263274320301577,11.538638123292783
13294,138.0,46.0,0.0,46.0,1.0,0.11184940162260157,11.650487524915384
13295,138.0,47.0,0.0,47.0,1.0,0.04317602104936086,11.693663545964744
13296,138.0,48.0,0.0,48.0,2.0,0.0,11.693663545964744
13297,138.0,49.0,0.0,49.0,6.0,0.11636299692256234,11.810026542887307
13298,138.0,50.0,0.0,50.0,3.0,0.09270862586868636,11.902735168755994
13299,138.0,51.0,0.0,51.0,5.0,0.1405045273169124,12.043239696072906
13300,138.0,52.0,0.0,52.0,1.0,0.22346138720261824,12.266701083275525
13301,138.0,53.0,0.0,53.0,0.0,0.18032739676781326,12.447028480043338
13302,138.0,54.0,0.0,54.0,6.0,0.06692797541129325,12.51395645545463
13303,138.0,55.0,0.0,55.0,3.0,0.22459010399443233,12.738546559449063
13304,138.0,56.0,0.0,56.0,1.0,0.27391822828331297,13.012464787732375
13305,138.0,57.0,0.0,57.0,1.0,0.0766334705336081,13.089098258265983
13306,138.0,58.0,0.0,58.0,3.0,0.18076898800776417,13.269867246273748
13307,138.0,59.0,0.0,59.0,4.0,0.1469609607874088,13.416828207061156
13308,138.0,60.0,0.0,60.0,5.0,0.1011811837154788,13.518009390776635
13309,138.0,61.0,0.0,61.0,0.0,0.06302182313223552,13.58103121390887
13310,138.0,62.0,0.0,62.0,6.0,0.19720425874379977,13.77823547265267
13311,138.0,63.0,0.0,63.0,3.0,0.1595965695819533,13.937832042234623
13312,138.0,64.0,0.0,64.0,1.0,0.023156626925220768,13.960988669159844
13313,138.0,65.0,0.0,65.0,6.0,0.2676282183690528,14.228616887528897
13314,138.0,66.0,0.0,66.0,3.0,0.3394391447328553,14.568056032261753
13315,138.0,67.0,0.0,67.0,3.0,0.0,14.568056032261753
13316,138.0,68.0,0.0,68.0,6.0,0.7377651793174987,15.305821211579252
13317,138.0,69.0,0.0,69.0,6.0,0.0206337541478017,15.326454965727054
13318,138.0,70.0,0.0,70.0,6.0,0.10776919275082603,15.43422415847788
13319,138.0,71.0,0.0,71.0,6.0,0.528994261355651,15.963218419833531
13320,138.0,72.0,0.0,72.0,6.0,0.40586275112066333,16.369081170954193
13321,138.0,73.0,0.0,73.0,6.0,0.0,16.369081170954193
13322,138.0,74.0,0.0,74.0,6.0,0.08326994649709853,16.45235111745129
13323,138.0,75.0,0.0,75.0,1.0,0.17515766824041448,16.627508785691703
13324,138.0,76.0,0.0,76.0,4.0,0.35662687216539196,16.984135657857095
13325,138.0,77.0,0.0,77.0,4.0,0.06308539271434067,17.047221050571437
13326,138.0,78.0,0.0,78.0,5.0,0.562081128391816,17.609302178963254
13327,138.0,79.0,0.0,79.0,5.0,0.0,17.609302178963254
13328,138.0,80.0,0.0,80.0,5.0,0.15143727500736548,17.76073945397062
13329,138.0,81.0,0.0,81.0,7.0,0.4410508038344497,18.20179025780507
13330,138.0,82.0,0.0,82.0,7.0,0.3523297046050333,18.554119962410102
13331,138.0,83.0,0.0,83.0,7.0,0.0,18.554119962410102
13332,138.0,84.0,0.0,84.0,7.0,0.04103739105239522,18.595157353462497
13333,138.0,85.0,0.0,85.0,1.0,0.3728753173739762,18.96803267083647
13334,138.0,86.0,0.0,86.0,1.0,0.09259758356345157,19.060630254399925
13335,138.0,87.0,0.0,87.0,3.0,0.03301525633795021,19.093645510737876
13336,138.0,88.0,0.0,88.0,6.0,0.1350995944228713,19.228745105160748
13337,138.0,89.0,0.0,89.0,0.0,0.17361444276394056,19.40235954792469
13338,138.0,90.0,0.0,90.0,1.0,0.0,19.40235954792469
13339,138.0,91.0,0.0,91.0,5.0,0.05028223153043451,19.452641779455124
13340,138.0,92.0,0.0,92.0,4.0,0.0,19.452641779455124
13341,138.0,93.0,0.0,93.0,6.0,0.46655973523908206,19.919201514694205
13342,138.0,94.0,0.0,94.0,6.0,0.46621206372626145,20.385413578420465
13343,138.0,95.0,0.0,95.0,6.0,0.5398005436791784,20.925214122099643
13344,139.0,0.0,0.0,0.0,0.0,0.026462552773326972,0.026462552773326972
13345,139.0,1.0,0.0,1.0,1.0,0.04845925959332829,0.07492181236665527
13346,139.0,2.0,0.0,2.0,2.0,0.0,0.07492181236665527
13347,139.0,3.0,0.0,3.0,3.0,0.31311875945201073,0.388040571818666
13348,139.0,4.0,0.0,4.0,4.0,0.5243230454212805,0.9123636172399465
13349,139.0,5.0,0.0,5.0,5.0,0.056443085324379784,0.9688067025643263
13350,139.0,6.0,0.0,6.0,6.0,0.14053761898862807,1.1093443215529544
13351,139.0,7.0,0.0,7.0,7.0,0.0459894712458177,1.1553337927987721
13352,139.0,8.0,0.0,8.0,4.0,0.6166947510523849,1.7720285438511572
13353,139.0,9.0,0.0,9.0,4.0,0.2914393100528348,2.063467853903992
13354,139.0,10.0,0.0,10.0,3.0,0.17451251960862407,2.2379803735126163
13355,139.0,11.0,0.0,11.0,4.0,0.31800611952542285,2.555986493038039
13356,139.0,12.0,0.0,12.0,4.0,0.11041446593207717,2.6664009589701165
13357,139.0,13.0,0.0,13.0,6.0,0.46621206372626145,3.132613022696378
13358,139.0,14.0,0.0,14.0,6.0,0.002161454739645614,3.1347744774360238
13359,139.0,15.0,0.0,15.0,3.0,0.008668876753709993,3.143443354189734
13360,139.0,16.0,0.0,16.0,4.0,0.10016360891352999,3.243606963103264
13361,139.0,17.0,0.0,17.0,5.0,0.09069293668371073,3.334299899786975
13362,139.0,18.0,0.0,18.0,1.0,0.2975171656525792,3.631817065439554
13363,139.0,19.0,0.0,19.0,7.0,0.45690301731070837,4.088720082750262
13364,139.0,20.0,0.0,20.0,7.0,0.24291591879383728,4.3316360015441
13365,139.0,21.0,0.0,21.0,7.0,0.21288313045197185,4.544519131996071
13366,139.0,22.0,0.0,22.0,4.0,0.08483909213874269,4.629358224134814
13367,139.0,23.0,0.0,23.0,1.0,0.0,4.629358224134814
13368,139.0,24.0,0.0,24.0,0.0,0.18031182752271988,4.809670051657534
13369,139.0,25.0,0.0,25.0,2.0,0.39818203123925505,5.207852082896789
13370,139.0,26.0,0.0,26.0,2.0,0.42591938102062793,5.633771463917417
13371,139.0,27.0,0.0,27.0,2.0,0.38831574574861955,6.0220872096660365
13372,139.0,28.0,0.0,28.0,2.0,0.3083246732118922,6.330411882877929
13373,139.0,29.0,0.0,29.0,2.0,0.5259817321483307,6.85639361502626
13374,139.0,30.0,0.0,30.0,2.0,0.11327101634064082,6.969664631366901
13375,139.0,31.0,0.0,31.0,2.0,0.0,6.969664631366901
13376,139.0,32.0,0.0,32.0,6.0,0.029858941276052695,6.999523572642953
13377,139.0,33.0,0.0,33.0,7.0,0.4763979432030655,7.475921515846019
13378,139.0,34.0,0.0,34.0,7.0,0.0,7.475921515846019
13379,139.0,35.0,0.0,35.0,4.0,0.1495593642703379,7.625480880116356
13380,139.0,36.0,0.0,36.0,0.0,0.22870024692555282,7.854181127041909
13381,139.0,37.0,0.0,37.0,3.0,0.3885911041625654,8.242772231204475
13382,139.0,38.0,0.0,38.0,3.0,0.2285348190821269,8.471307050286601
13383,139.0,39.0,0.0,39.0,4.0,0.181316232947323,8.652623283233924
13384,139.0,40.0,0.0,40.0,2.0,0.043892043518105,8.696515326752028
13385,139.0,41.0,0.0,41.0,3.0,0.24604240966364027,8.942557736415669
13386,139.0,42.0,0.0,42.0,7.0,0.0512601046839897,8.99381784109966
13387,139.0,43.0,0.0,43.0,0.0,0.48448669996828364,9.478304541067942
13388,139.0,44.0,0.0,44.0,0.0,0.0,9.478304541067942
13389,139.0,45.0,0.0,45.0,4.0,0.20497945959324024,9.683284000661182
13390,139.0,46.0,0.0,46.0,3.0,0.04429925980485249,9.727583260466034
13391,139.0,47.0,0.0,47.0,5.0,0.061655103827774414,9.789238364293809
13392,139.0,48.0,0.0,48.0,4.0,0.22645575073161234,10.01569411502542
13393,139.0,49.0,0.0,49.0,2.0,0.20166360592346178,10.217357720948883
13394,139.0,50.0,0.0,50.0,6.0,0.308924290481592,10.526282011430474
13395,139.0,51.0,0.0,51.0,6.0,0.3045366457502025,10.830818657180677
13396,139.0,52.0,0.0,52.0,6.0,0.2380098281042837,11.06882848528496
13397,139.0,53.0,0.0,53.0,0.0,0.23944774434232982,11.30827622962729
13398,139.0,54.0,0.0,54.0,4.0,0.5401870119994172,11.848463241626709
13399,139.0,55.0,0.0,55.0,4.0,0.5370312334100855,12.385494475036793
13400,139.0,56.0,0.0,56.0,4.0,0.05778005683271747,12.44327453186951
13401,139.0,57.0,0.0,57.0,4.0,0.0,12.44327453186951
13402,139.0,58.0,0.0,58.0,1.0,0.9959745150176808,13.439249046887191
13403,139.0,59.0,0.0,59.0,1.0,0.0,13.439249046887191
13404,139.0,60.0,0.0,60.0,1.0,0.23702024352928716,13.676269290416478
13405,139.0,61.0,0.0,61.0,1.0,0.35845450021337216,14.034723790629851
13406,139.0,62.0,0.0,62.0,1.0,0.1252470864872485,14.1599708771171
13407,139.0,63.0,0.0,63.0,1.0,0.0,14.1599708771171
13408,139.0,64.0,0.0,64.0,6.0,0.060843244270408124,14.220814121387509
13409,139.0,65.0,0.0,65.0,7.0,0.0741373058509058,14.294951427238415
13410,139.0,66.0,0.0,66.0,2.0,0.2697227342029752,14.56467416144139
13411,139.0,67.0,0.0,67.0,0.0,0.07309551109955656,14.637769672540946
13412,139.0,68.0,0.0,68.0,1.0,0.0,14.637769672540946
13413,139.0,69.0,0.0,69.0,2.0,0.27508209868767286,14.912851771228619
13414,139.0,70.0,0.0,70.0,4.0,0.005519628586349254,14.918371399814967
13415,139.0,71.0,0.0,71.0,2.0,0.6027562012237242,15.521127601038692
13416,139.0,72.0,0.0,72.0,2.0,0.0,15.521127601038692
13417,139.0,73.0,0.0,73.0,3.0,0.19321782807184884,15.71434542911054
13418,139.0,74.0,0.0,74.0,2.0,0.5913394163650157,16.305684845475557
13419,139.0,75.0,0.0,75.0,2.0,0.153056971216033,16.45874181669159
13420,139.0,76.0,0.0,76.0,2.0,0.17377914745726974,16.63252096414886
13421,139.0,77.0,0.0,77.0,2.0,0.0,16.63252096414886
13422,139.0,78.0,0.0,78.0,3.0,0.14109950605318325,16.773620470202044
13423,139.0,79.0,0.0,79.0,7.0,0.2908331151793469,17.06445358538139
13424,139.0,80.0,0.0,80.0,7.0,0.0,17.06445358538139
13425,139.0,81.0,0.0,81.0,4.0,0.35410539327964946,17.41855897866104
13426,139.0,82.0,0.0,82.0,4.0,0.0,17.41855897866104
13427,139.0,83.0,0.0,83.0,6.0,0.14418838926849195,17.562747367929532
13428,139.0,84.0,0.0,84.0,2.0,0.04961298748480245,17.612360355414335
13429,139.0,85.0,0.0,85.0,0.0,0.4367721168526441,18.04913247226698
13430,139.0,86.0,0.0,86.0,0.0,0.05684979826683998,18.10598227053382
13431,139.0,87.0,0.0,87.0,1.0,0.21774518083343142,18.32372745136725
13432,139.0,88.0,0.0,88.0,3.0,0.07352085026470992,18.39724830163196
13433,139.0,89.0,0.0,89.0,0.0,0.049788940430507446,18.447037242062468
13434,139.0,90.0,0.0,90.0,5.0,0.1189977910814536,18.566035033143923
13435,139.0,91.0,0.0,91.0,1.0,0.1122698472049673,18.67830488034889
13436,139.0,92.0,0.0,92.0,4.0,0.786538645224503,19.464843525573393
13437,139.0,93.0,0.0,93.0,4.0,0.29965634577184486,19.764499871345237
13438,139.0,94.0,0.0,94.0,4.0,0.19670552128951685,19.961205392634753
13439,139.0,95.0,0.0,95.0,4.0,0.18805542412596601,20.14926081676072
13440,140.0,0.0,0.0,0.0,0.0,0.11717595902856863,0.11717595902856863
13441,140.0,1.0,0.0,1.0,1.0,0.27119035406226066,0.3883663130908293
13442,140.0,2.0,0.0,2.0,2.0,0.13810536010235094,0.5264716731931802
13443,140.0,3.0,0.0,3.0,3.0,0.3394391447328553,0.8659108179260355
13444,140.0,4.0,0.0,4.0,4.0,0.5370312334100855,1.402942051336121
13445,140.0,5.0,0.0,5.0,5.0,0.3655504969632712,1.7684925482993923
13446,140.0,6.0,0.0,6.0,6.0,0.525530725813632,2.2940232741130244
13447,140.0,7.0,0.0,7.0,7.0,0.2963231527000224,2.590346426813047
13448,140.0,8.0,0.0,8.0,4.0,0.15261367299991715,2.742960099812964
13449,140.0,9.0,0.0,9.0,6.0,0.5398005436791784,3.282760643492143
13450,140.0,10.0,0.0,10.0,6.0,0.15870422142553076,3.4414648649176733
13451,140.0,11.0,0.0,11.0,5.0,0.43922493403029017,3.8806897989479636
13452,140.0,12.0,0.0,12.0,3.0,0.12261651967535435,4.003306318623318
13453,140.0,13.0,0.0,13.0,7.0,0.35893392020488385,4.362240238828202
13454,140.0,14.0,0.0,14.0,1.0,0.24526319585689446,4.607503434685097
13455,140.0,15.0,0.0,15.0,5.0,0.15002432556116005,4.757527760246258
13456,140.0,16.0,0.0,16.0,4.0,0.2768550193866439,5.034382779632901
13457,140.0,17.0,0.0,17.0,6.0,0.18466604549596066,5.219048825128862
13458,140.0,18.0,0.0,18.0,7.0,0.0,5.219048825128862
13459,140.0,19.0,0.0,19.0,2.0,0.6027562012237242,5.821805026352586
13460,140.0,20.0,0.0,20.0,2.0,0.7236703978770197,6.545475424229606
13461,140.0,21.0,0.0,21.0,2.0,0.0984534186733431,6.643928842902949
13462,140.0,22.0,0.0,22.0,2.0,0.0,6.643928842902949
13463,140.0,23.0,0.0,23.0,0.0,0.0,6.643928842902949
13464,140.0,24.0,0.0,24.0,1.0,0.23376214866150832,6.8776909915644575
13465,140.0,25.0,0.0,25.0,4.0,0.18805542412596601,7.065746415690423
13466,140.0,26.0,0.0,26.0,5.0,0.4331310121324684,7.498877427822892
13467,140.0,27.0,0.0,27.0,6.0,0.09243667781140737,7.591314105634299
13468,140.0,28.0,0.0,28.0,5.0,0.5943235436047835,8.185637649239082
13469,140.0,29.0,0.0,29.0,5.0,0.1189977910814536,8.304635440320535
13470,140.0,30.0,0.0,30.0,3.0,0.37470943161685766,8.679344871937392
13471,140.0,31.0,0.0,31.0,3.0,0.17758193823470309,8.856926810172094
13472,140.0,32.0,0.0,32.0,5.0,0.3060716499089532,9.162998460081047
13473,140.0,33.0,0.0,33.0,1.0,0.5102676826124355,9.673266142693482
13474,140.0,34.0,0.0,34.0,1.0,0.7864352531193769,10.459701395812859
13475,140.0,35.0,0.0,35.0,1.0,0.11959474932936898,10.579296145142228
13476,140.0,36.0,0.0,36.0,1.0,0.2336797832809992,10.812975928423228
13477,140.0,37.0,0.0,37.0,4.0,0.0,10.812975928423228
13478,140.0,38.0,0.0,38.0,2.0,0.44976625428900363,11.262742182712232
13479,140.0,39.0,0.0,39.0,2.0,0.07183681467559985,11.334578997387831
13480,140.0,40.0,0.0,40.0,5.0,0.4034908793754677,11.7380698767633
13481,140.0,41.0,0.0,41.0,1.0,0.1735308598711164,11.911600736634416
13482,140.0,42.0,0.0,42.0,5.0,0.0488407511838819,11.960441487818297
13483,140.0,43.0,0.0,43.0,6.0,0.06692797541129325,12.02736946322959
13484,140.0,44.0,0.0,44.0,7.0,0.0,12.02736946322959
13485,140.0,45.0,0.0,45.0,3.0,0.6774497976451884,12.704819260874778
13486,140.0,46.0,0.0,46.0,3.0,0.0,12.704819260874778
13487,140.0,47.0,0.0,47.0,1.0,0.09271436829694825,12.797533629171726
13488,140.0,48.0,0.0,48.0,2.0,0.38230358492209854,13.179837214093824
13489,140.0,49.0,0.0,49.0,3.0,0.3128854636562684,13.492722677750093
13490,140.0,50.0,0.0,50.0,2.0,0.0,13.492722677750093
13491,140.0,51.0,0.0,51.0,5.0,0.05028223153043451,13.543004909280528
13492,140.0,52.0,0.0,52.0,3.0,0.09565973087312887,13.638664640153657
13493,140.0,53.0,0.0,53.0,6.0,0.7074564648856323,14.34612110503929
13494,140.0,54.0,0.0,54.0,6.0,0.18788376889070377,14.534004873929993
13495,140.0,55.0,0.0,55.0,6.0,0.12662947121033713,14.66063434514033
13496,140.0,56.0,0.0,56.0,1.0,0.0,14.66063434514033
13497,140.0,57.0,0.0,57.0,4.0,0.3378213837210231,14.998455728861353
13498,140.0,58.0,0.0,58.0,6.0,0.07179891276627816,15.070254641627631
13499,140.0,59.0,0.0,59.0,4.0,0.0456160838408476,15.11587072546848
13500,140.0,60.0,0.0,60.0,5.0,0.15886400702583056,15.27473473249431
13501,140.0,61.0,0.0,61.0,2.0,0.15868138789215788,15.433416120386466
13502,140.0,62.0,0.0,62.0,3.0,0.001461682704674984,15.434877803091142
13503,140.0,63.0,0.0,63.0,5.0,0.556448204261036,15.991326007352178
13504,140.0,64.0,0.0,64.0,5.0,0.27855042756309173,16.269876434915272
13505,140.0,65.0,0.0,65.0,5.0,0.0,16.269876434915272
13506,140.0,66.0,0.0,66.0,1.0,0.031550322030998015,16.30142675694627
13507,140.0,67.0,0.0,67.0,6.0,0.23958507229734452,16.541011829243615
13508,140.0,68.0,0.0,68.0,2.0,0.0,16.541011829243615
13509,140.0,69.0,0.0,69.0,6.0,0.2624626141648409,16.803474443408454
13510,140.0,70.0,0.0,70.0,7.0,0.04239551508702711,16.84586995849548
13511,140.0,71.0,0.0,71.0,5.0,0.012731154762606778,16.85860111325809
13512,140.0,72.0,0.0,72.0,0.0,0.22870024692555282,17.08730136018364
13513,140.0,73.0,0.0,73.0,4.0,0.36899642420942863,17.45629778439307
13514,140.0,74.0,0.0,74.0,4.0,0.14496949301802708,17.601267277411097
13515,140.0,75.0,0.0,75.0,6.0,0.46621206372626145,18.067479341137357
13516,140.0,76.0,0.0,76.0,6.0,0.2380098281042837,18.30548916924164
13517,140.0,77.0,0.0,77.0,6.0,0.351198302995685,18.656687472237323
13518,140.0,78.0,0.0,78.0,6.0,0.23042860433100323,18.887116076568326
13519,140.0,79.0,0.0,79.0,0.0,0.0,18.887116076568326
13520,140.0,80.0,0.0,80.0,6.0,0.29928972735028064,19.186405803918607
13521,140.0,81.0,0.0,81.0,6.0,0.029858941276052695,19.21626474519466
13522,140.0,82.0,0.0,82.0,3.0,0.011662364837897463,19.227927110032557
13523,140.0,83.0,0.0,83.0,1.0,0.4091289111380489,19.637056021170604
13524,140.0,84.0,0.0,84.0,1.0,0.640526367398124,20.277582388568728
13525,140.0,85.0,0.0,85.0,1.0,0.27391822828331297,20.551500616852042
13526,140.0,86.0,0.0,86.0,1.0,0.0,20.551500616852042
13527,140.0,87.0,0.0,87.0,1.0,0.5350809140500077,21.08658153090205
13528,140.0,88.0,0.0,88.0,1.0,0.21774518083343142,21.30432671173548
13529,140.0,89.0,0.0,89.0,1.0,0.32124548368694295,21.625572195422425
13530,140.0,90.0,0.0,90.0,1.0,0.0,21.625572195422425
13531,140.0,91.0,0.0,91.0,4.0,0.062174288129666674,21.687746483552093
13532,140.0,92.0,0.0,92.0,5.0,0.001891977950375154,21.68963846150247
13533,140.0,93.0,0.0,93.0,2.0,0.0,21.68963846150247
13534,140.0,94.0,0.0,94.0,6.0,0.05187143270467871,21.741509894207148
13535,140.0,95.0,0.0,95.0,1.0,0.03476387852119797,21.776273772728345
13536,141.0,0.0,0.0,0.0,0.0,0.0,0.0
13537,141.0,1.0,0.0,1.0,1.0,0.2129057638025988,0.2129057638025988
13538,141.0,2.0,0.0,2.0,2.0,0.1670621200099897,0.3799678838125885
13539,141.0,3.0,0.0,3.0,3.0,0.27104019678738106,0.6510080805999696
13540,141.0,4.0,0.0,4.0,4.0,0.06308539271434067,0.7140934733143103
13541,141.0,5.0,0.0,5.0,5.0,0.556448204261036,1.2705416775753462
13542,141.0,6.0,0.0,6.0,6.0,0.22700732154927955,1.4975489991246258
13543,141.0,7.0,0.0,7.0,7.0,0.041228864090092084,1.538777863214718
13544,141.0,8.0,0.0,8.0,5.0,0.0,1.538777863214718
13545,141.0,9.0,0.0,9.0,3.0,0.0,1.538777863214718
13546,141.0,10.0,0.0,10.0,6.0,0.05187143270467871,1.5906492959193967
13547,141.0,11.0,0.0,11.0,1.0,0.01157769227695752,1.6022269881963542
13548,141.0,12.0,0.0,12.0,2.0,0.0,1.6022269881963542
13549,141.0,13.0,0.0,13.0,5.0,0.13236637124382183,1.7345933594401761
13550,141.0,14.0,0.0,14.0,4.0,0.0,1.7345933594401761
13551,141.0,15.0,0.0,15.0,7.0,0.21001575520798305,1.9446091146481592
13552,141.0,16.0,0.0,16.0,5.0,0.30212354745347314,2.2467326621016324
13553,141.0,17.0,0.0,17.0,0.0,0.47815931578689846,2.724891977888531
13554,141.0,18.0,0.0,18.0,0.0,0.0766001135159025,2.8014920914044334
13555,141.0,19.0,0.0,19.0,5.0,0.2248680210661569,3.0263601124705906
13556,141.0,20.0,0.0,20.0,6.0,0.0,3.0263601124705906
13557,141.0,21.0,0.0,21.0,3.0,0.04429925980485249,3.070659372275443
13558,141.0,22.0,0.0,22.0,7.0,0.7375721814246866,3.8082315537001294
13559,141.0,23.0,0.0,23.0,7.0,0.0056253172433511625,3.813856870943481
13560,141.0,24.0,0.0,24.0,7.0,0.0,3.813856870943481
13561,141.0,25.0,0.0,25.0,0.0,0.0,3.813856870943481
13562,141.0,26.0,0.0,26.0,5.0,0.4331310121324684,4.246987883075949
13563,141.0,27.0,0.0,27.0,5.0,0.16528919434875355,4.412277077424703
13564,141.0,28.0,0.0,28.0,1.0,0.27837232626576186,4.690649403690465
13565,141.0,29.0,0.0,29.0,1.0,0.35845450021337216,5.049103903903837
13566,141.0,30.0,0.0,30.0,1.0,0.3461068524360502,5.395210756339887
13567,141.0,31.0,0.0,31.0,1.0,0.9645942569749285,6.359805013314816
13568,141.0,32.0,0.0,32.0,1.0,0.14996651879064163,6.509771532105457
13569,141.0,33.0,0.0,33.0,1.0,0.2217983483299603,6.731569880435417
13570,141.0,34.0,0.0,34.0,1.0,0.39051636555348407,7.122086245988902
13571,141.0,35.0,0.0,35.0,1.0,0.7371334889638141,7.859219734952716
13572,141.0,36.0,0.0,36.0,1.0,0.8012578002674544,8.66047753522017
13573,141.0,37.0,0.0,37.0,1.0,0.29156994495680316,8.952047480176974
13574,141.0,38.0,0.0,38.0,1.0,0.2977196118715112,9.249767092048485
13575,141.0,39.0,0.0,39.0,1.0,0.05668020652621607,9.306447298574701
13576,141.0,40.0,0.0,40.0,1.0,0.04845925959332829,9.354906558168029
13577,141.0,41.0,0.0,41.0,1.0,0.38990649885735673,9.744813057025386
13578,141.0,42.0,0.0,42.0,1.0,0.18420213317850265,9.929015190203888
13579,141.0,43.0,0.0,43.0,1.0,0.39919928454817294,10.32821447475206
13580,141.0,44.0,0.0,44.0,1.0,0.19166078110951457,10.519875255861574
13581,141.0,45.0,0.0,45.0,5.0,0.03503381451770802,10.554909070379283
13582,141.0,46.0,0.0,46.0,1.0,0.32124548368694295,10.876154554066225
13583,141.0,47.0,0.0,47.0,1.0,0.09468128799662574,10.97083584206285
13584,141.0,48.0,0.0,48.0,2.0,0.41746763913831586,11.388303481201167
13585,141.0,49.0,0.0,49.0,2.0,0.04195847045540713,11.430261951656574
13586,141.0,50.0,0.0,50.0,1.0,0.3728753173739762,11.80313726903055
13587,141.0,51.0,0.0,51.0,1.0,0.0,11.80313726903055
13588,141.0,52.0,0.0,52.0,7.0,0.35893392020488385,12.162071189235434
13589,141.0,53.0,0.0,53.0,7.0,0.0,12.162071189235434
13590,141.0,54.0,0.0,54.0,1.0,0.4978298030149915,12.659900992250424
13591,141.0,55.0,0.0,55.0,1.0,0.0,12.659900992250424
13592,141.0,56.0,0.0,56.0,5.0,0.0,12.659900992250424
13593,141.0,57.0,0.0,57.0,2.0,0.19935097092522613,12.85925196317565
13594,141.0,58.0,0.0,58.0,1.0,0.11959474932936898,12.97884671250502
13595,141.0,59.0,0.0,59.0,1.0,0.0,12.97884671250502
13596,141.0,60.0,0.0,60.0,3.0,0.12261651967535435,13.101463232180373
13597,141.0,61.0,0.0,61.0,2.0,0.0,13.101463232180373
13598,141.0,62.0,0.0,62.0,0.0,0.04556819691499105,13.147031429095364
13599,141.0,63.0,0.0,63.0,4.0,0.6928212275644872,13.83985265665985
13600,141.0,64.0,0.0,64.0,4.0,0.07493619689443067,13.914788853554281
13601,141.0,65.0,0.0,65.0,4.0,0.0,13.914788853554281
13602,141.0,66.0,0.0,66.0,4.0,0.08739218446663143,14.002181038020913
13603,141.0,67.0,0.0,67.0,1.0,0.23895507602304034,14.241136114043954
13604,141.0,68.0,0.0,68.0,7.0,0.17451046426450795,14.415646578308461
13605,141.0,69.0,0.0,69.0,6.0,0.5211461016164569,14.936792679924919
13606,141.0,70.0,0.0,70.0,6.0,0.19720425874379977,15.133996938668718
13607,141.0,71.0,0.0,71.0,6.0,0.5198631933975867,15.653860132066304
13608,141.0,72.0,0.0,72.0,6.0,0.25249491253368417,15.906355044599989
13609,141.0,73.0,0.0,73.0,6.0,0.46120539576978026,16.36756044036977
13610,141.0,74.0,0.0,74.0,6.0,0.12662947121033713,16.494189911580104
13611,141.0,75.0,0.0,75.0,6.0,0.04941931180611817,16.543609223386223
13612,141.0,76.0,0.0,76.0,6.0,0.2358206865923345,16.779429909978557
13613,141.0,77.0,0.0,77.0,6.0,0.23042860433100323,17.00985851430956
13614,141.0,78.0,0.0,78.0,6.0,0.0,17.00985851430956
13615,141.0,79.0,0.0,79.0,1.0,0.0,17.00985851430956
13616,141.0,80.0,0.0,80.0,5.0,0.12956159087489713,17.139420105184456
13617,141.0,81.0,0.0,81.0,1.0,0.0,17.139420105184456
13618,141.0,82.0,0.0,82.0,7.0,0.15961076329720134,17.29903086848166
13619,141.0,83.0,0.0,83.0,6.0,0.4832391209848758,17.782269989466535
13620,141.0,84.0,0.0,84.0,6.0,0.709114106247022,18.491384095713556
13621,141.0,85.0,0.0,85.0,6.0,0.08900059238186646,18.58038468809542
13622,141.0,86.0,0.0,86.0,6.0,0.38478252254705636,18.965167210642477
13623,141.0,87.0,0.0,87.0,6.0,0.38423498309596005,19.349402193738438
13624,141.0,88.0,0.0,88.0,6.0,0.2091349837990253,19.558537177537463
13625,141.0,89.0,0.0,89.0,6.0,0.5048327715259897,20.063369949063453
13626,141.0,90.0,0.0,90.0,6.0,0.31122773400729964,20.374597683070753
13627,141.0,91.0,0.0,91.0,6.0,0.20104993189686238,20.575647614967615
13628,141.0,92.0,0.0,92.0,6.0,0.5398005436791784,21.115448158646792
13629,141.0,93.0,0.0,93.0,6.0,0.1440283701753274,21.25947652882212
13630,141.0,94.0,0.0,94.0,6.0,0.029858941276052695,21.289335470098173
13631,141.0,95.0,0.0,95.0,6.0,0.0,21.289335470098173
13632,142.0,0.0,0.0,0.0,0.0,0.0,0.0
13633,142.0,1.0,0.0,1.0,1.0,0.39739577573671786,0.39739577573671786
13634,142.0,2.0,0.0,2.0,2.0,0.21976599108420175,0.6171617668209196
13635,142.0,3.0,0.0,3.0,3.0,0.3124487689648274,0.9296105357857469
13636,142.0,4.0,0.0,4.0,4.0,0.36899642420942863,1.2986069599951755
13637,142.0,5.0,0.0,5.0,5.0,0.0908247463196243,1.3894317063147998
13638,142.0,6.0,0.0,6.0,6.0,0.398606424860819,1.7880381311756188
13639,142.0,7.0,0.0,7.0,7.0,0.26478666827767994,2.052824799453299
13640,142.0,8.0,0.0,8.0,6.0,0.0,2.052824799453299
13641,142.0,9.0,0.0,9.0,1.0,0.38990649885735673,2.4427312983106555
13642,142.0,10.0,0.0,10.0,4.0,0.181316232947323,2.6240475312579785
13643,142.0,11.0,0.0,11.0,3.0,0.12261651967535435,2.7466640509333327
13644,142.0,12.0,0.0,12.0,7.0,0.15727691362384175,2.9039409645571745
13645,142.0,13.0,0.0,13.0,1.0,0.11896244309851166,3.022903407655686
13646,142.0,14.0,0.0,14.0,2.0,0.07046722414389026,3.0933706317995764
13647,142.0,15.0,0.0,15.0,4.0,0.14305431294694723,3.2364249447465236
13648,142.0,16.0,0.0,16.0,5.0,0.28810875083932547,3.5245336955858493
13649,142.0,17.0,0.0,17.0,1.0,0.01157769227695752,3.5361113878628068
13650,142.0,18.0,0.0,18.0,3.0,0.27104019678738106,3.807151584650188
13651,142.0,19.0,0.0,19.0,7.0,0.04239551508702711,3.849547099737215
13652,142.0,20.0,0.0,20.0,6.0,0.36348110977950954,4.213028209516724
13653,142.0,21.0,0.0,21.0,5.0,0.4083245810104282,4.621352790527153
13654,142.0,22.0,0.0,22.0,5.0,0.0,4.621352790527153
13655,142.0,23.0,0.0,23.0,6.0,0.0989051148392537,4.720257905366407
13656,142.0,24.0,0.0,24.0,3.0,0.0,4.720257905366407
13657,142.0,25.0,0.0,25.0,4.0,0.45969118074479987,5.179949086111207
13658,142.0,26.0,0.0,26.0,4.0,0.6166947510523849,5.796643837163591
13659,142.0,27.0,0.0,27.0,4.0,0.15261367299991715,5.949257510163508
13660,142.0,28.0,0.0,28.0,4.0,0.062174288129666674,6.011431798293175
13661,142.0,29.0,0.0,29.0,0.0,0.0,6.011431798293175
13662,142.0,30.0,0.0,30.0,2.0,0.13810536010235094,6.149537158395526
13663,142.0,31.0,0.0,31.0,1.0,0.004865038927265206,6.154402197322791
13664,142.0,32.0,0.0,32.0,4.0,0.0,6.154402197322791
13665,142.0,33.0,0.0,33.0,6.0,0.351198302995685,6.505600500318476
13666,142.0,34.0,0.0,34.0,6.0,0.2380098281042837,6.7436103284227595
13667,142.0,35.0,0.0,35.0,5.0,0.008843280460235635,6.752453608882995
13668,142.0,36.0,0.0,36.0,6.0,0.20751175649518033,6.959965365378175
13669,142.0,37.0,0.0,37.0,7.0,0.26958034497069683,7.229545710348872
13670,142.0,38.0,0.0,38.0,7.0,0.11500588206885451,7.3445515924177265
13671,142.0,39.0,0.0,39.0,2.0,0.06114289961588151,7.405694492033608
13672,142.0,40.0,0.0,40.0,3.0,0.2285348190821269,7.634229311115735
13673,142.0,41.0,0.0,41.0,6.0,0.0,7.634229311115735
13674,142.0,42.0,0.0,42.0,4.0,0.3628567677526115,7.997086078868347
13675,142.0,43.0,0.0,43.0,4.0,0.005519628586349254,8.002605707454697
13676,142.0,44.0,0.0,44.0,3.0,0.020094125614477917,8.022699833069174
13677,142.0,45.0,0.0,45.0,1.0,0.0,8.022699833069174
13678,142.0,46.0,0.0,46.0,7.0,0.314479252098775,8.337179085167948
13679,142.0,47.0,0.0,47.0,7.0,0.30489283886315693,8.642071924031105
13680,142.0,48.0,0.0,48.0,7.0,0.0,8.642071924031105
13681,142.0,49.0,0.0,49.0,4.0,0.04666036375174277,8.688732287782848
13682,142.0,50.0,0.0,50.0,6.0,0.10821198863204971,8.796944276414898
13683,142.0,51.0,0.0,51.0,5.0,0.1271290746976771,8.924073351112575
13684,142.0,52.0,0.0,52.0,2.0,0.3083246732118922,9.232398024324468
13685,142.0,53.0,0.0,53.0,2.0,0.7236703978770197,9.956068422201488
13686,142.0,54.0,0.0,54.0,2.0,0.5927850394971269,10.548853461698615
13687,142.0,55.0,0.0,55.0,2.0,0.04961298748480245,10.598466449183418
13688,142.0,56.0,0.0,56.0,2.0,0.4472118799386729,11.04567832912209
13689,142.0,57.0,0.0,57.0,2.0,0.0,11.04567832912209
13690,142.0,58.0,0.0,58.0,2.0,0.0,11.04567832912209
13691,142.0,59.0,0.0,59.0,2.0,0.20166360592346178,11.247341935045553
13692,142.0,60.0,0.0,60.0,2.0,0.15868138789215788,11.40602332293771
13693,142.0,61.0,0.0,61.0,4.0,0.2352620848249543,11.641285407762664
13694,142.0,62.0,0.0,62.0,2.0,0.16196479063327046,11.803250198395935
13695,142.0,63.0,0.0,63.0,4.0,0.004890111547855993,11.808140309943791
13696,142.0,64.0,0.0,64.0,3.0,0.08066953314049238,11.888809843084283
13697,142.0,65.0,0.0,65.0,6.0,0.04941931180611817,11.938229154890402
13698,142.0,66.0,0.0,66.0,7.0,0.45898782090217066,12.397216975792572
13699,142.0,67.0,0.0,67.0,7.0,0.44759909174127827,12.84481606753385
13700,142.0,68.0,0.0,68.0,7.0,0.08463113415129656,12.929447201685146
13701,142.0,69.0,0.0,69.0,7.0,0.008325910589010882,12.937773112274158
13702,142.0,70.0,0.0,70.0,5.0,0.5289754288227388,13.466748541096896
13703,142.0,71.0,0.0,71.0,5.0,0.27855042756309173,13.745298968659988
13704,142.0,72.0,0.0,72.0,5.0,0.3355502795163708,14.080849248176358
13705,142.0,73.0,0.0,73.0,5.0,0.5943235436047835,14.675172791781142
13706,142.0,74.0,0.0,74.0,5.0,0.0,14.675172791781142
13707,142.0,75.0,0.0,75.0,5.0,0.24447138445430638,14.919644176235447
13708,142.0,76.0,0.0,76.0,5.0,0.49945965498331496,15.419103831218763
13709,142.0,77.0,0.0,77.0,5.0,0.2501458808505047,15.669249712069268
13710,142.0,78.0,0.0,78.0,5.0,0.13548217890407577,15.804731890973343
13711,142.0,79.0,0.0,79.0,5.0,0.1812152791592592,15.985947170132603
13712,142.0,80.0,0.0,80.0,5.0,0.19914789524586868,16.185095065378473
13713,142.0,81.0,0.0,81.0,5.0,0.3039231620092401,16.489018227387714
13714,142.0,82.0,0.0,82.0,5.0,0.05028223153043451,16.53930045891815
13715,142.0,83.0,0.0,83.0,1.0,0.09767182935369328,16.636972288271842
13716,142.0,84.0,0.0,84.0,2.0,0.6257180907935707,17.26269037906541
13717,142.0,85.0,0.0,85.0,2.0,0.587687788672903,17.850378167738313
13718,142.0,86.0,0.0,86.0,2.0,0.1113616455486472,17.96173981328696
13719,142.0,87.0,0.0,87.0,2.0,0.08011626779528125,18.04185608108224
13720,142.0,88.0,0.0,88.0,2.0,0.11886118707131776,18.160717268153558
13721,142.0,89.0,0.0,89.0,2.0,0.05386861899525439,18.21458588714881
13722,142.0,90.0,0.0,90.0,0.0,0.0766001135159025,18.291186000664712
13723,142.0,91.0,0.0,91.0,5.0,0.3041591797941908,18.595345180458903
13724,142.0,92.0,0.0,92.0,5.0,0.562081128391816,19.15742630885072
13725,142.0,93.0,0.0,93.0,5.0,0.00260008851080455,19.160026397361523
13726,142.0,94.0,0.0,94.0,5.0,0.15886400702583056,19.318890404387353
13727,142.0,95.0,0.0,95.0,7.0,0.3191817414767788,19.638072145864133
13728,143.0,0.0,0.0,0.0,0.0,0.06286079809602607,0.06286079809602607
13729,143.0,1.0,0.0,1.0,1.0,0.0,0.06286079809602607
13730,143.0,2.0,0.0,2.0,2.0,0.289774682159023,0.3526354802550491
13731,143.0,3.0,0.0,3.0,3.0,0.3394391447328553,0.6920746249879044
13732,143.0,4.0,0.0,4.0,4.0,0.12114345880479456,0.813218083792699
13733,143.0,5.0,0.0,5.0,5.0,0.3671116304857597,1.1803297142784586
13734,143.0,6.0,0.0,6.0,6.0,0.1938598477639666,1.3741895620424252
13735,143.0,7.0,0.0,7.0,7.0,0.11533761676746272,1.4895271788098878
13736,143.0,8.0,0.0,8.0,5.0,0.00260008851080455,1.4921272673206925
13737,143.0,9.0,0.0,9.0,3.0,0.0,1.4921272673206925
13738,143.0,10.0,0.0,10.0,2.0,0.2641208848836428,1.7562481522043352
13739,143.0,11.0,0.0,11.0,6.0,0.5415728013366148,2.29782095354095
13740,143.0,12.0,0.0,12.0,6.0,0.2380098281042837,2.5358307816452337
13741,143.0,13.0,0.0,13.0,2.0,0.04195847045540713,2.577789252100641
13742,143.0,14.0,0.0,14.0,4.0,0.14305431294694723,2.720843565047588
13743,143.0,15.0,0.0,15.0,7.0,0.21001575520798305,2.9308593202555713
13744,143.0,16.0,0.0,16.0,6.0,0.10776919275082603,3.0386285130063975
13745,143.0,17.0,0.0,17.0,0.0,0.0666793137692062,3.105307826775604
13746,143.0,18.0,0.0,18.0,5.0,0.4299809133878022,3.535288740163406
13747,143.0,19.0,0.0,19.0,5.0,0.7159429210092614,4.2512316611726675
13748,143.0,20.0,0.0,20.0,5.0,0.07527754375067446,4.326509204923342
13749,143.0,21.0,0.0,21.0,5.0,0.28810875083932547,4.614617955762667
13750,143.0,22.0,0.0,22.0,3.0,0.27104019678738106,4.885658152550048
13751,143.0,23.0,0.0,23.0,6.0,0.09260082505258796,4.9782589776026365
13752,143.0,24.0,0.0,24.0,5.0,0.1189977910814536,5.09725676868409
13753,143.0,25.0,0.0,25.0,7.0,0.12720264438925566,5.224459413073346
13754,143.0,26.0,0.0,26.0,1.0,0.9645942569749285,6.189053670048274
13755,143.0,27.0,0.0,27.0,1.0,0.2129057638025988,6.401959433850873
13756,143.0,28.0,0.0,28.0,1.0,0.09271436829694825,6.494673802147822
13757,143.0,29.0,0.0,29.0,1.0,0.1122698472049673,6.606943649352789
13758,143.0,30.0,0.0,30.0,1.0,0.023156626925220768,6.630100276278009
13759,143.0,31.0,0.0,31.0,3.0,0.0,6.630100276278009
13760,143.0,32.0,0.0,32.0,2.0,0.06114289961588151,6.691243175893891
13761,143.0,33.0,0.0,33.0,4.0,0.01616105790717103,6.7074042338010615
13762,143.0,34.0,0.0,34.0,5.0,0.0,6.7074042338010615
13763,143.0,35.0,0.0,35.0,6.0,0.4025312660474192,7.109935499848481
13764,143.0,36.0,0.0,36.0,6.0,0.0,7.109935499848481
13765,143.0,37.0,0.0,37.0,7.0,0.3191817414767788,7.42911724132526
13766,143.0,38.0,0.0,38.0,7.0,0.3029126053848762,7.7320298467101365
13767,143.0,39.0,0.0,39.0,7.0,0.4048413410201004,8.136871187730236
13768,143.0,40.0,0.0,40.0,7.0,0.16322828692812405,8.30009947465836
13769,143.0,41.0,0.0,41.0,1.0,0.0,8.30009947465836
13770,143.0,42.0,0.0,42.0,5.0,0.15002432556116005,8.45012380021952
13771,143.0,43.0,0.0,43.0,7.0,0.35893392020488385,8.809057720424404
13772,143.0,44.0,0.0,44.0,7.0,0.3497936611859112,9.158851381610315
13773,143.0,45.0,0.0,45.0,7.0,0.0,9.158851381610315
13774,143.0,46.0,0.0,46.0,0.0,0.22870024692555282,9.387551628535869
13775,143.0,47.0,0.0,47.0,2.0,0.11796462285651328,9.505516251392383
13776,143.0,48.0,0.0,48.0,6.0,0.2245370227069958,9.730053274099378
13777,143.0,49.0,0.0,49.0,0.0,0.19270071571413808,9.922753989813517
13778,143.0,50.0,0.0,50.0,5.0,0.3041591797941908,10.226913169607707
13779,143.0,51.0,0.0,51.0,5.0,0.13538863996928308,10.36230180957699
13780,143.0,52.0,0.0,52.0,3.0,0.0,10.36230180957699
13781,143.0,53.0,0.0,53.0,6.0,0.4832391209848758,10.845540930561867
13782,143.0,54.0,0.0,54.0,6.0,0.3731406200505958,11.218681550612462
13783,143.0,55.0,0.0,55.0,6.0,0.15870422142553076,11.377385772037993
13784,143.0,56.0,0.0,56.0,6.0,0.7615432087357681,12.13892898077376
13785,143.0,57.0,0.0,57.0,6.0,0.08473142129368774,12.223660402067448
13786,143.0,58.0,0.0,58.0,6.0,0.2091349837990253,12.432795385866473
13787,143.0,59.0,0.0,59.0,6.0,0.5064850022994652,12.939280388165939
13788,143.0,60.0,0.0,60.0,6.0,0.456597589962221,13.39587797812816
13789,143.0,61.0,0.0,61.0,6.0,0.030996621679545998,13.426874599807705
13790,143.0,62.0,0.0,62.0,6.0,0.0,13.426874599807705
13791,143.0,63.0,0.0,63.0,7.0,0.09917719492813658,13.526051794735842
13792,143.0,64.0,0.0,64.0,1.0,0.7864352531193769,14.31248704785522
13793,143.0,65.0,0.0,65.0,1.0,0.43077514535649875,14.743262193211718
13794,143.0,66.0,0.0,66.0,1.0,0.39919928454817294,15.142461477759891
13795,143.0,67.0,0.0,67.0,1.0,0.2217983483299603,15.364259826089851
13796,143.0,68.0,0.0,68.0,1.0,0.09843267325163044,15.462692499341482
13797,143.0,69.0,0.0,69.0,1.0,0.11959474932936898,15.582287248670852
13798,143.0,70.0,0.0,70.0,1.0,0.5506933393432334,16.132980588014085
13799,143.0,71.0,0.0,71.0,1.0,0.09468128799662574,16.22766187601071
13800,143.0,72.0,0.0,72.0,1.0,0.14690456218978679,16.374566438200496
13801,143.0,73.0,0.0,73.0,1.0,0.38990649885735673,16.764472937057853
13802,143.0,74.0,0.0,74.0,1.0,0.21774518083343142,16.982218117891286
13803,143.0,75.0,0.0,75.0,6.0,0.0,16.982218117891286
13804,143.0,76.0,0.0,76.0,1.0,0.3720624105248227,17.35428052841611
13805,143.0,77.0,0.0,77.0,1.0,0.11184940162260157,17.46612993003871
13806,143.0,78.0,0.0,78.0,0.0,0.04067335314553405,17.506803283184244
13807,143.0,79.0,0.0,79.0,5.0,0.0,17.506803283184244
13808,143.0,80.0,0.0,80.0,4.0,0.04666036375174277,17.553463646935988
13809,143.0,81.0,0.0,81.0,1.0,0.2975171656525792,17.850980812588567
13810,143.0,82.0,0.0,82.0,2.0,0.07183681467559985,17.922817627264166
13811,143.0,83.0,0.0,83.0,1.0,0.29885514167787697,18.221672768942042
13812,143.0,84.0,0.0,84.0,1.0,0.0772841125499467,18.29895688149199
13813,143.0,85.0,0.0,85.0,7.0,0.2094357913069121,18.5083926727989
13814,143.0,86.0,0.0,86.0,6.0,0.5199951664423675,19.02838783924127
13815,143.0,87.0,0.0,87.0,6.0,0.46761061637242407,19.495998455613694
13816,143.0,88.0,0.0,88.0,6.0,0.36321665879061876,19.859215114404314
13817,143.0,89.0,0.0,89.0,6.0,0.002161454739645614,19.86137656914396
13818,143.0,90.0,0.0,90.0,6.0,0.2624626141648409,20.1238391833088
13819,143.0,91.0,0.0,91.0,6.0,0.8206264844566112,20.94446566776541
13820,143.0,92.0,0.0,92.0,6.0,0.470561563191029,21.41502723095644
13821,143.0,93.0,0.0,93.0,6.0,0.20104993189686238,21.6160771628533
13822,143.0,94.0,0.0,94.0,6.0,0.3116598759686686,21.92773703882197
13823,143.0,95.0,0.0,95.0,6.0,0.754797882045112,22.68253492086708
13824,144.0,0.0,0.0,0.0,0.0,0.0,0.0
13825,144.0,1.0,0.0,1.0,1.0,0.2129057638025988,0.2129057638025988
13826,144.0,2.0,0.0,2.0,2.0,0.06114289961588151,0.27404866341848033
13827,144.0,3.0,0.0,3.0,3.0,0.1595965695819533,0.43364523300043367
13828,144.0,4.0,0.0,4.0,4.0,0.21617570620019438,0.649820939200628
13829,144.0,5.0,0.0,5.0,5.0,0.0,0.649820939200628
13830,144.0,6.0,0.0,6.0,6.0,0.6681191236917254,1.3179400628923534
13831,144.0,7.0,0.0,7.0,7.0,0.11533761676746272,1.4332776796598161
13832,144.0,8.0,0.0,8.0,6.0,0.12662947121033713,1.5599071508701532
13833,144.0,9.0,0.0,9.0,6.0,0.29928972735028064,1.8591968782204338
13834,144.0,10.0,0.0,10.0,4.0,0.03512950138498507,1.8943263796054188
13835,144.0,11.0,0.0,11.0,1.0,0.1122698472049673,2.006596226810386
13836,144.0,12.0,0.0,12.0,3.0,0.008668876753709993,2.0152651035640963
13837,144.0,13.0,0.0,13.0,6.0,0.08473142129368774,2.099996524857784
13838,144.0,14.0,0.0,14.0,7.0,0.0459894712458177,2.1459859961036014
13839,144.0,15.0,0.0,15.0,2.0,0.0,2.1459859961036014
13840,144.0,16.0,0.0,16.0,6.0,0.36321665879061876,2.5092026548942203
13841,144.0,17.0,0.0,17.0,6.0,0.4419319569723373,2.9511346118665576
13842,144.0,18.0,0.0,18.0,6.0,0.1938598477639666,3.1449944596305244
13843,144.0,19.0,0.0,19.0,1.0,0.0,3.1449944596305244
13844,144.0,20.0,0.0,20.0,6.0,0.46621206372626145,3.6112065233567856
13845,144.0,21.0,0.0,21.0,6.0,0.09243667781140737,3.703643201168193
13846,144.0,22.0,0.0,22.0,0.0,0.17361444276394056,3.8772576439321336
13847,144.0,23.0,0.0,23.0,5.0,0.040966979361581224,3.918224623293715
13848,144.0,24.0,0.0,24.0,4.0,0.1495593642703379,4.067783987564052
13849,144.0,25.0,0.0,25.0,6.0,0.002161454739645614,4.069945442303698
13850,144.0,26.0,0.0,26.0,0.0,0.11717595902856863,4.187121401332267
13851,144.0,27.0,0.0,27.0,3.0,0.25537726099248537,4.442498662324753
13852,144.0,28.0,0.0,28.0,7.0,0.15961076329720134,4.602109425621954
13853,144.0,29.0,0.0,29.0,6.0,0.0,4.602109425621954
13854,144.0,30.0,0.0,30.0,3.0,0.23503314504653663,4.837142570668491
13855,144.0,31.0,0.0,31.0,4.0,0.07493619689443067,4.912078767562922
13856,144.0,32.0,0.0,32.0,3.0,0.22459010399443233,5.1366688715573545
13857,144.0,33.0,0.0,33.0,3.0,0.6916736699244181,5.828342541481772
13858,144.0,34.0,0.0,34.0,3.0,0.21444009859115623,6.042782640072929
13859,144.0,35.0,0.0,35.0,3.0,0.001461682704674984,6.044244322777604
13860,144.0,36.0,0.0,36.0,3.0,0.10567512643772035,6.149919449215324
13861,144.0,37.0,0.0,37.0,6.0,0.019802180604578484,6.169721629819903
13862,144.0,38.0,0.0,38.0,1.0,0.10131102734794921,6.2710326571678525
13863,144.0,39.0,0.0,39.0,7.0,0.13016600678161144,6.401198663949464
13864,144.0,40.0,0.0,40.0,0.0,0.5485808382521186,6.949779502201583
13865,144.0,41.0,0.0,41.0,0.0,0.0,6.949779502201583
13866,144.0,42.0,0.0,42.0,0.0,0.0,6.949779502201583
13867,144.0,43.0,0.0,43.0,2.0,0.1731947690353173,7.122974271236901
13868,144.0,44.0,0.0,44.0,3.0,0.3885911041625654,7.511565375399466
13869,144.0,45.0,0.0,45.0,3.0,0.1800108644972652,7.691576239896731
13870,144.0,46.0,0.0,46.0,3.0,0.3813698300550875,8.072946069951819
13871,144.0,47.0,0.0,47.0,3.0,0.056484563299236415,8.129430633251054
13872,144.0,48.0,0.0,48.0,6.0,0.3152014117071101,8.444632044958164
13873,144.0,49.0,0.0,49.0,6.0,0.012116503352960235,8.456748548311124
13874,144.0,50.0,0.0,50.0,5.0,0.27855042756309173,8.735298975874215
13875,144.0,51.0,0.0,51.0,5.0,0.07041269781241034,8.805711673686625
13876,144.0,52.0,0.0,52.0,4.0,0.28146556337815226,9.087177237064777
13877,144.0,53.0,0.0,53.0,4.0,0.05778005683271747,9.144957293897495
13878,144.0,54.0,0.0,54.0,2.0,0.07046722414389026,9.215424518041385
13879,144.0,55.0,0.0,55.0,7.0,0.0,9.215424518041385
13880,144.0,56.0,0.0,56.0,3.0,0.31311875945201073,9.528543277493394
13881,144.0,57.0,0.0,57.0,3.0,0.3437000409382609,9.872243318431655
13882,144.0,58.0,0.0,58.0,3.0,0.08963784878726973,9.961881167218925
13883,144.0,59.0,0.0,59.0,1.0,0.14996651879064163,10.111847686009567
13884,144.0,60.0,0.0,60.0,6.0,0.2355975950006196,10.347445281010186
13885,144.0,61.0,0.0,61.0,3.0,0.07917327843515808,10.426618559445345
13886,144.0,62.0,0.0,62.0,6.0,0.04941931180611817,10.476037871251464
13887,144.0,63.0,0.0,63.0,5.0,0.190094615722883,10.666132486974346
13888,144.0,64.0,0.0,64.0,0.0,0.4680805035123675,11.134212990486715
13889,144.0,65.0,0.0,65.0,0.0,0.0,11.134212990486715
13890,144.0,66.0,0.0,66.0,3.0,0.0,11.134212990486715
13891,144.0,67.0,0.0,67.0,0.0,0.297424803795574,11.431637794282288
13892,144.0,68.0,0.0,68.0,0.0,0.01490140434742535,11.446539198629713
13893,144.0,69.0,0.0,69.0,4.0,0.35306467064568264,11.799603869275396
13894,144.0,70.0,0.0,70.0,4.0,0.8641538969732209,12.663757766248617
13895,144.0,71.0,0.0,71.0,4.0,0.10016360891352999,12.763921375162147
13896,144.0,72.0,0.0,72.0,4.0,0.6273379479591693,13.391259323121316
13897,144.0,73.0,0.0,73.0,4.0,0.181316232947323,13.572575556068639
13898,144.0,74.0,0.0,74.0,4.0,0.2891704822674655,13.861746038336104
13899,144.0,75.0,0.0,75.0,4.0,0.0,13.861746038336104
13900,144.0,76.0,0.0,76.0,4.0,0.5512595017927662,14.41300554012887
13901,144.0,77.0,0.0,77.0,4.0,0.0,14.41300554012887
13902,144.0,78.0,0.0,78.0,4.0,0.024172346025505487,14.437177886154375
13903,144.0,79.0,0.0,79.0,4.0,0.07151951990290359,14.508697406057278
13904,144.0,80.0,0.0,80.0,4.0,0.5243230454212805,15.033020451478558
13905,144.0,81.0,0.0,81.0,4.0,0.30316141851187267,15.336181869990432
13906,144.0,82.0,0.0,82.0,4.0,0.786538645224503,16.122720515214933
13907,144.0,83.0,0.0,83.0,4.0,0.6630452028905913,16.785765718105523
13908,144.0,84.0,0.0,84.0,4.0,0.6548917240652656,17.44065744217079
13909,144.0,85.0,0.0,85.0,4.0,0.01616105790717103,17.45681850007796
13910,144.0,86.0,0.0,86.0,4.0,0.3378213837210231,17.794639883798986
13911,144.0,87.0,0.0,87.0,4.0,0.14496949301802708,17.939609376817014
13912,144.0,88.0,0.0,88.0,4.0,0.14305431294694723,18.08266368976396
13913,144.0,89.0,0.0,89.0,4.0,0.42565478925164,18.508318479015603
13914,144.0,90.0,0.0,90.0,4.0,0.0,18.508318479015603
13915,144.0,91.0,0.0,91.0,4.0,0.7468916268125877,19.25521010582819
13916,144.0,92.0,0.0,92.0,4.0,0.07465631834671323,19.329866424174902
13917,144.0,93.0,0.0,93.0,4.0,0.0,19.329866424174902
13918,144.0,94.0,0.0,94.0,4.0,0.3505563668212525,19.680422790996154
13919,144.0,95.0,0.0,95.0,4.0,0.0,19.680422790996154
13920,145.0,0.0,0.0,0.0,0.0,0.5491263248112521,0.5491263248112521
13921,145.0,1.0,0.0,1.0,1.0,0.15225671869257557,0.7013830435038277
13922,145.0,2.0,0.0,2.0,2.0,0.289774682159023,0.9911577256628508
13923,145.0,3.0,0.0,3.0,3.0,0.12405932762911029,1.115217053291961
13924,145.0,4.0,0.0,4.0,4.0,0.30316141851187267,1.4183784718038337
13925,145.0,5.0,0.0,5.0,5.0,0.5396395039110845,1.958017975714918
13926,145.0,6.0,0.0,6.0,6.0,0.19275096950199988,2.150768945216918
13927,145.0,7.0,0.0,7.0,7.0,0.022183306689947068,2.172952251906865
13928,145.0,8.0,0.0,8.0,0.0,0.0,2.172952251906865
13929,145.0,9.0,0.0,9.0,5.0,0.2501458808505047,2.42309813275737
13930,145.0,10.0,0.0,10.0,4.0,0.3482376111706019,2.7713357439279718
13931,145.0,11.0,0.0,11.0,2.0,0.31838380442486014,3.089719548352832
13932,145.0,12.0,0.0,12.0,5.0,0.0,3.089719548352832
13933,145.0,13.0,0.0,13.0,6.0,0.46120539576978026,3.5509249441226123
13934,145.0,14.0,0.0,14.0,6.0,0.8113111970305757,4.362236141153188
13935,145.0,15.0,0.0,15.0,6.0,0.15870422142553076,4.520940362578719
13936,145.0,16.0,0.0,16.0,4.0,0.36899642420942863,4.889936786788147
13937,145.0,17.0,0.0,17.0,2.0,0.025277121047566284,4.915213907835714
13938,145.0,18.0,0.0,18.0,6.0,0.3286820084901565,5.2438959163258705
13939,145.0,19.0,0.0,19.0,1.0,0.185681072301442,5.429576988627312
13940,145.0,20.0,0.0,20.0,4.0,0.29095081075282125,5.720527799380133
13941,145.0,21.0,0.0,21.0,0.0,0.12364928192121198,5.844177081301345
13942,145.0,22.0,0.0,22.0,3.0,0.08963784878726973,5.933814930088615
13943,145.0,23.0,0.0,23.0,6.0,0.3045366457502025,6.238351575838817
13944,145.0,24.0,0.0,24.0,6.0,0.31122773400729964,6.549579309846117
13945,145.0,25.0,0.0,25.0,4.0,0.13505835684833514,6.684637666694452
13946,145.0,26.0,0.0,26.0,6.0,0.7377651793174987,7.422402846011951
13947,145.0,27.0,0.0,27.0,6.0,0.14053761898862807,7.56294046500058
13948,145.0,28.0,0.0,28.0,5.0,0.049917863914325566,7.612858328914905
13949,145.0,29.0,0.0,29.0,6.0,0.38478252254705636,7.997640851461962
13950,145.0,30.0,0.0,30.0,6.0,0.08326994649709853,8.08091079795906
13951,145.0,31.0,0.0,31.0,1.0,0.0,8.08091079795906
13952,145.0,32.0,0.0,32.0,7.0,0.6946860763679339,8.775596874326993
13953,145.0,33.0,0.0,33.0,7.0,0.2963231527000224,9.071920027027016
13954,145.0,34.0,0.0,34.0,7.0,0.0,9.071920027027016
13955,145.0,35.0,0.0,35.0,0.0,0.12021065492910031,9.192130681956115
13956,145.0,36.0,0.0,36.0,4.0,0.4269573308108327,9.619088012766948
13957,145.0,37.0,0.0,37.0,4.0,0.3716799242424243,9.990767937009373
13958,145.0,38.0,0.0,38.0,4.0,0.0,9.990767937009373
13959,145.0,39.0,0.0,39.0,6.0,0.5721185095518746,10.562886446561247
13960,145.0,40.0,0.0,40.0,6.0,0.15948567313383155,10.722372119695079
13961,145.0,41.0,0.0,41.0,7.0,0.0,10.722372119695079
13962,145.0,42.0,0.0,42.0,2.0,0.08011626779528125,10.80248838749036
13963,145.0,43.0,0.0,43.0,6.0,0.23958507229734452,11.042073459787705
13964,145.0,44.0,0.0,44.0,6.0,0.5198631933975867,11.561936653185292
13965,145.0,45.0,0.0,45.0,6.0,0.709114106247022,12.271050759432313
13966,145.0,46.0,0.0,46.0,6.0,0.1440283701753274,12.41507912960764
13967,145.0,47.0,0.0,47.0,6.0,0.5048327715259897,12.91991190113363
13968,145.0,48.0,0.0,48.0,6.0,0.4025312660474192,13.32244316718105
13969,145.0,49.0,0.0,49.0,6.0,0.019802180604578484,13.342245347785628
13970,145.0,50.0,0.0,50.0,6.0,0.525530725813632,13.86777607359926
13971,145.0,51.0,0.0,51.0,6.0,0.19330425654839078,14.06108033014765
13972,145.0,52.0,0.0,52.0,6.0,0.5211461016164569,14.582226431764107
13973,145.0,53.0,0.0,53.0,6.0,0.2245370227069958,14.806763454471103
13974,145.0,54.0,0.0,54.0,6.0,0.754797882045112,15.561561336516215
13975,145.0,55.0,0.0,55.0,6.0,0.12662947121033713,15.688190807726553
13976,145.0,56.0,0.0,56.0,6.0,0.398606424860819,16.086797232587372
13977,145.0,57.0,0.0,57.0,6.0,0.351198302995685,16.437995535583056
13978,145.0,58.0,0.0,58.0,6.0,0.2355975950006196,16.673593130583676
13979,145.0,59.0,0.0,59.0,3.0,0.8079320082078706,17.481525138791547
13980,145.0,60.0,0.0,60.0,3.0,0.01013449636003612,17.49165963515158
13981,145.0,61.0,0.0,61.0,3.0,0.17758193823470309,17.669241573386284
13982,145.0,62.0,0.0,62.0,3.0,0.18053033147432693,17.84977190486061
13983,145.0,63.0,0.0,63.0,5.0,0.5504746613797407,18.40024656624035
13984,145.0,64.0,0.0,64.0,5.0,0.2548228037622788,18.65506937000263
13985,145.0,65.0,0.0,65.0,5.0,0.31773180429062425,18.972801174293252
13986,145.0,66.0,0.0,66.0,5.0,0.6427319227634976,19.61553309705675
13987,145.0,67.0,0.0,67.0,5.0,0.28810875083932547,19.903641847896075
13988,145.0,68.0,0.0,68.0,5.0,0.4034908793754677,20.307132727271544
13989,145.0,69.0,0.0,69.0,5.0,0.13538863996928308,20.442521367240825
13990,145.0,70.0,0.0,70.0,5.0,0.008843280460235635,20.451364647701062
13991,145.0,71.0,0.0,71.0,4.0,0.2742259822986554,20.72559062999972
13992,145.0,72.0,0.0,72.0,6.0,0.060843244270408124,20.786433874270127
13993,145.0,73.0,0.0,73.0,0.0,0.08603304056370302,20.87246691483383
13994,145.0,74.0,0.0,74.0,4.0,0.0456160838408476,20.918082998674677
13995,145.0,75.0,0.0,75.0,6.0,0.012576657579367172,20.930659656254043
13996,145.0,76.0,0.0,76.0,3.0,0.07896543589840778,21.00962509215245
13997,145.0,77.0,0.0,77.0,6.0,0.6681191236917254,21.677744215844175
13998,145.0,78.0,0.0,78.0,6.0,0.29928972735028064,21.977033943194456
13999,145.0,79.0,0.0,79.0,6.0,0.030996621679545998,22.008030564874
14000,145.0,80.0,0.0,80.0,5.0,0.02856175595510002,22.0365923208291
14001,145.0,81.0,0.0,81.0,2.0,0.38831574574861955,22.42490806657772
14002,145.0,82.0,0.0,82.0,2.0,0.5913394163650157,23.016247482942738
14003,145.0,83.0,0.0,83.0,2.0,0.0,23.016247482942738
14004,145.0,84.0,0.0,84.0,2.0,0.0,23.016247482942738
14005,145.0,85.0,0.0,85.0,6.0,0.43814959519287755,23.454397078135617
14006,145.0,86.0,0.0,86.0,6.0,0.0,23.454397078135617
14007,145.0,87.0,0.0,87.0,7.0,0.04671064980753169,23.50110772794315
14008,145.0,88.0,0.0,88.0,6.0,0.19720425874379977,23.69831198668695
14009,145.0,89.0,0.0,89.0,4.0,0.1469609607874088,23.84527294747436
14010,145.0,90.0,0.0,90.0,6.0,0.4832391209848758,24.328512068459236
14011,145.0,91.0,0.0,91.0,6.0,0.2030643176852566,24.531576386144494
14012,145.0,92.0,0.0,92.0,6.0,0.7074564648856323,25.239032851030125
14013,145.0,93.0,0.0,93.0,6.0,0.0,25.239032851030125
14014,145.0,94.0,0.0,94.0,6.0,0.3152014117071101,25.554234262737236
14015,145.0,95.0,0.0,95.0,6.0,0.18466604549596066,25.738900308233195
14016,146.0,0.0,0.0,0.0,0.0,0.04497487212076914,0.04497487212076914
14017,146.0,1.0,0.0,1.0,1.0,0.0,0.04497487212076914
14018,146.0,2.0,0.0,2.0,2.0,0.537148762474358,0.5821236345951272
14019,146.0,3.0,0.0,3.0,3.0,0.042142145651259406,0.6242657802463866
14020,146.0,4.0,0.0,4.0,4.0,0.23110148611791392,0.8553672663643005
14021,146.0,5.0,0.0,5.0,5.0,0.1271290746976771,0.9824963410619776
14022,146.0,6.0,0.0,6.0,6.0,0.029858941276052695,1.0123552823380302
14023,146.0,7.0,0.0,7.0,7.0,0.13016600678161144,1.1425212891196417
14024,146.0,8.0,0.0,8.0,2.0,0.5201526156790977,1.6626739047987393
14025,146.0,9.0,0.0,9.0,2.0,0.0,1.6626739047987393
14026,146.0,10.0,0.0,10.0,4.0,0.06660229217274866,1.729276196971488
14027,146.0,11.0,0.0,11.0,2.0,0.5537602076296071,2.283036404601095
14028,146.0,12.0,0.0,12.0,2.0,0.07058480069441396,2.353621205295509
14029,146.0,13.0,0.0,13.0,7.0,0.0,2.353621205295509
14030,146.0,14.0,0.0,14.0,5.0,0.3213104541310374,2.674931659426546
14031,146.0,15.0,0.0,15.0,5.0,0.1812152791592592,2.8561469385858054
14032,146.0,16.0,0.0,16.0,2.0,0.0073944663165102,2.863541404902316
14033,146.0,17.0,0.0,17.0,0.0,0.06806513547863605,2.931606540380952
14034,146.0,18.0,0.0,18.0,3.0,0.45250052602955393,3.3841070664105057
14035,146.0,19.0,0.0,19.0,3.0,0.030472832457272593,3.4145798988677782
14036,146.0,20.0,0.0,20.0,6.0,0.08544920153663012,3.5000291004044084
14037,146.0,21.0,0.0,21.0,4.0,0.2352620848249543,3.7352911852293627
14038,146.0,22.0,0.0,22.0,1.0,0.0,3.7352911852293627
14039,146.0,23.0,0.0,23.0,5.0,0.008843280460235635,3.7441344656895983
14040,146.0,24.0,0.0,24.0,2.0,0.0,3.7441344656895983
14041,146.0,25.0,0.0,25.0,4.0,0.29965634577184486,4.043790811461443
14042,146.0,26.0,0.0,26.0,3.0,0.350068861673392,4.393859673134836
14043,146.0,27.0,0.0,27.0,3.0,0.13898763859318042,4.532847311728016
14044,146.0,28.0,0.0,28.0,4.0,0.15027538281192757,4.683122694539944
14045,146.0,29.0,0.0,29.0,2.0,0.4898575650501079,5.172980259590052
14046,146.0,30.0,0.0,30.0,2.0,0.0072074941480090105,5.1801877537380605
14047,146.0,31.0,0.0,31.0,3.0,0.5566120011411148,5.736799754879176
14048,146.0,32.0,0.0,32.0,3.0,0.04102795575974671,5.777827710638922
14049,146.0,33.0,0.0,33.0,4.0,0.06308539271434067,5.840913103353263
14050,146.0,34.0,0.0,34.0,3.0,0.08066953314049238,5.921582636493755
14051,146.0,35.0,0.0,35.0,7.0,0.0,5.921582636493755
14052,146.0,36.0,0.0,36.0,6.0,0.0206337541478017,5.9422163906415575
14053,146.0,37.0,0.0,37.0,0.0,0.04177638852618539,5.9839927791677425
14054,146.0,38.0,0.0,38.0,5.0,0.13236637124382183,6.116359150411564
14055,146.0,39.0,0.0,39.0,2.0,0.19074406487779483,6.307103215289359
14056,146.0,40.0,0.0,40.0,2.0,0.19935097092522613,6.506454186214586
14057,146.0,41.0,0.0,41.0,3.0,0.0,6.506454186214586
14058,146.0,42.0,0.0,42.0,2.0,0.17377914745726974,6.680233333671856
14059,146.0,43.0,0.0,43.0,4.0,0.3505563668212525,7.030789700493108
14060,146.0,44.0,0.0,44.0,4.0,0.12626645153161312,7.157056152024722
14061,146.0,45.0,0.0,45.0,5.0,0.30212354745347314,7.459179699478195
14062,146.0,46.0,0.0,46.0,5.0,0.3368873886964404,7.7960670881746355
14063,146.0,47.0,0.0,47.0,5.0,0.0,7.7960670881746355
14064,146.0,48.0,0.0,48.0,2.0,0.4472118799386729,8.243278968113309
14065,146.0,49.0,0.0,49.0,2.0,0.5913394163650157,8.834618384478324
14066,146.0,50.0,0.0,50.0,2.0,0.11886118707131776,8.953479571549641
14067,146.0,51.0,0.0,51.0,2.0,0.44976625428900363,9.403245825838646
14068,146.0,52.0,0.0,52.0,2.0,0.20166360592346178,9.604909431762108
14069,146.0,53.0,0.0,53.0,2.0,0.0,9.604909431762108
14070,146.0,54.0,0.0,54.0,2.0,0.04961298748480245,9.654522419246911
14071,146.0,55.0,0.0,55.0,4.0,0.0,9.654522419246911
14072,146.0,56.0,0.0,56.0,2.0,0.11327101634064082,9.767793435587551
14073,146.0,57.0,0.0,57.0,3.0,0.028731351967359188,9.79652478755491
14074,146.0,58.0,0.0,58.0,1.0,0.1521898058916304,9.94871459344654
14075,146.0,59.0,0.0,59.0,5.0,0.0,9.94871459344654
14076,146.0,60.0,0.0,60.0,2.0,0.11796462285651328,10.066679216303054
14077,146.0,61.0,0.0,61.0,0.0,0.0,10.066679216303054
14078,146.0,62.0,0.0,62.0,2.0,0.31838380442486014,10.385063020727914
14079,146.0,63.0,0.0,63.0,2.0,0.2732812363944383,10.658344257122353
14080,146.0,64.0,0.0,64.0,2.0,0.0,10.658344257122353
14081,146.0,65.0,0.0,65.0,1.0,0.15694390699350397,10.815288164115858
14082,146.0,66.0,0.0,66.0,4.0,0.2459794118468931,11.06126757596275
14083,146.0,67.0,0.0,67.0,4.0,0.0456160838408476,11.106883659803598
14084,146.0,68.0,0.0,68.0,6.0,0.4025312660474192,11.509414925851017
14085,146.0,69.0,0.0,69.0,6.0,0.5415728013366148,12.050987727187632
14086,146.0,70.0,0.0,70.0,6.0,0.7377651793174987,12.788752906505131
14087,146.0,71.0,0.0,71.0,6.0,0.5199951664423675,13.308748072947498
14088,146.0,72.0,0.0,72.0,6.0,0.525530725813632,13.83427879876113
14089,146.0,73.0,0.0,73.0,6.0,0.2030643176852566,14.037343116446387
14090,146.0,74.0,0.0,74.0,6.0,0.18466604549596066,14.222009161942347
14091,146.0,75.0,0.0,75.0,6.0,0.20751175649518033,14.429520918437527
14092,146.0,76.0,0.0,76.0,6.0,0.08326994649709853,14.512790864934626
14093,146.0,77.0,0.0,77.0,6.0,0.5211461016164569,15.033936966551083
14094,146.0,78.0,0.0,78.0,6.0,0.41014276344445866,15.444079729995542
14095,146.0,79.0,0.0,79.0,6.0,0.11636299692256234,15.560442726918104
14096,146.0,80.0,0.0,80.0,6.0,0.23958507229734452,15.80002779921545
14097,146.0,81.0,0.0,81.0,6.0,0.2355975950006196,16.03562539421607
14098,146.0,82.0,0.0,82.0,6.0,0.398606424860819,16.43423181907689
14099,146.0,83.0,0.0,83.0,6.0,0.012116503352960235,16.44634832242985
14100,146.0,84.0,0.0,84.0,6.0,0.07179891276627816,16.51814723519613
14101,146.0,85.0,0.0,85.0,6.0,0.46761061637242407,16.985757851568554
14102,146.0,86.0,0.0,86.0,6.0,0.3731406200505958,17.35889847161915
14103,146.0,87.0,0.0,87.0,6.0,0.3152014117071101,17.67409988332626
14104,146.0,88.0,0.0,88.0,6.0,0.19237477602684144,17.866474659353102
14105,146.0,89.0,0.0,89.0,6.0,0.09260082505258796,17.95907548440569
14106,146.0,90.0,0.0,90.0,6.0,0.0,17.95907548440569
14107,146.0,91.0,0.0,91.0,6.0,0.10821198863204971,18.06728747303774
14108,146.0,92.0,0.0,92.0,6.0,0.23042860433100323,18.297716077368744
14109,146.0,93.0,0.0,93.0,6.0,0.060843244270408124,18.358559321639152
14110,146.0,94.0,0.0,94.0,6.0,0.012576657579367172,18.37113597921852
14111,146.0,95.0,0.0,95.0,6.0,0.45154853925075483,18.822684518469273
14112,147.0,0.0,0.0,0.0,0.0,0.09968082273709172,0.09968082273709172
14113,147.0,1.0,0.0,1.0,1.0,0.025530299644546818,0.12521112238163853
14114,147.0,2.0,0.0,2.0,2.0,0.08011626779528125,0.20532739017691978
14115,147.0,3.0,0.0,3.0,3.0,0.08963784878726973,0.2949652389641895
14116,147.0,4.0,0.0,4.0,4.0,0.20497945959324024,0.49994469855742973
14117,147.0,5.0,0.0,5.0,5.0,0.008843280460235635,0.5087879790176654
14118,147.0,6.0,0.0,6.0,6.0,0.41014276344445866,0.918930742462124
14119,147.0,7.0,0.0,7.0,7.0,0.0,0.918930742462124
14120,147.0,8.0,0.0,8.0,6.0,0.2091349837990253,1.1280657262611493
14121,147.0,9.0,0.0,9.0,4.0,0.6928212275644872,1.8208869538256365
14122,147.0,10.0,0.0,10.0,4.0,0.041223720141801624,1.862110673967438
14123,147.0,11.0,0.0,11.0,6.0,0.19720425874379977,2.0593149327112377
14124,147.0,12.0,0.0,12.0,4.0,0.020723335122281958,2.0800382678335194
14125,147.0,13.0,0.0,13.0,0.0,0.0,2.0800382678335194
14126,147.0,14.0,0.0,14.0,3.0,0.1400797834114359,2.220118051244955
14127,147.0,15.0,0.0,15.0,2.0,0.42591938102062793,2.646037432265583
14128,147.0,16.0,0.0,16.0,2.0,0.05386861899525439,2.6999060512608373
14129,147.0,17.0,0.0,17.0,6.0,0.38423498309596005,3.084141034356797
14130,147.0,18.0,0.0,18.0,6.0,0.04396724673097683,3.128108281087774
14131,147.0,19.0,0.0,19.0,1.0,0.0,3.128108281087774
14132,147.0,20.0,0.0,20.0,5.0,0.49945965498331496,3.627567936071089
14133,147.0,21.0,0.0,21.0,5.0,0.5504746613797407,4.17804259745083
14134,147.0,22.0,0.0,22.0,5.0,0.1988526429963335,4.376895240447163
14135,147.0,23.0,0.0,23.0,5.0,0.3368873886964404,4.713782629143603
14136,147.0,24.0,0.0,24.0,5.0,0.13538863996928308,4.849171269112886
14137,147.0,25.0,0.0,25.0,7.0,0.0,4.849171269112886
14138,147.0,26.0,0.0,26.0,5.0,0.4331310121324684,5.282302281245355
14139,147.0,27.0,0.0,27.0,5.0,0.190094615722883,5.472396896968237
14140,147.0,28.0,0.0,28.0,4.0,0.05778005683271747,5.530176953800955
14141,147.0,29.0,0.0,29.0,2.0,0.025277121047566284,5.555454074848521
14142,147.0,30.0,0.0,30.0,6.0,0.02152766918353003,5.576981744032051
14143,147.0,31.0,0.0,31.0,5.0,0.6427319227634976,6.219713666795549
14144,147.0,32.0,0.0,32.0,5.0,0.5943235436047835,6.814037210400333
14145,147.0,33.0,0.0,33.0,5.0,0.03503381451770802,6.84907102491804
14146,147.0,34.0,0.0,34.0,5.0,0.0,6.84907102491804
14147,147.0,35.0,0.0,35.0,3.0,0.8079320082078706,7.657003033125911
14148,147.0,36.0,0.0,36.0,3.0,0.37470943161685766,8.03171246474277
14149,147.0,37.0,0.0,37.0,3.0,0.0,8.03171246474277
14150,147.0,38.0,0.0,38.0,3.0,0.0,8.03171246474277
14151,147.0,39.0,0.0,39.0,5.0,0.0,8.03171246474277
14152,147.0,40.0,0.0,40.0,3.0,0.18053033147432693,8.212242796217096
14153,147.0,41.0,0.0,41.0,4.0,0.29965634577184486,8.511899141988941
14154,147.0,42.0,0.0,42.0,4.0,0.28146556337815226,8.793364705367093
14155,147.0,43.0,0.0,43.0,5.0,0.056443085324379784,8.849807790691473
14156,147.0,44.0,0.0,44.0,4.0,0.024172346025505487,8.873980136716979
14157,147.0,45.0,0.0,45.0,3.0,0.3437000409382609,9.21768017765524
14158,147.0,46.0,0.0,46.0,3.0,0.0,9.21768017765524
14159,147.0,47.0,0.0,47.0,6.0,0.36321665879061876,9.580896836445858
14160,147.0,48.0,0.0,48.0,6.0,0.012116503352960235,9.593013339798818
14161,147.0,49.0,0.0,49.0,0.0,0.15235659301307192,9.74536993281189
14162,147.0,50.0,0.0,50.0,5.0,0.556448204261036,10.301818137072926
14163,147.0,51.0,0.0,51.0,5.0,0.012731154762606778,10.314549291835533
14164,147.0,52.0,0.0,52.0,2.0,0.13810536010235094,10.452654651937884
14165,147.0,53.0,0.0,53.0,5.0,0.3671116304857597,10.819766282423643
14166,147.0,54.0,0.0,54.0,5.0,0.0,10.819766282423643
14167,147.0,55.0,0.0,55.0,6.0,0.3045366457502025,11.124302928173845
14168,147.0,56.0,0.0,56.0,6.0,0.0,11.124302928173845
14169,147.0,57.0,0.0,57.0,3.0,0.4903446086842321,11.614647536858078
14170,147.0,58.0,0.0,58.0,3.0,0.27104019678738106,11.885687733645458
14171,147.0,59.0,0.0,59.0,3.0,0.45250052602955393,12.338188259675013
14172,147.0,60.0,0.0,60.0,3.0,0.6012094297445113,12.939397689419524
14173,147.0,61.0,0.0,61.0,3.0,0.07352085026470992,13.012918539684234
14174,147.0,62.0,0.0,62.0,3.0,0.0,13.012918539684234
14175,147.0,63.0,0.0,63.0,3.0,0.30727719064634834,13.320195730330582
14176,147.0,64.0,0.0,64.0,3.0,0.10567512643772035,13.425870856768302
14177,147.0,65.0,0.0,65.0,4.0,0.1365648802244922,13.562435736992795
14178,147.0,66.0,0.0,66.0,5.0,0.09069293668371073,13.653128673676505
14179,147.0,67.0,0.0,67.0,0.0,0.0666793137692062,13.719807987445712
14180,147.0,68.0,0.0,68.0,3.0,0.23503314504653663,13.954841132492248
14181,147.0,69.0,0.0,69.0,2.0,0.27508209868767286,14.22992323117992
14182,147.0,70.0,0.0,70.0,2.0,0.40138850547070165,14.631311736650623
14183,147.0,71.0,0.0,71.0,2.0,0.4833660339380995,15.114677770588722
14184,147.0,72.0,0.0,72.0,2.0,0.0,15.114677770588722
14185,147.0,73.0,0.0,73.0,2.0,0.0,15.114677770588722
14186,147.0,74.0,0.0,74.0,3.0,0.0747189184831523,15.189396689071874
14187,147.0,75.0,0.0,75.0,1.0,0.5350809140500077,15.724477603121882
14188,147.0,76.0,0.0,76.0,1.0,0.01157769227695752,15.73605529539884
14189,147.0,77.0,0.0,77.0,1.0,0.14763267170963074,15.88368796710847
14190,147.0,78.0,0.0,78.0,1.0,0.055820590489851885,15.939508557598321
14191,147.0,79.0,0.0,79.0,5.0,0.5289754288227388,16.46848398642106
14192,147.0,80.0,0.0,80.0,5.0,0.05296194787752387,16.521445934298583
14193,147.0,81.0,0.0,81.0,4.0,0.15590532879380598,16.67735126309239
14194,147.0,82.0,0.0,82.0,5.0,0.19914789524586868,16.87649915833826
14195,147.0,83.0,0.0,83.0,5.0,0.24447138445430638,17.120970542792566
14196,147.0,84.0,0.0,84.0,3.0,0.6774497976451884,17.798420340437755
14197,147.0,85.0,0.0,85.0,3.0,0.13611159388976898,17.934531934327524
14198,147.0,86.0,0.0,86.0,3.0,0.3813698300550875,18.315901764382613
14199,147.0,87.0,0.0,87.0,3.0,0.13898763859318042,18.454889402975795
14200,147.0,88.0,0.0,88.0,3.0,0.001461682704674984,18.45635108568047
14201,147.0,89.0,0.0,89.0,5.0,0.13948261044307597,18.595833696123545
14202,147.0,90.0,0.0,90.0,7.0,0.3522479878918014,18.948081684015346
14203,147.0,91.0,0.0,91.0,7.0,0.4048413410201004,19.352923025035444
14204,147.0,92.0,0.0,92.0,7.0,0.2094357913069121,19.562358816342357
14205,147.0,93.0,0.0,93.0,7.0,0.45856256848509114,20.02092138482745
14206,147.0,94.0,0.0,94.0,7.0,0.02758892282854971,20.048510307656
14207,147.0,95.0,0.0,95.0,7.0,0.0056253172433511625,20.05413562489935
14208,148.0,0.0,0.0,0.0,0.0,0.0,0.0
14209,148.0,1.0,0.0,1.0,1.0,0.1178259592096348,0.1178259592096348
14210,148.0,2.0,0.0,2.0,2.0,0.0,0.1178259592096348
14211,148.0,3.0,0.0,3.0,3.0,0.12506065997339402,0.24288661918302884
14212,148.0,4.0,0.0,4.0,4.0,0.3541487541408539,0.5970353733238827
14213,148.0,5.0,0.0,5.0,5.0,0.4299809133878022,1.0270162867116848
14214,148.0,6.0,0.0,6.0,6.0,0.012576657579367172,1.0395929442910519
14215,148.0,7.0,0.0,7.0,7.0,0.7256040504195268,1.7651969947105788
14216,148.0,8.0,0.0,8.0,7.0,0.0,1.7651969947105788
14217,148.0,9.0,0.0,9.0,5.0,0.3368873886964404,2.102084383407019
14218,148.0,10.0,0.0,10.0,4.0,0.29965634577184486,2.401740729178864
14219,148.0,11.0,0.0,11.0,5.0,0.0,2.401740729178864
14220,148.0,12.0,0.0,12.0,7.0,0.0,2.401740729178864
14221,148.0,13.0,0.0,13.0,4.0,0.0,2.401740729178864
14222,148.0,14.0,0.0,14.0,3.0,0.0,2.401740729178864
14223,148.0,15.0,0.0,15.0,1.0,0.11959474932936898,2.521335478508233
14224,148.0,16.0,0.0,16.0,5.0,0.2501458808505047,2.771481359358738
14225,148.0,17.0,0.0,17.0,7.0,0.06863775353354312,2.840119112892281
14226,148.0,18.0,0.0,18.0,6.0,0.398606424860819,3.2387255377531
14227,148.0,19.0,0.0,19.0,6.0,0.012116503352960235,3.2508420411060603
14228,148.0,20.0,0.0,20.0,4.0,0.3505563668212525,3.601398407927313
14229,148.0,21.0,0.0,21.0,5.0,0.19914789524586868,3.8005463031731814
14230,148.0,22.0,0.0,22.0,4.0,0.4202049514706216,4.220751254643803
14231,148.0,23.0,0.0,23.0,4.0,0.0,4.220751254643803
14232,148.0,24.0,0.0,24.0,0.0,0.0,4.220751254643803
14233,148.0,25.0,0.0,25.0,2.0,0.0,4.220751254643803
14234,148.0,26.0,0.0,26.0,1.0,0.0,4.220751254643803
14235,148.0,27.0,0.0,27.0,5.0,0.16771754750020024,4.388468802144003
14236,148.0,28.0,0.0,28.0,7.0,0.18383185769136598,4.572300659835369
14237,148.0,29.0,0.0,29.0,4.0,0.2352620848249543,4.8075627446603235
14238,148.0,30.0,0.0,30.0,5.0,0.1510381477286157,4.958600892388939
14239,148.0,31.0,0.0,31.0,6.0,0.019802180604578484,4.978403072993518
14240,148.0,32.0,0.0,32.0,4.0,0.5370312334100855,5.515434306403604
14241,148.0,33.0,0.0,33.0,4.0,0.0,5.515434306403604
14242,148.0,34.0,0.0,34.0,7.0,0.16322828692812405,5.678662593331728
14243,148.0,35.0,0.0,35.0,3.0,0.04102795575974671,5.7196905490914745
14244,148.0,36.0,0.0,36.0,4.0,0.35306467064568264,6.072755219737157
14245,148.0,37.0,0.0,37.0,4.0,0.020723335122281958,6.0934785548594395
14246,148.0,38.0,0.0,38.0,5.0,0.2899103974255209,6.38338895228496
14247,148.0,39.0,0.0,39.0,5.0,0.0,6.38338895228496
14248,148.0,40.0,0.0,40.0,7.0,0.06166327491542525,6.445052227200385
14249,148.0,41.0,0.0,41.0,4.0,0.26227852312629674,6.7073307503266815
14250,148.0,42.0,0.0,42.0,4.0,0.29095081075282125,6.998281561079502
14251,148.0,43.0,0.0,43.0,4.0,0.16403310077668387,7.162314661856186
14252,148.0,44.0,0.0,44.0,5.0,0.2548228037622788,7.417137465618465
14253,148.0,45.0,0.0,45.0,4.0,0.08739218446663143,7.504529650085097
14254,148.0,46.0,0.0,46.0,1.0,0.2336797832809992,7.738209433366096
14255,148.0,47.0,0.0,47.0,1.0,0.6458467227103142,8.38405615607641
14256,148.0,48.0,0.0,48.0,1.0,0.09271436829694825,8.476770524373357
14257,148.0,49.0,0.0,49.0,1.0,0.1735308598711164,8.650301384244473
14258,148.0,50.0,0.0,50.0,1.0,0.15606839806007136,8.806369782304545
14259,148.0,51.0,0.0,51.0,1.0,0.11338444405026506,8.91975422635481
14260,148.0,52.0,0.0,52.0,5.0,0.43922493403029017,9.3589791603851
14261,148.0,53.0,0.0,53.0,5.0,0.1011811837154788,9.46016034410058
14262,148.0,54.0,0.0,54.0,5.0,0.056443085324379784,9.51660342942496
14263,148.0,55.0,0.0,55.0,7.0,0.09266762551682779,9.609271054941788
14264,148.0,56.0,0.0,56.0,6.0,0.592467301916092,10.201738356857879
14265,148.0,57.0,0.0,57.0,6.0,0.0989051148392537,10.300643471697132
14266,148.0,58.0,0.0,58.0,6.0,0.7074564648856323,11.008099936582765
14267,148.0,59.0,0.0,59.0,6.0,0.19275096950199988,11.200850906084765
14268,148.0,60.0,0.0,60.0,6.0,0.45863258329410067,11.659483489378866
14269,148.0,61.0,0.0,61.0,6.0,0.06692797541129325,11.726411464790159
14270,148.0,62.0,0.0,62.0,6.0,0.18466604549596066,11.91107751028612
14271,148.0,63.0,0.0,63.0,6.0,0.7377651793174987,12.648842689603619
14272,148.0,64.0,0.0,64.0,6.0,0.5415728013366148,13.190415490940234
14273,148.0,65.0,0.0,65.0,6.0,0.36321665879061876,13.553632149730852
14274,148.0,66.0,0.0,66.0,6.0,0.41014276344445866,13.96377491317531
14275,148.0,67.0,0.0,67.0,6.0,0.5398005436791784,14.503575456854488
14276,148.0,68.0,0.0,68.0,6.0,0.04941931180611817,14.552994768660607
14277,148.0,69.0,0.0,69.0,6.0,0.5048327715259897,15.057827540186597
14278,148.0,70.0,0.0,70.0,6.0,0.456597589962221,15.514425130148819
14279,148.0,71.0,0.0,71.0,6.0,0.1370475401392327,15.651472670288051
14280,148.0,72.0,0.0,72.0,6.0,0.08326994649709853,15.73474261678515
14281,148.0,73.0,0.0,73.0,6.0,0.1938598477639666,15.928602464549117
14282,148.0,74.0,0.0,74.0,6.0,0.08900059238186646,16.017603056930984
14283,148.0,75.0,0.0,75.0,6.0,0.525530725813632,16.543133782744615
14284,148.0,76.0,0.0,76.0,6.0,0.39899739331314654,16.94213117605776
14285,148.0,77.0,0.0,77.0,6.0,0.0206337541478017,16.962764930205562
14286,148.0,78.0,0.0,78.0,6.0,0.1350995944228713,17.097864524628434
14287,148.0,79.0,0.0,79.0,6.0,0.46621206372626145,17.564076588354695
14288,148.0,80.0,0.0,80.0,6.0,0.5199951664423675,18.084071754797062
14289,148.0,81.0,0.0,81.0,6.0,0.2380098281042837,18.322081582901344
14290,148.0,82.0,0.0,82.0,6.0,0.528994261355651,18.851075844256997
14291,148.0,83.0,0.0,83.0,6.0,0.22700732154927955,19.078083165806277
14292,148.0,84.0,0.0,84.0,6.0,0.2091349837990253,19.2872181496053
14293,148.0,85.0,0.0,85.0,6.0,0.5609494988696637,19.848167648474966
14294,148.0,86.0,0.0,86.0,6.0,0.3116598759686686,20.159827524443635
14295,148.0,87.0,0.0,87.0,6.0,0.08544920153663012,20.245276725980265
14296,148.0,88.0,0.0,88.0,6.0,0.709114106247022,20.954390832227286
14297,148.0,89.0,0.0,89.0,6.0,0.31122773400729964,21.265618566234586
14298,148.0,90.0,0.0,90.0,6.0,0.23042860433100323,21.49604717056559
14299,148.0,91.0,0.0,91.0,6.0,0.0,21.49604717056559
14300,148.0,92.0,0.0,92.0,6.0,0.351198302995685,21.847245473561273
14301,148.0,93.0,0.0,93.0,6.0,0.3731406200505958,22.220386093611868
14302,148.0,94.0,0.0,94.0,6.0,0.9633601102069204,23.18374620381879
14303,148.0,95.0,0.0,95.0,6.0,0.19330425654839078,23.37705046036718
14304,149.0,0.0,0.0,0.0,0.0,0.0,0.0
14305,149.0,1.0,0.0,1.0,1.0,0.10131102734794921,0.10131102734794921
14306,149.0,2.0,0.0,2.0,2.0,0.6213972006776474,0.7227082280255965
14307,149.0,3.0,0.0,3.0,3.0,0.12405932762911029,0.8467675556547068
14308,149.0,4.0,0.0,4.0,4.0,0.0,0.8467675556547068
14309,149.0,5.0,0.0,5.0,5.0,0.1011811837154788,0.9479487393701856
14310,149.0,6.0,0.0,6.0,6.0,0.470561563191029,1.4185103025612147
14311,149.0,7.0,0.0,7.0,7.0,0.04103739105239522,1.4595476936136098
14312,149.0,8.0,0.0,8.0,2.0,0.043892043518105,1.5034397371317147
14313,149.0,9.0,0.0,9.0,6.0,0.20104993189686238,1.7044896690285771
14314,149.0,10.0,0.0,10.0,6.0,0.11636299692256234,1.8208526659511395
14315,149.0,11.0,0.0,11.0,2.0,0.13810536010235094,1.9589580260534905
14316,149.0,12.0,0.0,12.0,3.0,0.10133948080521624,2.060297506858707
14317,149.0,13.0,0.0,13.0,1.0,0.1521898058916304,2.212487312750337
14318,149.0,14.0,0.0,14.0,5.0,0.0,2.212487312750337
14319,149.0,15.0,0.0,15.0,2.0,0.04961298748480245,2.2621003002351396
14320,149.0,16.0,0.0,16.0,6.0,0.7615432087357681,3.023643508970908
14321,149.0,17.0,0.0,17.0,6.0,0.6681191236917254,3.691762632662633
14322,149.0,18.0,0.0,18.0,6.0,0.25249491253368417,3.9442575451963173
14323,149.0,19.0,0.0,19.0,6.0,0.41014276344445866,4.354400308640776
14324,149.0,20.0,0.0,20.0,6.0,0.0,4.354400308640776
14325,149.0,21.0,0.0,21.0,7.0,0.4048413410201004,4.7592416496608765
14326,149.0,22.0,0.0,22.0,7.0,0.21288313045197185,4.972124780112848
14327,149.0,23.0,0.0,23.0,6.0,0.754797882045112,5.7269226621579605
14328,149.0,24.0,0.0,24.0,6.0,0.0,5.7269226621579605
14329,149.0,25.0,0.0,25.0,6.0,0.0,5.7269226621579605
14330,149.0,26.0,0.0,26.0,7.0,0.13016600678161144,5.857088668939572
14331,149.0,27.0,0.0,27.0,0.0,0.0,5.857088668939572
14332,149.0,28.0,0.0,28.0,4.0,0.35662687216539196,6.213715541104964
14333,149.0,29.0,0.0,29.0,4.0,0.07493619689443067,6.288651737999395
14334,149.0,30.0,0.0,30.0,6.0,0.012576657579367172,6.301228395578762
14335,149.0,31.0,0.0,31.0,1.0,0.640526367398124,6.941754762976886
14336,149.0,32.0,0.0,32.0,1.0,0.0,6.941754762976886
14337,149.0,33.0,0.0,33.0,1.0,0.0,6.941754762976886
14338,149.0,34.0,0.0,34.0,3.0,0.09300458273999601,7.034759345716882
14339,149.0,35.0,0.0,35.0,2.0,0.2992414906149762,7.3340008363318585
14340,149.0,36.0,0.0,36.0,2.0,0.0,7.3340008363318585
14341,149.0,37.0,0.0,37.0,6.0,0.7377651793174987,8.071766015649358
14342,149.0,38.0,0.0,38.0,6.0,0.12662947121033713,8.198395486859695
14343,149.0,39.0,0.0,39.0,6.0,0.15948567313383155,8.357881159993527
14344,149.0,40.0,0.0,40.0,7.0,0.029232001322727855,8.387113161316254
14345,149.0,41.0,0.0,41.0,6.0,0.38478252254705636,8.77189568386331
14346,149.0,42.0,0.0,42.0,6.0,0.351198302995685,9.123093986858995
14347,149.0,43.0,0.0,43.0,6.0,0.0,9.123093986858995
14348,149.0,44.0,0.0,44.0,4.0,0.5370312334100855,9.66012522026908
14349,149.0,45.0,0.0,45.0,4.0,0.18805542412596601,9.848180644395047
14350,149.0,46.0,0.0,46.0,4.0,0.0,9.848180644395047
14351,149.0,47.0,0.0,47.0,6.0,0.07179891276627816,9.919979557161325
14352,149.0,48.0,0.0,48.0,5.0,0.07525820400177534,9.9952377611631
14353,149.0,49.0,0.0,49.0,6.0,0.2380098281042837,10.233247589267384
14354,149.0,50.0,0.0,50.0,1.0,0.39739577573671786,10.6306433650041
14355,149.0,51.0,0.0,51.0,1.0,0.27391822828331297,10.904561593287413
14356,149.0,52.0,0.0,52.0,1.0,0.0,10.904561593287413
14357,149.0,53.0,0.0,53.0,6.0,0.31122773400729964,11.215789327294713
14358,149.0,54.0,0.0,54.0,4.0,0.16403310077668387,11.379822428071398
14359,149.0,55.0,0.0,55.0,6.0,0.08544920153663012,11.465271629608027
14360,149.0,56.0,0.0,56.0,2.0,0.14808157325436302,11.61335320286239
14361,149.0,57.0,0.0,57.0,3.0,0.23503314504653663,11.848386347908926
14362,149.0,58.0,0.0,58.0,3.0,0.5930123040989156,12.441398652007841
14363,149.0,59.0,0.0,59.0,3.0,0.3128854636562684,12.75428411566411
14364,149.0,60.0,0.0,60.0,3.0,0.001461682704674984,12.755745798368785
14365,149.0,61.0,0.0,61.0,3.0,0.2285348190821269,12.984280617450912
14366,149.0,62.0,0.0,62.0,3.0,0.011662364837897463,12.99594298228881
14367,149.0,63.0,0.0,63.0,7.0,0.15961076329720134,13.155553745586012
14368,149.0,64.0,0.0,64.0,6.0,0.45154853925075483,13.607102284836767
14369,149.0,65.0,0.0,65.0,6.0,0.5064850022994652,14.113587287136232
14370,149.0,66.0,0.0,66.0,6.0,0.10821198863204971,14.221799275768282
14371,149.0,67.0,0.0,67.0,6.0,0.0,14.221799275768282
14372,149.0,68.0,0.0,68.0,4.0,0.8641538969732209,15.085953172741503
14373,149.0,69.0,0.0,69.0,4.0,0.31800611952542285,15.403959292266926
14374,149.0,70.0,0.0,70.0,4.0,0.3406652420848293,15.744624534351756
14375,149.0,71.0,0.0,71.0,4.0,0.3097901048969641,16.05441463924872
14376,149.0,72.0,0.0,72.0,4.0,0.3541487541408539,16.408563393389574
14377,149.0,73.0,0.0,73.0,4.0,0.3815607206079411,16.790124113997514
14378,149.0,74.0,0.0,74.0,4.0,0.3376566388633923,17.127780752860907
14379,149.0,75.0,0.0,75.0,4.0,0.0456160838408476,17.173396836701755
14380,149.0,76.0,0.0,76.0,4.0,0.26227852312629674,17.435675359828053
14381,149.0,77.0,0.0,77.0,4.0,0.03244158328874442,17.468116943116797
14382,149.0,78.0,0.0,78.0,4.0,0.2352620848249543,17.70337902794175
14383,149.0,79.0,0.0,79.0,4.0,0.6630452028905913,18.36642423083234
14384,149.0,80.0,0.0,80.0,4.0,0.28146556337815226,18.647889794210492
14385,149.0,81.0,0.0,81.0,4.0,0.28973804014574706,18.93762783435624
14386,149.0,82.0,0.0,82.0,4.0,0.19670552128951685,19.134333355645754
14387,149.0,83.0,0.0,83.0,4.0,0.22645575073161234,19.360789106377368
14388,149.0,84.0,0.0,84.0,4.0,0.4202049514706216,19.78099405784799
14389,149.0,85.0,0.0,85.0,4.0,0.4262384419390214,20.20723249978701
14390,149.0,86.0,0.0,86.0,4.0,0.11081989247498787,20.318052392262
14391,149.0,87.0,0.0,87.0,4.0,0.5189731442966758,20.837025536558677
14392,149.0,88.0,0.0,88.0,4.0,0.15027538281192757,20.987300919370604
14393,149.0,89.0,0.0,89.0,4.0,0.29965634577184486,21.286957265142448
14394,149.0,90.0,0.0,90.0,4.0,0.35410539327964946,21.641062658422097
14395,149.0,91.0,0.0,91.0,4.0,0.0,21.641062658422097
14396,149.0,92.0,0.0,92.0,2.0,0.4472118799386729,22.08827453836077
14397,149.0,93.0,0.0,93.0,2.0,0.31838380442486014,22.406658342785633
14398,149.0,94.0,0.0,94.0,2.0,0.0,22.406658342785633
14399,149.0,95.0,0.0,95.0,6.0,0.2358206865923345,22.642479029377967
14400,150.0,0.0,0.0,0.0,0.0,0.4680805035123675,0.4680805035123675
14401,150.0,1.0,0.0,1.0,1.0,0.5350809140500077,1.0031614175623753
14402,150.0,2.0,0.0,2.0,2.0,0.1656307552320488,1.1687921727944242
14403,150.0,3.0,0.0,3.0,3.0,0.17859802399158817,1.3473901967860122
14404,150.0,4.0,0.0,4.0,4.0,0.2742259822986554,1.6216161790846677
14405,150.0,5.0,0.0,5.0,5.0,0.24447138445430638,1.866087563538974
14406,150.0,6.0,0.0,6.0,6.0,0.07179891276627816,1.9378864763052521
14407,150.0,7.0,0.0,7.0,7.0,0.6946860763679339,2.632572552673186
14408,150.0,8.0,0.0,8.0,7.0,0.0,2.632572552673186
14409,150.0,9.0,0.0,9.0,1.0,0.23895507602304034,2.871527628696226
14410,150.0,10.0,0.0,10.0,0.0,0.10953556120793838,2.9810631899041646
14411,150.0,11.0,0.0,11.0,4.0,0.30316141851187267,3.284224608416037
14412,150.0,12.0,0.0,12.0,5.0,0.1510381477286157,3.435262756144653
14413,150.0,13.0,0.0,13.0,1.0,0.7207407501430242,4.156003506287677
14414,150.0,14.0,0.0,14.0,1.0,0.625716871682588,4.781720377970265
14415,150.0,15.0,0.0,15.0,1.0,0.32124548368694295,5.102965861657208
14416,150.0,16.0,0.0,16.0,1.0,0.1521898058916304,5.255155667548839
14417,150.0,17.0,0.0,17.0,7.0,0.0,5.255155667548839
14418,150.0,18.0,0.0,18.0,3.0,0.07917327843515808,5.334328945983997
14419,150.0,19.0,0.0,19.0,2.0,0.0,5.334328945983997
14420,150.0,20.0,0.0,20.0,0.0,0.2947614129510977,5.629090358935095
14421,150.0,21.0,0.0,21.0,4.0,0.3097901048969641,5.938880463832059
14422,150.0,22.0,0.0,22.0,1.0,0.031550322030998015,5.970430785863057
14423,150.0,23.0,0.0,23.0,4.0,0.22645575073161234,6.196886536594669
14424,150.0,24.0,0.0,24.0,0.0,0.22870024692555282,6.425586783520222
14425,150.0,25.0,0.0,25.0,6.0,0.18466604549596066,6.610252829016183
14426,150.0,26.0,0.0,26.0,1.0,0.11675306462359378,6.7270058936397765
14427,150.0,27.0,0.0,27.0,5.0,0.07332434542589378,6.80033023906567
14428,150.0,28.0,0.0,28.0,4.0,0.05778005683271747,6.8581102958983875
14429,150.0,29.0,0.0,29.0,0.0,0.18404068387434905,7.042150979772736
14430,150.0,30.0,0.0,30.0,7.0,0.06166327491542525,7.103814254688161
14431,150.0,31.0,0.0,31.0,1.0,0.05727556146362054,7.161089816151781
14432,150.0,32.0,0.0,32.0,3.0,0.3124487689648274,7.473538585116609
14433,150.0,33.0,0.0,33.0,6.0,0.002161454739645614,7.475700039856255
14434,150.0,34.0,0.0,34.0,0.0,0.10101189254963196,7.576711932405887
14435,150.0,35.0,0.0,35.0,3.0,0.07153296251594632,7.648244894921834
14436,150.0,36.0,0.0,36.0,1.0,0.0,7.648244894921834
14437,150.0,37.0,0.0,37.0,4.0,0.20497945959324024,7.853224354515074
14438,150.0,38.0,0.0,38.0,5.0,0.13948261044307597,7.99270696495815
14439,150.0,39.0,0.0,39.0,7.0,0.8098490283050879,8.802555993263237
14440,150.0,40.0,0.0,40.0,7.0,0.22951623073539107,9.032072223998629
14441,150.0,41.0,0.0,41.0,7.0,0.34149124243916545,9.373563466437794
14442,150.0,42.0,0.0,42.0,7.0,0.04103739105239522,9.41460085749019
14443,150.0,43.0,0.0,43.0,7.0,0.029232001322727855,9.443832858812916
14444,150.0,44.0,0.0,44.0,1.0,0.028670031367413643,9.47250289018033
14445,150.0,45.0,0.0,45.0,2.0,0.03427022523850223,9.506773115418833
14446,150.0,46.0,0.0,46.0,0.0,0.0,9.506773115418833
14447,150.0,47.0,0.0,47.0,4.0,0.5243230454212805,10.031096160840113
14448,150.0,48.0,0.0,48.0,4.0,0.4262384419390214,10.457334602779135
14449,150.0,49.0,0.0,49.0,4.0,0.7468916268125877,11.204226229591722
14450,150.0,50.0,0.0,50.0,4.0,0.0,11.204226229591722
14451,150.0,51.0,0.0,51.0,4.0,0.08739218446663143,11.291618414058354
14452,150.0,52.0,0.0,52.0,4.0,0.2459794118468931,11.537597825905246
14453,150.0,53.0,0.0,53.0,4.0,0.23110148611791392,11.76869931202316
14454,150.0,54.0,0.0,54.0,4.0,0.3482376111706019,12.116936923193762
14455,150.0,55.0,0.0,55.0,4.0,0.36899642420942863,12.485933347403192
14456,150.0,56.0,0.0,56.0,4.0,0.0,12.485933347403192
14457,150.0,57.0,0.0,57.0,7.0,0.21001575520798305,12.695949102611175
14458,150.0,58.0,0.0,58.0,3.0,0.0,12.695949102611175
14459,150.0,59.0,0.0,59.0,1.0,0.09468128799662574,12.7906303906078
14460,150.0,60.0,0.0,60.0,5.0,0.1405045273169124,12.931134917924712
14461,150.0,61.0,0.0,61.0,7.0,0.0,12.931134917924712
14462,150.0,62.0,0.0,62.0,4.0,0.0,12.931134917924712
14463,150.0,63.0,0.0,63.0,1.0,0.23376214866150832,13.16489706658622
14464,150.0,64.0,0.0,64.0,0.0,0.21715257588084835,13.38204964246707
14465,150.0,65.0,0.0,65.0,1.0,0.3409891715042017,13.723038813971272
14466,150.0,66.0,0.0,66.0,1.0,0.9645942569749285,14.6876330709462
14467,150.0,67.0,0.0,67.0,1.0,0.11896244309851166,14.806595514044712
14468,150.0,68.0,0.0,68.0,1.0,0.05668020652621607,14.863275720570929
14469,150.0,69.0,0.0,69.0,1.0,0.0766334705336081,14.939909191104537
14470,150.0,70.0,0.0,70.0,1.0,0.3720624105248227,15.31197160162936
14471,150.0,71.0,0.0,71.0,1.0,0.27391822828331297,15.585889829912672
14472,150.0,72.0,0.0,72.0,1.0,0.29156994495680316,15.877459774869475
14473,150.0,73.0,0.0,73.0,1.0,0.43077514535649875,16.308234920225974
14474,150.0,74.0,0.0,74.0,1.0,0.0,16.308234920225974
14475,150.0,75.0,0.0,75.0,4.0,0.03244158328874442,16.340676503514718
14476,150.0,76.0,0.0,76.0,0.0,0.5491263248112521,16.88980282832597
14477,150.0,77.0,0.0,77.0,0.0,0.0,16.88980282832597
14478,150.0,78.0,0.0,78.0,6.0,0.4832391209848758,17.373041949310846
14479,150.0,79.0,0.0,79.0,6.0,0.29928972735028064,17.672331676661127
14480,150.0,80.0,0.0,80.0,6.0,0.2245370227069958,17.896868699368124
14481,150.0,81.0,0.0,81.0,6.0,0.5198631933975867,18.41673189276571
14482,150.0,82.0,0.0,82.0,6.0,0.15948567313383155,18.576217565899544
14483,150.0,83.0,0.0,83.0,6.0,0.10776919275082603,18.68398675865037
14484,150.0,84.0,0.0,84.0,6.0,0.0,18.68398675865037
14485,150.0,85.0,0.0,85.0,5.0,0.190094615722883,18.874081374373255
14486,150.0,86.0,0.0,86.0,0.0,0.30193260026714136,19.176013974640394
14487,150.0,87.0,0.0,87.0,0.0,0.11395249262034009,19.289966467260733
14488,150.0,88.0,0.0,88.0,7.0,0.0,19.289966467260733
14489,150.0,89.0,0.0,89.0,1.0,0.3728753173739762,19.662841784634708
14490,150.0,90.0,0.0,90.0,1.0,0.1122698472049673,19.775111631839675
14491,150.0,91.0,0.0,91.0,6.0,0.7377651793174987,20.512876811157174
14492,150.0,92.0,0.0,92.0,6.0,0.19237477602684144,20.705251587184016
14493,150.0,93.0,0.0,93.0,6.0,0.36348110977950954,21.068732696963526
14494,150.0,94.0,0.0,94.0,6.0,0.8113111970305757,21.880043893994102
14495,150.0,95.0,0.0,95.0,6.0,0.060843244270408124,21.94088713826451
14496,151.0,0.0,0.0,0.0,0.0,0.04556819691499105,0.04556819691499105
14497,151.0,1.0,0.0,1.0,1.0,0.14763267170963074,0.1932008686246218
14498,151.0,2.0,0.0,2.0,2.0,0.587687788672903,0.7808886572975249
14499,151.0,3.0,0.0,3.0,3.0,0.008668876753709993,0.7895575340512349
14500,151.0,4.0,0.0,4.0,4.0,0.3406652420848293,1.1302227761360641
14501,151.0,5.0,0.0,5.0,5.0,0.33067682826060296,1.460899604396667
14502,151.0,6.0,0.0,6.0,6.0,0.5211461016164569,1.982045706013124
14503,151.0,7.0,0.0,7.0,7.0,0.6820921113526627,2.664137817365787
14504,151.0,8.0,0.0,8.0,7.0,0.30489283886315693,2.9690306562289437
14505,151.0,9.0,0.0,9.0,2.0,0.0,2.9690306562289437
14506,151.0,10.0,0.0,10.0,6.0,0.40586275112066333,3.374893407349607
14507,151.0,11.0,0.0,11.0,7.0,0.0459894712458177,3.4208828785954246
14508,151.0,12.0,0.0,12.0,4.0,0.020723335122281958,3.4416062137177064
14509,151.0,13.0,0.0,13.0,5.0,0.0,3.4416062137177064
14510,151.0,14.0,0.0,14.0,6.0,0.45154853925075483,3.8931547529684614
14511,151.0,15.0,0.0,15.0,6.0,0.19330425654839078,4.086459009516852
14512,151.0,16.0,0.0,16.0,1.0,0.5325149437924254,4.618973953309277
14513,151.0,17.0,0.0,17.0,1.0,0.29156994495680316,4.910543898266081
14514,151.0,18.0,0.0,18.0,2.0,0.17377914745726974,5.084323045723351
14515,151.0,19.0,0.0,19.0,6.0,0.0,5.084323045723351
14516,151.0,20.0,0.0,20.0,7.0,0.08816257292987052,5.172485618653221
14517,151.0,21.0,0.0,21.0,1.0,0.1525595877654341,5.325045206418655
14518,151.0,22.0,0.0,22.0,0.0,0.27268806162729475,5.59773326804595
14519,151.0,23.0,0.0,23.0,2.0,0.42591938102062793,6.023652649066578
14520,151.0,24.0,0.0,24.0,2.0,0.11886118707131776,6.142513836137895
14521,151.0,25.0,0.0,25.0,6.0,0.0,6.142513836137895
14522,151.0,26.0,0.0,26.0,4.0,0.16518765184318784,6.307701487981083
14523,151.0,27.0,0.0,27.0,1.0,0.5350809140500077,6.842782402031091
14524,151.0,28.0,0.0,28.0,1.0,0.1178259592096348,6.960608361240726
14525,151.0,29.0,0.0,29.0,7.0,0.008325910589010882,6.9689342718297365
14526,151.0,30.0,0.0,30.0,5.0,0.27855042756309173,7.247484699392828
14527,151.0,31.0,0.0,31.0,0.0,0.0,7.247484699392828
14528,151.0,32.0,0.0,32.0,3.0,0.01013449636003612,7.257619195752865
14529,151.0,33.0,0.0,33.0,1.0,0.23376214866150832,7.491381344414373
14530,151.0,34.0,0.0,34.0,5.0,0.5396395039110845,8.031020848325458
14531,151.0,35.0,0.0,35.0,5.0,0.21528111200447786,8.246301960329935
14532,151.0,36.0,0.0,36.0,5.0,0.027814322711726475,8.274116283041662
14533,151.0,37.0,0.0,37.0,2.0,0.40364005699886474,8.677756340040528
14534,151.0,38.0,0.0,38.0,2.0,0.08011626779528125,8.75787260783581
14535,151.0,39.0,0.0,39.0,1.0,0.09259758356345157,8.85047019139926
14536,151.0,40.0,0.0,40.0,6.0,0.470561563191029,9.32103175459029
14537,151.0,41.0,0.0,41.0,6.0,0.5415728013366148,9.862604555926906
14538,151.0,42.0,0.0,42.0,6.0,0.525530725813632,10.388135281740537
14539,151.0,43.0,0.0,43.0,6.0,0.0,10.388135281740537
14540,151.0,44.0,0.0,44.0,6.0,0.38478252254705636,10.772917804287593
14541,151.0,45.0,0.0,45.0,6.0,0.3286820084901565,11.10159981277775
14542,151.0,46.0,0.0,46.0,4.0,0.0,11.10159981277775
14543,151.0,47.0,0.0,47.0,6.0,0.3152014117071101,11.416801224484859
14544,151.0,48.0,0.0,48.0,6.0,0.41014276344445866,11.826943987929317
14545,151.0,49.0,0.0,49.0,6.0,0.3045366457502025,12.13148063367952
14546,151.0,50.0,0.0,50.0,6.0,0.308924290481592,12.440404924161111
14547,151.0,51.0,0.0,51.0,7.0,0.0739714121023839,12.514376336263496
14548,151.0,52.0,0.0,52.0,6.0,0.15948567313383155,12.673862009397327
14549,151.0,53.0,0.0,53.0,2.0,0.03427022523850223,12.70813223463583
14550,151.0,54.0,0.0,54.0,1.0,0.2107072265151842,12.918839461151014
14551,151.0,55.0,0.0,55.0,5.0,0.31773180429062425,13.236571265441638
14552,151.0,56.0,0.0,56.0,6.0,0.20751175649518033,13.444083021936818
14553,151.0,57.0,0.0,57.0,5.0,0.040966979361581224,13.485050001298399
14554,151.0,58.0,0.0,58.0,6.0,0.04396724673097683,13.529017248029376
14555,151.0,59.0,0.0,59.0,1.0,0.0,13.529017248029376
14556,151.0,60.0,0.0,60.0,6.0,0.46761061637242407,13.9966278644018
14557,151.0,61.0,0.0,61.0,6.0,0.0,13.9966278644018
14558,151.0,62.0,0.0,62.0,2.0,0.7068413165322392,14.70346918093404
14559,151.0,63.0,0.0,63.0,2.0,0.17796714865995647,14.881436329593996
14560,151.0,64.0,0.0,64.0,2.0,0.0,14.881436329593996
14561,151.0,65.0,0.0,65.0,7.0,0.031039358450981096,14.912475688044976
14562,151.0,66.0,0.0,66.0,2.0,0.0,14.912475688044976
14563,151.0,67.0,0.0,67.0,6.0,0.38423498309596005,15.296710671140936
14564,151.0,68.0,0.0,68.0,6.0,0.18466604549596066,15.481376716636897
14565,151.0,69.0,0.0,69.0,5.0,0.05028223153043451,15.531658948167332
14566,151.0,70.0,0.0,70.0,0.0,0.1908288003675769,15.722487748534908
14567,151.0,71.0,0.0,71.0,6.0,0.1350995944228713,15.85758734295778
14568,151.0,72.0,0.0,72.0,1.0,0.11959474932936898,15.97718209228715
14569,151.0,73.0,0.0,73.0,6.0,0.5199951664423675,16.49717725872952
14570,151.0,74.0,0.0,74.0,6.0,0.456597589962221,16.95377484869174
14571,151.0,75.0,0.0,75.0,6.0,0.15870422142553076,17.11247907011727
14572,151.0,76.0,0.0,76.0,6.0,0.1370475401392327,17.249526610256503
14573,151.0,77.0,0.0,77.0,4.0,0.05283876478085068,17.302365375037354
14574,151.0,78.0,0.0,78.0,6.0,0.1440283701753274,17.44639374521268
14575,151.0,79.0,0.0,79.0,0.0,0.13959975313410164,17.585993498346784
14576,151.0,80.0,0.0,80.0,6.0,0.46655973523908206,18.052553233585865
14577,151.0,81.0,0.0,81.0,6.0,0.2888924503251035,18.34144568391097
14578,151.0,82.0,0.0,82.0,6.0,0.2690884433507071,18.610534127261676
14579,151.0,83.0,0.0,83.0,6.0,0.398606424860819,19.009140552122496
14580,151.0,84.0,0.0,84.0,6.0,0.592467301916092,19.601607854038587
14581,151.0,85.0,0.0,85.0,6.0,0.46120539576978026,20.062813249808368
14582,151.0,86.0,0.0,86.0,6.0,0.25249491253368417,20.315308162342053
14583,151.0,87.0,0.0,87.0,6.0,0.5064850022994652,20.82179316464152
14584,151.0,88.0,0.0,88.0,6.0,0.23958507229734452,21.061378236938864
14585,151.0,89.0,0.0,89.0,6.0,0.4419319569723373,21.5033101939112
14586,151.0,90.0,0.0,90.0,6.0,0.4832391209848758,21.986549314896077
14587,151.0,91.0,0.0,91.0,6.0,0.0,21.986549314896077
14588,151.0,92.0,0.0,92.0,6.0,0.7074564648856323,22.69400577978171
14589,151.0,93.0,0.0,93.0,6.0,0.709114106247022,23.40311988602873
14590,151.0,94.0,0.0,94.0,6.0,0.5609494988696637,23.964069384898394
14591,151.0,95.0,0.0,95.0,6.0,0.0206337541478017,23.984703139046196
14592,152.0,0.0,0.0,0.0,0.0,0.04556819691499105,0.04556819691499105
14593,152.0,1.0,0.0,1.0,1.0,0.10131102734794921,0.14687922426294026
14594,152.0,2.0,0.0,2.0,2.0,0.21976599108420175,0.366645215347142
14595,152.0,3.0,0.0,3.0,3.0,0.0,0.366645215347142
14596,152.0,4.0,0.0,4.0,4.0,0.06660229217274866,0.43324750751989066
14597,152.0,5.0,0.0,5.0,5.0,0.07525820400177534,0.508505711521666
14598,152.0,6.0,0.0,6.0,6.0,0.5199951664423675,1.0285008779640337
14599,152.0,7.0,0.0,7.0,7.0,0.5762895628867217,1.6047904408507554
14600,152.0,8.0,0.0,8.0,7.0,0.5091692201750498,2.113959661025805
14601,152.0,9.0,0.0,9.0,6.0,0.46761061637242407,2.581570277398229
14602,152.0,10.0,0.0,10.0,7.0,0.6859517409375426,3.2675220183357716
14603,152.0,11.0,0.0,11.0,7.0,0.2442715151719623,3.511793533507734
14604,152.0,12.0,0.0,12.0,6.0,0.29928972735028064,3.8110832608580147
14605,152.0,13.0,0.0,13.0,7.0,0.0,3.8110832608580147
14606,152.0,14.0,0.0,14.0,2.0,0.40138850547070165,4.212471766328717
14607,152.0,15.0,0.0,15.0,6.0,0.08569355050034418,4.298165316829061
14608,152.0,16.0,0.0,16.0,2.0,0.1670621200099897,4.465227436839051
14609,152.0,17.0,0.0,17.0,7.0,0.0,4.465227436839051
14610,152.0,18.0,0.0,18.0,1.0,0.24526319585689446,4.7104906326959455
14611,152.0,19.0,0.0,19.0,6.0,0.08544920153663012,4.795939834232575
14612,152.0,20.0,0.0,20.0,5.0,0.5396395039110845,5.33557933814366
14613,152.0,21.0,0.0,21.0,5.0,0.05028223153043451,5.385861569674094
14614,152.0,22.0,0.0,22.0,4.0,0.6928212275644872,6.0786827972385815
14615,152.0,23.0,0.0,23.0,4.0,0.19670552128951685,6.2753883185280985
14616,152.0,24.0,0.0,24.0,4.0,0.3097901048969641,6.585178423425063
14617,152.0,25.0,0.0,25.0,4.0,0.3541487541408539,6.939327177565917
14618,152.0,26.0,0.0,26.0,2.0,0.0,6.939327177565917
14619,152.0,27.0,0.0,27.0,4.0,0.12212621641662968,7.061453393982546
14620,152.0,28.0,0.0,28.0,0.0,0.07987026212693644,7.141323656109483
14621,152.0,29.0,0.0,29.0,7.0,0.04103739105239522,7.182361047161878
14622,152.0,30.0,0.0,30.0,1.0,0.0,7.182361047161878
14623,152.0,31.0,0.0,31.0,6.0,0.45661860173922436,7.638979648901103
14624,152.0,32.0,0.0,32.0,6.0,0.060843244270408124,7.699822893171511
14625,152.0,33.0,0.0,33.0,5.0,0.0,7.699822893171511
14626,152.0,34.0,0.0,34.0,3.0,0.22459010399443233,7.924412997165944
14627,152.0,35.0,0.0,35.0,4.0,0.16403310077668387,8.088446097942628
14628,152.0,36.0,0.0,36.0,7.0,0.0,8.088446097942628
14629,152.0,37.0,0.0,37.0,6.0,0.709114106247022,8.797560204189649
14630,152.0,38.0,0.0,38.0,6.0,0.9633601102069204,9.76092031439657
14631,152.0,39.0,0.0,39.0,6.0,0.02152766918353003,9.7824479835801
14632,152.0,40.0,0.0,40.0,6.0,0.2380098281042837,10.020457811684384
14633,152.0,41.0,0.0,41.0,6.0,0.12433874510598864,10.144796556790373
14634,152.0,42.0,0.0,42.0,6.0,0.1350995944228713,10.279896151213245
14635,152.0,43.0,0.0,43.0,3.0,0.08963784878726973,10.369534000000515
14636,152.0,44.0,0.0,44.0,4.0,0.014489782945512395,10.384023782946027
14637,152.0,45.0,0.0,45.0,6.0,0.19237477602684144,10.576398558972869
14638,152.0,46.0,0.0,46.0,2.0,0.5201526156790977,11.096551174651967
14639,152.0,47.0,0.0,47.0,2.0,0.38230358492209854,11.478854759574066
14640,152.0,48.0,0.0,48.0,2.0,0.0,11.478854759574066
14641,152.0,49.0,0.0,49.0,6.0,0.0,11.478854759574066
14642,152.0,50.0,0.0,50.0,7.0,0.15727691362384175,11.636131673197907
14643,152.0,51.0,0.0,51.0,2.0,0.537148762474358,12.173280435672265
14644,152.0,52.0,0.0,52.0,2.0,0.38831574574861955,12.561596181420883
14645,152.0,53.0,0.0,53.0,2.0,0.0,12.561596181420883
14646,152.0,54.0,0.0,54.0,2.0,0.2697227342029752,12.831318915623859
14647,152.0,55.0,0.0,55.0,6.0,0.8206264844566112,13.65194540008047
14648,152.0,56.0,0.0,56.0,6.0,0.0,13.65194540008047
14649,152.0,57.0,0.0,57.0,6.0,0.14053761898862807,13.792483019069097
14650,152.0,58.0,0.0,58.0,4.0,0.06308539271434067,13.855568411783437
14651,152.0,59.0,0.0,59.0,5.0,0.556448204261036,14.412016616044474
14652,152.0,60.0,0.0,60.0,5.0,0.008843280460235635,14.420859896504709
14653,152.0,61.0,0.0,61.0,0.0,0.0,14.420859896504709
14654,152.0,62.0,0.0,62.0,6.0,0.41014276344445866,14.831002659949167
14655,152.0,63.0,0.0,63.0,6.0,0.2624626141648409,15.093465274114008
14656,152.0,64.0,0.0,64.0,2.0,0.03949449756546484,15.132959771679474
14657,152.0,65.0,0.0,65.0,7.0,0.3632416151092178,15.496201386788691
14658,152.0,66.0,0.0,66.0,7.0,0.061569980833461685,15.557771367622152
14659,152.0,67.0,0.0,67.0,6.0,0.398606424860819,15.956377792482972
14660,152.0,68.0,0.0,68.0,6.0,0.18788376889070377,16.144261561373675
14661,152.0,69.0,0.0,69.0,5.0,0.001891977950375154,16.14615353932405
14662,152.0,70.0,0.0,70.0,6.0,0.5398005436791784,16.685954083003228
14663,152.0,71.0,0.0,71.0,6.0,0.3286820084901565,17.014636091493383
14664,152.0,72.0,0.0,72.0,6.0,0.11636299692256234,17.130999088415944
14665,152.0,73.0,0.0,73.0,1.0,0.14788550522949867,17.278884593645444
14666,152.0,74.0,0.0,74.0,6.0,0.20104993189686238,17.479934525542305
14667,152.0,75.0,0.0,75.0,6.0,0.3116598759686686,17.791594401510974
14668,152.0,76.0,0.0,76.0,6.0,0.36321665879061876,18.154811060301594
14669,152.0,77.0,0.0,77.0,6.0,0.7330812715508707,18.887892331852463
14670,152.0,78.0,0.0,78.0,6.0,0.09260082505258796,18.98049315690505
14671,152.0,79.0,0.0,79.0,6.0,0.31122773400729964,19.29172089091235
14672,152.0,80.0,0.0,80.0,6.0,0.23042860433100323,19.522149495243355
14673,152.0,81.0,0.0,81.0,6.0,0.1938598477639666,19.71600934300732
14674,152.0,82.0,0.0,82.0,3.0,0.27979422998214515,19.995803572989466
14675,152.0,83.0,0.0,83.0,3.0,0.07608616683900467,20.07188973982847
14676,152.0,84.0,0.0,84.0,7.0,0.26478666827767994,20.33667640810615
14677,152.0,85.0,0.0,85.0,6.0,0.528994261355651,20.865670669461803
14678,152.0,86.0,0.0,86.0,6.0,0.0,20.865670669461803
14679,152.0,87.0,0.0,87.0,2.0,0.17377914745726974,21.039449816919074
14680,152.0,88.0,0.0,88.0,4.0,0.6273379479591693,21.666787764878244
14681,152.0,89.0,0.0,89.0,4.0,0.21617570620019438,21.882963471078437
14682,152.0,90.0,0.0,90.0,4.0,0.2352620848249543,22.11822555590339
14683,152.0,91.0,0.0,91.0,4.0,0.1495593642703379,22.267784920173728
14684,152.0,92.0,0.0,92.0,7.0,0.0,22.267784920173728
14685,152.0,93.0,0.0,93.0,4.0,0.08739218446663143,22.355177104640358
14686,152.0,94.0,0.0,94.0,6.0,0.08473142129368774,22.439908525934047
14687,152.0,95.0,0.0,95.0,6.0,0.7074564648856323,23.14736499081968
14688,153.0,0.0,0.0,0.0,0.0,0.4367721168526441,0.4367721168526441
14689,153.0,1.0,0.0,1.0,1.0,0.1252470864872485,0.5620192033398926
14690,153.0,2.0,0.0,2.0,2.0,0.5259817321483307,1.0880009354882234
14691,153.0,3.0,0.0,3.0,3.0,0.3394391447328553,1.4274400802210787
14692,153.0,4.0,0.0,4.0,4.0,0.6273379479591693,2.054778028180248
14693,153.0,5.0,0.0,5.0,5.0,0.0,2.054778028180248
14694,153.0,6.0,0.0,6.0,6.0,0.43814959519287755,2.4929276233731255
14695,153.0,7.0,0.0,7.0,7.0,0.3029126053848762,2.7958402287580015
14696,153.0,8.0,0.0,8.0,4.0,0.0,2.7958402287580015
14697,153.0,9.0,0.0,9.0,2.0,0.0,2.7958402287580015
14698,153.0,10.0,0.0,10.0,6.0,0.5198631933975867,3.3157034221555883
14699,153.0,11.0,0.0,11.0,0.0,0.27268806162729475,3.588391483782883
14700,153.0,12.0,0.0,12.0,3.0,0.0,3.588391483782883
14701,153.0,13.0,0.0,13.0,6.0,0.4419319569723373,4.030323440755221
14702,153.0,14.0,0.0,14.0,7.0,0.0,4.030323440755221
14703,153.0,15.0,0.0,15.0,6.0,0.0,4.030323440755221
14704,153.0,16.0,0.0,16.0,0.0,0.21715257588084835,4.247476016636069
14705,153.0,17.0,0.0,17.0,4.0,0.10013514850155053,4.34761116513762
14706,153.0,18.0,0.0,18.0,1.0,0.5191650371090091,4.866776202246629
14707,153.0,19.0,0.0,19.0,1.0,0.0,4.866776202246629
14708,153.0,20.0,0.0,20.0,2.0,0.40117548832375627,5.267951690570385
14709,153.0,21.0,0.0,21.0,6.0,0.7074564648856323,5.975408155456018
14710,153.0,22.0,0.0,22.0,6.0,0.08544920153663012,6.060857356992647
14711,153.0,23.0,0.0,23.0,2.0,0.4898575650501079,6.550714922042755
14712,153.0,24.0,0.0,24.0,2.0,0.04961298748480245,6.600327909527557
14713,153.0,25.0,0.0,25.0,0.0,0.0,6.600327909527557
14714,153.0,26.0,0.0,26.0,6.0,0.3045366457502025,6.90486455527776
14715,153.0,27.0,0.0,27.0,6.0,0.12662947121033713,7.0314940264880965
14716,153.0,28.0,0.0,28.0,4.0,0.29095081075282125,7.322444837240917
14717,153.0,29.0,0.0,29.0,3.0,0.0,7.322444837240917
14718,153.0,30.0,0.0,30.0,2.0,0.7236703978770197,8.046115235117938
14719,153.0,31.0,0.0,31.0,2.0,0.1670621200099897,8.213177355127927
14720,153.0,32.0,0.0,32.0,2.0,0.1905422112228126,8.40371956635074
14721,153.0,33.0,0.0,33.0,7.0,0.45690301731070837,8.860622583661447
14722,153.0,34.0,0.0,34.0,7.0,0.0,8.860622583661447
14723,153.0,35.0,0.0,35.0,6.0,0.1350995944228713,8.99572217808432
14724,153.0,36.0,0.0,36.0,4.0,0.07493619689443067,9.07065837497875
14725,153.0,37.0,0.0,37.0,1.0,0.5325149437924254,9.603173318771175
14726,153.0,38.0,0.0,38.0,1.0,0.06877401020269108,9.671947328973866
14727,153.0,39.0,0.0,39.0,5.0,0.15788754467582478,9.829834873649691
14728,153.0,40.0,0.0,40.0,2.0,0.15868138789215788,9.988516261541848
14729,153.0,41.0,0.0,41.0,0.0,0.0,9.988516261541848
14730,153.0,42.0,0.0,42.0,6.0,0.5398005436791784,10.528316805221026
14731,153.0,43.0,0.0,43.0,6.0,0.04396724673097683,10.572284051952003
14732,153.0,44.0,0.0,44.0,1.0,0.025530299644546818,10.59781435159655
14733,153.0,45.0,0.0,45.0,2.0,0.08113905787797616,10.678953409474527
14734,153.0,46.0,0.0,46.0,6.0,0.07179891276627816,10.750752322240805
14735,153.0,47.0,0.0,47.0,4.0,0.6630452028905913,11.413797525131397
14736,153.0,48.0,0.0,48.0,4.0,0.3505563668212525,11.764353891952648
14737,153.0,49.0,0.0,49.0,4.0,0.5189731442966758,12.283327036249325
14738,153.0,50.0,0.0,50.0,4.0,0.01616105790717103,12.299488094156496
14739,153.0,51.0,0.0,51.0,4.0,0.2742259822986554,12.573714076455152
14740,153.0,52.0,0.0,52.0,4.0,0.5243230454212805,13.098037121876432
14741,153.0,53.0,0.0,53.0,4.0,0.4262384419390214,13.524275563815454
14742,153.0,54.0,0.0,54.0,4.0,0.30316141851187267,13.827436982327328
14743,153.0,55.0,0.0,55.0,4.0,0.0,13.827436982327328
14744,153.0,56.0,0.0,56.0,7.0,0.0,13.827436982327328
14745,153.0,57.0,0.0,57.0,2.0,0.3083246732118922,14.13576165553922
14746,153.0,58.0,0.0,58.0,5.0,0.16528919434875355,14.301050849887973
14747,153.0,59.0,0.0,59.0,2.0,0.0,14.301050849887973
14748,153.0,60.0,0.0,60.0,4.0,0.0,14.301050849887973
14749,153.0,61.0,0.0,61.0,6.0,0.15948567313383155,14.460536523021805
14750,153.0,62.0,0.0,62.0,1.0,0.4091289111380489,14.869665434159854
14751,153.0,63.0,0.0,63.0,1.0,0.05727556146362054,14.926940995623475
14752,153.0,64.0,0.0,64.0,6.0,0.46761061637242407,15.3945516119959
14753,153.0,65.0,0.0,65.0,6.0,0.41014276344445866,15.804694375440357
14754,153.0,66.0,0.0,66.0,6.0,0.38478252254705636,16.189476897987415
14755,153.0,67.0,0.0,67.0,6.0,0.2358206865923345,16.42529758457975
14756,153.0,68.0,0.0,68.0,6.0,0.5211461016164569,16.946443686196204
14757,153.0,69.0,0.0,69.0,6.0,0.15870422142553076,17.105147907621735
14758,153.0,70.0,0.0,70.0,6.0,0.18788376889070377,17.293031676512438
14759,153.0,71.0,0.0,71.0,0.0,0.4680805035123675,17.761112180024806
14760,153.0,72.0,0.0,72.0,0.0,0.0,17.761112180024806
14761,153.0,73.0,0.0,73.0,6.0,0.7615432087357681,18.522655388760576
14762,153.0,74.0,0.0,74.0,6.0,0.592467301916092,19.115122690676667
14763,153.0,75.0,0.0,75.0,6.0,0.12433874510598864,19.239461435782655
14764,153.0,76.0,0.0,76.0,6.0,0.46120539576978026,19.700666831552436
14765,153.0,77.0,0.0,77.0,6.0,0.1440283701753274,19.844695201727763
14766,153.0,78.0,0.0,78.0,6.0,0.18216968160881716,20.02686488333658
14767,153.0,79.0,0.0,79.0,6.0,0.09243667781140737,20.119301561147985
14768,153.0,80.0,0.0,80.0,4.0,0.014489782945512395,20.1337913440935
14769,153.0,81.0,0.0,81.0,6.0,0.2245370227069958,20.358328366800496
14770,153.0,82.0,0.0,82.0,2.0,0.4604115321070168,20.818739898907513
14771,153.0,83.0,0.0,83.0,2.0,0.482186826413389,21.300926725320902
14772,153.0,84.0,0.0,84.0,2.0,0.0,21.300926725320902
14773,153.0,85.0,0.0,85.0,3.0,0.24604240966364027,21.546969134984543
14774,153.0,86.0,0.0,86.0,6.0,0.10776919275082603,21.65473832773537
14775,153.0,87.0,0.0,87.0,2.0,0.537148762474358,22.19188709020973
14776,153.0,88.0,0.0,88.0,2.0,0.07046722414389026,22.26235431435362
14777,153.0,89.0,0.0,89.0,5.0,0.13613113582277864,22.3984854501764
14778,153.0,90.0,0.0,90.0,3.0,0.5930123040989156,22.991497754275315
14779,153.0,91.0,0.0,91.0,3.0,0.08419597055910664,23.075693724834423
14780,153.0,92.0,0.0,92.0,3.0,0.09565973087312887,23.171353455707553
14781,153.0,93.0,0.0,93.0,2.0,0.08011626779528125,23.251469723502833
14782,153.0,94.0,0.0,94.0,1.0,0.11896244309851166,23.370432166601343
14783,153.0,95.0,0.0,95.0,6.0,0.308924290481592,23.679356457082935
14784,154.0,0.0,0.0,0.0,0.0,0.1379763011203817,0.1379763011203817
14785,154.0,1.0,0.0,1.0,1.0,0.8012578002674544,0.9392341013878361
14786,154.0,2.0,0.0,2.0,2.0,0.2641208848836428,1.203354986271479
14787,154.0,3.0,0.0,3.0,3.0,0.3124487689648274,1.5158037552363064
14788,154.0,4.0,0.0,4.0,4.0,0.41110112443122054,1.926904879667527
14789,154.0,5.0,0.0,5.0,5.0,0.0,1.926904879667527
14790,154.0,6.0,0.0,6.0,6.0,0.09243667781140737,2.0193415574789344
14791,154.0,7.0,0.0,7.0,7.0,0.08082649885896648,2.100168056337901
14792,154.0,8.0,0.0,8.0,1.0,0.0,2.100168056337901
14793,154.0,9.0,0.0,9.0,4.0,0.0,2.100168056337901
14794,154.0,10.0,0.0,10.0,3.0,0.25616649659567714,2.3563345529335784
14795,154.0,11.0,0.0,11.0,2.0,0.6027562012237242,2.9590907541573026
14796,154.0,12.0,0.0,12.0,2.0,0.0,2.9590907541573026
14797,154.0,13.0,0.0,13.0,1.0,0.5191650371090091,3.478255791266312
14798,154.0,14.0,0.0,14.0,1.0,0.11896244309851166,3.5972182343648234
14799,154.0,15.0,0.0,15.0,0.0,0.034072549832249714,3.631290784197073
14800,154.0,16.0,0.0,16.0,3.0,0.10133948080521624,3.7326302650022893
14801,154.0,17.0,0.0,17.0,1.0,0.640526367398124,4.373156632400414
14802,154.0,18.0,0.0,18.0,1.0,0.38990649885735673,4.763063131257771
14803,154.0,19.0,0.0,19.0,1.0,0.1521898058916304,4.915252937149401
14804,154.0,20.0,0.0,20.0,6.0,0.528994261355651,5.444247198505052
14805,154.0,21.0,0.0,21.0,6.0,0.5199951664423675,5.964242364947419
14806,154.0,22.0,0.0,22.0,6.0,0.019802180604578484,5.984044545551998
14807,154.0,23.0,0.0,23.0,7.0,0.45690301731070837,6.440947562862706
14808,154.0,24.0,0.0,24.0,7.0,0.2020575551425499,6.643005118005256
14809,154.0,25.0,0.0,25.0,2.0,0.25637356125238836,6.899378679257644
14810,154.0,26.0,0.0,26.0,1.0,0.39739577573671786,7.296774454994362
14811,154.0,27.0,0.0,27.0,4.0,0.20497945959324024,7.501753914587603
14812,154.0,28.0,0.0,28.0,1.0,0.2977196118715112,7.799473526459114
14813,154.0,29.0,0.0,29.0,6.0,0.46621206372626145,8.265685590185376
14814,154.0,30.0,0.0,30.0,6.0,0.38478252254705636,8.650468112732431
14815,154.0,31.0,0.0,31.0,6.0,0.0,8.650468112732431
14816,154.0,32.0,0.0,32.0,7.0,0.30489283886315693,8.955360951595589
14817,154.0,33.0,0.0,33.0,1.0,0.1735308598711164,9.128891811466705
14818,154.0,34.0,0.0,34.0,2.0,0.05893971598014328,9.187831527446848
14819,154.0,35.0,0.0,35.0,3.0,0.07896543589840778,9.266796963345255
14820,154.0,36.0,0.0,36.0,7.0,0.018202433303999167,9.284999396649255
14821,154.0,37.0,0.0,37.0,1.0,0.35845450021337216,9.643453896862628
14822,154.0,38.0,0.0,38.0,1.0,0.0772841125499467,9.720738009412575
14823,154.0,39.0,0.0,39.0,5.0,0.3039231620092401,10.024661171421815
14824,154.0,40.0,0.0,40.0,5.0,0.3213104541310374,10.345971625552853
14825,154.0,41.0,0.0,41.0,5.0,0.3060716499089532,10.652043275461805
14826,154.0,42.0,0.0,42.0,4.0,0.12114345880479456,10.7731867342666
14827,154.0,43.0,0.0,43.0,5.0,0.0,10.7731867342666
14828,154.0,44.0,0.0,44.0,6.0,0.0,10.7731867342666
14829,154.0,45.0,0.0,45.0,1.0,0.14690456218978679,10.920091296456388
14830,154.0,46.0,0.0,46.0,2.0,0.21976599108420175,11.13985728754059
14831,154.0,47.0,0.0,47.0,1.0,0.22346138720261824,11.363318674743208
14832,154.0,48.0,0.0,48.0,1.0,0.031550322030998015,11.394868996774207
14833,154.0,49.0,0.0,49.0,0.0,0.0,11.394868996774207
14834,154.0,50.0,0.0,50.0,2.0,0.0,11.394868996774207
14835,154.0,51.0,0.0,51.0,3.0,0.0,11.394868996774207
14836,154.0,52.0,0.0,52.0,7.0,0.6820921113526627,12.07696110812687
14837,154.0,53.0,0.0,53.0,7.0,0.7375721814246866,12.814533289551557
14838,154.0,54.0,0.0,54.0,7.0,0.03966389497905114,12.854197184530609
14839,154.0,55.0,0.0,55.0,7.0,0.2094357913069121,13.063632975837521
14840,154.0,56.0,0.0,56.0,7.0,0.12720264438925566,13.190835620226776
14841,154.0,57.0,0.0,57.0,7.0,0.35893392020488385,13.54976954043166
14842,154.0,58.0,0.0,58.0,7.0,0.031039358450981096,13.58080889888264
14843,154.0,59.0,0.0,59.0,4.0,0.0,13.58080889888264
14844,154.0,60.0,0.0,60.0,6.0,0.06692797541129325,13.647736874293933
14845,154.0,61.0,0.0,61.0,1.0,0.0,13.647736874293933
14846,154.0,62.0,0.0,62.0,7.0,0.2442715151719623,13.892008389465895
14847,154.0,63.0,0.0,63.0,5.0,0.26795080419067996,14.159959193656574
14848,154.0,64.0,0.0,64.0,7.0,0.16322828692812405,14.323187480584698
14849,154.0,65.0,0.0,65.0,5.0,0.5943235436047835,14.917511024189482
14850,154.0,66.0,0.0,66.0,5.0,0.0,14.917511024189482
14851,154.0,67.0,0.0,67.0,5.0,0.21582234885179488,15.133333373041276
14852,154.0,68.0,0.0,68.0,6.0,0.46120539576978026,15.594538768811057
14853,154.0,69.0,0.0,69.0,6.0,0.31122773400729964,15.905766502818357
14854,154.0,70.0,0.0,70.0,6.0,0.05187143270467871,15.957637935523037
14855,154.0,71.0,0.0,71.0,1.0,0.5102676826124355,16.46790561813547
14856,154.0,72.0,0.0,72.0,1.0,0.3461068524360502,16.814012470571523
14857,154.0,73.0,0.0,73.0,1.0,0.3409891715042017,17.155001642075725
14858,154.0,74.0,0.0,74.0,1.0,0.17515766824041448,17.330159310316137
14859,154.0,75.0,0.0,75.0,1.0,0.1525595877654341,17.482718898081572
14860,154.0,76.0,0.0,76.0,7.0,0.6859517409375426,18.168670639019115
14861,154.0,77.0,0.0,77.0,7.0,0.26958034497069683,18.43825098398981
14862,154.0,78.0,0.0,78.0,7.0,0.2908331151793469,18.729084099169157
14863,154.0,79.0,0.0,79.0,7.0,0.0,18.729084099169157
14864,154.0,80.0,0.0,80.0,7.0,0.08463113415129656,18.813715233320455
14865,154.0,81.0,0.0,81.0,5.0,0.25021711092646615,19.063932344246922
14866,154.0,82.0,0.0,82.0,2.0,0.04195847045540713,19.105890814702327
14867,154.0,83.0,0.0,83.0,1.0,0.16259328171919027,19.268484096421517
14868,154.0,84.0,0.0,84.0,6.0,0.754797882045112,20.023281978466628
14869,154.0,85.0,0.0,85.0,6.0,0.2888924503251035,20.31217442879173
14870,154.0,86.0,0.0,86.0,6.0,0.030996621679545998,20.343171050471277
14871,154.0,87.0,0.0,87.0,6.0,0.8206264844566112,21.163797534927888
14872,154.0,88.0,0.0,88.0,6.0,0.4832391209848758,21.647036655912764
14873,154.0,89.0,0.0,89.0,6.0,0.29928972735028064,21.946326383263045
14874,154.0,90.0,0.0,90.0,6.0,0.3286820084901565,22.2750083917532
14875,154.0,91.0,0.0,91.0,6.0,0.5064850022994652,22.781493394052667
14876,154.0,92.0,0.0,92.0,6.0,0.5211461016164569,23.302639495669123
14877,154.0,93.0,0.0,93.0,6.0,0.08326994649709853,23.38590944216622
14878,154.0,94.0,0.0,94.0,6.0,0.20751175649518033,23.5934211986614
14879,154.0,95.0,0.0,95.0,6.0,0.23042860433100323,23.823849802992402
14880,155.0,0.0,0.0,0.0,0.0,0.03603438649963739,0.03603438649963739
14881,155.0,1.0,0.0,1.0,1.0,0.2923975416172881,0.32843192811692545
14882,155.0,2.0,0.0,2.0,2.0,0.289774682159023,0.6182066102759485
14883,155.0,3.0,0.0,3.0,3.0,0.31311875945201073,0.9313253697279592
14884,155.0,4.0,0.0,4.0,4.0,0.21617570620019438,1.1475010759281536
14885,155.0,5.0,0.0,5.0,5.0,0.015747168809085662,1.1632482447372392
14886,155.0,6.0,0.0,6.0,6.0,0.20751175649518033,1.3707600012324195
14887,155.0,7.0,0.0,7.0,7.0,0.0,1.3707600012324195
14888,155.0,8.0,0.0,8.0,3.0,0.108472937332383,1.4792329385648024
14889,155.0,9.0,0.0,9.0,1.0,0.4208360768007997,1.9000690153656021
14890,155.0,10.0,0.0,10.0,2.0,0.3004714236147025,2.2005404389803047
14891,155.0,11.0,0.0,11.0,4.0,0.0,2.2005404389803047
14892,155.0,12.0,0.0,12.0,1.0,0.2975171656525792,2.498057604632884
14893,155.0,13.0,0.0,13.0,6.0,0.012116503352960235,2.5101741079858444
14894,155.0,14.0,0.0,14.0,2.0,0.07183681467559985,2.582010922661444
14895,155.0,15.0,0.0,15.0,1.0,0.29885514167787697,2.880866064339321
14896,155.0,16.0,0.0,16.0,1.0,0.0,2.880866064339321
14897,155.0,17.0,0.0,17.0,3.0,0.26702269374071647,3.1478887580800374
14898,155.0,18.0,0.0,18.0,0.0,0.11717595902856863,3.265064717108606
14899,155.0,19.0,0.0,19.0,3.0,0.2656910608312819,3.5307557779398877
14900,155.0,20.0,0.0,20.0,5.0,0.0,3.5307557779398877
14901,155.0,21.0,0.0,21.0,2.0,0.11796462285651328,3.648720400796401
14902,155.0,22.0,0.0,22.0,7.0,0.2442715151719623,3.8929919159683632
14903,155.0,23.0,0.0,23.0,3.0,0.6012094297445113,4.494201345712875
14904,155.0,24.0,0.0,24.0,3.0,0.14109950605318325,4.635300851766058
14905,155.0,25.0,0.0,25.0,3.0,0.3124487689648274,4.947749620730885
14906,155.0,26.0,0.0,26.0,1.0,0.43077514535649875,5.378524766087384
14907,155.0,27.0,0.0,27.0,1.0,0.23376214866150832,5.612286914748893
14908,155.0,28.0,0.0,28.0,3.0,0.0,5.612286914748893
14909,155.0,29.0,0.0,29.0,7.0,0.1578071467912929,5.770094061540186
14910,155.0,30.0,0.0,30.0,1.0,0.0,5.770094061540186
14911,155.0,31.0,0.0,31.0,6.0,0.2888924503251035,6.058986511865289
14912,155.0,32.0,0.0,32.0,4.0,0.30316141851187267,6.362147930377161
14913,155.0,33.0,0.0,33.0,4.0,0.10013514850155053,6.462283078878712
14914,155.0,34.0,0.0,34.0,6.0,0.5398005436791784,7.00208362255789
14915,155.0,35.0,0.0,35.0,6.0,0.2690884433507071,7.271172065908598
14916,155.0,36.0,0.0,36.0,6.0,0.45661860173922436,7.727790667647822
14917,155.0,37.0,0.0,37.0,6.0,0.45154853925075483,8.179339206898577
14918,155.0,38.0,0.0,38.0,6.0,0.2624626141648409,8.441801821063418
14919,155.0,39.0,0.0,39.0,6.0,0.8113111970305757,9.253113018093995
14920,155.0,40.0,0.0,40.0,6.0,0.470561563191029,9.723674581285024
14921,155.0,41.0,0.0,41.0,6.0,0.4419319569723373,10.165606538257363
14922,155.0,42.0,0.0,42.0,6.0,0.46655973523908206,10.632166273496445
14923,155.0,43.0,0.0,43.0,6.0,0.0,10.632166273496445
14924,155.0,44.0,0.0,44.0,6.0,0.10776919275082603,10.739935466247271
14925,155.0,45.0,0.0,45.0,6.0,0.060843244270408124,10.80077871051768
14926,155.0,46.0,0.0,46.0,6.0,0.3116598759686686,11.112438586486348
14927,155.0,47.0,0.0,47.0,6.0,0.5211461016164569,11.633584688102806
14928,155.0,48.0,0.0,48.0,6.0,0.20104993189686238,11.834634619999669
14929,155.0,49.0,0.0,49.0,2.0,0.1972278864460845,12.031862506445753
14930,155.0,50.0,0.0,50.0,6.0,0.45863258329410067,12.490495089739854
14931,155.0,51.0,0.0,51.0,6.0,0.2380098281042837,12.728504917844138
14932,155.0,52.0,0.0,52.0,6.0,0.2245370227069958,12.953041940551133
14933,155.0,53.0,0.0,53.0,6.0,0.5609494988696637,13.513991439420796
14934,155.0,54.0,0.0,54.0,6.0,0.7074564648856323,14.221447904306428
14935,155.0,55.0,0.0,55.0,6.0,0.019802180604578484,14.241250084911007
14936,155.0,56.0,0.0,56.0,6.0,0.3286820084901565,14.569932093401164
14937,155.0,57.0,0.0,57.0,6.0,0.08569355050034418,14.655625643901509
14938,155.0,58.0,0.0,58.0,0.0,0.12325565854824504,14.778881302449754
14939,155.0,59.0,0.0,59.0,3.0,0.008668876753709993,14.787550179203464
14940,155.0,60.0,0.0,60.0,6.0,0.1440283701753274,14.931578549378791
14941,155.0,61.0,0.0,61.0,1.0,0.0,14.931578549378791
14942,155.0,62.0,0.0,62.0,7.0,0.0,14.931578549378791
14943,155.0,63.0,0.0,63.0,2.0,0.08113905787797616,15.012717607256768
14944,155.0,64.0,0.0,64.0,6.0,0.05187143270467871,15.064589039961447
14945,155.0,65.0,0.0,65.0,6.0,0.8206264844566112,15.885215524418058
14946,155.0,66.0,0.0,66.0,6.0,0.43814959519287755,16.323365119610937
14947,155.0,67.0,0.0,67.0,6.0,0.1370475401392327,16.46041265975017
14948,155.0,68.0,0.0,68.0,6.0,0.06692797541129325,16.527340635161462
14949,155.0,69.0,0.0,69.0,6.0,0.0,16.527340635161462
14950,155.0,70.0,0.0,70.0,4.0,0.36899642420942863,16.89633705937089
14951,155.0,71.0,0.0,71.0,4.0,0.2459794118468931,17.142316471217782
14952,155.0,72.0,0.0,72.0,4.0,0.014489782945512395,17.156806254163296
14953,155.0,73.0,0.0,73.0,6.0,0.19237477602684144,17.349181030190138
14954,155.0,74.0,0.0,74.0,3.0,0.45250052602955393,17.80168155621969
14955,155.0,75.0,0.0,75.0,3.0,0.07764731871057673,17.879328874930266
14956,155.0,76.0,0.0,76.0,6.0,0.18216968160881716,18.06149855653908
14957,155.0,77.0,0.0,77.0,1.0,0.11675306462359378,18.178251621162676
14958,155.0,78.0,0.0,78.0,6.0,0.18788376889070377,18.36613539005338
14959,155.0,79.0,0.0,79.0,3.0,0.2285348190821269,18.594670209135508
14960,155.0,80.0,0.0,80.0,6.0,0.31122773400729964,18.905897943142808
14961,155.0,81.0,0.0,81.0,0.0,0.0,18.905897943142808
14962,155.0,82.0,0.0,82.0,2.0,0.2064163726873327,19.11231431583014
14963,155.0,83.0,0.0,83.0,6.0,0.0,19.11231431583014
14964,155.0,84.0,0.0,84.0,3.0,0.22459010399443233,19.336904419824574
14965,155.0,85.0,0.0,85.0,6.0,0.0989051148392537,19.43580953466383
14966,155.0,86.0,0.0,86.0,2.0,0.40138850547070165,19.83719804013453
14967,155.0,87.0,0.0,87.0,2.0,0.2822795401633952,20.119477580297925
14968,155.0,88.0,0.0,88.0,2.0,0.40364005699886474,20.52311763729679
14969,155.0,89.0,0.0,89.0,2.0,0.16196479063327046,20.68508242793006
14970,155.0,90.0,0.0,90.0,2.0,0.0,20.68508242793006
14971,155.0,91.0,0.0,91.0,3.0,0.30727719064634834,20.99235961857641
14972,155.0,92.0,0.0,92.0,3.0,0.20758298031156905,21.199942598887976
14973,155.0,93.0,0.0,93.0,4.0,0.42565478925164,21.625597388139617
14974,155.0,94.0,0.0,94.0,4.0,0.0,21.625597388139617
14975,155.0,95.0,0.0,95.0,1.0,0.35164524988197277,21.97724263802159
14976,156.0,0.0,0.0,0.0,0.0,0.0,0.0
14977,156.0,1.0,0.0,1.0,1.0,0.0772841125499467,0.0772841125499467
14978,156.0,2.0,0.0,2.0,2.0,0.7236703978770197,0.8009545104269664
14979,156.0,3.0,0.0,3.0,3.0,0.0,0.8009545104269664
14980,156.0,4.0,0.0,4.0,4.0,0.5401870119994172,1.3411415224263836
14981,156.0,5.0,0.0,5.0,5.0,0.2305694971756699,1.5717110196020536
14982,156.0,6.0,0.0,6.0,6.0,0.0,1.5717110196020536
14983,156.0,7.0,0.0,7.0,7.0,0.25759234324777713,1.8293033628498307
14984,156.0,8.0,0.0,8.0,2.0,0.38831574574861955,2.2176191085984502
14985,156.0,9.0,0.0,9.0,4.0,0.10016360891352999,2.3177827175119803
14986,156.0,10.0,0.0,10.0,2.0,0.07300531851332406,2.390788036025304
14987,156.0,11.0,0.0,11.0,7.0,0.04671064980753169,2.437498685832836
14988,156.0,12.0,0.0,12.0,5.0,0.07527754375067446,2.5127762295835105
14989,156.0,13.0,0.0,13.0,2.0,0.11327101634064082,2.6260472459241515
14990,156.0,14.0,0.0,14.0,4.0,0.6296318563139507,3.255679102238102
14991,156.0,15.0,0.0,15.0,4.0,0.03512950138498507,3.2908086036230872
14992,156.0,16.0,0.0,16.0,1.0,0.0,3.2908086036230872
14993,156.0,17.0,0.0,17.0,4.0,0.020723335122281958,3.311531938745369
14994,156.0,18.0,0.0,18.0,2.0,0.3746667969555425,3.6861987357009114
14995,156.0,19.0,0.0,19.0,2.0,0.07183681467559985,3.758035550376511
14996,156.0,20.0,0.0,20.0,5.0,0.1271290746976771,3.885164625074188
14997,156.0,21.0,0.0,21.0,7.0,0.037894009123875756,3.923058634198064
14998,156.0,22.0,0.0,22.0,0.0,0.17361444276394056,4.096673076962005
14999,156.0,23.0,0.0,23.0,3.0,0.10860300214653837,4.205276079108543
15000,156.0,24.0,0.0,24.0,6.0,0.46655973523908206,4.6718358143476255
15001,156.0,25.0,0.0,25.0,6.0,0.592467301916092,5.264303116263718
15002,156.0,26.0,0.0,26.0,6.0,0.0,5.264303116263718
15003,156.0,27.0,0.0,27.0,6.0,0.456597589962221,5.7209007062259385
15004,156.0,28.0,0.0,28.0,6.0,0.41014276344445866,6.131043469670397
15005,156.0,29.0,0.0,29.0,6.0,0.1350995944228713,6.266143064093268
15006,156.0,30.0,0.0,30.0,2.0,0.6257180907935707,6.891861154886839
15007,156.0,31.0,0.0,31.0,2.0,0.0072074941480090105,6.899068649034848
15008,156.0,32.0,0.0,32.0,4.0,0.014489782945512395,6.91355843198036
15009,156.0,33.0,0.0,33.0,6.0,0.14053761898862807,7.0540960509689885
15010,156.0,34.0,0.0,34.0,2.0,0.047006242528397114,7.1011022934973855
15011,156.0,35.0,0.0,35.0,6.0,0.15870422142553076,7.259806514922916
15012,156.0,36.0,0.0,36.0,0.0,0.0,7.259806514922916
15013,156.0,37.0,0.0,37.0,2.0,0.38230358492209854,7.642110099845015
15014,156.0,38.0,0.0,38.0,2.0,0.2697227342029752,7.91183283404799
15015,156.0,39.0,0.0,39.0,5.0,0.0,7.91183283404799
15016,156.0,40.0,0.0,40.0,2.0,0.20274467364983373,8.114577507697824
15017,156.0,41.0,0.0,41.0,6.0,0.07179891276627816,8.186376420464102
15018,156.0,42.0,0.0,42.0,4.0,0.6273379479591693,8.813714368423271
15019,156.0,43.0,0.0,43.0,4.0,0.0,8.813714368423271
15020,156.0,44.0,0.0,44.0,4.0,0.3505563668212525,9.164270735244523
15021,156.0,45.0,0.0,45.0,4.0,0.35662687216539196,9.520897607409916
15022,156.0,46.0,0.0,46.0,4.0,0.619788147899107,10.140685755309022
15023,156.0,47.0,0.0,47.0,4.0,0.35410539327964946,10.494791148588671
15024,156.0,48.0,0.0,48.0,4.0,0.45159698088013056,10.946388129468803
15025,156.0,49.0,0.0,49.0,4.0,0.062174288129666674,11.008562417598469
15026,156.0,50.0,0.0,50.0,4.0,0.0456160838408476,11.054178501439317
15027,156.0,51.0,0.0,51.0,2.0,0.20166360592346178,11.25584210736278
15028,156.0,52.0,0.0,52.0,4.0,0.41110112443122054,11.666943231794
15029,156.0,53.0,0.0,53.0,4.0,0.15383977509268065,11.820783006886682
15030,156.0,54.0,0.0,54.0,3.0,0.01013449636003612,11.830917503246718
15031,156.0,55.0,0.0,55.0,2.0,0.01598791051695434,11.846905413763674
15032,156.0,56.0,0.0,56.0,7.0,0.09818265512943311,11.945088068893106
15033,156.0,57.0,0.0,57.0,4.0,0.024172346025505487,11.969260414918612
15034,156.0,58.0,0.0,58.0,6.0,0.04396724673097683,12.013227661649589
15035,156.0,59.0,0.0,59.0,1.0,0.29471142430324837,12.307939085952837
15036,156.0,60.0,0.0,60.0,1.0,0.39919928454817294,12.70713837050101
15037,156.0,61.0,0.0,61.0,1.0,0.27119035406226066,12.978328724563271
15038,156.0,62.0,0.0,62.0,1.0,0.31376821855801423,13.292096943121285
15039,156.0,63.0,0.0,63.0,1.0,0.39739577573671786,13.689492718858002
15040,156.0,64.0,0.0,64.0,1.0,0.0,13.689492718858002
15041,156.0,65.0,0.0,65.0,1.0,0.0766334705336081,13.76612618939161
15042,156.0,66.0,0.0,66.0,4.0,0.0,13.76612618939161
15043,156.0,67.0,0.0,67.0,2.0,0.06114289961588151,13.82726908900749
15044,156.0,68.0,0.0,68.0,6.0,0.012576657579367172,13.839845746586859
15045,156.0,69.0,0.0,69.0,1.0,0.38990649885735673,14.229752245444216
15046,156.0,70.0,0.0,70.0,1.0,0.3409891715042017,14.570741416948417
15047,156.0,71.0,0.0,71.0,1.0,0.5506933393432334,15.12143475629165
15048,156.0,72.0,0.0,72.0,1.0,0.06877401020269108,15.190208766494342
15049,156.0,73.0,0.0,73.0,1.0,0.0,15.190208766494342
15050,156.0,74.0,0.0,74.0,4.0,0.12212621641662968,15.312334982910972
15051,156.0,75.0,0.0,75.0,2.0,0.0,15.312334982910972
15052,156.0,76.0,0.0,76.0,1.0,0.4978298030149915,15.810164785925963
15053,156.0,77.0,0.0,77.0,1.0,0.3461068524360502,16.156271638362014
15054,156.0,78.0,0.0,78.0,1.0,0.15225671869257557,16.30852835705459
15055,156.0,79.0,0.0,79.0,1.0,0.1178259592096348,16.426354316264227
15056,156.0,80.0,0.0,80.0,7.0,0.0,16.426354316264227
15057,156.0,81.0,0.0,81.0,5.0,0.15886400702583056,16.585218323290057
15058,156.0,82.0,0.0,82.0,4.0,0.3482376111706019,16.93345593446066
15059,156.0,83.0,0.0,83.0,4.0,0.19670552128951685,17.130161455750176
15060,156.0,84.0,0.0,84.0,1.0,0.03476387852119797,17.164925334271373
15061,156.0,85.0,0.0,85.0,4.0,0.3378213837210231,17.502746717992398
15062,156.0,86.0,0.0,86.0,4.0,0.2914393100528348,17.79418602804523
15063,156.0,87.0,0.0,87.0,4.0,0.13505835684833514,17.92924438489357
15064,156.0,88.0,0.0,88.0,6.0,0.38478252254705636,18.314026907440624
15065,156.0,89.0,0.0,89.0,6.0,0.31122773400729964,18.625254641447924
15066,156.0,90.0,0.0,90.0,6.0,0.0,18.625254641447924
15067,156.0,91.0,0.0,91.0,4.0,0.6548917240652656,19.28014636551319
15068,156.0,92.0,0.0,92.0,4.0,0.07151951990290359,19.351665885416093
15069,156.0,93.0,0.0,93.0,4.0,0.0,19.351665885416093
15070,156.0,94.0,0.0,94.0,2.0,0.4898575650501079,19.8415234504662
15071,156.0,95.0,0.0,95.0,2.0,0.0,19.8415234504662
15072,157.0,0.0,0.0,0.0,0.0,0.034072549832249714,0.034072549832249714
15073,157.0,1.0,0.0,1.0,1.0,0.11184940162260157,0.1459219514548513
15074,157.0,2.0,0.0,2.0,2.0,0.5201526156790977,0.666074567133949
15075,157.0,3.0,0.0,3.0,3.0,0.3813698300550875,1.0474443971890364
15076,157.0,4.0,0.0,4.0,4.0,0.35306467064568264,1.400509067834719
15077,157.0,5.0,0.0,5.0,5.0,0.07527754375067446,1.4757866115853935
15078,157.0,6.0,0.0,6.0,6.0,0.1440283701753274,1.6198149817607208
15079,157.0,7.0,0.0,7.0,7.0,0.0,1.6198149817607208
15080,157.0,8.0,0.0,8.0,2.0,0.0,1.6198149817607208
15081,157.0,9.0,0.0,9.0,3.0,0.0,1.6198149817607208
15082,157.0,10.0,0.0,10.0,4.0,0.4262384419390214,2.046053423699742
15083,157.0,11.0,0.0,11.0,4.0,0.03512950138498507,2.081182925084727
15084,157.0,12.0,0.0,12.0,6.0,0.36348110977950954,2.444664034864237
15085,157.0,13.0,0.0,13.0,2.0,0.4833660339380995,2.9280300688023364
15086,157.0,14.0,0.0,14.0,2.0,0.482186826413389,3.4102168952157252
15087,157.0,15.0,0.0,15.0,2.0,0.6213972006776474,4.031614095893373
15088,157.0,16.0,0.0,16.0,2.0,0.038723990899334274,4.070338086792707
15089,157.0,17.0,0.0,17.0,1.0,0.023156626925220768,4.093494713717927
15090,157.0,18.0,0.0,18.0,6.0,0.002161454739645614,4.095656168457573
15091,157.0,19.0,0.0,19.0,5.0,0.049917863914325566,4.145574032371899
15092,157.0,20.0,0.0,20.0,2.0,0.15436321182083243,4.299937244192731
15093,157.0,21.0,0.0,21.0,4.0,0.15590532879380598,4.455842572986537
15094,157.0,22.0,0.0,22.0,3.0,0.37470943161685766,4.830552004603395
15095,157.0,23.0,0.0,23.0,3.0,0.04102795575974671,4.871579960363142
15096,157.0,24.0,0.0,24.0,0.0,0.12503130792408373,4.996611268287225
15097,157.0,25.0,0.0,25.0,2.0,0.032480183465739686,5.029091451752965
15098,157.0,26.0,0.0,26.0,7.0,0.0,5.029091451752965
15099,157.0,27.0,0.0,27.0,4.0,0.07465631834671323,5.1037477700996785
15100,157.0,28.0,0.0,28.0,2.0,0.15868138789215788,5.2624291579918365
15101,157.0,29.0,0.0,29.0,6.0,0.08900059238186646,5.351429750373703
15102,157.0,30.0,0.0,30.0,3.0,0.056484563299236415,5.40791431367294
15103,157.0,31.0,0.0,31.0,2.0,0.0,5.40791431367294
15104,157.0,32.0,0.0,32.0,0.0,0.10953556120793838,5.517449874880878
15105,157.0,33.0,0.0,33.0,4.0,0.3845164824990986,5.901966357379977
15106,157.0,34.0,0.0,34.0,4.0,0.10013514850155053,6.0021015058815275
15107,157.0,35.0,0.0,35.0,1.0,0.0,6.0021015058815275
15108,157.0,36.0,0.0,36.0,5.0,0.16771754750020024,6.169819053381728
15109,157.0,37.0,0.0,37.0,4.0,0.0,6.169819053381728
15110,157.0,38.0,0.0,38.0,2.0,0.6257180907935707,6.795537144175299
15111,157.0,39.0,0.0,39.0,2.0,0.153056971216033,6.948594115391332
15112,157.0,40.0,0.0,40.0,2.0,0.5537602076296071,7.502354323020939
15113,157.0,41.0,0.0,41.0,2.0,0.1731947690353173,7.675549092056257
15114,157.0,42.0,0.0,42.0,2.0,0.31838380442486014,7.993932896481117
15115,157.0,43.0,0.0,43.0,2.0,0.4472118799386729,8.44114477641979
15116,157.0,44.0,0.0,44.0,2.0,0.07300531851332406,8.514150094933115
15117,157.0,45.0,0.0,45.0,2.0,0.2732812363944383,8.787431331327554
15118,157.0,46.0,0.0,46.0,2.0,0.30371061480436934,9.091141946131923
15119,157.0,47.0,0.0,47.0,6.0,0.7330812715508707,9.824223217682794
15120,157.0,48.0,0.0,48.0,6.0,0.5064850022994652,10.33070821998226
15121,157.0,49.0,0.0,49.0,6.0,0.12662947121033713,10.457337691192597
15122,157.0,50.0,0.0,50.0,6.0,0.19720425874379977,10.654541949936396
15123,157.0,51.0,0.0,51.0,6.0,0.1938598477639666,10.848401797700364
15124,157.0,52.0,0.0,52.0,6.0,0.38478252254705636,11.23318432024742
15125,157.0,53.0,0.0,53.0,6.0,0.5398005436791784,11.772984863926597
15126,157.0,54.0,0.0,54.0,6.0,0.398606424860819,12.171591288787416
15127,157.0,55.0,0.0,55.0,6.0,0.012576657579367172,12.184167946366784
15128,157.0,56.0,0.0,56.0,6.0,0.10821198863204971,12.292379934998834
15129,157.0,57.0,0.0,57.0,6.0,0.20104993189686238,12.493429866895697
15130,157.0,58.0,0.0,58.0,2.0,0.3195571986524608,12.812987065548159
15131,157.0,59.0,0.0,59.0,2.0,0.0072074941480090105,12.820194559696168
15132,157.0,60.0,0.0,60.0,6.0,0.14418838926849195,12.96438294896466
15133,157.0,61.0,0.0,61.0,3.0,0.04429925980485249,13.008682208769512
15134,157.0,62.0,0.0,62.0,5.0,0.07377049642032883,13.08245270518984
15135,157.0,63.0,0.0,63.0,6.0,0.5721185095518746,13.654571214741715
15136,157.0,64.0,0.0,64.0,6.0,0.5211461016164569,14.175717316358172
15137,157.0,65.0,0.0,65.0,6.0,0.8206264844566112,14.996343800814783
15138,157.0,66.0,0.0,66.0,6.0,0.08326994649709853,15.079613747311882
15139,157.0,67.0,0.0,67.0,6.0,0.2690884433507071,15.34870219066259
15140,157.0,68.0,0.0,68.0,6.0,0.41014276344445866,15.758844954107047
15141,157.0,69.0,0.0,69.0,6.0,0.0,15.758844954107047
15142,157.0,70.0,0.0,70.0,6.0,0.3045366457502025,16.06338159985725
15143,157.0,71.0,0.0,71.0,6.0,0.19237477602684144,16.255756375884094
15144,157.0,72.0,0.0,72.0,6.0,0.5198631933975867,16.77561956928168
15145,157.0,73.0,0.0,73.0,6.0,0.02152766918353003,16.79714723846521
15146,157.0,74.0,0.0,74.0,6.0,0.1350995944228713,16.932246832888083
15147,157.0,75.0,0.0,75.0,2.0,0.0,16.932246832888083
15148,157.0,76.0,0.0,76.0,6.0,0.12433874510598864,17.05658557799407
15149,157.0,77.0,0.0,77.0,0.0,0.0,17.05658557799407
15150,157.0,78.0,0.0,78.0,6.0,0.36321665879061876,17.41980223678469
15151,157.0,79.0,0.0,79.0,6.0,0.7074564648856323,18.12725870167032
15152,157.0,80.0,0.0,80.0,6.0,0.09243667781140737,18.219695379481728
15153,157.0,81.0,0.0,81.0,6.0,0.3116598759686686,18.531355255450396
15154,157.0,82.0,0.0,82.0,6.0,0.0,18.531355255450396
15155,157.0,83.0,0.0,83.0,4.0,0.0,18.531355255450396
15156,157.0,84.0,0.0,84.0,6.0,0.29928972735028064,18.830644982800678
15157,157.0,85.0,0.0,85.0,2.0,0.025277121047566284,18.855922103848243
15158,157.0,86.0,0.0,86.0,6.0,0.060843244270408124,18.916765348118652
15159,157.0,87.0,0.0,87.0,6.0,0.46621206372626145,19.382977411844912
15160,157.0,88.0,0.0,88.0,6.0,0.18788376889070377,19.570861180735616
15161,157.0,89.0,0.0,89.0,6.0,0.528994261355651,20.09985544209127
15162,157.0,90.0,0.0,90.0,6.0,0.10776919275082603,20.207624634842094
15163,157.0,91.0,0.0,91.0,6.0,0.2624626141648409,20.470087249006934
15164,157.0,92.0,0.0,92.0,6.0,0.40586275112066333,20.875950000127595
15165,157.0,93.0,0.0,93.0,6.0,0.18466604549596066,21.060616045623554
15166,157.0,94.0,0.0,94.0,6.0,0.7615432087357681,21.822159254359324
15167,157.0,95.0,0.0,95.0,6.0,0.525530725813632,22.347689980172955
15168,158.0,0.0,0.0,0.0,0.0,0.1801451502088366,0.1801451502088366
15169,158.0,1.0,0.0,1.0,1.0,0.09271436829694825,0.2728595185057848
15170,158.0,2.0,0.0,2.0,2.0,0.40138850547070165,0.6742480239764865
15171,158.0,3.0,0.0,3.0,3.0,0.03301525633795021,0.7072632803144367
15172,158.0,4.0,0.0,4.0,4.0,0.12626645153161312,0.8335297318460498
15173,158.0,5.0,0.0,5.0,5.0,0.16528919434875355,0.9988189261948034
15174,158.0,6.0,0.0,6.0,6.0,0.10776919275082603,1.1065881189456295
15175,158.0,7.0,0.0,7.0,7.0,0.0459894712458177,1.1525775901914472
15176,158.0,8.0,0.0,8.0,2.0,0.025277121047566284,1.1778547112390134
15177,158.0,9.0,0.0,9.0,0.0,0.06806513547863605,1.2459198467176495
15178,158.0,10.0,0.0,10.0,5.0,0.3041591797941908,1.5500790265118405
15179,158.0,11.0,0.0,11.0,4.0,0.28973804014574706,1.8398170666575875
15180,158.0,12.0,0.0,12.0,6.0,0.43814959519287755,2.2779666618504653
15181,158.0,13.0,0.0,13.0,6.0,0.012116503352960235,2.2900831652034257
15182,158.0,14.0,0.0,14.0,1.0,0.22346138720261824,2.513544552406044
15183,158.0,15.0,0.0,15.0,5.0,0.027814322711726475,2.5413588751177705
15184,158.0,16.0,0.0,16.0,2.0,0.6027562012237242,3.1441150763414947
15185,158.0,17.0,0.0,17.0,2.0,0.0,3.1441150763414947
15186,158.0,18.0,0.0,18.0,4.0,0.6296318563139507,3.7737469326554454
15187,158.0,19.0,0.0,19.0,4.0,0.5318065204421886,4.305553453097634
15188,158.0,20.0,0.0,20.0,4.0,0.0,4.305553453097634
15189,158.0,21.0,0.0,21.0,7.0,0.45898782090217066,4.7645412739998045
15190,158.0,22.0,0.0,22.0,7.0,0.4478551091326492,5.212396383132454
15191,158.0,23.0,0.0,23.0,7.0,0.11533761676746272,5.327733999899917
15192,158.0,24.0,0.0,24.0,4.0,0.29965634577184486,5.6273903456717616
15193,158.0,25.0,0.0,25.0,3.0,0.12846371562476425,5.755854061296525
15194,158.0,26.0,0.0,26.0,7.0,0.14046681190174445,5.8963208731982695
15195,158.0,27.0,0.0,27.0,4.0,0.15383977509268065,6.05016064829095
15196,158.0,28.0,0.0,28.0,1.0,0.04845925959332829,6.098619907884278
15197,158.0,29.0,0.0,29.0,2.0,0.3083246732118922,6.4069445810961705
15198,158.0,30.0,0.0,30.0,2.0,0.0,6.4069445810961705
15199,158.0,31.0,0.0,31.0,4.0,0.45159698088013056,6.858541561976301
15200,158.0,32.0,0.0,32.0,4.0,0.5370312334100855,7.395572795386387
15201,158.0,33.0,0.0,33.0,4.0,0.0702652958566233,7.46583809124301
15202,158.0,34.0,0.0,34.0,0.0,0.1369825643388808,7.602820655581891
15203,158.0,35.0,0.0,35.0,6.0,0.5398005436791784,8.14262119926107
15204,158.0,36.0,0.0,36.0,6.0,0.528994261355651,8.67161546061672
15205,158.0,37.0,0.0,37.0,6.0,0.6681191236917254,9.339734584308447
15206,158.0,38.0,0.0,38.0,6.0,0.3116598759686686,9.651394460277116
15207,158.0,39.0,0.0,39.0,6.0,0.5199951664423675,10.171389626719483
15208,158.0,40.0,0.0,40.0,6.0,0.20751175649518033,10.378901383214663
15209,158.0,41.0,0.0,41.0,6.0,0.19330425654839078,10.572205639763053
15210,158.0,42.0,0.0,42.0,6.0,0.04396724673097683,10.61617288649403
15211,158.0,43.0,0.0,43.0,6.0,0.06692797541129325,10.683100861905324
15212,158.0,44.0,0.0,44.0,4.0,0.16403310077668387,10.847133962682008
15213,158.0,45.0,0.0,45.0,7.0,0.12720264438925566,10.974336607071264
15214,158.0,46.0,0.0,46.0,5.0,0.190094615722883,11.164431222794146
15215,158.0,47.0,0.0,47.0,6.0,0.0,11.164431222794146
15216,158.0,48.0,0.0,48.0,4.0,0.8641538969732209,12.028585119767367
15217,158.0,49.0,0.0,49.0,4.0,0.020723335122281958,12.04930845488965
15218,158.0,50.0,0.0,50.0,4.0,0.04666036375174277,12.095968818641392
15219,158.0,51.0,0.0,51.0,3.0,0.1800108644972652,12.275979683138658
15220,158.0,52.0,0.0,52.0,4.0,0.1469609607874088,12.422940643926067
15221,158.0,53.0,0.0,53.0,2.0,0.3981486247182143,12.82108926864428
15222,158.0,54.0,0.0,54.0,2.0,0.11327101634064082,12.93436028498492
15223,158.0,55.0,0.0,55.0,7.0,0.09266762551682779,13.027027910501749
15224,158.0,56.0,0.0,56.0,5.0,0.21528111200447786,13.242309022506227
15225,158.0,57.0,0.0,57.0,6.0,0.18466604549596066,13.426975068002188
15226,158.0,58.0,0.0,58.0,4.0,0.005519628586349254,13.432494696588536
15227,158.0,59.0,0.0,59.0,0.0,0.03603438649963739,13.468529083088173
15228,158.0,60.0,0.0,60.0,1.0,0.14788550522949867,13.61641458831767
15229,158.0,61.0,0.0,61.0,2.0,0.20274467364983373,13.819159261967505
15230,158.0,62.0,0.0,62.0,6.0,0.11636299692256234,13.935522258890067
15231,158.0,63.0,0.0,63.0,5.0,0.3655504969632712,14.301072755853339
15232,158.0,64.0,0.0,64.0,5.0,0.31773180429062425,14.618804560143962
15233,158.0,65.0,0.0,65.0,5.0,0.0,14.618804560143962
15234,158.0,66.0,0.0,66.0,3.0,0.12261651967535435,14.741421079819316
15235,158.0,67.0,0.0,67.0,4.0,0.014489782945512395,14.755910862764829
15236,158.0,68.0,0.0,68.0,2.0,0.0073944663165102,14.763305329081339
15237,158.0,69.0,0.0,69.0,7.0,0.24291591879383728,15.006221247875176
15238,158.0,70.0,0.0,70.0,6.0,0.5609494988696637,15.56717074674484
15239,158.0,71.0,0.0,71.0,6.0,0.470561563191029,16.03773230993587
15240,158.0,72.0,0.0,72.0,6.0,0.2091349837990253,16.246867293734894
15241,158.0,73.0,0.0,73.0,6.0,0.14053761898862807,16.38740491272352
15242,158.0,74.0,0.0,74.0,6.0,0.15870422142553076,16.546109134149052
15243,158.0,75.0,0.0,75.0,6.0,0.7074564648856323,17.253565599034683
15244,158.0,76.0,0.0,76.0,6.0,0.08544920153663012,17.339014800571313
15245,158.0,77.0,0.0,77.0,6.0,0.45661860173922436,17.795633402310536
15246,158.0,78.0,0.0,78.0,6.0,0.3286820084901565,18.12431541080069
15247,158.0,79.0,0.0,79.0,6.0,0.4832391209848758,18.607554531785567
15248,158.0,80.0,0.0,80.0,6.0,0.31122773400729964,18.918782265792867
15249,158.0,81.0,0.0,81.0,6.0,0.04941931180611817,18.968201577598986
15250,158.0,82.0,0.0,82.0,6.0,0.02152766918353003,18.989729246782517
15251,158.0,83.0,0.0,83.0,7.0,0.7375721814246866,19.727301428207202
15252,158.0,84.0,0.0,84.0,7.0,0.04103739105239522,19.768338819259597
15253,158.0,85.0,0.0,85.0,7.0,0.04671064980753169,19.81504946906713
15254,158.0,86.0,0.0,86.0,1.0,0.1735308598711164,19.988580328938248
15255,158.0,87.0,0.0,87.0,7.0,0.25759234324777713,20.246172672186024
15256,158.0,88.0,0.0,88.0,6.0,0.4025312660474192,20.648703938233442
15257,158.0,89.0,0.0,89.0,6.0,0.25249491253368417,20.901198850767127
15258,158.0,90.0,0.0,90.0,4.0,0.35410539327964946,21.255304244046776
15259,158.0,91.0,0.0,91.0,4.0,0.6166947510523849,21.871998995099162
15260,158.0,92.0,0.0,92.0,4.0,0.6928212275644872,22.56482022266365
15261,158.0,93.0,0.0,93.0,4.0,0.2965977540714963,22.861417976735144
15262,158.0,94.0,0.0,94.0,4.0,0.26227852312629674,23.123696499861442
15263,158.0,95.0,0.0,95.0,4.0,0.21617570620019438,23.339872206061635
15264,159.0,0.0,0.0,0.0,0.0,0.16628996392507772,0.16628996392507772
15265,159.0,1.0,0.0,1.0,1.0,0.2977196118715112,0.4640095757965889
15266,159.0,2.0,0.0,2.0,2.0,0.39818203123925505,0.862191607035844
15267,159.0,3.0,0.0,3.0,3.0,0.27104019678738106,1.133231803823225
15268,159.0,4.0,0.0,4.0,4.0,0.0,1.133231803823225
15269,159.0,5.0,0.0,5.0,5.0,0.2548228037622788,1.3880546075855038
15270,159.0,6.0,0.0,6.0,6.0,0.4025312660474192,1.790585873632923
15271,159.0,7.0,0.0,7.0,7.0,0.6946860763679339,2.4852719500008567
15272,159.0,8.0,0.0,8.0,7.0,0.0,2.4852719500008567
15273,159.0,9.0,0.0,9.0,6.0,0.02152766918353003,2.506799619184387
15274,159.0,10.0,0.0,10.0,2.0,0.537148762474358,3.043948381658745
15275,159.0,11.0,0.0,11.0,2.0,0.25637356125238836,3.3003219429111335
15276,159.0,12.0,0.0,12.0,1.0,0.09767182935369328,3.397993772264827
15277,159.0,13.0,0.0,13.0,3.0,0.15771312543106009,3.5557068976958868
15278,159.0,14.0,0.0,14.0,5.0,0.4034908793754677,3.9591977770713545
15279,159.0,15.0,0.0,15.0,7.0,0.4048413410201004,4.364039118091455
15280,159.0,16.0,0.0,16.0,2.0,0.0,4.364039118091455
15281,159.0,17.0,0.0,17.0,5.0,0.061655103827774414,4.42569422191923
15282,159.0,18.0,0.0,18.0,0.0,0.05684979826683998,4.48254402018607
15283,159.0,19.0,0.0,19.0,7.0,0.3522479878918014,4.834792008077871
15284,159.0,20.0,0.0,20.0,7.0,0.6820921113526627,5.516884119430534
15285,159.0,21.0,0.0,21.0,7.0,0.0,5.516884119430534
15286,159.0,22.0,0.0,22.0,3.0,0.12405932762911029,5.6409434470596445
15287,159.0,23.0,0.0,23.0,6.0,0.31122773400729964,5.952171181066944
15288,159.0,24.0,0.0,24.0,7.0,0.0,5.952171181066944
15289,159.0,25.0,0.0,25.0,1.0,0.0,5.952171181066944
15290,159.0,26.0,0.0,26.0,2.0,0.2641208848836428,6.216292065950587
15291,159.0,27.0,0.0,27.0,6.0,0.23042860433100323,6.44672067028159
15292,159.0,28.0,0.0,28.0,5.0,0.2501458808505047,6.696866551132095
15293,159.0,29.0,0.0,29.0,2.0,0.0,6.696866551132095
15294,159.0,30.0,0.0,30.0,4.0,0.0,6.696866551132095
15295,159.0,31.0,0.0,31.0,7.0,0.45856256848509114,7.155429119617185
15296,159.0,32.0,0.0,32.0,7.0,0.21288313045197185,7.368312250069157
15297,159.0,33.0,0.0,33.0,5.0,0.1271290746976771,7.495441324766834
15298,159.0,34.0,0.0,34.0,6.0,0.14053761898862807,7.635978943755463
15299,159.0,35.0,0.0,35.0,7.0,0.04103739105239522,7.677016334807858
15300,159.0,36.0,0.0,36.0,3.0,0.25616649659567714,7.933182831403535
15301,159.0,37.0,0.0,37.0,0.0,0.18031182752271988,8.113494658926255
15302,159.0,38.0,0.0,38.0,3.0,0.07153296251594632,8.1850276214422
15303,159.0,39.0,0.0,39.0,2.0,0.2064163726873327,8.391443994129533
15304,159.0,40.0,0.0,40.0,6.0,0.18788376889070377,8.579327763020236
15305,159.0,41.0,0.0,41.0,5.0,0.13613113582277864,8.715458898843016
15306,159.0,42.0,0.0,42.0,7.0,0.35893392020488385,9.0743928190479
15307,159.0,43.0,0.0,43.0,7.0,0.30489283886315693,9.379285657911057
15308,159.0,44.0,0.0,44.0,7.0,0.8098490283050879,10.189134686216144
15309,159.0,45.0,0.0,45.0,7.0,0.5762895628867217,10.765424249102866
15310,159.0,46.0,0.0,46.0,7.0,0.06166327491542525,10.82708752401829
15311,159.0,47.0,0.0,47.0,7.0,0.25759234324777713,11.084679867266068
15312,159.0,48.0,0.0,48.0,7.0,0.658941602314391,11.743621469580459
15313,159.0,49.0,0.0,49.0,7.0,0.0056253172433511625,11.74924678682381
15314,159.0,50.0,0.0,50.0,7.0,0.025365823974029863,11.77461261079784
15315,159.0,51.0,0.0,51.0,2.0,0.5927850394971269,12.367397650294967
15316,159.0,52.0,0.0,52.0,2.0,0.0,12.367397650294967
15317,159.0,53.0,0.0,53.0,7.0,0.037894009123875756,12.405291659418843
15318,159.0,54.0,0.0,54.0,0.0,0.1908288003675769,12.59612045978642
15319,159.0,55.0,0.0,55.0,1.0,0.0772841125499467,12.673404572336366
15320,159.0,56.0,0.0,56.0,6.0,0.38478252254705636,13.058187094883422
15321,159.0,57.0,0.0,57.0,6.0,0.04941931180611817,13.107606406689541
15322,159.0,58.0,0.0,58.0,2.0,0.289774682159023,13.397381088848565
15323,159.0,59.0,0.0,59.0,2.0,0.1670621200099897,13.564443208858554
15324,159.0,60.0,0.0,60.0,5.0,0.0,13.564443208858554
15325,159.0,61.0,0.0,61.0,7.0,0.0,13.564443208858554
15326,159.0,62.0,0.0,62.0,3.0,0.17859802399158817,13.743041232850143
15327,159.0,63.0,0.0,63.0,0.0,0.17361444276394056,13.916655675614082
15328,159.0,64.0,0.0,64.0,2.0,0.11886118707131776,14.0355168626854
15329,159.0,65.0,0.0,65.0,6.0,0.2380098281042837,14.273526690789684
15330,159.0,66.0,0.0,66.0,7.0,0.1578071467912929,14.431333837580976
15331,159.0,67.0,0.0,67.0,6.0,0.0,14.431333837580976
15332,159.0,68.0,0.0,68.0,7.0,0.3523297046050333,14.783663542186009
15333,159.0,69.0,0.0,69.0,7.0,0.10038865027494817,14.884052192460956
15334,159.0,70.0,0.0,70.0,3.0,0.19321782807184884,15.077270020532804
15335,159.0,71.0,0.0,71.0,2.0,0.3981486247182143,15.475418645251018
15336,159.0,72.0,0.0,72.0,2.0,0.1113616455486472,15.586780290799666
15337,159.0,73.0,0.0,73.0,0.0,0.0,15.586780290799666
15338,159.0,74.0,0.0,74.0,7.0,0.22951623073539107,15.816296521535058
15339,159.0,75.0,0.0,75.0,2.0,0.19074406487779483,16.007040586412852
15340,159.0,76.0,0.0,76.0,7.0,0.4259437601209804,16.432984346533832
15341,159.0,77.0,0.0,77.0,7.0,0.0,16.432984346533832
15342,159.0,78.0,0.0,78.0,1.0,0.23702024352928716,16.67000459006312
15343,159.0,79.0,0.0,79.0,3.0,0.1800108644972652,16.850015454560385
15344,159.0,80.0,0.0,80.0,1.0,0.2107072265151842,17.060722681075568
15345,159.0,81.0,0.0,81.0,5.0,0.6427319227634976,17.703454603839067
15346,159.0,82.0,0.0,82.0,5.0,0.562081128391816,18.265535732230884
15347,159.0,83.0,0.0,83.0,5.0,0.19914789524586868,18.464683627476752
15348,159.0,84.0,0.0,84.0,5.0,0.015747168809085662,18.480430796285837
15349,159.0,85.0,0.0,85.0,5.0,0.5396395039110845,19.02007030019692
15350,159.0,86.0,0.0,86.0,5.0,0.012731154762606778,19.032801454959525
15351,159.0,87.0,0.0,87.0,5.0,0.040966979361581224,19.073768434321106
15352,159.0,88.0,0.0,88.0,5.0,0.33067682826060296,19.40444526258171
15353,159.0,89.0,0.0,89.0,5.0,0.3671116304857597,19.77155689306747
15354,159.0,90.0,0.0,90.0,5.0,0.1812152791592592,19.95277217222673
15355,159.0,91.0,0.0,91.0,2.0,0.3004714236147025,20.253243595841433
15356,159.0,92.0,0.0,92.0,2.0,0.31838380442486014,20.571627400266294
15357,159.0,93.0,0.0,93.0,2.0,0.1588172883297803,20.730444688596073
15358,159.0,94.0,0.0,94.0,5.0,0.3041591797941908,21.034603868390263
15359,159.0,95.0,0.0,95.0,5.0,0.13948261044307597,21.17408647883334
15360,160.0,0.0,0.0,0.0,0.0,0.14166395096102197,0.14166395096102197
15361,160.0,1.0,0.0,1.0,1.0,0.1735308598711164,0.3151948108321384
15362,160.0,2.0,0.0,2.0,2.0,0.1113616455486472,0.4265564563807856
15363,160.0,3.0,0.0,3.0,3.0,0.0,0.4265564563807856
15364,160.0,4.0,0.0,4.0,4.0,0.12626645153161312,0.5528229079123987
15365,160.0,5.0,0.0,5.0,5.0,0.31773180429062425,0.870554712203023
15366,160.0,6.0,0.0,6.0,6.0,0.39899739331314654,1.2695521055161696
15367,160.0,7.0,0.0,7.0,7.0,0.04239551508702711,1.3119476206031968
15368,160.0,8.0,0.0,8.0,6.0,0.3286820084901565,1.6406296290933533
15369,160.0,9.0,0.0,9.0,5.0,0.13948261044307597,1.7801122395364293
15370,160.0,10.0,0.0,10.0,6.0,0.0206337541478017,1.800745993684231
15371,160.0,11.0,0.0,11.0,1.0,0.09271436829694825,1.8934603619811792
15372,160.0,12.0,0.0,12.0,0.0,0.4680805035123675,2.361540865493547
15373,160.0,13.0,0.0,13.0,0.0,0.2947614129510977,2.6563022784446444
15374,160.0,14.0,0.0,14.0,4.0,0.15027538281192757,2.806577661256572
15375,160.0,15.0,0.0,15.0,2.0,0.20274467364983373,3.0093223349064058
15376,160.0,16.0,0.0,16.0,0.0,0.2356382760871811,3.2449606109935867
15377,160.0,17.0,0.0,17.0,5.0,0.3614743312712399,3.6064349422648267
15378,160.0,18.0,0.0,18.0,5.0,0.07525820400177534,3.681693146266602
15379,160.0,19.0,0.0,19.0,7.0,0.0372746347292418,3.7189677809958437
15380,160.0,20.0,0.0,20.0,6.0,0.7377651793174987,4.456732960313342
15381,160.0,21.0,0.0,21.0,6.0,0.4832391209848758,4.939972081298218
15382,160.0,22.0,0.0,22.0,6.0,0.030996621679545998,4.970968702977764
15383,160.0,23.0,0.0,23.0,6.0,0.0,4.970968702977764
15384,160.0,24.0,0.0,24.0,0.0,0.06806513547863605,5.0390338384564
15385,160.0,25.0,0.0,25.0,2.0,0.1731947690353173,5.212228607491718
15386,160.0,26.0,0.0,26.0,3.0,0.22459010399443233,5.436818711486151
15387,160.0,27.0,0.0,27.0,4.0,0.0702652958566233,5.507084007342774
15388,160.0,28.0,0.0,28.0,1.0,0.6458467227103142,6.152930730053089
15389,160.0,29.0,0.0,29.0,1.0,0.3720624105248227,6.524993140577911
15390,160.0,30.0,0.0,30.0,1.0,0.21774518083343142,6.742738321411343
15391,160.0,31.0,0.0,31.0,1.0,0.236338495393307,6.97907681680465
15392,160.0,32.0,0.0,32.0,1.0,0.40114156826807473,7.380218385072724
15393,160.0,33.0,0.0,33.0,1.0,0.8012578002674544,8.181476185340179
15394,160.0,34.0,0.0,34.0,1.0,0.0,8.181476185340179
15395,160.0,35.0,0.0,35.0,1.0,0.0,8.181476185340179
15396,160.0,36.0,0.0,36.0,6.0,0.5398005436791784,8.721276729019356
15397,160.0,37.0,0.0,37.0,6.0,0.10821198863204971,8.829488717651406
15398,160.0,38.0,0.0,38.0,5.0,0.1208852646021139,8.95037398225352
15399,160.0,39.0,0.0,39.0,3.0,0.18076898800776417,9.131142970261285
15400,160.0,40.0,0.0,40.0,0.0,0.01491556061691698,9.146058530878202
15401,160.0,41.0,0.0,41.0,6.0,0.0,9.146058530878202
15402,160.0,42.0,0.0,42.0,1.0,0.24526319585689446,9.391321726735097
15403,160.0,43.0,0.0,43.0,2.0,0.4898575650501079,9.881179291785205
15404,160.0,44.0,0.0,44.0,2.0,0.39818203123925505,10.27936132302446
15405,160.0,45.0,0.0,45.0,2.0,0.08113905787797616,10.360500380902437
15406,160.0,46.0,0.0,46.0,2.0,0.40138850547070165,10.76188888637314
15407,160.0,47.0,0.0,47.0,2.0,0.11886118707131776,10.880750073444457
15408,160.0,48.0,0.0,48.0,1.0,0.0,10.880750073444457
15409,160.0,49.0,0.0,49.0,5.0,0.5396395039110845,11.420389577355541
15410,160.0,50.0,0.0,50.0,5.0,0.1189977910814536,11.539387368436994
15411,160.0,51.0,0.0,51.0,5.0,0.11740694843157064,11.656794316868565
15412,160.0,52.0,0.0,52.0,2.0,0.16196479063327046,11.818759107501835
15413,160.0,53.0,0.0,53.0,3.0,0.27979422998214515,12.09855333748398
15414,160.0,54.0,0.0,54.0,6.0,0.08473142129368774,12.183284758777667
15415,160.0,55.0,0.0,55.0,3.0,0.2656910608312819,12.448975819608949
15416,160.0,56.0,0.0,56.0,3.0,0.15771312543106009,12.606688945040009
15417,160.0,57.0,0.0,57.0,1.0,0.14996651879064163,12.75665546383065
15418,160.0,58.0,0.0,58.0,0.0,0.0,12.75665546383065
15419,160.0,59.0,0.0,59.0,2.0,0.0009678536600830689,12.757623317490733
15420,160.0,60.0,0.0,60.0,4.0,0.14496949301802708,12.90259281050876
15421,160.0,61.0,0.0,61.0,5.0,0.3655504969632712,13.268143307472032
15422,160.0,62.0,0.0,62.0,5.0,0.3213104541310374,13.58945376160307
15423,160.0,63.0,0.0,63.0,5.0,0.0,13.58945376160307
15424,160.0,64.0,0.0,64.0,6.0,0.15948567313383155,13.7489394347369
15425,160.0,65.0,0.0,65.0,1.0,0.15606839806007136,13.905007832796972
15426,160.0,66.0,0.0,66.0,7.0,0.3632416151092178,14.26824944790619
15427,160.0,67.0,0.0,67.0,7.0,0.029232001322727855,14.297481449228917
15428,160.0,68.0,0.0,68.0,3.0,0.3813698300550875,14.678851279284004
15429,160.0,69.0,0.0,69.0,3.0,0.07173524956865848,14.750586528852661
15430,160.0,70.0,0.0,70.0,6.0,0.0,14.750586528852661
15431,160.0,71.0,0.0,71.0,1.0,0.11184940162260157,14.862435930475263
15432,160.0,72.0,0.0,72.0,5.0,0.07041269781241034,14.932848628287672
15433,160.0,73.0,0.0,73.0,4.0,0.2768550193866439,15.209703647674317
15434,160.0,74.0,0.0,74.0,4.0,0.10013514850155053,15.309838796175868
15435,160.0,75.0,0.0,75.0,2.0,0.13810536010235094,15.447944156278218
15436,160.0,76.0,0.0,76.0,3.0,0.04429925980485249,15.49224341608307
15437,160.0,77.0,0.0,77.0,1.0,0.7343824664965894,16.22662588257966
15438,160.0,78.0,0.0,78.0,1.0,0.023156626925220768,16.249782509504882
15439,160.0,79.0,0.0,79.0,1.0,0.38990649885735673,16.63968900836224
15440,160.0,80.0,0.0,80.0,1.0,0.0,16.63968900836224
15441,160.0,81.0,0.0,81.0,7.0,0.061569980833461685,16.7012589891957
15442,160.0,82.0,0.0,82.0,1.0,0.7371334889638141,17.438392478159514
15443,160.0,83.0,0.0,83.0,1.0,0.1521898058916304,17.590582284051145
15444,160.0,84.0,0.0,84.0,1.0,0.16259328171919027,17.753175565770334
15445,160.0,85.0,0.0,85.0,1.0,0.14690456218978679,17.90008012796012
15446,160.0,86.0,0.0,86.0,0.0,0.14603725991723326,18.046117387877352
15447,160.0,87.0,0.0,87.0,1.0,0.17515766824041448,18.221275056117765
15448,160.0,88.0,0.0,88.0,6.0,0.11636299692256234,18.337638053040326
15449,160.0,89.0,0.0,89.0,2.0,0.42591938102062793,18.763557434060953
15450,160.0,90.0,0.0,90.0,2.0,0.0,18.763557434060953
15451,160.0,91.0,0.0,91.0,1.0,0.004865038927265206,18.768422472988217
15452,160.0,92.0,0.0,92.0,5.0,0.0,18.768422472988217
15453,160.0,93.0,0.0,93.0,4.0,0.13505835684833514,18.903480829836553
15454,160.0,94.0,0.0,94.0,6.0,0.456597589962221,19.360078419798775
15455,160.0,95.0,0.0,95.0,6.0,0.5199951664423675,19.880073586241142
15456,161.0,0.0,0.0,0.0,0.0,0.1801451502088366,0.1801451502088366
15457,161.0,1.0,0.0,1.0,1.0,0.0766334705336081,0.2567786207424447
15458,161.0,2.0,0.0,2.0,2.0,0.04961298748480245,0.30639160822724715
15459,161.0,3.0,0.0,3.0,3.0,0.5254767966993704,0.8318684049266176
15460,161.0,4.0,0.0,4.0,4.0,0.29965634577184486,1.1315247506984625
15461,161.0,5.0,0.0,5.0,5.0,0.21582234885179488,1.3473470995502574
15462,161.0,6.0,0.0,6.0,6.0,0.3116598759686686,1.659006975518926
15463,161.0,7.0,0.0,7.0,7.0,0.35893392020488385,2.01794089572381
15464,161.0,8.0,0.0,8.0,3.0,0.0,2.01794089572381
15465,161.0,9.0,0.0,9.0,7.0,0.0,2.01794089572381
15466,161.0,10.0,0.0,10.0,6.0,0.2091349837990253,2.227075879522835
15467,161.0,11.0,0.0,11.0,4.0,0.20497945959324024,2.4320553391160753
15468,161.0,12.0,0.0,12.0,5.0,0.0,2.4320553391160753
15469,161.0,13.0,0.0,13.0,0.0,0.27268806162729475,2.70474340074337
15470,161.0,14.0,0.0,14.0,3.0,0.0,2.70474340074337
15471,161.0,15.0,0.0,15.0,6.0,0.0,2.70474340074337
15472,161.0,16.0,0.0,16.0,4.0,0.14305431294694723,2.8477977136903174
15473,161.0,17.0,0.0,17.0,0.0,0.04836594814127285,2.8961636618315905
15474,161.0,18.0,0.0,18.0,1.0,0.0,2.8961636618315905
15475,161.0,19.0,0.0,19.0,2.0,0.3004714236147025,3.196635085446293
15476,161.0,20.0,0.0,20.0,7.0,0.03966389497905114,3.236298980425344
15477,161.0,21.0,0.0,21.0,2.0,0.5201526156790977,3.7564515961044416
15478,161.0,22.0,0.0,22.0,2.0,0.0,3.7564515961044416
15479,161.0,23.0,0.0,23.0,4.0,0.3376566388633923,4.094108234967834
15480,161.0,24.0,0.0,24.0,4.0,0.8641538969732209,4.958262131941055
15481,161.0,25.0,0.0,25.0,4.0,0.619788147899107,5.578050279840162
15482,161.0,26.0,0.0,26.0,4.0,0.5370312334100855,6.115081513250248
15483,161.0,27.0,0.0,27.0,4.0,0.15383977509268065,6.268921288342928
15484,161.0,28.0,0.0,28.0,4.0,0.2742259822986554,6.543147270641583
15485,161.0,29.0,0.0,29.0,4.0,0.13505835684833514,6.678205627489918
15486,161.0,30.0,0.0,30.0,4.0,0.08483909213874269,6.7630447196286605
15487,161.0,31.0,0.0,31.0,4.0,0.5318065204421886,7.294851240070849
15488,161.0,32.0,0.0,32.0,4.0,0.15027538281192757,7.445126622882777
15489,161.0,33.0,0.0,33.0,4.0,0.0,7.445126622882777
15490,161.0,34.0,0.0,34.0,2.0,0.06114289961588151,7.506269522498658
15491,161.0,35.0,0.0,35.0,3.0,0.2032469793155898,7.709516501814248
15492,161.0,36.0,0.0,36.0,6.0,0.36321665879061876,8.072733160604866
15493,161.0,37.0,0.0,37.0,6.0,0.030996621679545998,8.103729782284411
15494,161.0,38.0,0.0,38.0,5.0,0.34526090527631603,8.448990687560727
15495,161.0,39.0,0.0,39.0,5.0,0.16528919434875355,8.61427988190948
15496,161.0,40.0,0.0,40.0,0.0,0.0,8.61427988190948
15497,161.0,41.0,0.0,41.0,4.0,0.0,8.61427988190948
15498,161.0,42.0,0.0,42.0,3.0,0.47254251673467496,9.086822398644156
15499,161.0,43.0,0.0,43.0,3.0,0.12846371562476425,9.21528611426892
15500,161.0,44.0,0.0,44.0,5.0,0.0,9.21528611426892
15501,161.0,45.0,0.0,45.0,3.0,0.21444009859115623,9.429726212860077
15502,161.0,46.0,0.0,46.0,7.0,0.10038865027494817,9.530114863135024
15503,161.0,47.0,0.0,47.0,4.0,0.0,9.530114863135024
15504,161.0,48.0,0.0,48.0,2.0,0.27508209868767286,9.805196961822697
15505,161.0,49.0,0.0,49.0,3.0,0.08263274320301577,9.887829705025712
15506,161.0,50.0,0.0,50.0,6.0,0.2030643176852566,10.09089402271097
15507,161.0,51.0,0.0,51.0,2.0,0.1656307552320488,10.256524777943019
15508,161.0,52.0,0.0,52.0,4.0,0.6296318563139507,10.88615663425697
15509,161.0,53.0,0.0,53.0,4.0,0.10016360891352999,10.9863202431705
15510,161.0,54.0,0.0,54.0,4.0,0.6273379479591693,11.61365819112967
15511,161.0,55.0,0.0,55.0,4.0,0.062174288129666674,11.675832479259336
15512,161.0,56.0,0.0,56.0,4.0,0.7468916268125877,12.422724106071923
15513,161.0,57.0,0.0,57.0,4.0,0.16403310077668387,12.586757206848608
15514,161.0,58.0,0.0,58.0,4.0,0.3541487541408539,12.940905960989461
15515,161.0,59.0,0.0,59.0,4.0,0.12626645153161312,13.067172412521074
15516,161.0,60.0,0.0,60.0,4.0,0.29095081075282125,13.358123223273896
15517,161.0,61.0,0.0,61.0,4.0,0.020723335122281958,13.378846558396178
15518,161.0,62.0,0.0,62.0,1.0,0.2923975416172881,13.671244100013466
15519,161.0,63.0,0.0,63.0,1.0,0.0,13.671244100013466
15520,161.0,64.0,0.0,64.0,6.0,0.3045366457502025,13.975780745763668
15521,161.0,65.0,0.0,65.0,6.0,0.525530725813632,14.5013114715773
15522,161.0,66.0,0.0,66.0,6.0,0.3286820084901565,14.829993480067456
15523,161.0,67.0,0.0,67.0,6.0,0.45863258329410067,15.288626063361557
15524,161.0,68.0,0.0,68.0,6.0,0.0,15.288626063361557
15525,161.0,69.0,0.0,69.0,6.0,0.5199951664423675,15.808621229803924
15526,161.0,70.0,0.0,70.0,6.0,0.2690884433507071,16.07770967315463
15527,161.0,71.0,0.0,71.0,6.0,0.012116503352960235,16.08982617650759
15528,161.0,72.0,0.0,72.0,6.0,0.308924290481592,16.39875046698918
15529,161.0,73.0,0.0,73.0,6.0,0.0989051148392537,16.497655581828436
15530,161.0,74.0,0.0,74.0,2.0,0.289774682159023,16.78743026398746
15531,161.0,75.0,0.0,75.0,4.0,0.35662687216539196,17.144057136152853
15532,161.0,76.0,0.0,76.0,4.0,0.786538645224503,17.930595781377356
15533,161.0,77.0,0.0,77.0,4.0,0.30316141851187267,18.23375719988923
15534,161.0,78.0,0.0,78.0,4.0,0.01616105790717103,18.249918257796402
15535,161.0,79.0,0.0,79.0,4.0,0.31800611952542285,18.567924377321823
15536,161.0,80.0,0.0,80.0,4.0,0.3845164824990986,18.95244085982092
15537,161.0,81.0,0.0,81.0,4.0,0.6630452028905913,19.61548606271151
15538,161.0,82.0,0.0,82.0,4.0,0.15590532879380598,19.77139139150532
15539,161.0,83.0,0.0,83.0,4.0,0.0,19.77139139150532
15540,161.0,84.0,0.0,84.0,2.0,0.5259817321483307,20.29737312365365
15541,161.0,85.0,0.0,85.0,2.0,0.15436321182083243,20.451736335474482
15542,161.0,86.0,0.0,86.0,2.0,0.0,20.451736335474482
15543,161.0,87.0,0.0,87.0,4.0,0.0,20.451736335474482
15544,161.0,88.0,0.0,88.0,3.0,0.2285348190821269,20.68027115455661
15545,161.0,89.0,0.0,89.0,0.0,0.5485808382521186,21.22885199280873
15546,161.0,90.0,0.0,90.0,0.0,0.0,21.22885199280873
15547,161.0,91.0,0.0,91.0,0.0,0.0,21.22885199280873
15548,161.0,92.0,0.0,92.0,7.0,0.14046681190174445,21.369318804710474
15549,161.0,93.0,0.0,93.0,4.0,0.05283876478085068,21.422157569491326
15550,161.0,94.0,0.0,94.0,3.0,0.001461682704674984,21.423619252196
15551,161.0,95.0,0.0,95.0,6.0,0.15948567313383155,21.583104925329835
15552,162.0,0.0,0.0,0.0,0.0,0.5491263248112521,0.5491263248112521
15553,162.0,1.0,0.0,1.0,1.0,0.1735308598711164,0.7226571846823685
15554,162.0,2.0,0.0,2.0,2.0,0.6027562012237242,1.3254133859060926
15555,162.0,3.0,0.0,3.0,3.0,0.6774497976451884,2.002863183551281
15556,162.0,4.0,0.0,4.0,4.0,0.07128856318987772,2.0741517467411588
15557,162.0,5.0,0.0,5.0,5.0,0.0,2.0741517467411588
15558,162.0,6.0,0.0,6.0,6.0,0.19275096950199988,2.2669027162431585
15559,162.0,7.0,0.0,7.0,7.0,0.21001575520798305,2.4769184714511416
15560,162.0,8.0,0.0,8.0,3.0,0.17758193823470309,2.654500409685845
15561,162.0,9.0,0.0,9.0,2.0,0.5259817321483307,3.1804821418341755
15562,162.0,10.0,0.0,10.0,0.0,0.0,3.1804821418341755
15563,162.0,11.0,0.0,11.0,2.0,0.20274467364983373,3.3832268154840093
15564,162.0,12.0,0.0,12.0,3.0,0.12846371562476425,3.5116905311087736
15565,162.0,13.0,0.0,13.0,2.0,0.4120778195142538,3.9237683506230274
15566,162.0,14.0,0.0,14.0,7.0,0.0,3.9237683506230274
15567,162.0,15.0,0.0,15.0,6.0,0.14053761898862807,4.064305969611656
15568,162.0,16.0,0.0,16.0,2.0,0.11886118707131776,4.183167156682973
15569,162.0,17.0,0.0,17.0,1.0,0.7864352531193769,4.96960240980235
15570,162.0,18.0,0.0,18.0,1.0,0.09468128799662574,5.0642836977989765
15571,162.0,19.0,0.0,19.0,1.0,0.625716871682588,5.6900005694815645
15572,162.0,20.0,0.0,20.0,1.0,0.236338495393307,5.926339064874871
15573,162.0,21.0,0.0,21.0,0.0,0.1265919745726959,6.052931039447567
15574,162.0,22.0,0.0,22.0,3.0,0.24604240966364027,6.298973449111207
15575,162.0,23.0,0.0,23.0,1.0,0.1122698472049673,6.411243296316174
15576,162.0,24.0,0.0,24.0,2.0,0.26727365674660486,6.678516953062779
15577,162.0,25.0,0.0,25.0,4.0,0.01616105790717103,6.69467801096995
15578,162.0,26.0,0.0,26.0,2.0,0.2732812363944383,6.967959247364388
15579,162.0,27.0,0.0,27.0,3.0,0.27979422998214515,7.247753477346533
15580,162.0,28.0,0.0,28.0,1.0,0.39919928454817294,7.646952761894706
15581,162.0,29.0,0.0,29.0,1.0,0.0,7.646952761894706
15582,162.0,30.0,0.0,30.0,2.0,0.07300531851332406,7.7199580804080306
15583,162.0,31.0,0.0,31.0,3.0,0.0747189184831523,7.794676998891183
15584,162.0,32.0,0.0,32.0,6.0,0.09243667781140737,7.88711367670259
15585,162.0,33.0,0.0,33.0,0.0,0.0920635712636228,7.979177247966213
15586,162.0,34.0,0.0,34.0,5.0,0.25021711092646615,8.229394358892678
15587,162.0,35.0,0.0,35.0,2.0,0.0,8.229394358892678
15588,162.0,36.0,0.0,36.0,1.0,0.5350809140500077,8.764475272942686
15589,162.0,37.0,0.0,37.0,1.0,0.21643836357841792,8.980913636521104
15590,162.0,38.0,0.0,38.0,5.0,0.5943235436047835,9.575237180125887
15591,162.0,39.0,0.0,39.0,5.0,0.190094615722883,9.76533179584877
15592,162.0,40.0,0.0,40.0,5.0,0.1510381477286157,9.916369943577385
15593,162.0,41.0,0.0,41.0,1.0,0.11959474932936898,10.035964692906754
15594,162.0,42.0,0.0,42.0,3.0,0.03301525633795021,10.068979949244705
15595,162.0,43.0,0.0,43.0,5.0,0.0,10.068979949244705
15596,162.0,44.0,0.0,44.0,7.0,0.1302687467552846,10.199248695999989
15597,162.0,45.0,0.0,45.0,1.0,0.1252470864872485,10.324495782487238
15598,162.0,46.0,0.0,46.0,0.0,0.06286079809602607,10.387356580583264
15599,162.0,47.0,0.0,47.0,2.0,0.20166360592346178,10.589020186506726
15600,162.0,48.0,0.0,48.0,6.0,0.5199951664423675,11.109015352949093
15601,162.0,49.0,0.0,49.0,6.0,0.09260082505258796,11.20161617800168
15602,162.0,50.0,0.0,50.0,6.0,0.2030643176852566,11.404680495686938
15603,162.0,51.0,0.0,51.0,1.0,0.9645942569749285,12.369274752661866
15604,162.0,52.0,0.0,52.0,1.0,0.43077514535649875,12.800049898018365
15605,162.0,53.0,0.0,53.0,1.0,0.38990649885735673,13.189956396875722
15606,162.0,54.0,0.0,54.0,1.0,0.2107072265151842,13.400663623390907
15607,162.0,55.0,0.0,55.0,1.0,0.29471142430324837,13.695375047694155
15608,162.0,56.0,0.0,56.0,1.0,0.29885514167787697,13.994230189372031
15609,162.0,57.0,0.0,57.0,1.0,0.14996651879064163,14.144196708162672
15610,162.0,58.0,0.0,58.0,1.0,0.5459856231058668,14.69018233126854
15611,162.0,59.0,0.0,59.0,1.0,0.05727556146362054,14.747457892732161
15612,162.0,60.0,0.0,60.0,1.0,0.04845925959332829,14.795917152325488
15613,162.0,61.0,0.0,61.0,2.0,0.7236703978770197,15.519587550202509
15614,162.0,62.0,0.0,62.0,2.0,0.08113905787797616,15.600726608080485
15615,162.0,63.0,0.0,63.0,2.0,0.0,15.600726608080485
15616,162.0,64.0,0.0,64.0,3.0,0.0,15.600726608080485
15617,162.0,65.0,0.0,65.0,1.0,0.4978298030149915,16.098556411095476
15618,162.0,66.0,0.0,66.0,1.0,0.0,16.098556411095476
15619,162.0,67.0,0.0,67.0,6.0,0.07179891276627816,16.170355323861756
15620,162.0,68.0,0.0,68.0,1.0,0.055820590489851885,16.226175914351607
15621,162.0,69.0,0.0,69.0,2.0,0.032480183465739686,16.258656097817347
15622,162.0,70.0,0.0,70.0,7.0,0.05063330393183056,16.30928940174918
15623,162.0,71.0,0.0,71.0,5.0,0.2305694971756699,16.539858898924848
15624,162.0,72.0,0.0,72.0,4.0,0.18805542412596601,16.727914323050815
15625,162.0,73.0,0.0,73.0,1.0,0.19166078110951457,16.91957510416033
15626,162.0,74.0,0.0,74.0,5.0,0.33067682826060296,17.250251932420934
15627,162.0,75.0,0.0,75.0,5.0,0.4585537674797822,17.708805699900715
15628,162.0,76.0,0.0,76.0,5.0,0.03503381451770802,17.743839514418422
15629,162.0,77.0,0.0,77.0,0.0,0.17361444276394056,17.917453957182364
15630,162.0,78.0,0.0,78.0,1.0,0.0,17.917453957182364
15631,162.0,79.0,0.0,79.0,2.0,0.6257180907935707,18.543172047975933
15632,162.0,80.0,0.0,80.0,2.0,0.42591938102062793,18.96909142899656
15633,162.0,81.0,0.0,81.0,2.0,0.0984534186733431,19.067544847669904
15634,162.0,82.0,0.0,82.0,2.0,0.38230358492209854,19.449848432592002
15635,162.0,83.0,0.0,83.0,2.0,0.3004714236147025,19.750319856206705
15636,162.0,84.0,0.0,84.0,2.0,0.1656307552320488,19.915950611438753
15637,162.0,85.0,0.0,85.0,2.0,0.40364005699886474,20.319590668437616
15638,162.0,86.0,0.0,86.0,2.0,0.17377914745726974,20.493369815894887
15639,162.0,87.0,0.0,87.0,2.0,0.07046722414389026,20.563837040038777
15640,162.0,88.0,0.0,88.0,5.0,0.023341935947433844,20.587178975986212
15641,162.0,89.0,0.0,89.0,4.0,0.020723335122281958,20.607902311108493
15642,162.0,90.0,0.0,90.0,3.0,0.1400797834114359,20.74798209451993
15643,162.0,91.0,0.0,91.0,6.0,0.02152766918353003,20.76950976370346
15644,162.0,92.0,0.0,92.0,1.0,0.24526319585689446,21.014772959560354
15645,162.0,93.0,0.0,93.0,1.0,0.23702024352928716,21.25179320308964
15646,162.0,94.0,0.0,94.0,2.0,0.5927850394971269,21.844578242586767
15647,162.0,95.0,0.0,95.0,2.0,0.0,21.844578242586767
15648,163.0,0.0,0.0,0.0,0.0,0.11395249262034009,0.11395249262034009
15649,163.0,1.0,0.0,1.0,1.0,0.16259328171919027,0.27654577433953037
15650,163.0,2.0,0.0,2.0,2.0,0.38230358492209854,0.6588493592616289
15651,163.0,3.0,0.0,3.0,3.0,0.20758298031156905,0.866432339573198
15652,163.0,4.0,0.0,4.0,4.0,0.5512595017927662,1.417691841365964
15653,163.0,5.0,0.0,5.0,5.0,0.3655504969632712,1.7832423383292353
15654,163.0,6.0,0.0,6.0,6.0,0.5721185095518746,2.35536084788111
15655,163.0,7.0,0.0,7.0,7.0,0.12476591514236375,2.4801267630234736
15656,163.0,8.0,0.0,8.0,6.0,0.2676282183690528,2.7477549813925264
15657,163.0,9.0,0.0,9.0,4.0,0.6928212275644872,3.4405762089570135
15658,163.0,10.0,0.0,10.0,4.0,0.5370312334100855,3.9776074423670993
15659,163.0,11.0,0.0,11.0,4.0,0.3378213837210231,4.315428826088122
15660,163.0,12.0,0.0,12.0,2.0,0.20166360592346178,4.517092432011584
15661,163.0,13.0,0.0,13.0,5.0,0.556448204261036,5.07354063627262
15662,163.0,14.0,0.0,14.0,5.0,0.3213104541310374,5.394851090403657
15663,163.0,15.0,0.0,15.0,4.0,0.7468916268125877,6.141742717216244
15664,163.0,16.0,0.0,16.0,4.0,0.07493619689443067,6.216678914110675
15665,163.0,17.0,0.0,17.0,6.0,0.20751175649518033,6.424190670605856
15666,163.0,18.0,0.0,18.0,3.0,0.24065638461266484,6.66484705521852
15667,163.0,19.0,0.0,19.0,5.0,0.5289754288227388,7.1938224840412595
15668,163.0,20.0,0.0,20.0,4.0,0.2891704822674655,7.482992966308725
15669,163.0,21.0,0.0,21.0,5.0,0.07041269781241034,7.553405664121136
15670,163.0,22.0,0.0,22.0,1.0,0.27119035406226066,7.824596018183396
15671,163.0,23.0,0.0,23.0,4.0,0.06308539271434067,7.887681410897737
15672,163.0,24.0,0.0,24.0,2.0,0.0009678536600830689,7.88864926455782
15673,163.0,25.0,0.0,25.0,6.0,0.7377651793174987,8.62641444387532
15674,163.0,26.0,0.0,26.0,6.0,0.7330812715508707,9.35949571542619
15675,163.0,27.0,0.0,27.0,6.0,0.45661860173922436,9.816114317165415
15676,163.0,28.0,0.0,28.0,6.0,0.1440283701753274,9.960142687340742
15677,163.0,29.0,0.0,29.0,6.0,0.18466604549596066,10.144808732836703
15678,163.0,30.0,0.0,30.0,7.0,0.2908331151793469,10.435641848016049
15679,163.0,31.0,0.0,31.0,0.0,0.01574852489682053,10.451390372912869
15680,163.0,32.0,0.0,32.0,5.0,0.049917863914325566,10.501308236827194
15681,163.0,33.0,0.0,33.0,6.0,0.029858941276052695,10.531167178103248
15682,163.0,34.0,0.0,34.0,4.0,0.2914393100528348,10.822606488156083
15683,163.0,35.0,0.0,35.0,3.0,0.21444009859115623,11.03704658674724
15684,163.0,36.0,0.0,36.0,1.0,0.7207407501430242,11.757787336890264
15685,163.0,37.0,0.0,37.0,1.0,0.3728753173739762,12.13066265426424
15686,163.0,38.0,0.0,38.0,1.0,0.32124548368694295,12.451908137951182
15687,163.0,39.0,0.0,39.0,1.0,0.09259758356345157,12.544505721514634
15688,163.0,40.0,0.0,40.0,4.0,0.06660229217274866,12.611108013687382
15689,163.0,41.0,0.0,41.0,7.0,0.0,12.611108013687382
15690,163.0,42.0,0.0,42.0,6.0,0.0,12.611108013687382
15691,163.0,43.0,0.0,43.0,1.0,0.7864352531193769,13.397543266806759
15692,163.0,44.0,0.0,44.0,1.0,0.27391822828331297,13.671461495090071
15693,163.0,45.0,0.0,45.0,1.0,0.0930474388599168,13.764508933949989
15694,163.0,46.0,0.0,46.0,4.0,0.3505563668212525,14.11506530077124
15695,163.0,47.0,0.0,47.0,5.0,0.1208852646021139,14.235950565373354
15696,163.0,48.0,0.0,48.0,4.0,0.0702652958566233,14.306215861229978
15697,163.0,49.0,0.0,49.0,1.0,0.055820590489851885,14.36203645171983
15698,163.0,50.0,0.0,50.0,3.0,0.10567512643772035,14.46771157815755
15699,163.0,51.0,0.0,51.0,6.0,0.2690884433507071,14.736800021508257
15700,163.0,52.0,0.0,52.0,4.0,0.28146556337815226,15.018265584886409
15701,163.0,53.0,0.0,53.0,2.0,0.39818203123925505,15.416447616125664
15702,163.0,54.0,0.0,54.0,2.0,0.08011626779528125,15.496563883920945
15703,163.0,55.0,0.0,55.0,6.0,0.39899739331314654,15.895561277234092
15704,163.0,56.0,0.0,56.0,6.0,0.0,15.895561277234092
15705,163.0,57.0,0.0,57.0,5.0,0.05296194787752387,15.948523225111616
15706,163.0,58.0,0.0,58.0,4.0,0.0,15.948523225111616
15707,163.0,59.0,0.0,59.0,1.0,0.4091289111380489,16.357652136249666
15708,163.0,60.0,0.0,60.0,1.0,0.1521898058916304,16.509841942141296
15709,163.0,61.0,0.0,61.0,1.0,0.18420213317850265,16.6940440753198
15710,163.0,62.0,0.0,62.0,6.0,0.5198631933975867,17.213907268717385
15711,163.0,63.0,0.0,63.0,6.0,0.3116598759686686,17.525567144686054
15712,163.0,64.0,0.0,64.0,6.0,0.19275096950199988,17.718318114188055
15713,163.0,65.0,0.0,65.0,4.0,0.11041446593207717,17.828732580120132
15714,163.0,66.0,0.0,66.0,3.0,0.108472937332383,17.937205517452515
15715,163.0,67.0,0.0,67.0,6.0,0.46621206372626145,18.403417581178775
15716,163.0,68.0,0.0,68.0,6.0,0.0,18.403417581178775
15717,163.0,69.0,0.0,69.0,1.0,0.11338444405026506,18.51680202522904
15718,163.0,70.0,0.0,70.0,2.0,0.0,18.51680202522904
15719,163.0,71.0,0.0,71.0,5.0,0.023341935947433844,18.540143961176476
15720,163.0,72.0,0.0,72.0,7.0,0.041228864090092084,18.581372825266566
15721,163.0,73.0,0.0,73.0,4.0,0.5189731442966758,19.100345969563243
15722,163.0,74.0,0.0,74.0,4.0,0.1469609607874088,19.247306930350653
15723,163.0,75.0,0.0,75.0,4.0,0.0,19.247306930350653
15724,163.0,76.0,0.0,76.0,6.0,0.5048327715259897,19.752139701876644
15725,163.0,77.0,0.0,77.0,6.0,0.08569355050034418,19.83783325237699
15726,163.0,78.0,0.0,78.0,1.0,0.09468128799662574,19.932514540373614
15727,163.0,79.0,0.0,79.0,0.0,0.07597336442853131,20.008487904802145
15728,163.0,80.0,0.0,80.0,6.0,0.08544920153663012,20.093937106338775
15729,163.0,81.0,0.0,81.0,4.0,0.15027538281192757,20.2442124891507
15730,163.0,82.0,0.0,82.0,6.0,0.5415728013366148,20.785785290487315
15731,163.0,83.0,0.0,83.0,6.0,0.0,20.785785290487315
15732,163.0,84.0,0.0,84.0,1.0,0.15225671869257557,20.938042009179892
15733,163.0,85.0,0.0,85.0,3.0,0.26914273809568673,21.20718474727558
15734,163.0,86.0,0.0,86.0,5.0,0.1988526429963335,21.406037390271912
15735,163.0,87.0,0.0,87.0,6.0,0.456597589962221,21.862634980234134
15736,163.0,88.0,0.0,88.0,6.0,0.19330425654839078,22.055939236782525
15737,163.0,89.0,0.0,89.0,3.0,0.025510018405371447,22.081449255187895
15738,163.0,90.0,0.0,90.0,6.0,0.14418838926849195,22.225637644456388
15739,163.0,91.0,0.0,91.0,4.0,0.04666036375174277,22.272298008208132
15740,163.0,92.0,0.0,92.0,1.0,0.023156626925220768,22.295454635133353
15741,163.0,93.0,0.0,93.0,5.0,0.23508109547473272,22.530535730608086
15742,163.0,94.0,0.0,94.0,6.0,0.45154853925075483,22.98208426985884
15743,163.0,95.0,0.0,95.0,6.0,0.060843244270408124,23.04292751412925
15744,164.0,0.0,0.0,0.0,0.0,0.23944774434232982,0.23944774434232982
15745,164.0,1.0,0.0,1.0,1.0,0.09767182935369328,0.3371195736960231
15746,164.0,2.0,0.0,2.0,2.0,0.0,0.3371195736960231
15747,164.0,3.0,0.0,3.0,3.0,0.3437000409382609,0.680819614634284
15748,164.0,4.0,0.0,4.0,4.0,0.31800611952542285,0.9988257341597069
15749,164.0,5.0,0.0,5.0,5.0,0.30212354745347314,1.30094928161318
15750,164.0,6.0,0.0,6.0,6.0,0.06692797541129325,1.3678772570244733
15751,164.0,7.0,0.0,7.0,7.0,0.2020575551425499,1.5699348121670231
15752,164.0,8.0,0.0,8.0,3.0,0.24065638461266484,1.810591196779688
15753,164.0,9.0,0.0,9.0,4.0,0.11081989247498787,1.9214110892546759
15754,164.0,10.0,0.0,10.0,5.0,0.3355502795163708,2.2569613687710466
15755,164.0,11.0,0.0,11.0,0.0,0.05684979826683998,2.3138111670378865
15756,164.0,12.0,0.0,12.0,7.0,0.18383185769136598,2.4976430247292525
15757,164.0,13.0,0.0,13.0,5.0,0.02856175595510002,2.5262047806843526
15758,164.0,14.0,0.0,14.0,3.0,0.20758298031156905,2.733787760995922
15759,164.0,15.0,0.0,15.0,1.0,0.14300684882151335,2.876794609817435
15760,164.0,16.0,0.0,16.0,4.0,0.06660229217274866,2.943396901990184
15761,164.0,17.0,0.0,17.0,6.0,0.15948567313383155,3.102882575124015
15762,164.0,18.0,0.0,18.0,3.0,0.04102795575974671,3.143910530883762
15763,164.0,19.0,0.0,19.0,7.0,0.10038865027494817,3.24429918115871
15764,164.0,20.0,0.0,20.0,5.0,0.0,3.24429918115871
15765,164.0,21.0,0.0,21.0,0.0,0.049788940430507446,3.2940881215892177
15766,164.0,22.0,0.0,22.0,2.0,0.537148762474358,3.8312368840635758
15767,164.0,23.0,0.0,23.0,2.0,0.20242816608866174,4.033665050152237
15768,164.0,24.0,0.0,24.0,2.0,0.21976599108420175,4.253431041236439
15769,164.0,25.0,0.0,25.0,2.0,0.4833660339380995,4.736797075174539
15770,164.0,26.0,0.0,26.0,2.0,0.03427022523850223,4.771067300413041
15771,164.0,27.0,0.0,27.0,1.0,0.0,4.771067300413041
15772,164.0,28.0,0.0,28.0,6.0,0.0,4.771067300413041
15773,164.0,29.0,0.0,29.0,3.0,0.25616649659567714,5.0272337970087175
15774,164.0,30.0,0.0,30.0,4.0,0.18805542412596601,5.215289221134683
15775,164.0,31.0,0.0,31.0,7.0,0.34149124243916545,5.5567804635738485
15776,164.0,32.0,0.0,32.0,7.0,0.24291591879383728,5.799696382367686
15777,164.0,33.0,0.0,33.0,2.0,0.5537602076296071,6.353456589997293
15778,164.0,34.0,0.0,34.0,2.0,0.20166360592346178,6.555120195920755
15779,164.0,35.0,0.0,35.0,2.0,0.2992414906149762,6.854361686535731
15780,164.0,36.0,0.0,36.0,2.0,0.1656307552320488,7.01999244176778
15781,164.0,37.0,0.0,37.0,3.0,0.0,7.01999244176778
15782,164.0,38.0,0.0,38.0,7.0,0.0,7.01999244176778
15783,164.0,39.0,0.0,39.0,2.0,0.31838380442486014,7.33837624619264
15784,164.0,40.0,0.0,40.0,2.0,0.15436321182083243,7.492739458013472
15785,164.0,41.0,0.0,41.0,4.0,0.3541487541408539,7.846888212154326
15786,164.0,42.0,0.0,42.0,4.0,0.23110148611791392,8.07798969827224
15787,164.0,43.0,0.0,43.0,5.0,0.2548228037622788,8.33281250203452
15788,164.0,44.0,0.0,44.0,4.0,0.10013514850155053,8.43294765053607
15789,164.0,45.0,0.0,45.0,2.0,0.482186826413389,8.91513447694946
15790,164.0,46.0,0.0,46.0,2.0,0.14626881783373236,9.061403294783192
15791,164.0,47.0,0.0,47.0,5.0,0.09069293668371073,9.152096231466903
15792,164.0,48.0,0.0,48.0,2.0,0.27508209868767286,9.427178330154575
15793,164.0,49.0,0.0,49.0,0.0,0.13959975313410164,9.566778083288677
15794,164.0,50.0,0.0,50.0,2.0,0.44976625428900363,10.016544337577681
15795,164.0,51.0,0.0,51.0,2.0,0.0,10.016544337577681
15796,164.0,52.0,0.0,52.0,2.0,0.0984534186733431,10.114997756251023
15797,164.0,53.0,0.0,53.0,3.0,0.001461682704674984,10.1164594389557
15798,164.0,54.0,0.0,54.0,4.0,0.2742259822986554,10.390685421254355
15799,164.0,55.0,0.0,55.0,7.0,0.0,10.390685421254355
15800,164.0,56.0,0.0,56.0,4.0,0.0,10.390685421254355
15801,164.0,57.0,0.0,57.0,2.0,0.0,10.390685421254355
15802,164.0,58.0,0.0,58.0,5.0,0.5396395039110845,10.93032492516544
15803,164.0,59.0,0.0,59.0,5.0,0.12956159087489713,11.059886516040336
15804,164.0,60.0,0.0,60.0,5.0,0.0,11.059886516040336
15805,164.0,61.0,0.0,61.0,0.0,0.15235659301307192,11.212243109053409
15806,164.0,62.0,0.0,62.0,1.0,0.14788550522949867,11.360128614282907
15807,164.0,63.0,0.0,63.0,6.0,0.4025312660474192,11.762659880330325
15808,164.0,64.0,0.0,64.0,6.0,0.592467301916092,12.355127182246417
15809,164.0,65.0,0.0,65.0,6.0,0.060843244270408124,12.415970426516825
15810,164.0,66.0,0.0,66.0,6.0,0.456597589962221,12.872568016479047
15811,164.0,67.0,0.0,67.0,6.0,0.20751175649518033,13.080079772974226
15812,164.0,68.0,0.0,68.0,6.0,0.41014276344445866,13.490222536418685
15813,164.0,69.0,0.0,69.0,6.0,0.31122773400729964,13.801450270425985
15814,164.0,70.0,0.0,70.0,6.0,0.1938598477639666,13.995310118189952
15815,164.0,71.0,0.0,71.0,6.0,0.6681191236917254,14.663429241881678
15816,164.0,72.0,0.0,72.0,6.0,0.0,14.663429241881678
15817,164.0,73.0,0.0,73.0,6.0,0.25249491253368417,14.915924154415363
15818,164.0,74.0,0.0,74.0,6.0,0.45661860173922436,15.372542756154587
15819,164.0,75.0,0.0,75.0,6.0,0.754797882045112,16.127340638199698
15820,164.0,76.0,0.0,76.0,6.0,0.18216968160881716,16.309510319808513
15821,164.0,77.0,0.0,77.0,6.0,0.0,16.309510319808513
15822,164.0,78.0,0.0,78.0,6.0,0.1370475401392327,16.446557859947745
15823,164.0,79.0,0.0,79.0,6.0,0.07179891276627816,16.518356772714025
15824,164.0,80.0,0.0,80.0,6.0,0.46655973523908206,16.984916507953105
15825,164.0,81.0,0.0,81.0,6.0,0.10776919275082603,17.09268570070393
15826,164.0,82.0,0.0,82.0,6.0,0.5198631933975867,17.61254889410152
15827,164.0,83.0,0.0,83.0,6.0,0.19330425654839078,17.80585315064991
15828,164.0,84.0,0.0,84.0,6.0,0.4832391209848758,18.289092271634786
15829,164.0,85.0,0.0,85.0,6.0,0.308924290481592,18.598016562116378
15830,164.0,86.0,0.0,86.0,6.0,0.2888924503251035,18.886909012441482
15831,164.0,87.0,0.0,87.0,6.0,0.23958507229734452,19.126494084738827
15832,164.0,88.0,0.0,88.0,6.0,0.39899739331314654,19.525491478051972
15833,164.0,89.0,0.0,89.0,6.0,0.14053761898862807,19.6660290970406
15834,164.0,90.0,0.0,90.0,6.0,0.22700732154927955,19.89303641858988
15835,164.0,91.0,0.0,91.0,6.0,0.2690884433507071,20.162124861940587
15836,164.0,92.0,0.0,92.0,6.0,0.11636299692256234,20.278487858863148
15837,164.0,93.0,0.0,93.0,6.0,0.19275096950199988,20.47123882836515
15838,164.0,94.0,0.0,94.0,6.0,0.0,20.47123882836515
15839,164.0,95.0,0.0,95.0,2.0,0.38831574574861955,20.85955457411377
15840,165.0,0.0,0.0,0.0,0.0,0.27268806162729475,0.27268806162729475
15841,165.0,1.0,0.0,1.0,1.0,0.35164524988197277,0.6243333115092675
15842,165.0,2.0,0.0,2.0,2.0,0.40117548832375627,1.0255087998330237
15843,165.0,3.0,0.0,3.0,3.0,0.8079320082078706,1.8334408080408942
15844,165.0,4.0,0.0,4.0,4.0,0.2459794118468931,2.0794202198877874
15845,165.0,5.0,0.0,5.0,5.0,0.18916438735281615,2.2685846072406033
15846,165.0,6.0,0.0,6.0,6.0,0.2030643176852566,2.47164892492586
15847,165.0,7.0,0.0,7.0,7.0,0.031039358450981096,2.502688283376841
15848,165.0,8.0,0.0,8.0,3.0,0.12405932762911029,2.6267476110059516
15849,165.0,9.0,0.0,9.0,2.0,0.05071475147700608,2.6774623624829577
15850,165.0,10.0,0.0,10.0,1.0,0.29471142430324837,2.972173786786206
15851,165.0,11.0,0.0,11.0,3.0,0.6012094297445113,3.5733832165307176
15852,165.0,12.0,0.0,12.0,3.0,0.011662364837897463,3.585045581368615
15853,165.0,13.0,0.0,13.0,0.0,0.2947614129510977,3.8798069943197127
15854,165.0,14.0,0.0,14.0,4.0,0.3815607206079411,4.261367714927654
15855,165.0,15.0,0.0,15.0,6.0,0.0,4.261367714927654
15856,165.0,16.0,0.0,16.0,5.0,0.21528111200447786,4.476648826932132
15857,165.0,17.0,0.0,17.0,1.0,0.7207407501430242,5.197389577075156
15858,165.0,18.0,0.0,18.0,1.0,0.2977196118715112,5.4951091889466674
15859,165.0,19.0,0.0,19.0,4.0,0.6630452028905913,6.158154391837259
15860,165.0,20.0,0.0,20.0,4.0,0.42565478925164,6.583809181088899
15861,165.0,21.0,0.0,21.0,4.0,0.3376566388633923,6.921465819952291
15862,165.0,22.0,0.0,22.0,1.0,0.05727556146362054,6.978741381415912
15863,165.0,23.0,0.0,23.0,0.0,0.0,6.978741381415912
15864,165.0,24.0,0.0,24.0,3.0,0.37470943161685766,7.35345081303277
15865,165.0,25.0,0.0,25.0,4.0,0.35410539327964946,7.707556206312419
15866,165.0,26.0,0.0,26.0,3.0,0.0,7.707556206312419
15867,165.0,27.0,0.0,27.0,4.0,0.6548917240652656,8.362447930377684
15868,165.0,28.0,0.0,28.0,4.0,0.3541487541408539,8.716596684518537
15869,165.0,29.0,0.0,29.0,4.0,0.0,8.716596684518537
15870,165.0,30.0,0.0,30.0,2.0,0.0073944663165102,8.723991150835047
15871,165.0,31.0,0.0,31.0,1.0,0.3177036958205914,9.04169484665564
15872,165.0,32.0,0.0,32.0,5.0,0.16528919434875355,9.206984041004393
15873,165.0,33.0,0.0,33.0,4.0,0.0,9.206984041004393
15874,165.0,34.0,0.0,34.0,1.0,0.0,9.206984041004393
15875,165.0,35.0,0.0,35.0,7.0,0.7375721814246866,9.94455622242908
15876,165.0,36.0,0.0,36.0,7.0,0.1302687467552846,10.074824969184364
15877,165.0,37.0,0.0,37.0,7.0,0.21288313045197185,10.287708099636337
15878,165.0,38.0,0.0,38.0,7.0,0.3632416151092178,10.650949714745554
15879,165.0,39.0,0.0,39.0,3.0,0.07608616683900467,10.727035881584559
15880,165.0,40.0,0.0,40.0,7.0,0.0,10.727035881584559
15881,165.0,41.0,0.0,41.0,4.0,0.12114345880479456,10.848179340389354
15882,165.0,42.0,0.0,42.0,1.0,0.04317602104936086,10.891355361438714
15883,165.0,43.0,0.0,43.0,5.0,0.12956159087489713,11.02091695231361
15884,165.0,44.0,0.0,44.0,0.0,0.04497487212076914,11.06589182443438
15885,165.0,45.0,0.0,45.0,3.0,0.0,11.06589182443438
15886,165.0,46.0,0.0,46.0,4.0,0.0,11.06589182443438
15887,165.0,47.0,0.0,47.0,6.0,0.351198302995685,11.417090127430065
15888,165.0,48.0,0.0,48.0,6.0,0.14418838926849195,11.561278516698557
15889,165.0,49.0,0.0,49.0,7.0,0.2020575551425499,11.763336071841108
15890,165.0,50.0,0.0,50.0,2.0,0.0,11.763336071841108
15891,165.0,51.0,0.0,51.0,4.0,0.786538645224503,12.549874717065611
15892,165.0,52.0,0.0,52.0,4.0,0.06308539271434067,12.612960109779952
15893,165.0,53.0,0.0,53.0,4.0,0.21617570620019438,12.829135815980147
15894,165.0,54.0,0.0,54.0,1.0,0.2129057638025988,13.042041579782746
15895,165.0,55.0,0.0,55.0,4.0,0.024172346025505487,13.06621392580825
15896,165.0,56.0,0.0,56.0,7.0,0.2094357913069121,13.275649717115163
15897,165.0,57.0,0.0,57.0,3.0,0.3394391447328553,13.615088861848019
15898,165.0,58.0,0.0,58.0,3.0,0.08263274320301577,13.697721605051035
15899,165.0,59.0,0.0,59.0,5.0,0.0488407511838819,13.746562356234916
15900,165.0,60.0,0.0,60.0,6.0,0.19275096950199988,13.939313325736917
15901,165.0,61.0,0.0,61.0,1.0,0.7864352531193769,14.725748578856294
15902,165.0,62.0,0.0,62.0,1.0,0.11338444405026506,14.839133022906559
15903,165.0,63.0,0.0,63.0,1.0,0.29885514167787697,15.137988164584435
15904,165.0,64.0,0.0,64.0,1.0,0.1521898058916304,15.290177970476066
15905,165.0,65.0,0.0,65.0,1.0,0.0,15.290177970476066
15906,165.0,66.0,0.0,66.0,4.0,0.0,15.290177970476066
15907,165.0,67.0,0.0,67.0,7.0,0.09818265512943311,15.388360625605499
15908,165.0,68.0,0.0,68.0,0.0,0.09968082273709172,15.48804144834259
15909,165.0,69.0,0.0,69.0,6.0,0.09243667781140737,15.580478126153999
15910,165.0,70.0,0.0,70.0,3.0,0.5254767966993704,16.105954922853368
15911,165.0,71.0,0.0,71.0,3.0,0.09300458273999601,16.198959505593365
15912,165.0,72.0,0.0,72.0,3.0,0.25537726099248537,16.45433676658585
15913,165.0,73.0,0.0,73.0,1.0,0.29156994495680316,16.745906711542652
15914,165.0,74.0,0.0,74.0,4.0,0.0,16.745906711542652
15915,165.0,75.0,0.0,75.0,3.0,0.03301525633795021,16.778921967880603
15916,165.0,76.0,0.0,76.0,1.0,0.4091289111380489,17.18805087901865
15917,165.0,77.0,0.0,77.0,1.0,0.5459856231058668,17.734036502124518
15918,165.0,78.0,0.0,78.0,1.0,0.03476387852119797,17.768800380645715
15919,165.0,79.0,0.0,79.0,1.0,0.35845450021337216,18.127254880859088
15920,165.0,80.0,0.0,80.0,1.0,0.18420213317850265,18.31145701403759
15921,165.0,81.0,0.0,81.0,7.0,0.6946860763679339,19.006143090405523
15922,165.0,82.0,0.0,82.0,7.0,0.0741373058509058,19.080280396256427
15923,165.0,83.0,0.0,83.0,7.0,0.11500588206885451,19.19528627832528
15924,165.0,84.0,0.0,84.0,1.0,0.1581141854724727,19.353400463797755
15925,165.0,85.0,0.0,85.0,7.0,0.44759909174127827,19.800999555539033
15926,165.0,86.0,0.0,86.0,7.0,0.17451046426450795,19.97551001980354
15927,165.0,87.0,0.0,87.0,7.0,0.0,19.97551001980354
15928,165.0,88.0,0.0,88.0,1.0,0.1122698472049673,20.087779867008507
15929,165.0,89.0,0.0,89.0,4.0,0.0,20.087779867008507
15930,165.0,90.0,0.0,90.0,5.0,0.3039231620092401,20.391703029017748
15931,165.0,91.0,0.0,91.0,5.0,0.07525820400177534,20.466961233019525
15932,165.0,92.0,0.0,92.0,3.0,0.23503314504653663,20.70199437806606
15933,165.0,93.0,0.0,93.0,6.0,0.45661860173922436,21.158612979805284
15934,165.0,94.0,0.0,94.0,6.0,0.8113111970305757,21.96992417683586
15935,165.0,95.0,0.0,95.0,6.0,0.38423498309596005,22.35415915993182
15936,166.0,0.0,0.0,0.0,0.0,0.0,0.0
15937,166.0,1.0,0.0,1.0,1.0,0.29471142430324837,0.29471142430324837
15938,166.0,2.0,0.0,2.0,2.0,0.0,0.29471142430324837
15939,166.0,3.0,0.0,3.0,3.0,0.6774497976451884,0.9721612219484368
15940,166.0,4.0,0.0,4.0,4.0,0.2352620848249543,1.207423306773391
15941,166.0,5.0,0.0,5.0,5.0,0.0,1.207423306773391
15942,166.0,6.0,0.0,6.0,6.0,0.308924290481592,1.516347597254983
15943,166.0,7.0,0.0,7.0,7.0,0.26958034497069683,1.7859279422256797
15944,166.0,8.0,0.0,8.0,3.0,0.19321782807184884,1.9791457702975286
15945,166.0,9.0,0.0,9.0,6.0,0.528994261355651,2.5081400316531797
15946,166.0,10.0,0.0,10.0,1.0,0.31376821855801423,2.821908250211194
15947,166.0,11.0,0.0,11.0,3.0,0.27104019678738106,3.0929484469985753
15948,166.0,12.0,0.0,12.0,6.0,0.3116598759686686,3.4046083229672437
15949,166.0,13.0,0.0,13.0,7.0,0.15727691362384175,3.5618852365910856
15950,166.0,14.0,0.0,14.0,4.0,0.35306467064568264,3.9149499072367684
15951,166.0,15.0,0.0,15.0,6.0,0.2380098281042837,4.152959735341052
15952,166.0,16.0,0.0,16.0,3.0,0.3124487689648274,4.46540850430588
15953,166.0,17.0,0.0,17.0,1.0,0.7371334889638141,5.202541993269694
15954,166.0,18.0,0.0,18.0,1.0,0.27119035406226066,5.473732347331955
15955,166.0,19.0,0.0,19.0,1.0,0.01157769227695752,5.485310039608913
15956,166.0,20.0,0.0,20.0,4.0,0.14305431294694723,5.6283643525558595
15957,166.0,21.0,0.0,21.0,3.0,0.06695124930527994,5.6953156018611395
15958,166.0,22.0,0.0,22.0,6.0,0.19720425874379977,5.892519860604939
15959,166.0,23.0,0.0,23.0,7.0,0.04103739105239522,5.9335572516573345
15960,166.0,24.0,0.0,24.0,1.0,0.16259328171919027,6.096150533376525
15961,166.0,25.0,0.0,25.0,6.0,0.2355975950006196,6.331748128377145
15962,166.0,26.0,0.0,26.0,4.0,0.0,6.331748128377145
15963,166.0,27.0,0.0,27.0,3.0,0.008668876753709993,6.340417005130854
15964,166.0,28.0,0.0,28.0,6.0,0.10776919275082603,6.448186197881681
15965,166.0,29.0,0.0,29.0,1.0,0.2336797832809992,6.68186598116268
15966,166.0,30.0,0.0,30.0,0.0,0.0,6.68186598116268
15967,166.0,31.0,0.0,31.0,2.0,0.10287625647900679,6.784742237641687
15968,166.0,32.0,0.0,32.0,5.0,0.027814322711726475,6.812556560353414
15969,166.0,33.0,0.0,33.0,1.0,0.5102676826124355,7.32282424296585
15970,166.0,34.0,0.0,34.0,1.0,0.5191650371090091,7.841989280074859
15971,166.0,35.0,0.0,35.0,1.0,0.15606839806007136,7.998057678134931
15972,166.0,36.0,0.0,36.0,1.0,0.18420213317850265,8.182259811313433
15973,166.0,37.0,0.0,37.0,6.0,0.0,8.182259811313433
15974,166.0,38.0,0.0,38.0,1.0,0.35845450021337216,8.540714311526806
15975,166.0,39.0,0.0,39.0,3.0,0.0,8.540714311526806
15976,166.0,40.0,0.0,40.0,1.0,0.22346138720261824,8.764175698729424
15977,166.0,41.0,0.0,41.0,7.0,0.35893392020488385,9.123109618934308
15978,166.0,42.0,0.0,42.0,7.0,0.4410508038344497,9.564160422768758
15979,166.0,43.0,0.0,43.0,7.0,0.03880437980675808,9.602964802575515
15980,166.0,44.0,0.0,44.0,1.0,0.0930474388599168,9.696012241435433
15981,166.0,45.0,0.0,45.0,4.0,0.26227852312629674,9.95829076456173
15982,166.0,46.0,0.0,46.0,1.0,0.32124548368694295,10.279536248248672
15983,166.0,47.0,0.0,47.0,4.0,0.0,10.279536248248672
15984,166.0,48.0,0.0,48.0,7.0,0.24291591879383728,10.522452167042509
15985,166.0,49.0,0.0,49.0,1.0,0.26917241091670174,10.791624577959212
15986,166.0,50.0,0.0,50.0,6.0,0.45154853925075483,11.243173117209967
15987,166.0,51.0,0.0,51.0,6.0,0.709114106247022,11.952287223456988
15988,166.0,52.0,0.0,52.0,6.0,0.002161454739645614,11.954448678196634
15989,166.0,53.0,0.0,53.0,6.0,0.41014276344445866,12.364591441641092
15990,166.0,54.0,0.0,54.0,6.0,0.1370475401392327,12.501638981780324
15991,166.0,55.0,0.0,55.0,6.0,0.3045366457502025,12.806175627530527
15992,166.0,56.0,0.0,56.0,1.0,0.17515766824041448,12.981333295770941
15993,166.0,57.0,0.0,57.0,6.0,0.19237477602684144,13.173708071797783
15994,166.0,58.0,0.0,58.0,7.0,0.029232001322727855,13.20294007312051
15995,166.0,59.0,0.0,59.0,3.0,0.17451251960862407,13.377452592729135
15996,166.0,60.0,0.0,60.0,1.0,0.44922488554479406,13.826677478273929
15997,166.0,61.0,0.0,61.0,1.0,0.3409891715042017,14.16766664977813
15998,166.0,62.0,0.0,62.0,1.0,0.6458467227103142,14.813513372488444
15999,166.0,63.0,0.0,63.0,1.0,0.0,14.813513372488444
16000,166.0,64.0,0.0,64.0,1.0,0.1252470864872485,14.938760458975693
16001,166.0,65.0,0.0,65.0,2.0,0.15868138789215788,15.09744184686785
16002,166.0,66.0,0.0,66.0,6.0,0.2624626141648409,15.359904461032691
16003,166.0,67.0,0.0,67.0,6.0,0.5609494988696637,15.920853959902356
16004,166.0,68.0,0.0,68.0,6.0,0.23042860433100323,16.15128256423336
16005,166.0,69.0,0.0,69.0,6.0,0.12433874510598864,16.275621309339346
16006,166.0,70.0,0.0,70.0,1.0,0.14690456218978679,16.422525871529132
16007,166.0,71.0,0.0,71.0,6.0,0.19275096950199988,16.615276841031132
16008,166.0,72.0,0.0,72.0,3.0,0.45250052602955393,17.067777367060685
16009,166.0,73.0,0.0,73.0,3.0,0.028731351967359188,17.096508719028044
16010,166.0,74.0,0.0,74.0,1.0,0.40114156826807473,17.497650287296118
16011,166.0,75.0,0.0,75.0,1.0,0.8012578002674544,18.29890808756357
16012,166.0,76.0,0.0,76.0,1.0,0.04845925959332829,18.3473673471569
16013,166.0,77.0,0.0,77.0,1.0,0.055820590489851885,18.403187937646752
16014,166.0,78.0,0.0,78.0,6.0,0.8113111970305757,19.21449913467733
16015,166.0,79.0,0.0,79.0,6.0,0.20104993189686238,19.41554906657419
16016,166.0,80.0,0.0,80.0,6.0,0.754797882045112,20.1703469486193
16017,166.0,81.0,0.0,81.0,6.0,0.02152766918353003,20.19187461780283
16018,166.0,82.0,0.0,82.0,6.0,0.04941931180611817,20.24129392960895
16019,166.0,83.0,0.0,83.0,6.0,0.14053761898862807,20.381831548597578
16020,166.0,84.0,0.0,84.0,1.0,0.09271436829694825,20.474545916894527
16021,166.0,85.0,0.0,85.0,6.0,0.7074564648856323,21.18200238178016
16022,166.0,86.0,0.0,86.0,6.0,0.22700732154927955,21.40900970332944
16023,166.0,87.0,0.0,87.0,6.0,0.08569355050034418,21.494703253829783
16024,166.0,88.0,0.0,88.0,6.0,0.05187143270467871,21.546574686534463
16025,166.0,89.0,0.0,89.0,1.0,0.640526367398124,22.187101053932587
16026,166.0,90.0,0.0,90.0,1.0,0.09468128799662574,22.281782341929212
16027,166.0,91.0,0.0,91.0,1.0,0.03476387852119797,22.31654622045041
16028,166.0,92.0,0.0,92.0,3.0,0.0,22.31654622045041
16029,166.0,93.0,0.0,93.0,6.0,0.9633601102069204,23.27990633065733
16030,166.0,94.0,0.0,94.0,6.0,0.4025312660474192,23.682437596704748
16031,166.0,95.0,0.0,95.0,6.0,0.36321665879061876,24.045654255495368
16032,167.0,0.0,0.0,0.0,0.0,0.0,0.0
16033,167.0,1.0,0.0,1.0,1.0,0.11896244309851166,0.11896244309851166
16034,167.0,2.0,0.0,2.0,2.0,0.2641208848836428,0.3830833279821545
16035,167.0,3.0,0.0,3.0,3.0,0.17451251960862407,0.5575958475907785
16036,167.0,4.0,0.0,4.0,4.0,0.6928212275644872,1.2504170751552657
16037,167.0,5.0,0.0,5.0,5.0,0.3368873886964404,1.587304463851706
16038,167.0,6.0,0.0,6.0,6.0,0.12662947121033713,1.713933935062043
16039,167.0,7.0,0.0,7.0,7.0,0.12980887699241067,1.8437428120544537
16040,167.0,8.0,0.0,8.0,4.0,0.0,1.8437428120544537
16041,167.0,9.0,0.0,9.0,5.0,0.15143727500736548,1.995180087061819
16042,167.0,10.0,0.0,10.0,2.0,0.40117548832375627,2.3963555753855754
16043,167.0,11.0,0.0,11.0,4.0,0.42565478925164,2.822010364637215
16044,167.0,12.0,0.0,12.0,2.0,0.6213972006776474,3.4434075653148626
16045,167.0,13.0,0.0,13.0,2.0,0.17796714865995647,3.621374713974819
16046,167.0,14.0,0.0,14.0,3.0,0.108472937332383,3.7298476513072023
16047,167.0,15.0,0.0,15.0,4.0,0.786538645224503,4.516386296531706
16048,167.0,16.0,0.0,16.0,4.0,0.4269573308108327,4.943343627342538
16049,167.0,17.0,0.0,17.0,4.0,0.18805542412596601,5.131399051468504
16050,167.0,18.0,0.0,18.0,7.0,0.0,5.131399051468504
16051,167.0,19.0,0.0,19.0,6.0,0.2030643176852566,5.33446336915376
16052,167.0,20.0,0.0,20.0,4.0,0.0,5.33446336915376
16053,167.0,21.0,0.0,21.0,1.0,0.1250648719057287,5.459528241059489
16054,167.0,22.0,0.0,22.0,2.0,0.0073944663165102,5.466922707376
16055,167.0,23.0,0.0,23.0,5.0,0.5943235436047835,6.061246250980783
16056,167.0,24.0,0.0,24.0,5.0,0.0,6.061246250980783
16057,167.0,25.0,0.0,25.0,4.0,0.5189731442966758,6.580219395277459
16058,167.0,26.0,0.0,26.0,4.0,0.5370312334100855,7.117250628687545
16059,167.0,27.0,0.0,27.0,4.0,0.3628567677526115,7.4801073964401565
16060,167.0,28.0,0.0,28.0,4.0,0.26227852312629674,7.742385919566454
16061,167.0,29.0,0.0,29.0,4.0,0.35662687216539196,8.099012791731846
16062,167.0,30.0,0.0,30.0,4.0,0.5318065204421886,8.630819312174035
16063,167.0,31.0,0.0,31.0,4.0,0.2742259822986554,8.905045294472691
16064,167.0,32.0,0.0,32.0,5.0,0.4083245810104282,9.313369875483119
16065,167.0,33.0,0.0,33.0,5.0,0.2548228037622788,9.568192679245398
16066,167.0,34.0,0.0,34.0,6.0,0.15870422142553076,9.726896900670928
16067,167.0,35.0,0.0,35.0,2.0,0.44976625428900363,10.176663154959932
16068,167.0,36.0,0.0,36.0,2.0,0.1656307552320488,10.342293910191982
16069,167.0,37.0,0.0,37.0,4.0,0.0,10.342293910191982
16070,167.0,38.0,0.0,38.0,0.0,0.0,10.342293910191982
16071,167.0,39.0,0.0,39.0,5.0,0.2501458808505047,10.592439791042487
16072,167.0,40.0,0.0,40.0,3.0,0.0,10.592439791042487
16073,167.0,41.0,0.0,41.0,2.0,0.3004714236147025,10.89291121465719
16074,167.0,42.0,0.0,42.0,4.0,0.01616105790717103,10.90907227256436
16075,167.0,43.0,0.0,43.0,1.0,0.39051636555348407,11.299588638117845
16076,167.0,44.0,0.0,44.0,1.0,0.0772841125499467,11.376872750667792
16077,167.0,45.0,0.0,45.0,2.0,0.0,11.376872750667792
16078,167.0,46.0,0.0,46.0,5.0,0.2305694971756699,11.607442247843462
16079,167.0,47.0,0.0,47.0,4.0,0.0,11.607442247843462
16080,167.0,48.0,0.0,48.0,5.0,0.49945965498331496,12.106901902826777
16081,167.0,49.0,0.0,49.0,5.0,0.03503381451770802,12.141935717344486
16082,167.0,50.0,0.0,50.0,6.0,0.05187143270467871,12.193807150049166
16083,167.0,51.0,0.0,51.0,4.0,0.4262384419390214,12.620045591988188
16084,167.0,52.0,0.0,52.0,4.0,0.03244158328874442,12.652487175276931
16085,167.0,53.0,0.0,53.0,5.0,0.0,12.652487175276931
16086,167.0,54.0,0.0,54.0,2.0,0.05071475147700608,12.703201926753938
16087,167.0,55.0,0.0,55.0,1.0,0.4091289111380489,13.112330837891987
16088,167.0,56.0,0.0,56.0,1.0,0.10131102734794921,13.213641865239936
16089,167.0,57.0,0.0,57.0,4.0,0.004890111547855993,13.218531976787792
16090,167.0,58.0,0.0,58.0,7.0,0.031039358450981096,13.249571335238773
16091,167.0,59.0,0.0,59.0,1.0,0.04845925959332829,13.2980305948321
16092,167.0,60.0,0.0,60.0,4.0,0.12626645153161312,13.424297046363714
16093,167.0,61.0,0.0,61.0,2.0,0.2052375345025933,13.629534580866308
16094,167.0,62.0,0.0,62.0,5.0,0.13288998660895118,13.762424567475259
16095,167.0,63.0,0.0,63.0,4.0,0.3097901048969641,14.072214672372223
16096,167.0,64.0,0.0,64.0,4.0,0.13505835684833514,14.207273029220557
16097,167.0,65.0,0.0,65.0,2.0,0.7068413165322392,14.914114345752797
16098,167.0,66.0,0.0,66.0,2.0,0.5927850394971269,15.506899385249923
16099,167.0,67.0,0.0,67.0,2.0,0.0,15.506899385249923
16100,167.0,68.0,0.0,68.0,2.0,0.0,15.506899385249923
16101,167.0,69.0,0.0,69.0,2.0,0.25637356125238836,15.763272946502312
16102,167.0,70.0,0.0,70.0,2.0,0.31838380442486014,16.081656750927174
16103,167.0,71.0,0.0,71.0,2.0,0.10287625647900679,16.18453300740618
16104,167.0,72.0,0.0,72.0,5.0,0.1271290746976771,16.311662082103858
16105,167.0,73.0,0.0,73.0,6.0,0.2355975950006196,16.547259677104478
16106,167.0,74.0,0.0,74.0,4.0,0.12212621641662968,16.669385893521106
16107,167.0,75.0,0.0,75.0,3.0,0.028731351967359188,16.698117245488465
16108,167.0,76.0,0.0,76.0,6.0,0.39899739331314654,17.09711463880161
16109,167.0,77.0,0.0,77.0,6.0,0.709114106247022,17.80622874504863
16110,167.0,78.0,0.0,78.0,6.0,0.19237477602684144,17.998603521075474
16111,167.0,79.0,0.0,79.0,6.0,0.002161454739645614,18.00076497581512
16112,167.0,80.0,0.0,80.0,6.0,0.29928972735028064,18.3000547031654
16113,167.0,81.0,0.0,81.0,6.0,0.09243667781140737,18.392491380976807
16114,167.0,82.0,0.0,82.0,6.0,0.5398005436791784,18.932291924655985
16115,167.0,83.0,0.0,83.0,6.0,0.7330812715508707,19.665373196206854
16116,167.0,84.0,0.0,84.0,6.0,0.22700732154927955,19.892380517756134
16117,167.0,85.0,0.0,85.0,6.0,0.41014276344445866,20.302523281200592
16118,167.0,86.0,0.0,86.0,6.0,0.528994261355651,20.831517542556245
16119,167.0,87.0,0.0,87.0,6.0,0.7615432087357681,21.593060751292015
16120,167.0,88.0,0.0,88.0,6.0,0.09260082505258796,21.685661576344604
16121,167.0,89.0,0.0,89.0,6.0,0.18466604549596066,21.870327621840563
16122,167.0,90.0,0.0,90.0,6.0,0.5048327715259897,22.375160393366553
16123,167.0,91.0,0.0,91.0,6.0,0.398606424860819,22.773766818227372
16124,167.0,92.0,0.0,92.0,6.0,0.4832391209848758,23.25700593921225
16125,167.0,93.0,0.0,93.0,6.0,0.23958507229734452,23.496591011509594
16126,167.0,94.0,0.0,94.0,6.0,0.5721185095518746,24.068709521061468
16127,167.0,95.0,0.0,95.0,6.0,0.9633601102069204,25.03206963126839
16128,168.0,0.0,0.0,0.0,0.0,0.16065957806136022,0.16065957806136022
16129,168.0,1.0,0.0,1.0,1.0,0.23376214866150832,0.39442172672286857
16130,168.0,2.0,0.0,2.0,2.0,0.0,0.39442172672286857
16131,168.0,3.0,0.0,3.0,3.0,0.8079320082078706,1.2023537349307392
16132,168.0,4.0,0.0,4.0,4.0,0.3716799242424243,1.5740336591731634
16133,168.0,5.0,0.0,5.0,5.0,0.6074606983847354,2.1814943575578987
16134,168.0,6.0,0.0,6.0,6.0,0.002161454739645614,2.1836558122975442
16135,168.0,7.0,0.0,7.0,7.0,0.26958034497069683,2.453236157268241
16136,168.0,8.0,0.0,8.0,3.0,0.3885911041625654,2.8418272614308067
16137,168.0,9.0,0.0,9.0,5.0,0.21582234885179488,3.0576496102826014
16138,168.0,10.0,0.0,10.0,3.0,0.3530641579703023,3.410713768252904
16139,168.0,11.0,0.0,11.0,4.0,0.6630452028905913,4.073758971143495
16140,168.0,12.0,0.0,12.0,4.0,0.35662687216539196,4.430385843308887
16141,168.0,13.0,0.0,13.0,3.0,0.08263274320301577,4.513018586511903
16142,168.0,14.0,0.0,14.0,7.0,0.13016600678161144,4.6431845932935145
16143,168.0,15.0,0.0,15.0,5.0,0.0,4.6431845932935145
16144,168.0,16.0,0.0,16.0,4.0,0.0,4.6431845932935145
16145,168.0,17.0,0.0,17.0,1.0,0.40114156826807473,5.044326161561589
16146,168.0,18.0,0.0,18.0,1.0,0.31376821855801423,5.358094380119603
16147,168.0,19.0,0.0,19.0,0.0,0.11717595902856863,5.475270339148172
16148,168.0,20.0,0.0,20.0,3.0,0.03301525633795021,5.508285595486122
16149,168.0,21.0,0.0,21.0,1.0,0.11184940162260157,5.620134997108723
16150,168.0,22.0,0.0,22.0,4.0,0.20497945959324024,5.8251144567019635
16151,168.0,23.0,0.0,23.0,5.0,0.25545532592559733,6.080569782627561
16152,168.0,24.0,0.0,24.0,3.0,0.011662364837897463,6.092232147465458
16153,168.0,25.0,0.0,25.0,7.0,0.2094357913069121,6.30166793877237
16154,168.0,26.0,0.0,26.0,4.0,0.0,6.30166793877237
16155,168.0,27.0,0.0,27.0,5.0,0.0,6.30166793877237
16156,168.0,28.0,0.0,28.0,1.0,0.06877401020269108,6.370441948975062
16157,168.0,29.0,0.0,29.0,6.0,0.40586275112066333,6.776304700095725
16158,168.0,30.0,0.0,30.0,6.0,0.7615432087357681,7.537847908831493
16159,168.0,31.0,0.0,31.0,6.0,0.38478252254705636,7.92263043137855
16160,168.0,32.0,0.0,32.0,6.0,0.1370475401392327,8.059677971517782
16161,168.0,33.0,0.0,33.0,6.0,0.5211461016164569,8.58082407313424
16162,168.0,34.0,0.0,34.0,6.0,0.36348110977950954,8.94430518291375
16163,168.0,35.0,0.0,35.0,6.0,0.5609494988696637,9.505254681783413
16164,168.0,36.0,0.0,36.0,6.0,0.398606424860819,9.903861106644232
16165,168.0,37.0,0.0,37.0,6.0,0.8113111970305757,10.715172303674809
16166,168.0,38.0,0.0,38.0,6.0,0.10776919275082603,10.822941496425635
16167,168.0,39.0,0.0,39.0,6.0,0.02152766918353003,10.844469165609166
16168,168.0,40.0,0.0,40.0,6.0,0.31122773400729964,11.155696899616466
16169,168.0,41.0,0.0,41.0,6.0,0.22700732154927955,11.382704221165746
16170,168.0,42.0,0.0,42.0,2.0,0.05386861899525439,11.436572840161
16171,168.0,43.0,0.0,43.0,0.0,0.0,11.436572840161
16172,168.0,44.0,0.0,44.0,6.0,0.0,11.436572840161
16173,168.0,45.0,0.0,45.0,7.0,0.44759909174127827,11.884171931902278
16174,168.0,46.0,0.0,46.0,7.0,0.0,11.884171931902278
16175,168.0,47.0,0.0,47.0,3.0,0.12506065997339402,12.009232591875673
16176,168.0,48.0,0.0,48.0,4.0,0.3541487541408539,12.363381346016526
16177,168.0,49.0,0.0,49.0,4.0,0.2914393100528348,12.654820656069361
16178,168.0,50.0,0.0,50.0,6.0,0.0,12.654820656069361
16179,168.0,51.0,0.0,51.0,4.0,0.15590532879380598,12.810725984863167
16180,168.0,52.0,0.0,52.0,1.0,0.39051636555348407,13.201242350416651
16181,168.0,53.0,0.0,53.0,1.0,0.11896244309851166,13.320204793515163
16182,168.0,54.0,0.0,54.0,3.0,0.07764731871057673,13.39785211222574
16183,168.0,55.0,0.0,55.0,5.0,0.13236637124382183,13.530218483469563
16184,168.0,56.0,0.0,56.0,6.0,0.525530725813632,14.055749209283194
16185,168.0,57.0,0.0,57.0,6.0,0.1440283701753274,14.199777579458521
16186,168.0,58.0,0.0,58.0,7.0,0.0,14.199777579458521
16187,168.0,59.0,0.0,59.0,6.0,0.08544920153663012,14.285226780995151
16188,168.0,60.0,0.0,60.0,4.0,0.5189731442966758,14.804199925291826
16189,168.0,61.0,0.0,61.0,4.0,0.36899642420942863,15.173196349501255
16190,168.0,62.0,0.0,62.0,4.0,0.10016360891352999,15.273359958414785
16191,168.0,63.0,0.0,63.0,4.0,0.18805542412596601,15.461415382540752
16192,168.0,64.0,0.0,64.0,1.0,0.5325149437924254,15.993930326333176
16193,168.0,65.0,0.0,65.0,1.0,0.4208360768007997,16.414766403133974
16194,168.0,66.0,0.0,66.0,1.0,0.14763267170963074,16.562399074843604
16195,168.0,67.0,0.0,67.0,1.0,0.27119035406226066,16.833589428905864
16196,168.0,68.0,0.0,68.0,1.0,0.01157769227695752,16.845167121182822
16197,168.0,69.0,0.0,69.0,6.0,0.0,16.845167121182822
16198,168.0,70.0,0.0,70.0,4.0,0.12626645153161312,16.971433572714435
16199,168.0,71.0,0.0,71.0,3.0,0.47254251673467496,17.44397608944911
16200,168.0,72.0,0.0,72.0,3.0,0.31311875945201073,17.75709484890112
16201,168.0,73.0,0.0,73.0,3.0,0.0,17.75709484890112
16202,168.0,74.0,0.0,74.0,5.0,0.0,17.75709484890112
16203,168.0,75.0,0.0,75.0,6.0,0.05187143270467871,17.808966281605798
16204,168.0,76.0,0.0,76.0,4.0,0.07128856318987772,17.880254844795676
16205,168.0,77.0,0.0,77.0,1.0,0.29885514167787697,18.179109986473552
16206,168.0,78.0,0.0,78.0,1.0,0.17515766824041448,18.354267654713965
16207,168.0,79.0,0.0,79.0,3.0,0.028731351967359188,18.382999006681324
16208,168.0,80.0,0.0,80.0,6.0,0.8206264844566112,19.203625491137934
16209,168.0,81.0,0.0,81.0,6.0,0.09243667781140737,19.29606216894934
16210,168.0,82.0,0.0,82.0,6.0,0.470561563191029,19.76662373214037
16211,168.0,83.0,0.0,83.0,6.0,0.18216968160881716,19.948793413749186
16212,168.0,84.0,0.0,84.0,6.0,0.9633601102069204,20.912153523956107
16213,168.0,85.0,0.0,85.0,6.0,0.18466604549596066,21.096819569452066
16214,168.0,86.0,0.0,86.0,6.0,0.0,21.096819569452066
16215,168.0,87.0,0.0,87.0,6.0,0.2245370227069958,21.321356592159063
16216,168.0,88.0,0.0,88.0,6.0,0.38423498309596005,21.705591575255024
16217,168.0,89.0,0.0,89.0,6.0,0.5064850022994652,22.21207657755449
16218,168.0,90.0,0.0,90.0,6.0,0.09260082505258796,22.30467740260708
16219,168.0,91.0,0.0,91.0,6.0,0.08473142129368774,22.38940882390077
16220,168.0,92.0,0.0,92.0,6.0,0.04941931180611817,22.43882813570689
16221,168.0,93.0,0.0,93.0,1.0,0.5102676826124355,22.949095818319325
16222,168.0,94.0,0.0,94.0,1.0,0.0,22.949095818319325
16223,168.0,95.0,0.0,95.0,0.0,0.14166395096102197,23.090759769280346
16224,169.0,0.0,0.0,0.0,0.0,0.0,0.0
16225,169.0,1.0,0.0,1.0,1.0,0.2336797832809992,0.2336797832809992
16226,169.0,2.0,0.0,2.0,2.0,0.4120778195142538,0.645757602795253
16227,169.0,3.0,0.0,3.0,3.0,0.07173524956865848,0.7174928523639115
16228,169.0,4.0,0.0,4.0,4.0,0.2914393100528348,1.0089321624167462
16229,169.0,5.0,0.0,5.0,5.0,0.4034908793754677,1.412423041792214
16230,169.0,6.0,0.0,6.0,6.0,0.3152014117071101,1.727624453499324
16231,169.0,7.0,0.0,7.0,7.0,0.0,1.727624453499324
16232,169.0,8.0,0.0,8.0,2.0,0.15868138789215788,1.8863058413914817
16233,169.0,9.0,0.0,9.0,5.0,0.0,1.8863058413914817
16234,169.0,10.0,0.0,10.0,6.0,0.7377651793174987,2.6240710207089806
16235,169.0,11.0,0.0,11.0,6.0,0.46120539576978026,3.0852764164787607
16236,169.0,12.0,0.0,12.0,6.0,0.030996621679545998,3.116273038158307
16237,169.0,13.0,0.0,13.0,4.0,0.15383977509268065,3.2701128132509876
16238,169.0,14.0,0.0,14.0,1.0,0.06877401020269108,3.3388868234536786
16239,169.0,15.0,0.0,15.0,2.0,0.13810536010235094,3.4769921835560296
16240,169.0,16.0,0.0,16.0,6.0,0.1440283701753274,3.621020553731357
16241,169.0,17.0,0.0,17.0,4.0,0.5370312334100855,4.158051787141442
16242,169.0,18.0,0.0,18.0,4.0,0.024172346025505487,4.182224133166947
16243,169.0,19.0,0.0,19.0,3.0,0.028731351967359188,4.210955485134306
16244,169.0,20.0,0.0,20.0,6.0,0.0,4.210955485134306
16245,169.0,21.0,0.0,21.0,5.0,0.0,4.210955485134306
16246,169.0,22.0,0.0,22.0,2.0,0.05386861899525439,4.264824104129561
16247,169.0,23.0,0.0,23.0,1.0,0.0,4.264824104129561
16248,169.0,24.0,0.0,24.0,4.0,0.004890111547855993,4.269714215677417
16249,169.0,25.0,0.0,25.0,0.0,0.1369825643388808,4.406696780016298
16250,169.0,26.0,0.0,26.0,7.0,0.02758892282854971,4.434285702844847
16251,169.0,27.0,0.0,27.0,6.0,0.8206264844566112,5.254912187301459
16252,169.0,28.0,0.0,28.0,6.0,0.4025312660474192,5.657443453348878
16253,169.0,29.0,0.0,29.0,6.0,0.08326994649709853,5.740713399845977
16254,169.0,30.0,0.0,30.0,6.0,0.2888924503251035,6.02960585017108
16255,169.0,31.0,0.0,31.0,6.0,0.3116598759686686,6.341265726139749
16256,169.0,32.0,0.0,32.0,6.0,0.08900059238186646,6.430266318521616
16257,169.0,33.0,0.0,33.0,6.0,0.31122773400729964,6.741494052528916
16258,169.0,34.0,0.0,34.0,6.0,0.592467301916092,7.333961354445008
16259,169.0,35.0,0.0,35.0,6.0,0.1370475401392327,7.471008894584241
16260,169.0,36.0,0.0,36.0,6.0,0.09243667781140737,7.563445572395648
16261,169.0,37.0,0.0,37.0,2.0,0.38230358492209854,7.945749157317747
16262,169.0,38.0,0.0,38.0,2.0,0.19074406487779483,8.136493222195542
16263,169.0,39.0,0.0,39.0,2.0,0.3083246732118922,8.444817895407434
16264,169.0,40.0,0.0,40.0,6.0,0.2676282183690528,8.712446113776487
16265,169.0,41.0,0.0,41.0,4.0,0.6273379479591693,9.339784061735656
16266,169.0,42.0,0.0,42.0,4.0,0.05283876478085068,9.392622826516508
16267,169.0,43.0,0.0,43.0,4.0,0.6166947510523849,10.009317577568893
16268,169.0,44.0,0.0,44.0,4.0,0.28973804014574706,10.299055617714641
16269,169.0,45.0,0.0,45.0,4.0,0.1495593642703379,10.44861498198498
16270,169.0,46.0,0.0,46.0,4.0,0.2352620848249543,10.683877066809934
16271,169.0,47.0,0.0,47.0,2.0,0.0,10.683877066809934
16272,169.0,48.0,0.0,48.0,5.0,0.1812152791592592,10.865092345969193
16273,169.0,49.0,0.0,49.0,0.0,0.30193260026714136,11.167024946236335
16274,169.0,50.0,0.0,50.0,0.0,0.11395249262034009,11.280977438856675
16275,169.0,51.0,0.0,51.0,4.0,0.06660229217274866,11.347579731029423
16276,169.0,52.0,0.0,52.0,6.0,0.0,11.347579731029423
16277,169.0,53.0,0.0,53.0,3.0,0.22459010399443233,11.572169835023855
16278,169.0,54.0,0.0,54.0,6.0,0.06692797541129325,11.639097810435148
16279,169.0,55.0,0.0,55.0,4.0,0.3406652420848293,11.979763052519978
16280,169.0,56.0,0.0,56.0,4.0,0.3541487541408539,12.333911806660831
16281,169.0,57.0,0.0,57.0,4.0,0.619788147899107,12.953699954559937
16282,169.0,58.0,0.0,58.0,4.0,0.0,12.953699954559937
16283,169.0,59.0,0.0,59.0,4.0,0.4202049514706216,13.373904906030559
16284,169.0,60.0,0.0,60.0,4.0,0.0,13.373904906030559
16285,169.0,61.0,0.0,61.0,3.0,0.13898763859318042,13.512892544623739
16286,169.0,62.0,0.0,62.0,5.0,0.4299809133878022,13.94287345801154
16287,169.0,63.0,0.0,63.0,5.0,0.09067390774368256,14.033547365755222
16288,169.0,64.0,0.0,64.0,1.0,0.1252470864872485,14.158794452242471
16289,169.0,65.0,0.0,65.0,5.0,0.12956159087489713,14.288356043117368
16290,169.0,66.0,0.0,66.0,0.0,0.0,14.288356043117368
16291,169.0,67.0,0.0,67.0,6.0,0.19330425654839078,14.481660299665759
16292,169.0,68.0,0.0,68.0,4.0,0.03244158328874442,14.514101882954503
16293,169.0,69.0,0.0,69.0,2.0,0.5927850394971269,15.10688692245163
16294,169.0,70.0,0.0,70.0,2.0,0.0009678536600830689,15.107854776111711
16295,169.0,71.0,0.0,71.0,2.0,0.17796714865995647,15.285821924771668
16296,169.0,72.0,0.0,72.0,6.0,0.0,15.285821924771668
16297,169.0,73.0,0.0,73.0,2.0,0.482186826413389,15.768008751185057
16298,169.0,74.0,0.0,74.0,2.0,0.2822795401633952,16.05028829134845
16299,169.0,75.0,0.0,75.0,2.0,0.7068413165322392,16.75712960788069
16300,169.0,76.0,0.0,76.0,2.0,0.0,16.75712960788069
16301,169.0,77.0,0.0,77.0,2.0,0.07148233893511084,16.8286119468158
16302,169.0,78.0,0.0,78.0,2.0,0.07300531851332406,16.901617265329126
16303,169.0,79.0,0.0,79.0,4.0,0.5189731442966758,17.420590409625802
16304,169.0,80.0,0.0,80.0,4.0,0.28146556337815226,17.702055973003954
16305,169.0,81.0,0.0,81.0,4.0,0.181316232947323,17.88337220595128
16306,169.0,82.0,0.0,82.0,4.0,0.10016360891352999,17.98353581486481
16307,169.0,83.0,0.0,83.0,7.0,0.0056253172433511625,17.98916113210816
16308,169.0,84.0,0.0,84.0,3.0,0.13611159388976898,18.125272725997927
16309,169.0,85.0,0.0,85.0,5.0,0.02856175595510002,18.153834481953027
16310,169.0,86.0,0.0,86.0,6.0,0.0989051148392537,18.25273959679228
16311,169.0,87.0,0.0,87.0,4.0,0.005519628586349254,18.25825922537863
16312,169.0,88.0,0.0,88.0,2.0,0.6213972006776474,18.87965642605628
16313,169.0,89.0,0.0,89.0,2.0,0.5537602076296071,19.433416633685887
16314,169.0,90.0,0.0,90.0,2.0,0.39818203123925505,19.831598664925142
16315,169.0,91.0,0.0,91.0,2.0,0.14626881783373236,19.977867482758874
16316,169.0,92.0,0.0,92.0,2.0,0.038723990899334274,20.01659147365821
16317,169.0,93.0,0.0,93.0,2.0,0.07183681467559985,20.08842828833381
16318,169.0,94.0,0.0,94.0,2.0,0.0,20.08842828833381
16319,169.0,95.0,0.0,95.0,1.0,0.27119035406226066,20.359618642396068
16320,170.0,0.0,0.0,0.0,0.0,0.0,0.0
16321,170.0,1.0,0.0,1.0,1.0,0.09259758356345157,0.09259758356345157
16322,170.0,2.0,0.0,2.0,2.0,0.08011626779528125,0.17271385135873282
16323,170.0,3.0,0.0,3.0,3.0,0.47254251673467496,0.6452563680934078
16324,170.0,4.0,0.0,4.0,4.0,0.13505835684833514,0.7803147249417429
16325,170.0,5.0,0.0,5.0,5.0,0.13288998660895118,0.913204711550694
16326,170.0,6.0,0.0,6.0,6.0,0.029858941276052695,0.9430636528267468
16327,170.0,7.0,0.0,7.0,7.0,0.0,0.9430636528267468
16328,170.0,8.0,0.0,8.0,3.0,0.025510018405371447,0.9685736712321182
16329,170.0,9.0,0.0,9.0,4.0,0.0,0.9685736712321182
16330,170.0,10.0,0.0,10.0,5.0,0.4034908793754677,1.372064550607586
16331,170.0,11.0,0.0,11.0,5.0,0.0,1.372064550607586
16332,170.0,12.0,0.0,12.0,3.0,0.24272613617104483,1.6147906867786308
16333,170.0,13.0,0.0,13.0,1.0,0.055820590489851885,1.6706112772684827
16334,170.0,14.0,0.0,14.0,2.0,0.27508209868767286,1.9456933759561554
16335,170.0,15.0,0.0,15.0,3.0,0.30727719064634834,2.252970566602504
16336,170.0,16.0,0.0,16.0,2.0,0.0,2.252970566602504
16337,170.0,17.0,0.0,17.0,6.0,0.0206337541478017,2.2736043207503056
16338,170.0,18.0,0.0,18.0,3.0,0.24604240966364027,2.519646730413946
16339,170.0,19.0,0.0,19.0,0.0,0.17361444276394056,2.693261173177887
16340,170.0,20.0,0.0,20.0,7.0,0.2075341574424337,2.9007953306203205
16341,170.0,21.0,0.0,21.0,3.0,0.09565973087312887,2.9964550614934495
16342,170.0,22.0,0.0,22.0,5.0,0.3060716499089532,3.3025267114024026
16343,170.0,23.0,0.0,23.0,5.0,0.09069293668371073,3.3932196480861134
16344,170.0,24.0,0.0,24.0,7.0,0.24252754759834638,3.63574719568446
16345,170.0,25.0,0.0,25.0,0.0,0.15235659301307192,3.7881037886975317
16346,170.0,26.0,0.0,26.0,7.0,0.06166327491542525,3.849767063612957
16347,170.0,27.0,0.0,27.0,3.0,0.14589548209890857,3.9956625457118657
16348,170.0,28.0,0.0,28.0,1.0,0.4208360768007997,4.416498622512665
16349,170.0,29.0,0.0,29.0,1.0,0.11896244309851166,4.535461065611177
16350,170.0,30.0,0.0,30.0,1.0,0.023156626925220768,4.558617692536397
16351,170.0,31.0,0.0,31.0,4.0,0.0,4.558617692536397
16352,170.0,32.0,0.0,32.0,5.0,0.0,4.558617692536397
16353,170.0,33.0,0.0,33.0,3.0,0.008668876753709993,4.567286569290107
16354,170.0,34.0,0.0,34.0,2.0,0.40364005699886474,4.970926626288971
16355,170.0,35.0,0.0,35.0,2.0,0.032480183465739686,5.003406809754711
16356,170.0,36.0,0.0,36.0,0.0,0.12325565854824504,5.126662468302956
16357,170.0,37.0,0.0,37.0,2.0,0.2732812363944383,5.399943704697394
16358,170.0,38.0,0.0,38.0,2.0,0.0,5.399943704697394
16359,170.0,39.0,0.0,39.0,6.0,0.0,5.399943704697394
16360,170.0,40.0,0.0,40.0,7.0,0.4259437601209804,5.825887464818375
16361,170.0,41.0,0.0,41.0,7.0,0.12720264438925566,5.95309010920763
16362,170.0,42.0,0.0,42.0,7.0,0.10038865027494817,6.053478759482578
16363,170.0,43.0,0.0,43.0,3.0,0.06695124930527994,6.120430008787858
16364,170.0,44.0,0.0,44.0,1.0,0.39739577573671786,6.517825784524576
16365,170.0,45.0,0.0,45.0,1.0,0.3720624105248227,6.889888195049399
16366,170.0,46.0,0.0,46.0,1.0,0.39919928454817294,7.289087479597572
16367,170.0,47.0,0.0,47.0,1.0,0.01157769227695752,7.300665171874529
16368,170.0,48.0,0.0,48.0,1.0,0.27391822828331297,7.5745834001578425
16369,170.0,49.0,0.0,49.0,1.0,0.5191650371090091,8.093748437266852
16370,170.0,50.0,0.0,50.0,1.0,0.0766334705336081,8.17038190780046
16371,170.0,51.0,0.0,51.0,1.0,0.028670031367413643,8.199051939167873
16372,170.0,52.0,0.0,52.0,0.0,0.04836594814127285,8.247417887309146
16373,170.0,53.0,0.0,53.0,5.0,0.0,8.247417887309146
16374,170.0,54.0,0.0,54.0,7.0,0.6415126605240132,8.888930547833159
16375,170.0,55.0,0.0,55.0,7.0,0.031039358450981096,8.91996990628414
16376,170.0,56.0,0.0,56.0,7.0,0.658941602314391,9.57891150859853
16377,170.0,57.0,0.0,57.0,7.0,0.08816257292987052,9.667074081528401
16378,170.0,58.0,0.0,58.0,7.0,0.21001575520798305,9.877089836736385
16379,170.0,59.0,0.0,59.0,7.0,0.6946860763679339,10.571775913104318
16380,170.0,60.0,0.0,60.0,7.0,0.2908331151793469,10.862609028283664
16381,170.0,61.0,0.0,61.0,7.0,0.25759234324777713,11.120201371531442
16382,170.0,62.0,0.0,62.0,7.0,0.15961076329720134,11.279812134828644
16383,170.0,63.0,0.0,63.0,7.0,0.5091692201750498,11.788981355003694
16384,170.0,64.0,0.0,64.0,7.0,0.15727691362384175,11.946258268627535
16385,170.0,65.0,0.0,65.0,7.0,0.0372746347292418,11.983532903356776
16386,170.0,66.0,0.0,66.0,7.0,0.11139279735658204,12.09492570071336
16387,170.0,67.0,0.0,67.0,7.0,0.30489283886315693,12.399818539576517
16388,170.0,68.0,0.0,68.0,7.0,0.04103739105239522,12.440855930628912
16389,170.0,69.0,0.0,69.0,1.0,0.640526367398124,13.081382298027036
16390,170.0,70.0,0.0,70.0,1.0,0.26917241091670174,13.350554708943736
16391,170.0,71.0,0.0,71.0,1.0,0.0,13.350554708943736
16392,170.0,72.0,0.0,72.0,1.0,0.39051636555348407,13.74107107449722
16393,170.0,73.0,0.0,73.0,1.0,0.0,13.74107107449722
16394,170.0,74.0,0.0,74.0,7.0,0.21288313045197185,13.953954204949193
16395,170.0,75.0,0.0,75.0,7.0,0.0,13.953954204949193
16396,170.0,76.0,0.0,76.0,3.0,0.3530641579703023,14.307018362919495
16397,170.0,77.0,0.0,77.0,3.0,0.09300458273999601,14.40002294565949
16398,170.0,78.0,0.0,78.0,1.0,0.14690456218978679,14.546927507849277
16399,170.0,79.0,0.0,79.0,2.0,0.04195847045540713,14.588885978304685
16400,170.0,80.0,0.0,80.0,3.0,0.0747189184831523,14.663604896787836
16401,170.0,81.0,0.0,81.0,1.0,0.14300684882151335,14.80661174560935
16402,170.0,82.0,0.0,82.0,7.0,0.0,14.80661174560935
16403,170.0,83.0,0.0,83.0,4.0,0.05283876478085068,14.859450510390202
16404,170.0,84.0,0.0,84.0,1.0,0.3461068524360502,15.205557362826251
16405,170.0,85.0,0.0,85.0,1.0,0.1521898058916304,15.357747168717882
16406,170.0,86.0,0.0,86.0,1.0,0.11338444405026506,15.471131612768147
16407,170.0,87.0,0.0,87.0,0.0,0.0,15.471131612768147
16408,170.0,88.0,0.0,88.0,7.0,0.2020575551425499,15.673189167910698
16409,170.0,89.0,0.0,89.0,5.0,0.0,15.673189167910698
16410,170.0,90.0,0.0,90.0,3.0,0.48312616217283766,16.156315330083537
16411,170.0,91.0,0.0,91.0,3.0,0.030472832457272593,16.18678816254081
16412,170.0,92.0,0.0,92.0,3.0,0.0,16.18678816254081
16413,170.0,93.0,0.0,93.0,1.0,0.7864352531193769,16.973223415660186
16414,170.0,94.0,0.0,94.0,1.0,0.236338495393307,17.209561911053495
16415,170.0,95.0,0.0,95.0,1.0,0.04317602104936086,17.252737932102857
16416,171.0,0.0,0.0,0.0,0.0,0.04836594814127285,0.04836594814127285
16417,171.0,1.0,0.0,1.0,1.0,0.0,0.04836594814127285
16418,171.0,2.0,0.0,2.0,2.0,0.03949449756546484,0.08786044570673769
16419,171.0,3.0,0.0,3.0,3.0,0.2032469793155898,0.2911074250223275
16420,171.0,4.0,0.0,4.0,4.0,0.4269573308108327,0.7180647558331602
16421,171.0,5.0,0.0,5.0,5.0,0.556448204261036,1.2745129600941962
16422,171.0,6.0,0.0,6.0,6.0,0.19237477602684144,1.4668877361210377
16423,171.0,7.0,0.0,7.0,7.0,0.05537060155804675,1.5222583376790846
16424,171.0,8.0,0.0,8.0,5.0,0.49945965498331496,2.0217179926623996
16425,171.0,9.0,0.0,9.0,4.0,0.14496949301802708,2.1666874856804266
16426,171.0,10.0,0.0,10.0,5.0,0.19914789524586868,2.365835380926295
16427,171.0,11.0,0.0,11.0,5.0,0.15886400702583056,2.5246993879521256
16428,171.0,12.0,0.0,12.0,3.0,0.48312616217283766,3.0078255501249633
16429,171.0,13.0,0.0,13.0,3.0,0.0747189184831523,3.082544468608116
16430,171.0,14.0,0.0,14.0,6.0,0.5211461016164569,3.6036905702245727
16431,171.0,15.0,0.0,15.0,6.0,0.10821198863204971,3.7119025588566226
16432,171.0,16.0,0.0,16.0,4.0,0.1365648802244922,3.848467439081115
16433,171.0,17.0,0.0,17.0,5.0,0.05296194787752387,3.9014293869586387
16434,171.0,18.0,0.0,18.0,6.0,0.029858941276052695,3.9312883282346913
16435,171.0,19.0,0.0,19.0,7.0,0.029232001322727855,3.9605203295574194
16436,171.0,20.0,0.0,20.0,0.0,0.41174567644419385,4.372266006001613
16437,171.0,21.0,0.0,21.0,0.0,0.0,4.372266006001613
16438,171.0,22.0,0.0,22.0,3.0,0.19581372444038134,4.568079730441995
16439,171.0,23.0,0.0,23.0,2.0,0.40364005699886474,4.971719787440859
16440,171.0,24.0,0.0,24.0,2.0,0.0,4.971719787440859
16441,171.0,25.0,0.0,25.0,4.0,0.0,4.971719787440859
16442,171.0,26.0,0.0,26.0,5.0,0.31773180429062425,5.289451591731484
16443,171.0,27.0,0.0,27.0,5.0,0.4299809133878022,5.719432505119286
16444,171.0,28.0,0.0,28.0,5.0,0.27855042756309173,5.997982932682378
16445,171.0,29.0,0.0,29.0,1.0,0.17515766824041448,6.1731406009227925
16446,171.0,30.0,0.0,30.0,3.0,0.350068861673392,6.523209462596185
16447,171.0,31.0,0.0,31.0,5.0,0.26795080419067996,6.791160266786865
16448,171.0,32.0,0.0,32.0,3.0,0.12846371562476425,6.919623982411629
16449,171.0,33.0,0.0,33.0,5.0,0.0,6.919623982411629
16450,171.0,34.0,0.0,34.0,6.0,0.002161454739645614,6.921785437151275
16451,171.0,35.0,0.0,35.0,3.0,0.31311875945201073,7.234904196603286
16452,171.0,36.0,0.0,36.0,0.0,0.0,7.234904196603286
16453,171.0,37.0,0.0,37.0,1.0,0.0,7.234904196603286
16454,171.0,38.0,0.0,38.0,3.0,0.26702269374071647,7.501926890344002
16455,171.0,39.0,0.0,39.0,2.0,0.0,7.501926890344002
16456,171.0,40.0,0.0,40.0,5.0,0.34526090527631603,7.847187795620318
16457,171.0,41.0,0.0,41.0,5.0,0.6427319227634976,8.489919718383815
16458,171.0,42.0,0.0,42.0,5.0,0.13236637124382183,8.622286089627638
16459,171.0,43.0,0.0,43.0,5.0,0.2899103974255209,8.912196487053158
16460,171.0,44.0,0.0,44.0,5.0,0.15143727500736548,9.063633762060524
16461,171.0,45.0,0.0,45.0,3.0,0.028731351967359188,9.092365114027883
16462,171.0,46.0,0.0,46.0,4.0,0.0,9.092365114027883
16463,171.0,47.0,0.0,47.0,5.0,0.2548228037622788,9.347187917790162
16464,171.0,48.0,0.0,48.0,5.0,0.16528919434875355,9.512477112138916
16465,171.0,49.0,0.0,49.0,5.0,0.056443085324379784,9.568920197463296
16466,171.0,50.0,0.0,50.0,7.0,0.0739714121023839,9.64289160956568
16467,171.0,51.0,0.0,51.0,6.0,0.0,9.64289160956568
16468,171.0,52.0,0.0,52.0,3.0,0.00048590855662026,9.6433775181223
16469,171.0,53.0,0.0,53.0,5.0,0.0,9.6433775181223
16470,171.0,54.0,0.0,54.0,5.0,0.2305694971756699,9.87394701529797
16471,171.0,55.0,0.0,55.0,4.0,0.15027538281192757,10.024222398109897
16472,171.0,56.0,0.0,56.0,0.0,0.27268806162729475,10.296910459737191
16473,171.0,57.0,0.0,57.0,0.0,0.11717595902856863,10.41408641876576
16474,171.0,58.0,0.0,58.0,5.0,0.38483968791955336,10.798926106685313
16475,171.0,59.0,0.0,59.0,5.0,0.0,10.798926106685313
16476,171.0,60.0,0.0,60.0,3.0,0.47254251673467496,11.271468623419988
16477,171.0,61.0,0.0,61.0,3.0,0.0,11.271468623419988
16478,171.0,62.0,0.0,62.0,2.0,0.04961298748480245,11.321081610904791
16479,171.0,63.0,0.0,63.0,3.0,0.008668876753709993,11.329750487658501
16480,171.0,64.0,0.0,64.0,5.0,0.562081128391816,11.891831616050316
16481,171.0,65.0,0.0,65.0,5.0,0.23508109547473272,12.12691271152505
16482,171.0,66.0,0.0,66.0,5.0,0.07332434542589378,12.200237056950943
16483,171.0,67.0,0.0,67.0,5.0,0.0,12.200237056950943
16484,171.0,68.0,0.0,68.0,4.0,0.07151951990290359,12.271756576853846
16485,171.0,69.0,0.0,69.0,1.0,0.3409891715042017,12.612745748358048
16486,171.0,70.0,0.0,70.0,1.0,0.23376214866150832,12.846507897019556
16487,171.0,71.0,0.0,71.0,1.0,0.14788550522949867,12.994393402249054
16488,171.0,72.0,0.0,72.0,1.0,0.031550322030998015,13.025943724280053
16489,171.0,73.0,0.0,73.0,6.0,0.709114106247022,13.735057830527074
16490,171.0,74.0,0.0,74.0,6.0,0.5199951664423675,14.255052996969441
16491,171.0,75.0,0.0,75.0,6.0,0.41014276344445866,14.6651957604139
16492,171.0,76.0,0.0,76.0,6.0,0.5609494988696637,15.226145259283562
16493,171.0,77.0,0.0,77.0,6.0,0.46120539576978026,15.687350655053343
16494,171.0,78.0,0.0,78.0,6.0,0.4832391209848758,16.17058977603822
16495,171.0,79.0,0.0,79.0,6.0,0.0,16.17058977603822
16496,171.0,80.0,0.0,80.0,6.0,0.09260082505258796,16.26319060109081
16497,171.0,81.0,0.0,81.0,6.0,0.12433874510598864,16.387529346196796
16498,171.0,82.0,0.0,82.0,6.0,0.2380098281042837,16.62553917430108
16499,171.0,83.0,0.0,83.0,6.0,0.23042860433100323,16.85596777863208
16500,171.0,84.0,0.0,84.0,6.0,0.19275096950199988,17.048718748134082
16501,171.0,85.0,0.0,85.0,6.0,0.351198302995685,17.399917051129766
16502,171.0,86.0,0.0,86.0,6.0,0.08473142129368774,17.484648472423455
16503,171.0,87.0,0.0,87.0,6.0,0.39899739331314654,17.8836458657366
16504,171.0,88.0,0.0,88.0,6.0,0.0,17.8836458657366
16505,171.0,89.0,0.0,89.0,6.0,0.04396724673097683,17.927613112467576
16506,171.0,90.0,0.0,90.0,6.0,0.23958507229734452,18.16719818476492
16507,171.0,91.0,0.0,91.0,6.0,0.08569355050034418,18.252891735265266
16508,171.0,92.0,0.0,92.0,0.0,0.5491263248112521,18.802018060076517
16509,171.0,93.0,0.0,93.0,0.0,0.0,18.802018060076517
16510,171.0,94.0,0.0,94.0,0.0,0.3183974634663721,19.12041552354289
16511,171.0,95.0,0.0,95.0,0.0,0.30754911887660585,19.427964642419493
16512,172.0,0.0,0.0,0.0,0.0,0.0,0.0
16513,172.0,1.0,0.0,1.0,1.0,0.38990649885735673,0.38990649885735673
16514,172.0,2.0,0.0,2.0,2.0,0.0,0.38990649885735673
16515,172.0,3.0,0.0,3.0,3.0,0.24065638461266484,0.6305628834700215
16516,172.0,4.0,0.0,4.0,4.0,0.10013514850155053,0.7306980319715721
16517,172.0,5.0,0.0,5.0,5.0,0.5289754288227388,1.259673460794311
16518,172.0,6.0,0.0,6.0,6.0,0.2624626141648409,1.522136074959152
16519,172.0,7.0,0.0,7.0,7.0,0.3497936611859112,1.871929736145063
16520,172.0,8.0,0.0,8.0,5.0,0.0,1.871929736145063
16521,172.0,9.0,0.0,9.0,1.0,0.09271436829694825,1.9646441044420113
16522,172.0,10.0,0.0,10.0,7.0,0.16322828692812405,2.1278723913701354
16523,172.0,11.0,0.0,11.0,6.0,0.5198631933975867,2.647735584767722
16524,172.0,12.0,0.0,12.0,6.0,0.308924290481592,2.956659875249314
16525,172.0,13.0,0.0,13.0,3.0,0.350068861673392,3.306728736922706
16526,172.0,14.0,0.0,14.0,6.0,0.08900059238186646,3.3957293293045727
16527,172.0,15.0,0.0,15.0,3.0,0.20758298031156905,3.603312309616142
16528,172.0,16.0,0.0,16.0,5.0,0.0488407511838819,3.652153060800024
16529,172.0,17.0,0.0,17.0,7.0,0.0,3.652153060800024
16530,172.0,18.0,0.0,18.0,4.0,0.35662687216539196,4.008779932965416
16531,172.0,19.0,0.0,19.0,1.0,0.0,4.008779932965416
16532,172.0,20.0,0.0,20.0,4.0,0.16518765184318784,4.1739675848086035
16533,172.0,21.0,0.0,21.0,3.0,0.07352085026470992,4.247488435073313
16534,172.0,22.0,0.0,22.0,6.0,0.5199951664423675,4.76748360151568
16535,172.0,23.0,0.0,23.0,6.0,0.7615432087357681,5.529026810251448
16536,172.0,24.0,0.0,24.0,6.0,0.41014276344445866,5.9391695736959065
16537,172.0,25.0,0.0,25.0,6.0,0.3045366457502025,6.243706219446109
16538,172.0,26.0,0.0,26.0,6.0,0.19237477602684144,6.43608099547295
16539,172.0,27.0,0.0,27.0,6.0,0.05187143270467871,6.487952428177628
16540,172.0,28.0,0.0,28.0,6.0,0.4419319569723373,6.929884385149966
16541,172.0,29.0,0.0,29.0,6.0,0.1370475401392327,7.0669319252891984
16542,172.0,30.0,0.0,30.0,0.0,0.0,7.0669319252891984
16543,172.0,31.0,0.0,31.0,2.0,0.0,7.0669319252891984
16544,172.0,32.0,0.0,32.0,4.0,0.6273379479591693,7.694269873248368
16545,172.0,33.0,0.0,33.0,4.0,0.31800611952542285,8.012275992773791
16546,172.0,34.0,0.0,34.0,4.0,0.26227852312629674,8.274554515900087
16547,172.0,35.0,0.0,35.0,4.0,0.07128856318987772,8.345843079089965
16548,172.0,36.0,0.0,36.0,5.0,0.190094615722883,8.535937694812848
16549,172.0,37.0,0.0,37.0,6.0,0.15948567313383155,8.69542336794668
16550,172.0,38.0,0.0,38.0,3.0,0.3124487689648274,9.007872136911507
16551,172.0,39.0,0.0,39.0,4.0,0.0,9.007872136911507
16552,172.0,40.0,0.0,40.0,3.0,0.6916736699244181,9.699545806835925
16553,172.0,41.0,0.0,41.0,3.0,0.27979422998214515,9.97934003681807
16554,172.0,42.0,0.0,42.0,3.0,0.0,9.97934003681807
16555,172.0,43.0,0.0,43.0,7.0,0.061569980833461685,10.04091001765153
16556,172.0,44.0,0.0,44.0,6.0,0.40586275112066333,10.446772768772194
16557,172.0,45.0,0.0,45.0,6.0,0.0,10.446772768772194
16558,172.0,46.0,0.0,46.0,1.0,0.18420213317850265,10.630974901950696
16559,172.0,47.0,0.0,47.0,3.0,0.008668876753709993,10.639643778704405
16560,172.0,48.0,0.0,48.0,5.0,0.0,10.639643778704405
16561,172.0,49.0,0.0,49.0,6.0,0.14418838926849195,10.783832167972898
16562,172.0,50.0,0.0,50.0,6.0,0.012116503352960235,10.795948671325858
16563,172.0,51.0,0.0,51.0,1.0,0.11184940162260157,10.90779807294846
16564,172.0,52.0,0.0,52.0,4.0,0.5512595017927662,11.459057574741225
16565,172.0,53.0,0.0,53.0,4.0,0.07151951990290359,11.530577094644128
16566,172.0,54.0,0.0,54.0,4.0,0.3376566388633923,11.86823373350752
16567,172.0,55.0,0.0,55.0,4.0,0.35306467064568264,12.221298404153202
16568,172.0,56.0,0.0,56.0,4.0,0.05778005683271747,12.27907846098592
16569,172.0,57.0,0.0,57.0,3.0,0.24272613617104483,12.521804597156965
16570,172.0,58.0,0.0,58.0,6.0,0.46761061637242407,12.989415213529389
16571,172.0,59.0,0.0,59.0,6.0,0.25249491253368417,13.241910126063074
16572,172.0,60.0,0.0,60.0,6.0,0.1938598477639666,13.43576997382704
16573,172.0,61.0,0.0,61.0,3.0,0.47254251673467496,13.908312490561716
16574,172.0,62.0,0.0,62.0,3.0,0.5930123040989156,14.501324794660631
16575,172.0,63.0,0.0,63.0,3.0,0.0,14.501324794660631
16576,172.0,64.0,0.0,64.0,3.0,0.01013449636003612,14.511459291020667
16577,172.0,65.0,0.0,65.0,7.0,0.17451046426450795,14.685969755285175
16578,172.0,66.0,0.0,66.0,6.0,0.22700732154927955,14.912977076834455
16579,172.0,67.0,0.0,67.0,4.0,0.10016360891352999,15.013140685747985
16580,172.0,68.0,0.0,68.0,6.0,0.470561563191029,15.483702248939014
16581,172.0,69.0,0.0,69.0,6.0,0.45863258329410067,15.942334832233115
16582,172.0,70.0,0.0,70.0,6.0,0.0,15.942334832233115
16583,172.0,71.0,0.0,71.0,6.0,0.0,15.942334832233115
16584,172.0,72.0,0.0,72.0,3.0,0.12405932762911029,16.066394159862224
16585,172.0,73.0,0.0,73.0,1.0,0.5350809140500077,16.60147507391223
16586,172.0,74.0,0.0,74.0,1.0,0.2107072265151842,16.812182300427413
16587,172.0,75.0,0.0,75.0,1.0,0.023156626925220768,16.835338927352634
16588,172.0,76.0,0.0,76.0,5.0,0.0,16.835338927352634
16589,172.0,77.0,0.0,77.0,4.0,0.28973804014574706,17.12507696749838
16590,172.0,78.0,0.0,78.0,7.0,0.45856256848509114,17.583639535983473
16591,172.0,79.0,0.0,79.0,7.0,0.6859517409375426,18.269591276921016
16592,172.0,80.0,0.0,80.0,7.0,0.0,18.269591276921016
16593,172.0,81.0,0.0,81.0,7.0,0.12388247804213057,18.393473754963146
16594,172.0,82.0,0.0,82.0,7.0,0.0,18.393473754963146
16595,172.0,83.0,0.0,83.0,4.0,0.6928212275644872,19.086294982527633
16596,172.0,84.0,0.0,84.0,4.0,0.3097901048969641,19.3960850874246
16597,172.0,85.0,0.0,85.0,4.0,0.22645575073161234,19.622540838156212
16598,172.0,86.0,0.0,86.0,4.0,0.2965977540714963,19.919138592227707
16599,172.0,87.0,0.0,87.0,4.0,0.15383977509268065,20.07297836732039
16600,172.0,88.0,0.0,88.0,4.0,0.04666036375174277,20.119638731072133
16601,172.0,89.0,0.0,89.0,6.0,0.0206337541478017,20.140272485219935
16602,172.0,90.0,0.0,90.0,1.0,0.028670031367413643,20.16894251658735
16603,172.0,91.0,0.0,91.0,3.0,0.0,20.16894251658735
16604,172.0,92.0,0.0,92.0,4.0,0.45969118074479987,20.62863369733215
16605,172.0,93.0,0.0,93.0,4.0,0.3541487541408539,20.982782451473003
16606,172.0,94.0,0.0,94.0,4.0,0.15027538281192757,21.13305783428493
16607,172.0,95.0,0.0,95.0,4.0,0.0,21.13305783428493
16608,173.0,0.0,0.0,0.0,0.0,0.18032739676781326,0.18032739676781326
16609,173.0,1.0,0.0,1.0,1.0,0.11675306462359378,0.29708046139140704
16610,173.0,2.0,0.0,2.0,2.0,0.10287625647900679,0.3999567178704138
16611,173.0,3.0,0.0,3.0,3.0,0.10133948080521624,0.50129619867563
16612,173.0,4.0,0.0,4.0,4.0,0.0,0.50129619867563
16613,173.0,5.0,0.0,5.0,5.0,0.07525820400177534,0.5765544026774053
16614,173.0,6.0,0.0,6.0,6.0,0.8113111970305757,1.3878655997079812
16615,173.0,7.0,0.0,7.0,7.0,0.061569980833461685,1.449435580541443
16616,173.0,8.0,0.0,8.0,6.0,0.0,1.449435580541443
16617,173.0,9.0,0.0,9.0,6.0,0.43814959519287755,1.8875851757343205
16618,173.0,10.0,0.0,10.0,6.0,0.0,1.8875851757343205
16619,173.0,11.0,0.0,11.0,0.0,0.2090346472697647,2.0966198230040853
16620,173.0,12.0,0.0,12.0,1.0,0.11896244309851166,2.215582266102597
16621,173.0,13.0,0.0,13.0,2.0,0.17796714865995647,2.3935494147625533
16622,173.0,14.0,0.0,14.0,3.0,0.07764731871057673,2.47119673347313
16623,173.0,15.0,0.0,15.0,5.0,0.15788754467582478,2.629084278148955
16624,173.0,16.0,0.0,16.0,6.0,0.5198631933975867,3.148947471546542
16625,173.0,17.0,0.0,17.0,6.0,0.5211461016164569,3.670093573162999
16626,173.0,18.0,0.0,18.0,6.0,0.0206337541478017,3.6907273273108006
16627,173.0,19.0,0.0,19.0,7.0,0.15884992243992793,3.8495772497507286
16628,173.0,20.0,0.0,20.0,0.0,0.27268806162729475,4.122265311378023
16629,173.0,21.0,0.0,21.0,6.0,0.019802180604578484,4.142067491982602
16630,173.0,22.0,0.0,22.0,0.0,0.01880307483854212,4.160870566821144
16631,173.0,23.0,0.0,23.0,4.0,0.0,4.160870566821144
16632,173.0,24.0,0.0,24.0,2.0,0.0,4.160870566821144
16633,173.0,25.0,0.0,25.0,1.0,0.11184940162260157,4.272719968443745
16634,173.0,26.0,0.0,26.0,5.0,0.190094615722883,4.462814584166628
16635,173.0,27.0,0.0,27.0,6.0,0.012116503352960235,4.474931087519588
16636,173.0,28.0,0.0,28.0,7.0,0.6820921113526627,5.157023198872251
16637,173.0,29.0,0.0,29.0,7.0,0.3522479878918014,5.509271186764052
16638,173.0,30.0,0.0,30.0,7.0,0.3705421398642408,5.879813326628293
16639,173.0,31.0,0.0,31.0,7.0,0.0,5.879813326628293
16640,173.0,32.0,0.0,32.0,7.0,0.0,5.879813326628293
16641,173.0,33.0,0.0,33.0,3.0,0.13898763859318042,6.018800965221473
16642,173.0,34.0,0.0,34.0,5.0,0.6074606983847354,6.626261663606209
16643,173.0,35.0,0.0,35.0,5.0,0.15886400702583056,6.7851256706320395
16644,173.0,36.0,0.0,36.0,5.0,0.0,6.7851256706320395
16645,173.0,37.0,0.0,37.0,6.0,0.0,6.7851256706320395
16646,173.0,38.0,0.0,38.0,7.0,0.7375721814246866,7.5226978520567265
16647,173.0,39.0,0.0,39.0,7.0,0.0,7.5226978520567265
16648,173.0,40.0,0.0,40.0,7.0,0.15961076329720134,7.682308615353928
16649,173.0,41.0,0.0,41.0,0.0,0.07141833269289534,7.753726948046823
16650,173.0,42.0,0.0,42.0,7.0,0.24252754759834638,7.996254495645169
16651,173.0,43.0,0.0,43.0,1.0,0.18474591588561104,8.18100041153078
16652,173.0,44.0,0.0,44.0,5.0,0.7159429210092614,8.896943332540042
16653,173.0,45.0,0.0,45.0,5.0,0.22127064602955218,9.118213978569594
16654,173.0,46.0,0.0,46.0,5.0,0.25009537864149917,9.368309357211093
16655,173.0,47.0,0.0,47.0,5.0,0.07527754375067446,9.443586900961767
16656,173.0,48.0,0.0,48.0,5.0,0.13613113582277864,9.579718036784547
16657,173.0,49.0,0.0,49.0,7.0,0.05063330393183056,9.630351340716377
16658,173.0,50.0,0.0,50.0,3.0,0.0747189184831523,9.705070259199529
16659,173.0,51.0,0.0,51.0,6.0,0.2624626141648409,9.96753287336437
16660,173.0,52.0,0.0,52.0,6.0,0.9633601102069204,10.93089298357129
16661,173.0,53.0,0.0,53.0,6.0,0.39899739331314654,11.329890376884437
16662,173.0,54.0,0.0,54.0,6.0,0.0,11.329890376884437
16663,173.0,55.0,0.0,55.0,6.0,0.2355975950006196,11.565487971885057
16664,173.0,56.0,0.0,56.0,6.0,0.15870422142553076,11.724192193310587
16665,173.0,57.0,0.0,57.0,6.0,0.7377651793174987,12.461957372628087
16666,173.0,58.0,0.0,58.0,6.0,0.709114106247022,13.171071478875108
16667,173.0,59.0,0.0,59.0,6.0,0.04396724673097683,13.215038725606085
16668,173.0,60.0,0.0,60.0,6.0,0.29928972735028064,13.514328452956367
16669,173.0,61.0,0.0,61.0,6.0,0.6681191236917254,14.182447576648093
16670,173.0,62.0,0.0,62.0,6.0,0.18788376889070377,14.370331345538796
16671,173.0,63.0,0.0,63.0,6.0,0.5048327715259897,14.875164117064786
16672,173.0,64.0,0.0,64.0,6.0,0.08900059238186646,14.964164709446653
16673,173.0,65.0,0.0,65.0,6.0,0.4419319569723373,15.406096666418991
16674,173.0,66.0,0.0,66.0,6.0,0.46655973523908206,15.872656401658073
16675,173.0,67.0,0.0,67.0,6.0,0.2380098281042837,16.110666229762355
16676,173.0,68.0,0.0,68.0,6.0,0.45863258329410067,16.569298813056456
16677,173.0,69.0,0.0,69.0,6.0,0.4832391209848758,17.052537934041332
16678,173.0,70.0,0.0,70.0,6.0,0.46761061637242407,17.520148550413758
16679,173.0,71.0,0.0,71.0,6.0,0.12433874510598864,17.644487295519745
16680,173.0,72.0,0.0,72.0,6.0,0.0,17.644487295519745
16681,173.0,73.0,0.0,73.0,6.0,0.12662947121033713,17.77111676673008
16682,173.0,74.0,0.0,74.0,6.0,0.5064850022994652,18.27760176902955
16683,173.0,75.0,0.0,75.0,6.0,0.1350995944228713,18.41270136345242
16684,173.0,76.0,0.0,76.0,6.0,0.3116598759686686,18.72436123942109
16685,173.0,77.0,0.0,77.0,6.0,0.41014276344445866,19.134504002865548
16686,173.0,78.0,0.0,78.0,6.0,0.3731406200505958,19.507644622916143
16687,173.0,79.0,0.0,79.0,6.0,0.0,19.507644622916143
16688,173.0,80.0,0.0,80.0,6.0,0.7330812715508707,20.240725894467012
16689,173.0,81.0,0.0,81.0,6.0,0.08569355050034418,20.326419444967357
16690,173.0,82.0,0.0,82.0,6.0,0.04941931180611817,20.375838756773476
16691,173.0,83.0,0.0,83.0,6.0,0.525530725813632,20.901369482587107
16692,173.0,84.0,0.0,84.0,6.0,0.5398005436791784,21.441170026266285
16693,173.0,85.0,0.0,85.0,6.0,0.31122773400729964,21.752397760273585
16694,173.0,86.0,0.0,86.0,6.0,0.45154853925075483,22.20394629952434
16695,173.0,87.0,0.0,87.0,6.0,0.23958507229734452,22.443531371821685
16696,173.0,88.0,0.0,88.0,6.0,0.308924290481592,22.752455662303277
16697,173.0,89.0,0.0,89.0,6.0,0.060843244270408124,22.813298906573685
16698,173.0,90.0,0.0,90.0,6.0,0.15948567313383155,22.97278457970752
16699,173.0,91.0,0.0,91.0,5.0,0.3614743312712399,23.334258910978757
16700,173.0,92.0,0.0,92.0,5.0,0.0,23.334258910978757
16701,173.0,93.0,0.0,93.0,1.0,0.26917241091670174,23.60343132189546
16702,173.0,94.0,0.0,94.0,1.0,0.2107072265151842,23.814138548410643
16703,173.0,95.0,0.0,95.0,6.0,0.2690884433507071,24.08322699176135
16704,174.0,0.0,0.0,0.0,0.0,0.0920635712636228,0.0920635712636228
16705,174.0,1.0,0.0,1.0,1.0,0.2336797832809992,0.325743354544622
16706,174.0,2.0,0.0,2.0,2.0,0.038723990899334274,0.36446734544395626
16707,174.0,3.0,0.0,3.0,3.0,0.14589548209890857,0.5103628275428649
16708,174.0,4.0,0.0,4.0,4.0,0.8641538969732209,1.3745167245160856
16709,174.0,5.0,0.0,5.0,5.0,0.49945965498331496,1.8739763794994007
16710,174.0,6.0,0.0,6.0,6.0,0.4025312660474192,2.27650764554682
16711,174.0,7.0,0.0,7.0,7.0,0.018202433303999167,2.294710078850819
16712,174.0,8.0,0.0,8.0,4.0,0.619788147899107,2.914498226749926
16713,174.0,9.0,0.0,9.0,4.0,0.41110112443122054,3.3255993511811464
16714,174.0,10.0,0.0,10.0,5.0,0.490234345716472,3.8158336968976183
16715,174.0,11.0,0.0,11.0,4.0,0.07465631834671323,3.8904900152443314
16716,174.0,12.0,0.0,12.0,6.0,0.2690884433507071,4.159578458595038
16717,174.0,13.0,0.0,13.0,5.0,0.05296194787752387,4.212540406472562
16718,174.0,14.0,0.0,14.0,4.0,0.0,4.212540406472562
16719,174.0,15.0,0.0,15.0,1.0,0.0,4.212540406472562
16720,174.0,16.0,0.0,16.0,6.0,0.308924290481592,4.521464696954154
16721,174.0,17.0,0.0,17.0,3.0,0.07608616683900467,4.597550863793159
16722,174.0,18.0,0.0,18.0,5.0,0.13538863996928308,4.7329395037624415
16723,174.0,19.0,0.0,19.0,4.0,0.10013514850155053,4.833074652263992
16724,174.0,20.0,0.0,20.0,6.0,0.15870422142553076,4.9917788736895226
16725,174.0,21.0,0.0,21.0,0.0,0.09968082273709172,5.091459696426615
16726,174.0,22.0,0.0,22.0,4.0,0.0,5.091459696426615
16727,174.0,23.0,0.0,23.0,5.0,0.25545532592559733,5.346915022352212
16728,174.0,24.0,0.0,24.0,2.0,0.5927850394971269,5.939700061849338
16729,174.0,25.0,0.0,25.0,2.0,0.3195571986524608,6.2592572605017995
16730,174.0,26.0,0.0,26.0,2.0,0.38831574574861955,6.647573006250419
16731,174.0,27.0,0.0,27.0,2.0,0.1113616455486472,6.758934651799066
16732,174.0,28.0,0.0,28.0,6.0,0.18466604549596066,6.943600697295027
16733,174.0,29.0,0.0,29.0,7.0,0.21288313045197185,7.156483827746999
16734,174.0,30.0,0.0,30.0,2.0,0.3981486247182143,7.554632452465213
16735,174.0,31.0,0.0,31.0,2.0,0.047006242528397114,7.60163869499361
16736,174.0,32.0,0.0,32.0,5.0,0.07525820400177534,7.676896898995385
16737,174.0,33.0,0.0,33.0,6.0,0.7377651793174987,8.414662078312883
16738,174.0,34.0,0.0,34.0,6.0,0.0206337541478017,8.435295832460685
16739,174.0,35.0,0.0,35.0,6.0,0.2676282183690528,8.702924050829738
16740,174.0,36.0,0.0,36.0,4.0,0.0,8.702924050829738
16741,174.0,37.0,0.0,37.0,6.0,0.08900059238186646,8.791924643211605
16742,174.0,38.0,0.0,38.0,1.0,0.0,8.791924643211605
16743,174.0,39.0,0.0,39.0,7.0,0.05537060155804675,8.84729524476965
16744,174.0,40.0,0.0,40.0,3.0,0.08263274320301577,8.929927987972667
16745,174.0,41.0,0.0,41.0,2.0,0.11886118707131776,9.048789175043984
16746,174.0,42.0,0.0,42.0,5.0,0.3039231620092401,9.352712337053225
16747,174.0,43.0,0.0,43.0,0.0,0.17361444276394056,9.526326779817165
16748,174.0,44.0,0.0,44.0,5.0,0.07377049642032883,9.600097276237493
16749,174.0,45.0,0.0,45.0,6.0,0.709114106247022,10.309211382484515
16750,174.0,46.0,0.0,46.0,6.0,0.0,10.309211382484515
16751,174.0,47.0,0.0,47.0,6.0,0.19720425874379977,10.506415641228314
16752,174.0,48.0,0.0,48.0,4.0,0.35662687216539196,10.863042513393706
16753,174.0,49.0,0.0,49.0,4.0,0.45969118074479987,11.322733694138506
16754,174.0,50.0,0.0,50.0,4.0,0.4202049514706216,11.742938645609128
16755,174.0,51.0,0.0,51.0,4.0,0.2914393100528348,12.034377955661963
16756,174.0,52.0,0.0,52.0,4.0,0.05778005683271747,12.09215801249468
16757,174.0,53.0,0.0,53.0,2.0,0.0,12.09215801249468
16758,174.0,54.0,0.0,54.0,6.0,0.06692797541129325,12.159085987905973
16759,174.0,55.0,0.0,55.0,4.0,0.6273379479591693,12.786423935865143
16760,174.0,56.0,0.0,56.0,4.0,0.0,12.786423935865143
16761,174.0,57.0,0.0,57.0,4.0,0.3845164824990986,13.170940418364241
16762,174.0,58.0,0.0,58.0,4.0,0.06660229217274866,13.237542710536989
16763,174.0,59.0,0.0,59.0,5.0,0.0,13.237542710536989
16764,174.0,60.0,0.0,60.0,0.0,0.0,13.237542710536989
16765,174.0,61.0,0.0,61.0,6.0,0.04396724673097683,13.281509957267966
16766,174.0,62.0,0.0,62.0,4.0,0.28973804014574706,13.571247997413714
16767,174.0,63.0,0.0,63.0,4.0,0.04666036375174277,13.617908361165457
16768,174.0,64.0,0.0,64.0,2.0,0.4898575650501079,14.107765926215565
16769,174.0,65.0,0.0,65.0,2.0,0.44976625428900363,14.55753218050457
16770,174.0,66.0,0.0,66.0,2.0,0.0009678536600830689,14.558500034164652
16771,174.0,67.0,0.0,67.0,2.0,0.0,14.558500034164652
16772,174.0,68.0,0.0,68.0,3.0,0.06695124930527994,14.625451283469932
16773,174.0,69.0,0.0,69.0,7.0,0.0,14.625451283469932
16774,174.0,70.0,0.0,70.0,4.0,0.014489782945512395,14.639941066415444
16775,174.0,71.0,0.0,71.0,6.0,0.19330425654839078,14.833245322963835
16776,174.0,72.0,0.0,72.0,5.0,0.21582234885179488,15.04906767181563
16777,174.0,73.0,0.0,73.0,6.0,0.14053761898862807,15.189605290804257
16778,174.0,74.0,0.0,74.0,5.0,0.31773180429062425,15.507337095094881
16779,174.0,75.0,0.0,75.0,5.0,0.3060716499089532,15.813408745003834
16780,174.0,76.0,0.0,76.0,5.0,0.0,15.813408745003834
16781,174.0,77.0,0.0,77.0,1.0,0.7371334889638141,16.550542233967647
16782,174.0,78.0,0.0,78.0,1.0,0.0,16.550542233967647
16783,174.0,79.0,0.0,79.0,1.0,0.4208360768007997,16.971378310768447
16784,174.0,80.0,0.0,80.0,1.0,0.21774518083343142,17.18912349160188
16785,174.0,81.0,0.0,81.0,1.0,0.39051636555348407,17.579639857155364
16786,174.0,82.0,0.0,82.0,1.0,0.44922488554479406,18.028864742700158
16787,174.0,83.0,0.0,83.0,1.0,0.5350809140500077,18.563945656750164
16788,174.0,84.0,0.0,84.0,1.0,0.05668020652621607,18.62062586327638
16789,174.0,85.0,0.0,85.0,1.0,0.7343824664965894,19.35500832977297
16790,174.0,86.0,0.0,86.0,1.0,0.5459856231058668,19.90099395287884
16791,174.0,87.0,0.0,87.0,1.0,0.0,19.90099395287884
16792,174.0,88.0,0.0,88.0,1.0,0.185681072301442,20.08667502518028
16793,174.0,89.0,0.0,89.0,1.0,0.2217983483299603,20.308473373510243
16794,174.0,90.0,0.0,90.0,1.0,0.1178259592096348,20.42629933271988
16795,174.0,91.0,0.0,91.0,1.0,0.29156994495680316,20.71786927767668
16796,174.0,92.0,0.0,92.0,1.0,0.29471142430324837,21.012580701979928
16797,174.0,93.0,0.0,93.0,1.0,0.31376821855801423,21.326348920537942
16798,174.0,94.0,0.0,94.0,1.0,0.14996651879064163,21.476315439328584
16799,174.0,95.0,0.0,95.0,1.0,0.43077514535649875,21.907090584685083
16800,175.0,0.0,0.0,0.0,0.0,0.0,0.0
16801,175.0,1.0,0.0,1.0,1.0,0.27119035406226066,0.27119035406226066
16802,175.0,2.0,0.0,2.0,2.0,0.19935097092522613,0.4705413249874868
16803,175.0,3.0,0.0,3.0,3.0,0.23503314504653663,0.7055744700340234
16804,175.0,4.0,0.0,4.0,4.0,0.5370312334100855,1.242605703444109
16805,175.0,5.0,0.0,5.0,5.0,0.1208852646021139,1.3634909680462228
16806,175.0,6.0,0.0,6.0,6.0,0.0,1.3634909680462228
16807,175.0,7.0,0.0,7.0,7.0,0.314479252098775,1.6779702201449977
16808,175.0,8.0,0.0,8.0,4.0,0.0,1.6779702201449977
16809,175.0,9.0,0.0,9.0,7.0,0.0,1.6779702201449977
16810,175.0,10.0,0.0,10.0,1.0,0.35845450021337216,2.03642472035837
16811,175.0,11.0,0.0,11.0,3.0,0.17758193823470309,2.2140066585930733
16812,175.0,12.0,0.0,12.0,2.0,0.25637356125238836,2.470380219845462
16813,175.0,13.0,0.0,13.0,1.0,0.2336797832809992,2.704060003126461
16814,175.0,14.0,0.0,14.0,4.0,0.10016360891352999,2.804223612039991
16815,175.0,15.0,0.0,15.0,5.0,0.001891977950375154,2.806115589990366
16816,175.0,16.0,0.0,16.0,2.0,0.0,2.806115589990366
16817,175.0,17.0,0.0,17.0,1.0,0.2217983483299603,3.027913938320326
16818,175.0,18.0,0.0,18.0,3.0,0.6012094297445113,3.6291233680648376
16819,175.0,19.0,0.0,19.0,3.0,0.6774497976451884,4.306573165710026
16820,175.0,20.0,0.0,20.0,3.0,0.04429925980485249,4.350872425514879
16821,175.0,21.0,0.0,21.0,3.0,0.0,4.350872425514879
16822,175.0,22.0,0.0,22.0,1.0,0.0,4.350872425514879
16823,175.0,23.0,0.0,23.0,7.0,0.4410508038344497,4.791923229349329
16824,175.0,24.0,0.0,24.0,7.0,0.17451046426450795,4.966433693613837
16825,175.0,25.0,0.0,25.0,4.0,0.18805542412596601,5.154489117739803
16826,175.0,26.0,0.0,26.0,0.0,0.16628996392507772,5.32077908166488
16827,175.0,27.0,0.0,27.0,6.0,0.2624626141648409,5.583241695829721
16828,175.0,28.0,0.0,28.0,3.0,0.07153296251594632,5.6547746583456675
16829,175.0,29.0,0.0,29.0,6.0,0.2690884433507071,5.923863101696375
16830,175.0,30.0,0.0,30.0,7.0,0.029232001322727855,5.953095103019103
16831,175.0,31.0,0.0,31.0,6.0,0.3731406200505958,6.326235723069699
16832,175.0,32.0,0.0,32.0,6.0,0.8206264844566112,7.14686220752631
16833,175.0,33.0,0.0,33.0,6.0,0.19275096950199988,7.33961317702831
16834,175.0,34.0,0.0,34.0,6.0,0.10776919275082603,7.447382369779136
16835,175.0,35.0,0.0,35.0,6.0,0.0,7.447382369779136
16836,175.0,36.0,0.0,36.0,4.0,0.35410539327964946,7.801487763058786
16837,175.0,37.0,0.0,37.0,4.0,0.07465631834671323,7.876144081405499
16838,175.0,38.0,0.0,38.0,3.0,0.12261651967535435,7.998760601080853
16839,175.0,39.0,0.0,39.0,1.0,0.43077514535649875,8.429535746437352
16840,175.0,40.0,0.0,40.0,1.0,0.18420213317850265,8.613737879615854
16841,175.0,41.0,0.0,41.0,2.0,0.537148762474358,9.150886642090212
16842,175.0,42.0,0.0,42.0,2.0,0.2697227342029752,9.420609376293188
16843,175.0,43.0,0.0,43.0,2.0,0.2822795401633952,9.702888916456583
16844,175.0,44.0,0.0,44.0,2.0,0.6257180907935707,10.328607007250154
16845,175.0,45.0,0.0,45.0,2.0,0.1905422112228126,10.519149218472966
16846,175.0,46.0,0.0,46.0,2.0,0.30371061480436934,10.822859833277336
16847,175.0,47.0,0.0,47.0,2.0,0.6213972006776474,11.444257033954983
16848,175.0,48.0,0.0,48.0,2.0,0.07046722414389026,11.514724258098873
16849,175.0,49.0,0.0,49.0,2.0,0.482186826413389,11.996911084512263
16850,175.0,50.0,0.0,50.0,2.0,0.2732812363944383,12.270192320906702
16851,175.0,51.0,0.0,51.0,2.0,0.03427022523850223,12.304462546145205
16852,175.0,52.0,0.0,52.0,0.0,0.0,12.304462546145205
16853,175.0,53.0,0.0,53.0,1.0,0.236338495393307,12.540801041538511
16854,175.0,54.0,0.0,54.0,6.0,0.45863258329410067,12.999433624832612
16855,175.0,55.0,0.0,55.0,6.0,0.38478252254705636,13.384216147379668
16856,175.0,56.0,0.0,56.0,6.0,0.6681191236917254,14.052335271071394
16857,175.0,57.0,0.0,57.0,6.0,0.08326994649709853,14.135605217568493
16858,175.0,58.0,0.0,58.0,6.0,0.060843244270408124,14.196448461838902
16859,175.0,59.0,0.0,59.0,2.0,0.19074406487779483,14.387192526716696
16860,175.0,60.0,0.0,60.0,6.0,0.4419319569723373,14.829124483689034
16861,175.0,61.0,0.0,61.0,6.0,0.04396724673097683,14.873091730420011
16862,175.0,62.0,0.0,62.0,1.0,0.10131102734794921,14.97440275776796
16863,175.0,63.0,0.0,63.0,2.0,0.41746763913831586,15.391870396906276
16864,175.0,64.0,0.0,64.0,2.0,0.17796714865995647,15.569837545566232
16865,175.0,65.0,0.0,65.0,3.0,0.5983165769124134,16.168154122478644
16866,175.0,66.0,0.0,66.0,3.0,0.3394391447328553,16.507593267211497
16867,175.0,67.0,0.0,67.0,3.0,0.04102795575974671,16.548621222971246
16868,175.0,68.0,0.0,68.0,7.0,0.0,16.548621222971246
16869,175.0,69.0,0.0,69.0,3.0,0.07896543589840778,16.627586658869653
16870,175.0,70.0,0.0,70.0,5.0,0.25545532592559733,16.883041984795252
16871,175.0,71.0,0.0,71.0,5.0,0.05028223153043451,16.933324216325687
16872,175.0,72.0,0.0,72.0,4.0,0.42565478925164,17.35897900557733
16873,175.0,73.0,0.0,73.0,4.0,0.23110148611791392,17.590080491695243
16874,175.0,74.0,0.0,74.0,4.0,0.41110112443122054,18.001181616126463
16875,175.0,75.0,0.0,75.0,4.0,0.0,18.001181616126463
16876,175.0,76.0,0.0,76.0,2.0,0.0,18.001181616126463
16877,175.0,77.0,0.0,77.0,6.0,0.5609494988696637,18.562131114996127
16878,175.0,78.0,0.0,78.0,6.0,0.7330812715508707,19.295212386546996
16879,175.0,79.0,0.0,79.0,6.0,0.5211461016164569,19.816358488163452
16880,175.0,80.0,0.0,80.0,6.0,0.5415728013366148,20.357931289500065
16881,175.0,81.0,0.0,81.0,6.0,0.31122773400729964,20.669159023507365
16882,175.0,82.0,0.0,82.0,6.0,0.1440283701753274,20.813187393682693
16883,175.0,83.0,0.0,83.0,6.0,0.19720425874379977,21.01039165242649
16884,175.0,84.0,0.0,84.0,6.0,0.2888924503251035,21.299284102751596
16885,175.0,85.0,0.0,85.0,6.0,0.470561563191029,21.769845665942626
16886,175.0,86.0,0.0,86.0,6.0,0.0,21.769845665942626
16887,175.0,87.0,0.0,87.0,6.0,0.525530725813632,22.295376391756257
16888,175.0,88.0,0.0,88.0,6.0,0.20104993189686238,22.496426323653118
16889,175.0,89.0,0.0,89.0,6.0,0.10821198863204971,22.604638312285168
16890,175.0,90.0,0.0,90.0,6.0,0.029858941276052695,22.63449725356122
16891,175.0,91.0,0.0,91.0,6.0,0.04941931180611817,22.68391656536734
16892,175.0,92.0,0.0,92.0,3.0,0.09565973087312887,22.77957629624047
16893,175.0,93.0,0.0,93.0,1.0,0.7371334889638141,23.516709785204284
16894,175.0,94.0,0.0,94.0,1.0,0.2975171656525792,23.814226950856863
16895,175.0,95.0,0.0,95.0,1.0,0.0,23.814226950856863
16896,176.0,0.0,0.0,0.0,0.0,0.0,0.0
16897,176.0,1.0,0.0,1.0,1.0,0.1581141854724727,0.1581141854724727
16898,176.0,2.0,0.0,2.0,2.0,0.20166360592346178,0.35977779139593447
16899,176.0,3.0,0.0,3.0,3.0,0.14589548209890857,0.505673273494843
16900,176.0,4.0,0.0,4.0,4.0,0.15261367299991715,0.6582869464947602
16901,176.0,5.0,0.0,5.0,5.0,0.07527754375067446,0.7335644902454346
16902,176.0,6.0,0.0,6.0,6.0,0.08326994649709853,0.8168344367425331
16903,176.0,7.0,0.0,7.0,7.0,0.3632416151092178,1.180076051851751
16904,176.0,8.0,0.0,8.0,7.0,0.3497936611859112,1.5298697130376622
16905,176.0,9.0,0.0,9.0,7.0,0.4763979432030655,2.006267656240728
16906,176.0,10.0,0.0,10.0,2.0,0.11327101634064082,2.1195386725813687
16907,176.0,11.0,0.0,11.0,7.0,0.35893392020488385,2.4784725927862525
16908,176.0,12.0,0.0,12.0,1.0,0.0930474388599168,2.5715200316461693
16909,176.0,13.0,0.0,13.0,4.0,0.4202049514706216,2.9917249831167907
16910,176.0,14.0,0.0,14.0,3.0,0.07917327843515808,3.0708982615519487
16911,176.0,15.0,0.0,15.0,4.0,0.1495593642703379,3.2204576258222866
16912,176.0,16.0,0.0,16.0,7.0,0.45856256848509114,3.6790201943073777
16913,176.0,17.0,0.0,17.0,7.0,0.314479252098775,3.993499446406153
16914,176.0,18.0,0.0,18.0,7.0,0.25759234324777713,4.25109178965393
16915,176.0,19.0,0.0,19.0,6.0,0.5048327715259897,4.755924561179921
16916,176.0,20.0,0.0,20.0,6.0,0.709114106247022,5.465038667426943
16917,176.0,21.0,0.0,21.0,6.0,0.012116503352960235,5.477155170779903
16918,176.0,22.0,0.0,22.0,6.0,0.12662947121033713,5.60378464199024
16919,176.0,23.0,0.0,23.0,5.0,0.3041591797941908,5.90794382178443
16920,176.0,24.0,0.0,24.0,7.0,0.11533761676746272,6.023281438551893
16921,176.0,25.0,0.0,25.0,5.0,0.15788754467582478,6.181168983227718
16922,176.0,26.0,0.0,26.0,4.0,0.4269573308108327,6.608126314038551
16923,176.0,27.0,0.0,27.0,4.0,0.2352620848249543,6.843388398863506
16924,176.0,28.0,0.0,28.0,7.0,0.2020575551425499,7.0454459540060554
16925,176.0,29.0,0.0,29.0,2.0,0.3004714236147025,7.345917377620758
16926,176.0,30.0,0.0,30.0,6.0,0.029858941276052695,7.37577631889681
16927,176.0,31.0,0.0,31.0,4.0,0.18805542412596601,7.563831743022776
16928,176.0,32.0,0.0,32.0,0.0,0.20224160288158624,7.7660733459043625
16929,176.0,33.0,0.0,33.0,2.0,0.043892043518105,7.809965389422468
16930,176.0,34.0,0.0,34.0,7.0,0.029232001322727855,7.839197390745196
16931,176.0,35.0,0.0,35.0,1.0,0.1122698472049673,7.951467237950163
16932,176.0,36.0,0.0,36.0,5.0,0.25545532592559733,8.20692256387576
16933,176.0,37.0,0.0,37.0,4.0,0.2965977540714963,8.503520317947258
16934,176.0,38.0,0.0,38.0,3.0,0.0,8.503520317947258
16935,176.0,39.0,0.0,39.0,4.0,0.0,8.503520317947258
16936,176.0,40.0,0.0,40.0,0.0,0.10101189254963196,8.60453221049689
16937,176.0,41.0,0.0,41.0,7.0,0.3029126053848762,8.907444815881766
16938,176.0,42.0,0.0,42.0,6.0,0.3286820084901565,9.236126824371922
16939,176.0,43.0,0.0,43.0,5.0,0.07332434542589378,9.309451169797816
16940,176.0,44.0,0.0,44.0,6.0,0.2690884433507071,9.578539613148523
16941,176.0,45.0,0.0,45.0,7.0,0.7375721814246866,10.31611179457321
16942,176.0,46.0,0.0,46.0,7.0,0.0,10.31611179457321
16943,176.0,47.0,0.0,47.0,7.0,0.6946860763679339,11.010797870941143
16944,176.0,48.0,0.0,48.0,7.0,0.022183306689947068,11.03298117763109
16945,176.0,49.0,0.0,49.0,7.0,0.13016600678161144,11.1631471844127
16946,176.0,50.0,0.0,50.0,6.0,0.18788376889070377,11.351030953303404
16947,176.0,51.0,0.0,51.0,7.0,0.10038865027494817,11.451419603578351
16948,176.0,52.0,0.0,52.0,6.0,0.525530725813632,11.976950329391983
16949,176.0,53.0,0.0,53.0,6.0,0.4419319569723373,12.41888228636432
16950,176.0,54.0,0.0,54.0,6.0,0.3731406200505958,12.792022906414916
16951,176.0,55.0,0.0,55.0,6.0,0.4025312660474192,13.194554172462334
16952,176.0,56.0,0.0,56.0,6.0,0.3045366457502025,13.499090818212537
16953,176.0,57.0,0.0,57.0,6.0,0.8113111970305757,14.310402015243113
16954,176.0,58.0,0.0,58.0,6.0,0.41014276344445866,14.720544778687572
16955,176.0,59.0,0.0,59.0,6.0,0.2676282183690528,14.988172997056624
16956,176.0,60.0,0.0,60.0,6.0,0.4832391209848758,15.471412118041501
16957,176.0,61.0,0.0,61.0,6.0,0.0989051148392537,15.570317232880754
16958,176.0,62.0,0.0,62.0,6.0,0.308924290481592,15.879241523362346
16959,176.0,63.0,0.0,63.0,6.0,0.019802180604578484,15.899043703966925
16960,176.0,64.0,0.0,64.0,6.0,0.0,15.899043703966925
16961,176.0,65.0,0.0,65.0,2.0,0.0,15.899043703966925
16962,176.0,66.0,0.0,66.0,6.0,0.02152766918353003,15.920571373150455
16963,176.0,67.0,0.0,67.0,4.0,0.07465631834671323,15.995227691497169
16964,176.0,68.0,0.0,68.0,7.0,0.0,15.995227691497169
16965,176.0,69.0,0.0,69.0,1.0,0.2977196118715112,16.29294730336868
16966,176.0,70.0,0.0,70.0,1.0,0.0,16.29294730336868
16967,176.0,71.0,0.0,71.0,5.0,0.490234345716472,16.783181649085154
16968,176.0,72.0,0.0,72.0,5.0,0.0,16.783181649085154
16969,176.0,73.0,0.0,73.0,6.0,0.46120539576978026,17.244387044854935
16970,176.0,74.0,0.0,74.0,6.0,0.2624626141648409,17.506849659019775
16971,176.0,75.0,0.0,75.0,6.0,0.46655973523908206,17.973409394258855
16972,176.0,76.0,0.0,76.0,6.0,0.18466604549596066,18.158075439754814
16973,176.0,77.0,0.0,77.0,6.0,0.36348110977950954,18.521556549534324
16974,176.0,78.0,0.0,78.0,6.0,0.12433874510598864,18.64589529464031
16975,176.0,79.0,0.0,79.0,7.0,0.45690301731070837,19.10279831195102
16976,176.0,80.0,0.0,80.0,7.0,0.0,19.10279831195102
16977,176.0,81.0,0.0,81.0,0.0,0.5491263248112521,19.65192463676227
16978,176.0,82.0,0.0,82.0,0.0,0.026462552773326972,19.6783871895356
16979,176.0,83.0,0.0,83.0,0.0,0.04497487212076914,19.723362061656367
16980,176.0,84.0,0.0,84.0,6.0,0.04941931180611817,19.772781373462486
16981,176.0,85.0,0.0,85.0,5.0,0.4331310121324684,20.205912385594953
16982,176.0,86.0,0.0,86.0,5.0,0.1812152791592592,20.387127664754214
16983,176.0,87.0,0.0,87.0,5.0,0.2548228037622788,20.64195046851649
16984,176.0,88.0,0.0,88.0,4.0,0.19670552128951685,20.838655989806007
16985,176.0,89.0,0.0,89.0,5.0,0.0,20.838655989806007
16986,176.0,90.0,0.0,90.0,7.0,0.0,20.838655989806007
16987,176.0,91.0,0.0,91.0,6.0,0.1440283701753274,20.982684359981334
16988,176.0,92.0,0.0,92.0,6.0,0.06692797541129325,21.049612335392627
16989,176.0,93.0,0.0,93.0,4.0,0.0,21.049612335392627
16990,176.0,94.0,0.0,94.0,7.0,0.0,21.049612335392627
16991,176.0,95.0,0.0,95.0,6.0,0.2380098281042837,21.28762216349691
16992,177.0,0.0,0.0,0.0,0.0,0.0,0.0
16993,177.0,1.0,0.0,1.0,1.0,0.18420213317850265,0.18420213317850265
16994,177.0,2.0,0.0,2.0,2.0,0.05071475147700608,0.23491688465550872
16995,177.0,3.0,0.0,3.0,3.0,0.6774497976451884,0.9123666823006972
16996,177.0,4.0,0.0,4.0,4.0,0.0,0.9123666823006972
16997,177.0,5.0,0.0,5.0,5.0,0.0,0.9123666823006972
16998,177.0,6.0,0.0,6.0,6.0,0.08326994649709853,0.9956366287977957
16999,177.0,7.0,0.0,7.0,7.0,0.09266762551682779,1.0883042543146235
17000,177.0,8.0,0.0,8.0,3.0,0.0,1.0883042543146235
17001,177.0,9.0,0.0,9.0,3.0,0.08263274320301577,1.1709369975176394
17002,177.0,10.0,0.0,10.0,1.0,0.236338495393307,1.4072754929109463
17003,177.0,11.0,0.0,11.0,7.0,0.022183306689947068,1.4294587996008934
17004,177.0,12.0,0.0,12.0,6.0,0.10821198863204971,1.537670788232943
17005,177.0,13.0,0.0,13.0,1.0,0.031550322030998015,1.569221110263941
17006,177.0,14.0,0.0,14.0,2.0,0.17377914745726974,1.743000257721211
17007,177.0,15.0,0.0,15.0,3.0,0.8079320082078706,2.5509322659290814
17008,177.0,16.0,0.0,16.0,3.0,0.0,2.5509322659290814
17009,177.0,17.0,0.0,17.0,3.0,0.1400797834114359,2.691012049340517
17010,177.0,18.0,0.0,18.0,0.0,0.04177638852618539,2.7327884378667027
17011,177.0,19.0,0.0,19.0,4.0,0.31800611952542285,3.0507945573921256
17012,177.0,20.0,0.0,20.0,4.0,0.03244158328874442,3.08323614068087
17013,177.0,21.0,0.0,21.0,5.0,0.33067682826060296,3.4139129689414727
17014,177.0,22.0,0.0,22.0,5.0,0.061655103827774414,3.475568072769247
17015,177.0,23.0,0.0,23.0,3.0,0.0,3.475568072769247
17016,177.0,24.0,0.0,24.0,2.0,0.273959930967197,3.7495280037364442
17017,177.0,25.0,0.0,25.0,2.0,0.38831574574861955,4.1378437494850635
17018,177.0,26.0,0.0,26.0,2.0,0.15868138789215788,4.2965251373772215
17019,177.0,27.0,0.0,27.0,6.0,0.5398005436791784,4.8363256810564
17020,177.0,28.0,0.0,28.0,6.0,0.398606424860819,5.234932105917219
17021,177.0,29.0,0.0,29.0,6.0,0.07179891276627816,5.306731018683497
17022,177.0,30.0,0.0,30.0,6.0,0.0206337541478017,5.327364772831299
17023,177.0,31.0,0.0,31.0,1.0,0.0772841125499467,5.4046488853812455
17024,177.0,32.0,0.0,32.0,3.0,0.05696293260850334,5.461611817989749
17025,177.0,33.0,0.0,33.0,2.0,0.7236703978770197,6.185282215866769
17026,177.0,34.0,0.0,34.0,2.0,0.587687788672903,6.772970004539672
17027,177.0,35.0,0.0,35.0,2.0,0.07058480069441396,6.843554805234086
17028,177.0,36.0,0.0,36.0,2.0,0.10287625647900679,6.946431061713093
17029,177.0,37.0,0.0,37.0,2.0,0.153056971216033,7.099488032929126
17030,177.0,38.0,0.0,38.0,2.0,0.3004714236147025,7.3999594565438285
17031,177.0,39.0,0.0,39.0,2.0,0.0,7.3999594565438285
17032,177.0,40.0,0.0,40.0,5.0,0.13613113582277864,7.536090592366607
17033,177.0,41.0,0.0,41.0,7.0,0.3191817414767788,7.855272333843386
17034,177.0,42.0,0.0,42.0,7.0,0.6820921113526627,8.537364445196049
17035,177.0,43.0,0.0,43.0,7.0,0.0,8.537364445196049
17036,177.0,44.0,0.0,44.0,7.0,0.061569980833461685,8.59893442602951
17037,177.0,45.0,0.0,45.0,6.0,0.3152014117071101,8.91413583773662
17038,177.0,46.0,0.0,46.0,6.0,0.029858941276052695,8.943994779012673
17039,177.0,47.0,0.0,47.0,4.0,0.041223720141801624,8.985218499154474
17040,177.0,48.0,0.0,48.0,7.0,0.04239551508702711,9.0276140142415
17041,177.0,49.0,0.0,49.0,3.0,0.5254767966993704,9.553090810940871
17042,177.0,50.0,0.0,50.0,3.0,0.26914273809568673,9.822233549036557
17043,177.0,51.0,0.0,51.0,3.0,0.028731351967359188,9.850964901003916
17044,177.0,52.0,0.0,52.0,2.0,0.3083246732118922,10.159289574215808
17045,177.0,53.0,0.0,53.0,2.0,0.1972278864460845,10.356517460661893
17046,177.0,54.0,0.0,54.0,3.0,0.12697042011696535,10.483487880778858
17047,177.0,55.0,0.0,55.0,2.0,0.07046722414389026,10.553955104922748
17048,177.0,56.0,0.0,56.0,1.0,0.0930474388599168,10.647002543782666
17049,177.0,57.0,0.0,57.0,5.0,0.7159429210092614,11.362945464791927
17050,177.0,58.0,0.0,58.0,5.0,0.07695982053318112,11.439905285325109
17051,177.0,59.0,0.0,59.0,5.0,0.4585537674797822,11.898459052804892
17052,177.0,60.0,0.0,60.0,5.0,0.05296194787752387,11.951421000682416
17053,177.0,61.0,0.0,61.0,5.0,0.34526090527631603,12.296681905958732
17054,177.0,62.0,0.0,62.0,5.0,0.0,12.296681905958732
17055,177.0,63.0,0.0,63.0,5.0,0.0,12.296681905958732
17056,177.0,64.0,0.0,64.0,0.0,0.48448669996828364,12.781168605927014
17057,177.0,65.0,0.0,65.0,0.0,0.11395249262034009,12.895121098547355
17058,177.0,66.0,0.0,66.0,0.0,0.5491263248112521,13.444247423358608
17059,177.0,67.0,0.0,67.0,0.0,0.19270071571413808,13.636948139072746
17060,177.0,68.0,0.0,68.0,0.0,0.08603304056370302,13.722981179636449
17061,177.0,69.0,0.0,69.0,0.0,0.0,13.722981179636449
17062,177.0,70.0,0.0,70.0,6.0,0.012576657579367172,13.735557837215817
17063,177.0,71.0,0.0,71.0,3.0,0.24065638461266484,13.976214221828481
17064,177.0,72.0,0.0,72.0,2.0,0.27508209868767286,14.251296320516154
17065,177.0,73.0,0.0,73.0,3.0,0.001461682704674984,14.25275800322083
17066,177.0,74.0,0.0,74.0,2.0,0.0,14.25275800322083
17067,177.0,75.0,0.0,75.0,7.0,0.0,14.25275800322083
17068,177.0,76.0,0.0,76.0,0.0,0.10953556120793838,14.362293564428768
17069,177.0,77.0,0.0,77.0,5.0,0.28810875083932547,14.650402315268094
17070,177.0,78.0,0.0,78.0,5.0,0.0,14.650402315268094
17071,177.0,79.0,0.0,79.0,1.0,0.14763267170963074,14.798034986977724
17072,177.0,80.0,0.0,80.0,4.0,0.2459794118468931,15.044014398824617
17073,177.0,81.0,0.0,81.0,4.0,0.06660229217274866,15.110616690997364
17074,177.0,82.0,0.0,82.0,2.0,0.40138850547070165,15.512005196468067
17075,177.0,83.0,0.0,83.0,2.0,0.0,15.512005196468067
17076,177.0,84.0,0.0,84.0,3.0,0.18053033147432693,15.692535527942393
17077,177.0,85.0,0.0,85.0,6.0,0.5211461016164569,16.21368162955885
17078,177.0,86.0,0.0,86.0,6.0,0.351198302995685,16.564879932554533
17079,177.0,87.0,0.0,87.0,6.0,0.45661860173922436,17.021498534293755
17080,177.0,88.0,0.0,88.0,6.0,0.0989051148392537,17.12040364913301
17081,177.0,89.0,0.0,89.0,6.0,0.46120539576978026,17.58160904490279
17082,177.0,90.0,0.0,90.0,6.0,0.2380098281042837,17.819618873007073
17083,177.0,91.0,0.0,91.0,6.0,0.5048327715259897,18.324451644533063
17084,177.0,92.0,0.0,92.0,6.0,0.0,18.324451644533063
17085,177.0,93.0,0.0,93.0,6.0,0.18788376889070377,18.512335413423767
17086,177.0,94.0,0.0,94.0,6.0,0.7377651793174987,19.250100592741266
17087,177.0,95.0,0.0,95.0,6.0,0.06692797541129325,19.31702856815256
17088,178.0,0.0,0.0,0.0,0.0,0.07141833269289534,0.07141833269289534
17089,178.0,1.0,0.0,1.0,1.0,0.14690456218978679,0.21832289488268214
17090,178.0,2.0,0.0,2.0,2.0,0.3195571986524608,0.5378800935351429
17091,178.0,3.0,0.0,3.0,3.0,0.08263274320301577,0.6205128367381586
17092,178.0,4.0,0.0,4.0,4.0,0.16518765184318784,0.7857004885813464
17093,178.0,5.0,0.0,5.0,5.0,0.16771754750020024,0.9534180360815467
17094,178.0,6.0,0.0,6.0,6.0,0.4025312660474192,1.355949302128966
17095,178.0,7.0,0.0,7.0,7.0,0.025365823974029863,1.3813151261029957
17096,178.0,8.0,0.0,8.0,6.0,0.14418838926849195,1.5255035153714875
17097,178.0,9.0,0.0,9.0,2.0,0.1113616455486472,1.6368651609201348
17098,178.0,10.0,0.0,10.0,5.0,0.0,1.6368651609201348
17099,178.0,11.0,0.0,11.0,4.0,0.6548917240652656,2.2917568849854004
17100,178.0,12.0,0.0,12.0,4.0,0.5401870119994172,2.831943896984818
17101,178.0,13.0,0.0,13.0,4.0,0.28146556337815226,3.1134094603629703
17102,178.0,14.0,0.0,14.0,4.0,0.0,3.1134094603629703
17103,178.0,15.0,0.0,15.0,1.0,0.32124548368694295,3.434654944049913
17104,178.0,16.0,0.0,16.0,6.0,0.308924290481592,3.743579234531505
17105,178.0,17.0,0.0,17.0,1.0,0.1252470864872485,3.8688263210187532
17106,178.0,18.0,0.0,18.0,3.0,0.01013449636003612,3.8789608173787893
17107,178.0,19.0,0.0,19.0,6.0,0.45661860173922436,4.335579419118013
17108,178.0,20.0,0.0,20.0,6.0,0.40586275112066333,4.741442170238677
17109,178.0,21.0,0.0,21.0,0.0,0.15235659301307192,4.893798763251748
17110,178.0,22.0,0.0,22.0,2.0,0.0073944663165102,4.901193229568259
17111,178.0,23.0,0.0,23.0,6.0,0.0,4.901193229568259
17112,178.0,24.0,0.0,24.0,4.0,0.2742259822986554,5.175419211866914
17113,178.0,25.0,0.0,25.0,7.0,0.11500588206885451,5.290425093935768
17114,178.0,26.0,0.0,26.0,4.0,0.35662687216539196,5.64705196610116
17115,178.0,27.0,0.0,27.0,4.0,0.2459794118468931,5.893031377948053
17116,178.0,28.0,0.0,28.0,4.0,0.004890111547855993,5.897921489495909
17117,178.0,29.0,0.0,29.0,6.0,0.29928972735028064,6.197211216846189
17118,178.0,30.0,0.0,30.0,1.0,0.0,6.197211216846189
17119,178.0,31.0,0.0,31.0,6.0,0.11636299692256234,6.313574213768751
17120,178.0,32.0,0.0,32.0,0.0,0.034072549832249714,6.347646763601001
17121,178.0,33.0,0.0,33.0,4.0,0.36899642420942863,6.71664318781043
17122,178.0,34.0,0.0,34.0,4.0,0.29965634577184486,7.016299533582274
17123,178.0,35.0,0.0,35.0,6.0,0.36321665879061876,7.379516192372893
17124,178.0,36.0,0.0,36.0,6.0,0.2030643176852566,7.58258051005815
17125,178.0,37.0,0.0,37.0,4.0,0.0,7.58258051005815
17126,178.0,38.0,0.0,38.0,5.0,0.023341935947433844,7.605922446005583
17127,178.0,39.0,0.0,39.0,2.0,0.0,7.605922446005583
17128,178.0,40.0,0.0,40.0,6.0,0.2355975950006196,7.841520041006203
17129,178.0,41.0,0.0,41.0,7.0,0.0,7.841520041006203
17130,178.0,42.0,0.0,42.0,6.0,0.09243667781140737,7.93395671881761
17131,178.0,43.0,0.0,43.0,4.0,0.23110148611791392,8.165058204935525
17132,178.0,44.0,0.0,44.0,4.0,0.08483909213874269,8.249897297074268
17133,178.0,45.0,0.0,45.0,3.0,0.001461682704674984,8.251358979778944
17134,178.0,46.0,0.0,46.0,1.0,0.29471142430324837,8.546070404082192
17135,178.0,47.0,0.0,47.0,1.0,0.18474591588561104,8.730816319967802
17136,178.0,48.0,0.0,48.0,6.0,0.7330812715508707,9.463897591518673
17137,178.0,49.0,0.0,49.0,6.0,0.030996621679545998,9.494894213198219
17138,178.0,50.0,0.0,50.0,6.0,0.20751175649518033,9.702405969693398
17139,178.0,51.0,0.0,51.0,6.0,0.19720425874379977,9.899610228437197
17140,178.0,52.0,0.0,52.0,6.0,0.36348110977950954,10.263091338216707
17141,178.0,53.0,0.0,53.0,6.0,0.0,10.263091338216707
17142,178.0,54.0,0.0,54.0,4.0,0.06660229217274866,10.329693630389455
17143,178.0,55.0,0.0,55.0,1.0,0.11338444405026506,10.44307807443972
17144,178.0,56.0,0.0,56.0,0.0,0.41174567644419385,10.854823750883915
17145,178.0,57.0,0.0,57.0,0.0,0.17361444276394056,11.028438193647855
17146,178.0,58.0,0.0,58.0,0.0,0.27268806162729475,11.301126255275149
17147,178.0,59.0,0.0,59.0,0.0,0.0,11.301126255275149
17148,178.0,60.0,0.0,60.0,6.0,0.46120539576978026,11.76233165104493
17149,178.0,61.0,0.0,61.0,6.0,0.19330425654839078,11.95563590759332
17150,178.0,62.0,0.0,62.0,6.0,0.0,11.95563590759332
17151,178.0,63.0,0.0,63.0,4.0,0.07465631834671323,12.030292225940034
17152,178.0,64.0,0.0,64.0,2.0,0.42591938102062793,12.456211606960663
17153,178.0,65.0,0.0,65.0,2.0,0.038723990899334274,12.494935597859998
17154,178.0,66.0,0.0,66.0,1.0,0.1178259592096348,12.612761557069632
17155,178.0,67.0,0.0,67.0,6.0,0.18788376889070377,12.800645325960335
17156,178.0,68.0,0.0,68.0,2.0,0.40138850547070165,13.202033831431038
17157,178.0,69.0,0.0,69.0,2.0,0.11886118707131776,13.320895018502355
17158,178.0,70.0,0.0,70.0,2.0,0.07183681467559985,13.392731833177955
17159,178.0,71.0,0.0,71.0,4.0,0.041223720141801624,13.433955553319755
17160,178.0,72.0,0.0,72.0,5.0,0.0,13.433955553319755
17161,178.0,73.0,0.0,73.0,6.0,0.1440283701753274,13.577983923495083
17162,178.0,74.0,0.0,74.0,0.0,0.0,13.577983923495083
17163,178.0,75.0,0.0,75.0,6.0,0.3116598759686686,13.889643799463752
17164,178.0,76.0,0.0,76.0,6.0,0.5721185095518746,14.461762309015626
17165,178.0,77.0,0.0,77.0,6.0,0.31122773400729964,14.772990043022926
17166,178.0,78.0,0.0,78.0,6.0,0.525530725813632,15.298520768836557
17167,178.0,79.0,0.0,79.0,6.0,0.012116503352960235,15.310637272189517
17168,178.0,80.0,0.0,80.0,6.0,0.2690884433507071,15.579725715540224
17169,178.0,81.0,0.0,81.0,6.0,0.0,15.579725715540224
17170,178.0,82.0,0.0,82.0,6.0,0.060843244270408124,15.640568959810633
17171,178.0,83.0,0.0,83.0,1.0,0.1122698472049673,15.7528388070156
17172,178.0,84.0,0.0,84.0,4.0,0.07128856318987772,15.824127370205478
17173,178.0,85.0,0.0,85.0,7.0,0.15884992243992793,15.982977292645405
17174,178.0,86.0,0.0,86.0,6.0,0.08900059238186646,16.07197788502727
17175,178.0,87.0,0.0,87.0,2.0,0.537148762474358,16.60912664750163
17176,178.0,88.0,0.0,88.0,2.0,0.5537602076296071,17.162886855131237
17177,178.0,89.0,0.0,89.0,2.0,0.5201526156790977,17.683039470810336
17178,178.0,90.0,0.0,90.0,2.0,0.1670621200099897,17.850101590820326
17179,178.0,91.0,0.0,91.0,2.0,0.03949449756546484,17.88959608838579
17180,178.0,92.0,0.0,92.0,2.0,0.0,17.88959608838579
17181,178.0,93.0,0.0,93.0,2.0,0.0,17.88959608838579
17182,178.0,94.0,0.0,94.0,2.0,0.27508209868767286,18.164678187073463
17183,178.0,95.0,0.0,95.0,2.0,0.0,18.164678187073463
17184,179.0,0.0,0.0,0.0,0.0,0.0920635712636228,0.0920635712636228
17185,179.0,1.0,0.0,1.0,1.0,0.0,0.0920635712636228
17186,179.0,2.0,0.0,2.0,2.0,0.11327101634064082,0.20533458760426362
17187,179.0,3.0,0.0,3.0,3.0,0.0,0.20533458760426362
17188,179.0,4.0,0.0,4.0,4.0,0.5318065204421886,0.7371411080464522
17189,179.0,5.0,0.0,5.0,5.0,0.1208852646021139,0.8580263726485661
17190,179.0,6.0,0.0,6.0,6.0,0.23042860433100323,1.0884549769795693
17191,179.0,7.0,0.0,7.0,7.0,0.0739714121023839,1.1624263890819533
17192,179.0,8.0,0.0,8.0,4.0,0.3628567677526115,1.5252831568345648
17193,179.0,9.0,0.0,9.0,4.0,0.15261367299991715,1.677896829834482
17194,179.0,10.0,0.0,10.0,6.0,0.10776919275082603,1.785666022585308
17195,179.0,11.0,0.0,11.0,4.0,0.21617570620019438,2.0018417287855024
17196,179.0,12.0,0.0,12.0,5.0,0.0,2.0018417287855024
17197,179.0,13.0,0.0,13.0,2.0,0.13810536010235094,2.1399470888878533
17198,179.0,14.0,0.0,14.0,0.0,0.20745119701015383,2.347398285898007
17199,179.0,15.0,0.0,15.0,7.0,0.6820921113526627,3.0294903972506697
17200,179.0,16.0,0.0,16.0,7.0,0.4048413410201004,3.43433173827077
17201,179.0,17.0,0.0,17.0,7.0,0.08816257292987052,3.522494311200641
17202,179.0,18.0,0.0,18.0,4.0,0.14305431294694723,3.665548624147588
17203,179.0,19.0,0.0,19.0,7.0,0.3705421398642408,4.036090764011829
17204,179.0,20.0,0.0,20.0,7.0,0.2963231527000224,4.332413916711851
17205,179.0,21.0,0.0,21.0,7.0,0.3029126053848762,4.635326522096728
17206,179.0,22.0,0.0,22.0,6.0,0.012576657579367172,4.647903179676095
17207,179.0,23.0,0.0,23.0,7.0,0.4573021530267772,5.105205332702872
17208,179.0,24.0,0.0,24.0,7.0,0.17451046426450795,5.2797157969673805
17209,179.0,25.0,0.0,25.0,4.0,0.3505563668212525,5.630272163788633
17210,179.0,26.0,0.0,26.0,0.0,0.15235659301307192,5.782628756801705
17211,179.0,27.0,0.0,27.0,1.0,0.236338495393307,6.0189672521950115
17212,179.0,28.0,0.0,28.0,3.0,0.07764731871057673,6.096614570905588
17213,179.0,29.0,0.0,29.0,4.0,0.3482376111706019,6.444852182076191
17214,179.0,30.0,0.0,30.0,4.0,0.020723335122281958,6.465575517198473
17215,179.0,31.0,0.0,31.0,7.0,0.037894009123875756,6.503469526322348
17216,179.0,32.0,0.0,32.0,2.0,0.4472118799386729,6.950681406261022
17217,179.0,33.0,0.0,33.0,2.0,0.05893971598014328,7.009621122241165
17218,179.0,34.0,0.0,34.0,1.0,0.031550322030998015,7.0411714442721625
17219,179.0,35.0,0.0,35.0,7.0,0.4763979432030655,7.517569387475228
17220,179.0,36.0,0.0,36.0,7.0,0.041228864090092084,7.55879825156532
17221,179.0,37.0,0.0,37.0,4.0,0.0,7.55879825156532
17222,179.0,38.0,0.0,38.0,2.0,0.0,7.55879825156532
17223,179.0,39.0,0.0,39.0,0.0,0.513449698258166,8.072247949823486
17224,179.0,40.0,0.0,40.0,0.0,0.12364928192121198,8.195897231744699
17225,179.0,41.0,0.0,41.0,0.0,0.05684979826683998,8.25274703001154
17226,179.0,42.0,0.0,42.0,7.0,0.6946860763679339,8.947433106379473
17227,179.0,43.0,0.0,43.0,7.0,0.031039358450981096,8.978472464830453
17228,179.0,44.0,0.0,44.0,7.0,0.7256040504195268,9.70407651524998
17229,179.0,45.0,0.0,45.0,7.0,0.0372746347292418,9.741351149979222
17230,179.0,46.0,0.0,46.0,7.0,0.6415126605240132,10.382863810503235
17231,179.0,47.0,0.0,47.0,7.0,0.0,10.382863810503235
17232,179.0,48.0,0.0,48.0,7.0,0.45856256848509114,10.841426378988325
17233,179.0,49.0,0.0,49.0,7.0,0.2075341574424337,11.048960536430759
17234,179.0,50.0,0.0,50.0,7.0,0.0,11.048960536430759
17235,179.0,51.0,0.0,51.0,5.0,0.07377049642032883,11.122731032851087
17236,179.0,52.0,0.0,52.0,6.0,0.2355975950006196,11.358328627851707
17237,179.0,53.0,0.0,53.0,7.0,0.08463113415129656,11.442959762003003
17238,179.0,54.0,0.0,54.0,4.0,0.0,11.442959762003003
17239,179.0,55.0,0.0,55.0,6.0,0.23958507229734452,11.682544834300348
17240,179.0,56.0,0.0,56.0,0.0,0.07141833269289534,11.753963166993243
17241,179.0,57.0,0.0,57.0,3.0,0.14589548209890857,11.89985864909215
17242,179.0,58.0,0.0,58.0,7.0,0.0,11.89985864909215
17243,179.0,59.0,0.0,59.0,6.0,0.04941931180611817,11.94927796089827
17244,179.0,60.0,0.0,60.0,1.0,0.0766334705336081,12.025911431431878
17245,179.0,61.0,0.0,61.0,7.0,0.4410508038344497,12.466962235266328
17246,179.0,62.0,0.0,62.0,7.0,0.14046681190174445,12.607429047168072
17247,179.0,63.0,0.0,63.0,2.0,0.3004714236147025,12.907900470782774
17248,179.0,64.0,0.0,64.0,2.0,0.7236703978770197,13.631570868659795
17249,179.0,65.0,0.0,65.0,2.0,0.20274467364983373,13.834315542309628
17250,179.0,66.0,0.0,66.0,2.0,0.0,13.834315542309628
17251,179.0,67.0,0.0,67.0,2.0,0.6027562012237242,14.437071743533352
17252,179.0,68.0,0.0,68.0,2.0,0.0,14.437071743533352
17253,179.0,69.0,0.0,69.0,2.0,0.0,14.437071743533352
17254,179.0,70.0,0.0,70.0,7.0,0.029232001322727855,14.466303744856079
17255,179.0,71.0,0.0,71.0,4.0,0.35662687216539196,14.822930617021472
17256,179.0,72.0,0.0,72.0,4.0,0.4269573308108327,15.249887947832304
17257,179.0,73.0,0.0,73.0,4.0,0.619788147899107,15.86967609573141
17258,179.0,74.0,0.0,74.0,4.0,0.005519628586349254,15.87519572431776
17259,179.0,75.0,0.0,75.0,4.0,0.45969118074479987,16.33488690506256
17260,179.0,76.0,0.0,76.0,4.0,0.11081989247498787,16.44570679753755
17261,179.0,77.0,0.0,77.0,4.0,0.26227852312629674,16.70798532066385
17262,179.0,78.0,0.0,78.0,4.0,0.0,16.70798532066385
17263,179.0,79.0,0.0,79.0,7.0,0.22951623073539107,16.93750155139924
17264,179.0,80.0,0.0,80.0,3.0,0.2656910608312819,17.203192612230524
17265,179.0,81.0,0.0,81.0,3.0,0.2285348190821269,17.431727431312652
17266,179.0,82.0,0.0,82.0,3.0,0.1800108644972652,17.611738295809918
17267,179.0,83.0,0.0,83.0,0.0,0.0,17.611738295809918
17268,179.0,84.0,0.0,84.0,4.0,0.01616105790717103,17.62789935371709
17269,179.0,85.0,0.0,85.0,7.0,0.025365823974029863,17.65326517769112
17270,179.0,86.0,0.0,86.0,2.0,0.16196479063327046,17.81522996832439
17271,179.0,87.0,0.0,87.0,3.0,0.3128854636562684,18.12811543198066
17272,179.0,88.0,0.0,88.0,3.0,0.20758298031156905,18.335698412292228
17273,179.0,89.0,0.0,89.0,3.0,0.0,18.335698412292228
17274,179.0,90.0,0.0,90.0,5.0,0.490234345716472,18.8259327580087
17275,179.0,91.0,0.0,91.0,5.0,0.43922493403029017,19.26515769203899
17276,179.0,92.0,0.0,92.0,5.0,0.0,19.26515769203899
17277,179.0,93.0,0.0,93.0,5.0,0.6074606983847354,19.872618390423725
17278,179.0,94.0,0.0,94.0,5.0,0.13613113582277864,20.008749526246504
17279,179.0,95.0,0.0,95.0,5.0,0.3060716499089532,20.31482117615546
17280,180.0,0.0,0.0,0.0,0.0,0.024187376084340982,0.024187376084340982
17281,180.0,1.0,0.0,1.0,1.0,0.22346138720261824,0.24764876328695923
17282,180.0,2.0,0.0,2.0,2.0,0.40364005699886474,0.651288820285824
17283,180.0,3.0,0.0,3.0,3.0,0.19321782807184884,0.8445066483576729
17284,180.0,4.0,0.0,4.0,4.0,0.3815607206079411,1.226067368965614
17285,180.0,5.0,0.0,5.0,5.0,0.3041591797941908,1.530226548759805
17286,180.0,6.0,0.0,6.0,6.0,0.456597589962221,1.986824138722026
17287,180.0,7.0,0.0,7.0,7.0,0.0,1.986824138722026
17288,180.0,8.0,0.0,8.0,6.0,0.3152014117071101,2.302025550429136
17289,180.0,9.0,0.0,9.0,2.0,0.0,2.302025550429136
17290,180.0,10.0,0.0,10.0,4.0,0.004890111547855993,2.306915661976992
17291,180.0,11.0,0.0,11.0,5.0,0.6074606983847354,2.9143763603617274
17292,180.0,12.0,0.0,12.0,5.0,0.07527754375067446,2.989653904112402
17293,180.0,13.0,0.0,13.0,6.0,0.08900059238186646,3.0786544964942686
17294,180.0,14.0,0.0,14.0,1.0,0.0,3.0786544964942686
17295,180.0,15.0,0.0,15.0,3.0,0.08963784878726973,3.168292345281538
17296,180.0,16.0,0.0,16.0,5.0,0.2548228037622788,3.423115149043817
17297,180.0,17.0,0.0,17.0,6.0,0.29928972735028064,3.722404876394098
17298,180.0,18.0,0.0,18.0,5.0,0.4299809133878022,4.1523857897819
17299,180.0,19.0,0.0,19.0,5.0,0.3355502795163708,4.487936069298271
17300,180.0,20.0,0.0,20.0,2.0,0.20274467364983373,4.690680742948104
17301,180.0,21.0,0.0,21.0,4.0,0.12114345880479456,4.8118242017528985
17302,180.0,22.0,0.0,22.0,6.0,0.11636299692256234,4.92818719867546
17303,180.0,23.0,0.0,23.0,5.0,0.0,4.92818719867546
17304,180.0,24.0,0.0,24.0,0.0,0.0,4.92818719867546
17305,180.0,25.0,0.0,25.0,7.0,0.061569980833461685,4.989757179508922
17306,180.0,26.0,0.0,26.0,3.0,0.8079320082078706,5.797689187716793
17307,180.0,27.0,0.0,27.0,3.0,0.07173524956865848,5.869424437285452
17308,180.0,28.0,0.0,28.0,3.0,0.14109950605318325,6.010523943338635
17309,180.0,29.0,0.0,29.0,2.0,0.27508209868767286,6.285606042026307
17310,180.0,30.0,0.0,30.0,3.0,0.0,6.285606042026307
17311,180.0,31.0,0.0,31.0,6.0,0.2690884433507071,6.554694485377015
17312,180.0,32.0,0.0,32.0,5.0,0.5504746613797407,7.105169146756755
17313,180.0,33.0,0.0,33.0,5.0,0.12956159087489713,7.2347307376316525
17314,180.0,34.0,0.0,34.0,2.0,0.14808157325436302,7.382812310886016
17315,180.0,35.0,0.0,35.0,1.0,0.2217983483299603,7.604610659215976
17316,180.0,36.0,0.0,36.0,5.0,0.07041269781241034,7.675023357028387
17317,180.0,37.0,0.0,37.0,6.0,0.2676282183690528,7.94265157539744
17318,180.0,38.0,0.0,38.0,4.0,0.3482376111706019,8.290889186568041
17319,180.0,39.0,0.0,39.0,4.0,0.45159698088013056,8.742486167448172
17320,180.0,40.0,0.0,40.0,4.0,0.0,8.742486167448172
17321,180.0,41.0,0.0,41.0,6.0,0.08326994649709853,8.825756113945271
17322,180.0,42.0,0.0,42.0,1.0,0.0,8.825756113945271
17323,180.0,43.0,0.0,43.0,5.0,0.09067390774368256,8.916430021688953
17324,180.0,44.0,0.0,44.0,2.0,0.1113616455486472,9.0277916672376
17325,180.0,45.0,0.0,45.0,4.0,0.29965634577184486,9.327448013009446
17326,180.0,46.0,0.0,46.0,3.0,0.0,9.327448013009446
17327,180.0,47.0,0.0,47.0,4.0,0.024172346025505487,9.351620359034952
17328,180.0,48.0,0.0,48.0,6.0,0.4025312660474192,9.75415162508237
17329,180.0,49.0,0.0,49.0,6.0,0.40586275112066333,10.160014376203033
17330,180.0,50.0,0.0,50.0,6.0,0.0,10.160014376203033
17331,180.0,51.0,0.0,51.0,5.0,0.23508109547473272,10.395095471677767
17332,180.0,52.0,0.0,52.0,5.0,0.1988526429963335,10.5939481146741
17333,180.0,53.0,0.0,53.0,6.0,0.0,10.5939481146741
17334,180.0,54.0,0.0,54.0,2.0,0.40117548832375627,10.995123602997857
17335,180.0,55.0,0.0,55.0,2.0,0.5927850394971269,11.587908642494984
17336,180.0,56.0,0.0,56.0,2.0,0.2052375345025933,11.793146176997578
17337,180.0,57.0,0.0,57.0,2.0,0.19074406487779483,11.983890241875372
17338,180.0,58.0,0.0,58.0,2.0,0.3746667969555425,12.358557038830915
17339,180.0,59.0,0.0,59.0,2.0,0.032480183465739686,12.391037222296655
17340,180.0,60.0,0.0,60.0,5.0,0.2501458808505047,12.64118310314716
17341,180.0,61.0,0.0,61.0,2.0,0.15868138789215788,12.799864491039317
17342,180.0,62.0,0.0,62.0,5.0,0.07377049642032883,12.873634987459646
17343,180.0,63.0,0.0,63.0,7.0,0.04671064980753169,12.920345637267177
17344,180.0,64.0,0.0,64.0,4.0,0.12626645153161312,13.04661208879879
17345,180.0,65.0,0.0,65.0,2.0,0.20584383201305861,13.25245592081185
17346,180.0,66.0,0.0,66.0,3.0,0.7077056663835212,13.96016158719537
17347,180.0,67.0,0.0,67.0,3.0,0.18076898800776417,14.140930575203136
17348,180.0,68.0,0.0,68.0,3.0,0.25616649659567714,14.397097071798813
17349,180.0,69.0,0.0,69.0,3.0,0.020094125614477917,14.41719119741329
17350,180.0,70.0,0.0,70.0,3.0,0.6916736699244181,15.108864867337708
17351,180.0,71.0,0.0,71.0,3.0,0.2032469793155898,15.312111846653298
17352,180.0,72.0,0.0,72.0,3.0,0.03301525633795021,15.345127102991249
17353,180.0,73.0,0.0,73.0,3.0,0.15771312543106009,15.50284022842231
17354,180.0,74.0,0.0,74.0,6.0,0.528994261355651,16.03183448977796
17355,180.0,75.0,0.0,75.0,6.0,0.18788376889070377,16.219718258668664
17356,180.0,76.0,0.0,76.0,6.0,0.5211461016164569,16.74086436028512
17357,180.0,77.0,0.0,77.0,6.0,0.39899739331314654,17.139861753598264
17358,180.0,78.0,0.0,78.0,6.0,0.012576657579367172,17.15243841117763
17359,180.0,79.0,0.0,79.0,6.0,0.2380098281042837,17.390448239281913
17360,180.0,80.0,0.0,80.0,6.0,0.45661860173922436,17.847066841021135
17361,180.0,81.0,0.0,81.0,6.0,0.0,17.847066841021135
17362,180.0,82.0,0.0,82.0,2.0,0.21976599108420175,18.066832832105337
17363,180.0,83.0,0.0,83.0,5.0,0.13948261044307597,18.206315442548412
17364,180.0,84.0,0.0,84.0,3.0,0.030472832457272593,18.236788275005686
17365,180.0,85.0,0.0,85.0,0.0,0.01880307483854212,18.255591349844227
17366,180.0,86.0,0.0,86.0,6.0,0.5064850022994652,18.762076352143694
17367,180.0,87.0,0.0,87.0,6.0,0.23042860433100323,18.992504956474697
17368,180.0,88.0,0.0,88.0,6.0,0.4419319569723373,19.434436913447033
17369,180.0,89.0,0.0,89.0,6.0,0.029858941276052695,19.464295854723087
17370,180.0,90.0,0.0,90.0,2.0,0.05386861899525439,19.51816447371834
17371,180.0,91.0,0.0,91.0,6.0,0.5048327715259897,20.02299724524433
17372,180.0,92.0,0.0,92.0,6.0,0.25249491253368417,20.275492157778015
17373,180.0,93.0,0.0,93.0,6.0,0.22700732154927955,20.502499479327295
17374,180.0,94.0,0.0,94.0,6.0,0.14053761898862807,20.643037098315922
17375,180.0,95.0,0.0,95.0,4.0,0.29095081075282125,20.933987909068744
17376,181.0,0.0,0.0,0.0,0.0,0.20224160288158624,0.20224160288158624
17377,181.0,1.0,0.0,1.0,1.0,0.3409891715042017,0.5432307743857879
17378,181.0,2.0,0.0,2.0,2.0,0.21976599108420175,0.7629967654699896
17379,181.0,3.0,0.0,3.0,3.0,0.24065638461266484,1.0036531500826544
17380,181.0,4.0,0.0,4.0,4.0,0.0,1.0036531500826544
17381,181.0,5.0,0.0,5.0,5.0,0.3614743312712399,1.3651274813538943
17382,181.0,6.0,0.0,6.0,6.0,0.46621206372626145,1.8313395450801557
17383,181.0,7.0,0.0,7.0,7.0,0.0056253172433511625,1.8369648623235069
17384,181.0,8.0,0.0,8.0,6.0,0.12662947121033713,1.963594333533844
17385,181.0,9.0,0.0,9.0,5.0,0.2305694971756699,2.1941638307095137
17386,181.0,10.0,0.0,10.0,1.0,0.39919928454817294,2.5933631152576866
17387,181.0,11.0,0.0,11.0,3.0,0.020094125614477917,2.6134572408721644
17388,181.0,12.0,0.0,12.0,1.0,0.7371334889638141,3.3505907298359787
17389,181.0,13.0,0.0,13.0,1.0,0.26917241091670174,3.6197631407526805
17390,181.0,14.0,0.0,14.0,2.0,0.6213972006776474,4.241160341430328
17391,181.0,15.0,0.0,15.0,2.0,0.1670621200099897,4.408222461440318
17392,181.0,16.0,0.0,16.0,0.0,0.18031182752271988,4.5885342889630385
17393,181.0,17.0,0.0,17.0,1.0,0.6458467227103142,5.234381011673353
17394,181.0,18.0,0.0,18.0,1.0,0.5191650371090091,5.753546048782362
17395,181.0,19.0,0.0,19.0,1.0,0.7343824664965894,6.487928515278952
17396,181.0,20.0,0.0,20.0,1.0,0.1525595877654341,6.640488103044386
17397,181.0,21.0,0.0,21.0,1.0,0.11896244309851166,6.759450546142897
17398,181.0,22.0,0.0,22.0,6.0,0.15948567313383155,6.918936219276729
17399,181.0,23.0,0.0,23.0,5.0,0.07525820400177534,6.994194423278504
17400,181.0,24.0,0.0,24.0,2.0,0.0,6.994194423278504
17401,181.0,25.0,0.0,25.0,1.0,0.06877401020269108,7.0629684334811955
17402,181.0,26.0,0.0,26.0,1.0,0.2975171656525792,7.360485599133774
17403,181.0,27.0,0.0,27.0,0.0,0.0,7.360485599133774
17404,181.0,28.0,0.0,28.0,1.0,0.5325149437924254,7.8930005429262
17405,181.0,29.0,0.0,29.0,1.0,0.35845450021337216,8.251455043139572
17406,181.0,30.0,0.0,30.0,6.0,0.8113111970305757,9.062766240170149
17407,181.0,31.0,0.0,31.0,6.0,0.4025312660474192,9.465297506217567
17408,181.0,32.0,0.0,32.0,6.0,0.19720425874379977,9.662501764961366
17409,181.0,33.0,0.0,33.0,6.0,0.2358206865923345,9.898322451553701
17410,181.0,34.0,0.0,34.0,1.0,0.39739577573671786,10.295718227290418
17411,181.0,35.0,0.0,35.0,6.0,0.20751175649518033,10.503229983785598
17412,181.0,36.0,0.0,36.0,1.0,0.7207407501430242,11.223970733928622
17413,181.0,37.0,0.0,37.0,1.0,0.1178259592096348,11.341796693138257
17414,181.0,38.0,0.0,38.0,1.0,0.24526319585689446,11.587059888995151
17415,181.0,39.0,0.0,39.0,1.0,0.21774518083343142,11.804805069828582
17416,181.0,40.0,0.0,40.0,5.0,0.3041591797941908,12.108964249622773
17417,181.0,41.0,0.0,41.0,7.0,0.45856256848509114,12.567526818107863
17418,181.0,42.0,0.0,42.0,7.0,0.7375721814246866,13.30509899953255
17419,181.0,43.0,0.0,43.0,7.0,0.11533761676746272,13.420436616300012
17420,181.0,44.0,0.0,44.0,7.0,0.025365823974029863,13.445802440274042
17421,181.0,45.0,0.0,45.0,6.0,0.0206337541478017,13.466436194421844
17422,181.0,46.0,0.0,46.0,2.0,0.4833660339380995,13.949802228359943
17423,181.0,47.0,0.0,47.0,2.0,0.587687788672903,14.537490017032846
17424,181.0,48.0,0.0,48.0,2.0,0.0,14.537490017032846
17425,181.0,49.0,0.0,49.0,4.0,0.06308539271434067,14.600575409747186
17426,181.0,50.0,0.0,50.0,1.0,0.0,14.600575409747186
17427,181.0,51.0,0.0,51.0,5.0,0.027814322711726475,14.628389732458913
17428,181.0,52.0,0.0,52.0,7.0,0.17451046426450795,14.80290019672342
17429,181.0,53.0,0.0,53.0,2.0,0.6257180907935707,15.428618287516992
17430,181.0,54.0,0.0,54.0,2.0,0.15868138789215788,15.587299675409149
17431,181.0,55.0,0.0,55.0,2.0,0.14808157325436302,15.735381248663511
17432,181.0,56.0,0.0,56.0,3.0,0.0,15.735381248663511
17433,181.0,57.0,0.0,57.0,1.0,0.0,15.735381248663511
17434,181.0,58.0,0.0,58.0,2.0,0.14626881783373236,15.881650066497244
17435,181.0,59.0,0.0,59.0,6.0,0.3286820084901565,16.2103320749874
17436,181.0,60.0,0.0,60.0,7.0,0.02758892282854971,16.237920997815948
17437,181.0,61.0,0.0,61.0,1.0,0.23702024352928716,16.474941241345235
17438,181.0,62.0,0.0,62.0,6.0,0.528994261355651,17.003935502700887
17439,181.0,63.0,0.0,63.0,6.0,0.1938598477639666,17.197795350464855
17440,181.0,64.0,0.0,64.0,6.0,0.0,17.197795350464855
17441,181.0,65.0,0.0,65.0,1.0,0.11338444405026506,17.31117979451512
17442,181.0,66.0,0.0,66.0,2.0,0.31838380442486014,17.62956359893998
17443,181.0,67.0,0.0,67.0,1.0,0.0,17.62956359893998
17444,181.0,68.0,0.0,68.0,2.0,0.7236703978770197,18.353233996817
17445,181.0,69.0,0.0,69.0,2.0,0.038723990899334274,18.391957987716335
17446,181.0,70.0,0.0,70.0,2.0,0.1731947690353173,18.56515275675165
17447,181.0,71.0,0.0,71.0,5.0,0.09067390774368256,18.655826664495333
17448,181.0,72.0,0.0,72.0,2.0,0.16196479063327046,18.817791455128603
17449,181.0,73.0,0.0,73.0,6.0,0.5415728013366148,19.359364256465216
17450,181.0,74.0,0.0,74.0,6.0,0.3152014117071101,19.674565668172328
17451,181.0,75.0,0.0,75.0,6.0,0.18788376889070377,19.86244943706303
17452,181.0,76.0,0.0,76.0,6.0,0.10821198863204971,19.97066142569508
17453,181.0,77.0,0.0,77.0,1.0,0.05668020652621607,20.027341632221297
17454,181.0,78.0,0.0,78.0,0.0,0.30754911887660585,20.334890751097902
17455,181.0,79.0,0.0,79.0,0.0,0.04556819691499105,20.380458948012894
17456,181.0,80.0,0.0,80.0,2.0,0.0,20.380458948012894
17457,181.0,81.0,0.0,81.0,7.0,0.04103739105239522,20.42149633906529
17458,181.0,82.0,0.0,82.0,6.0,0.2030643176852566,20.624560656750546
17459,181.0,83.0,0.0,83.0,1.0,0.0,20.624560656750546
17460,181.0,84.0,0.0,84.0,6.0,0.38478252254705636,21.009343179297602
17461,181.0,85.0,0.0,85.0,6.0,0.10776919275082603,21.117112372048428
17462,181.0,86.0,0.0,86.0,1.0,0.0,21.117112372048428
17463,181.0,87.0,0.0,87.0,2.0,0.0,21.117112372048428
17464,181.0,88.0,0.0,88.0,6.0,0.08900059238186646,21.206112964430293
17465,181.0,89.0,0.0,89.0,5.0,0.0,21.206112964430293
17466,181.0,90.0,0.0,90.0,4.0,0.6548917240652656,21.86100468849556
17467,181.0,91.0,0.0,91.0,4.0,0.15383977509268065,22.01484446358824
17468,181.0,92.0,0.0,92.0,4.0,0.0,22.01484446358824
17469,181.0,93.0,0.0,93.0,4.0,0.08739218446663143,22.10223664805487
17470,181.0,94.0,0.0,94.0,1.0,0.32124548368694295,22.423482131741814
17471,181.0,95.0,0.0,95.0,1.0,0.0766334705336081,22.50011560227542
17472,182.0,0.0,0.0,0.0,0.0,0.0,0.0
17473,182.0,1.0,0.0,1.0,1.0,0.0,0.0
17474,182.0,2.0,0.0,2.0,2.0,0.17377914745726974,0.17377914745726974
17475,182.0,3.0,0.0,3.0,3.0,0.20186904139831627,0.37564818885558604
17476,182.0,4.0,0.0,4.0,4.0,0.45159698088013056,0.8272451697357166
17477,182.0,5.0,0.0,5.0,5.0,0.18916438735281615,1.0164095570885328
17478,182.0,6.0,0.0,6.0,6.0,0.8113111970305757,1.8277207541191085
17479,182.0,7.0,0.0,7.0,7.0,0.09818265512943311,1.9259034092485416
17480,182.0,8.0,0.0,8.0,6.0,0.23042860433100323,2.156332013579545
17481,182.0,9.0,0.0,9.0,4.0,0.15383977509268065,2.3101717886722257
17482,182.0,10.0,0.0,10.0,6.0,0.06692797541129325,2.377099764083519
17483,182.0,11.0,0.0,11.0,3.0,0.24604240966364027,2.6231421737471594
17484,182.0,12.0,0.0,12.0,5.0,0.05028223153043451,2.673424405277594
17485,182.0,13.0,0.0,13.0,2.0,0.13810536010235094,2.811529765379945
17486,182.0,14.0,0.0,14.0,6.0,0.5398005436791784,3.351330309059123
17487,182.0,15.0,0.0,15.0,6.0,0.18788376889070377,3.539214077949827
17488,182.0,16.0,0.0,16.0,4.0,0.12114345880479456,3.6603575367546215
17489,182.0,17.0,0.0,17.0,7.0,0.11500588206885451,3.775363418823476
17490,182.0,18.0,0.0,18.0,6.0,0.46120539576978026,4.236568814593256
17491,182.0,19.0,0.0,19.0,6.0,0.2355975950006196,4.472166409593876
17492,182.0,20.0,0.0,20.0,3.0,0.07896543589840778,4.551131845492284
17493,182.0,21.0,0.0,21.0,6.0,0.470561563191029,5.021693408683313
17494,182.0,22.0,0.0,22.0,6.0,0.1938598477639666,5.215553256447279
17495,182.0,23.0,0.0,23.0,4.0,0.005519628586349254,5.221072885033629
17496,182.0,24.0,0.0,24.0,6.0,0.5609494988696637,5.782022383903293
17497,182.0,25.0,0.0,25.0,6.0,0.5198631933975867,6.3018855773008795
17498,182.0,26.0,0.0,26.0,6.0,0.0,6.3018855773008795
17499,182.0,27.0,0.0,27.0,2.0,0.0,6.3018855773008795
17500,182.0,28.0,0.0,28.0,6.0,0.0,6.3018855773008795
17501,182.0,29.0,0.0,29.0,0.0,0.04177638852618539,6.3436619658270645
17502,182.0,30.0,0.0,30.0,1.0,0.40114156826807473,6.744803534095139
17503,182.0,31.0,0.0,31.0,1.0,0.0766334705336081,6.821437004628747
17504,182.0,32.0,0.0,32.0,5.0,0.0,6.821437004628747
17505,182.0,33.0,0.0,33.0,6.0,0.19237477602684144,7.013811780655588
17506,182.0,34.0,0.0,34.0,3.0,0.17451251960862407,7.188324300264211
17507,182.0,35.0,0.0,35.0,7.0,0.08082649885896648,7.269150799123178
17508,182.0,36.0,0.0,36.0,6.0,0.528994261355651,7.798145060478829
17509,182.0,37.0,0.0,37.0,6.0,0.20104993189686238,7.999194992375691
17510,182.0,38.0,0.0,38.0,6.0,0.08326994649709853,8.08246493887279
17511,182.0,39.0,0.0,39.0,1.0,0.3409891715042017,8.42345411037699
17512,182.0,40.0,0.0,40.0,1.0,0.29885514167787697,8.722309252054867
17513,182.0,41.0,0.0,41.0,1.0,0.35845450021337216,9.08076375226824
17514,182.0,42.0,0.0,42.0,1.0,0.11338444405026506,9.194148196318505
17515,182.0,43.0,0.0,43.0,4.0,0.0,9.194148196318505
17516,182.0,44.0,0.0,44.0,6.0,0.2380098281042837,9.432158024422789
17517,182.0,45.0,0.0,45.0,3.0,0.07608616683900467,9.508244191261793
17518,182.0,46.0,0.0,46.0,6.0,0.15870422142553076,9.666948412687324
17519,182.0,47.0,0.0,47.0,1.0,0.05727556146362054,9.724223974150945
17520,182.0,48.0,0.0,48.0,6.0,0.0,9.724223974150945
17521,182.0,49.0,0.0,49.0,6.0,0.38423498309596005,10.108458957246905
17522,182.0,50.0,0.0,50.0,6.0,0.9633601102069204,11.071819067453825
17523,182.0,51.0,0.0,51.0,6.0,0.5048327715259897,11.576651838979815
17524,182.0,52.0,0.0,52.0,6.0,0.2888924503251035,11.86554428930492
17525,182.0,53.0,0.0,53.0,6.0,0.3286820084901565,12.194226297795076
17526,182.0,54.0,0.0,54.0,6.0,0.08544920153663012,12.279675499331706
17527,182.0,55.0,0.0,55.0,6.0,0.25249491253368417,12.53217041186539
17528,182.0,56.0,0.0,56.0,6.0,0.019802180604578484,12.55197259246997
17529,182.0,57.0,0.0,57.0,6.0,0.398606424860819,12.950579017330789
17530,182.0,58.0,0.0,58.0,6.0,0.0206337541478017,12.97121277147859
17531,182.0,59.0,0.0,59.0,2.0,0.1670621200099897,13.13827489148858
17532,182.0,60.0,0.0,60.0,6.0,0.012116503352960235,13.15039139484154
17533,182.0,61.0,0.0,61.0,7.0,0.04671064980753169,13.197102044649071
17534,182.0,62.0,0.0,62.0,1.0,0.0,13.197102044649071
17535,182.0,63.0,0.0,63.0,3.0,0.19581372444038134,13.392915769089452
17536,182.0,64.0,0.0,64.0,6.0,0.0,13.392915769089452
17537,182.0,65.0,0.0,65.0,0.0,0.10452931469019261,13.497445083779645
17538,182.0,66.0,0.0,66.0,4.0,0.19670552128951685,13.694150605069161
17539,182.0,67.0,0.0,67.0,2.0,0.2732812363944383,13.9674318414636
17540,182.0,68.0,0.0,68.0,2.0,0.0,13.9674318414636
17541,182.0,69.0,0.0,69.0,5.0,0.15886400702583056,14.12629584848943
17542,182.0,70.0,0.0,70.0,6.0,0.19330425654839078,14.319600105037821
17543,182.0,71.0,0.0,71.0,3.0,0.20758298031156905,14.52718308534939
17544,182.0,72.0,0.0,72.0,6.0,0.0,14.52718308534939
17545,182.0,73.0,0.0,73.0,4.0,0.0,14.52718308534939
17546,182.0,74.0,0.0,74.0,3.0,0.8079320082078706,15.335115093557262
17547,182.0,75.0,0.0,75.0,3.0,0.5983165769124134,15.933431670469675
17548,182.0,76.0,0.0,76.0,3.0,0.003936487151784531,15.93736815762146
17549,182.0,77.0,0.0,77.0,3.0,0.2656910608312819,16.203059218452744
17550,182.0,78.0,0.0,78.0,3.0,0.6774497976451884,16.880509016097932
17551,182.0,79.0,0.0,79.0,3.0,0.0,16.880509016097932
17552,182.0,80.0,0.0,80.0,3.0,0.37470943161685766,17.25521844771479
17553,182.0,81.0,0.0,81.0,3.0,0.3813698300550875,17.636588277769878
17554,182.0,82.0,0.0,82.0,3.0,0.47254251673467496,18.10913079450455
17555,182.0,83.0,0.0,83.0,3.0,0.25537726099248537,18.364508055497037
17556,182.0,84.0,0.0,84.0,3.0,0.3124487689648274,18.676956824461865
17557,182.0,85.0,0.0,85.0,3.0,0.3635186756069499,19.040475500068816
17558,182.0,86.0,0.0,86.0,3.0,0.15771312543106009,19.198188625499874
17559,182.0,87.0,0.0,87.0,3.0,0.21444009859115623,19.41262872409103
17560,182.0,88.0,0.0,88.0,3.0,0.13611159388976898,19.548740317980798
17561,182.0,89.0,0.0,89.0,3.0,0.14109950605318325,19.68983982403398
17562,182.0,90.0,0.0,90.0,3.0,0.31273620845765815,20.00257603249164
17563,182.0,91.0,0.0,91.0,3.0,0.17859802399158817,20.181174056483226
17564,182.0,92.0,0.0,92.0,3.0,0.025510018405371447,20.206684074888596
17565,182.0,93.0,0.0,93.0,3.0,0.10567512643772035,20.312359201326316
17566,182.0,94.0,0.0,94.0,6.0,0.0,20.312359201326316
17567,182.0,95.0,0.0,95.0,3.0,0.12261651967535435,20.43497572100167
17568,183.0,0.0,0.0,0.0,0.0,0.09968082273709172,0.09968082273709172
17569,183.0,1.0,0.0,1.0,1.0,0.7343824664965894,0.8340632892336812
17570,183.0,2.0,0.0,2.0,2.0,0.04195847045540713,0.8760217596890884
17571,183.0,3.0,0.0,3.0,3.0,0.3394391447328553,1.2154609044219438
17572,183.0,4.0,0.0,4.0,4.0,0.15383977509268065,1.3693006795146245
17573,183.0,5.0,0.0,5.0,5.0,0.21528111200447786,1.5845817915191023
17574,183.0,6.0,0.0,6.0,6.0,0.002161454739645614,1.5867432462587479
17575,183.0,7.0,0.0,7.0,7.0,0.0,1.5867432462587479
17576,183.0,8.0,0.0,8.0,1.0,0.11675306462359378,1.7034963108823415
17577,183.0,9.0,0.0,9.0,3.0,0.10567512643772035,1.8091714373200618
17578,183.0,10.0,0.0,10.0,1.0,0.0,1.8091714373200618
17579,183.0,11.0,0.0,11.0,5.0,0.05028223153043451,1.8594536688504963
17580,183.0,12.0,0.0,12.0,4.0,0.6630452028905913,2.522498871741088
17581,183.0,13.0,0.0,13.0,4.0,0.0,2.522498871741088
17582,183.0,14.0,0.0,14.0,0.0,0.06806513547863605,2.590564007219724
17583,183.0,15.0,0.0,15.0,3.0,0.20758298031156905,2.798146987531293
17584,183.0,16.0,0.0,16.0,1.0,0.7864352531193769,3.58458224065067
17585,183.0,17.0,0.0,17.0,1.0,0.39051636555348407,3.9750986062041544
17586,183.0,18.0,0.0,18.0,1.0,0.1521898058916304,4.127288412095785
17587,183.0,19.0,0.0,19.0,1.0,0.1525595877654341,4.279847999861219
17588,183.0,20.0,0.0,20.0,4.0,0.2768550193866439,4.556703019247863
17589,183.0,21.0,0.0,21.0,2.0,0.2992414906149762,4.855944509862839
17590,183.0,22.0,0.0,22.0,2.0,0.07300531851332406,4.9289498283761635
17591,183.0,23.0,0.0,23.0,4.0,0.6273379479591693,5.556287776335333
17592,183.0,24.0,0.0,24.0,4.0,0.06660229217274866,5.622890068508082
17593,183.0,25.0,0.0,25.0,1.0,0.10131102734794921,5.724201095856031
17594,183.0,26.0,0.0,26.0,3.0,0.47254251673467496,6.196743612590707
17595,183.0,27.0,0.0,27.0,3.0,0.07173524956865848,6.268478862159365
17596,183.0,28.0,0.0,28.0,6.0,0.012116503352960235,6.280595365512325
17597,183.0,29.0,0.0,29.0,4.0,0.28973804014574706,6.570333405658072
17598,183.0,30.0,0.0,30.0,7.0,0.031039358450981096,6.601372764109053
17599,183.0,31.0,0.0,31.0,5.0,0.30212354745347314,6.903496311562526
17600,183.0,32.0,0.0,32.0,4.0,0.014489782945512395,6.917986094508038
17601,183.0,33.0,0.0,33.0,1.0,0.0766334705336081,6.994619565041646
17602,183.0,34.0,0.0,34.0,5.0,0.21582234885179488,7.21044191389344
17603,183.0,35.0,0.0,35.0,3.0,0.06695124930527994,7.27739316319872
17604,183.0,36.0,0.0,36.0,5.0,0.07826673374384487,7.355659896942565
17605,183.0,37.0,0.0,37.0,1.0,0.29156994495680316,7.647229841899368
17606,183.0,38.0,0.0,38.0,1.0,0.5102676826124355,8.157497524511804
17607,183.0,39.0,0.0,39.0,1.0,0.11184940162260157,8.269346926134405
17608,183.0,40.0,0.0,40.0,4.0,0.04666036375174277,8.316007289886148
17609,183.0,41.0,0.0,41.0,0.0,0.04067335314553405,8.356680643031682
17610,183.0,42.0,0.0,42.0,1.0,0.24526319585689446,8.601943838888577
17611,183.0,43.0,0.0,43.0,2.0,0.038723990899334274,8.640667829787912
17612,183.0,44.0,0.0,44.0,1.0,0.5506933393432334,9.191361169131145
17613,183.0,45.0,0.0,45.0,1.0,0.11959474932936898,9.310955918460515
17614,183.0,46.0,0.0,46.0,1.0,0.09259758356345157,9.403553502023966
17615,183.0,47.0,0.0,47.0,3.0,0.08263274320301577,9.486186245226982
17616,183.0,48.0,0.0,48.0,4.0,0.20497945959324024,9.691165704820222
17617,183.0,49.0,0.0,49.0,1.0,0.3728753173739762,10.064041022194198
17618,183.0,50.0,0.0,50.0,1.0,0.5191650371090091,10.583206059303206
17619,183.0,51.0,0.0,51.0,1.0,0.4091289111380489,10.992334970441256
17620,183.0,52.0,0.0,52.0,1.0,0.5325149437924254,11.52484991423368
17621,183.0,53.0,0.0,53.0,1.0,0.0,11.52484991423368
17622,183.0,54.0,0.0,54.0,1.0,0.2975171656525792,11.82236707988626
17623,183.0,55.0,0.0,55.0,1.0,0.14690456218978679,11.969271642076047
17624,183.0,56.0,0.0,56.0,1.0,0.0,11.969271642076047
17625,183.0,57.0,0.0,57.0,5.0,0.3213104541310374,12.290582096207084
17626,183.0,58.0,0.0,58.0,5.0,0.09067390774368256,12.381256003950766
17627,183.0,59.0,0.0,59.0,4.0,0.42565478925164,12.806910793202405
17628,183.0,60.0,0.0,60.0,4.0,0.0,12.806910793202405
17629,183.0,61.0,0.0,61.0,1.0,0.1250648719057287,12.931975665108133
17630,183.0,62.0,0.0,62.0,3.0,0.3813698300550875,13.31334549516322
17631,183.0,63.0,0.0,63.0,3.0,0.0,13.31334549516322
17632,183.0,64.0,0.0,64.0,4.0,0.03512950138498507,13.348474996548205
17633,183.0,65.0,0.0,65.0,1.0,0.26917241091670174,13.617647407464908
17634,183.0,66.0,0.0,66.0,1.0,0.38990649885735673,14.007553906322265
17635,183.0,67.0,0.0,67.0,1.0,0.17515766824041448,14.18271157456268
17636,183.0,68.0,0.0,68.0,5.0,0.33067682826060296,14.513388402823283
17637,183.0,69.0,0.0,69.0,5.0,0.23571743285633687,14.74910583567962
17638,183.0,70.0,0.0,70.0,5.0,0.049917863914325566,14.799023699593945
17639,183.0,71.0,0.0,71.0,7.0,0.2963231527000224,15.095346852293968
17640,183.0,72.0,0.0,72.0,7.0,0.6946860763679339,15.790032928661901
17641,183.0,73.0,0.0,73.0,7.0,0.02758892282854971,15.81762185149045
17642,183.0,74.0,0.0,74.0,7.0,0.0,15.81762185149045
17643,183.0,75.0,0.0,75.0,7.0,0.0,15.81762185149045
17644,183.0,76.0,0.0,76.0,1.0,0.43077514535649875,16.24839699684695
17645,183.0,77.0,0.0,77.0,1.0,0.0930474388599168,16.341444435706865
17646,183.0,78.0,0.0,78.0,1.0,0.185681072301442,16.527125508008307
17647,183.0,79.0,0.0,79.0,2.0,0.20274467364983373,16.729870181658143
17648,183.0,80.0,0.0,80.0,6.0,0.45661860173922436,17.186488783397365
17649,183.0,81.0,0.0,81.0,6.0,0.1350995944228713,17.321588377820238
17650,183.0,82.0,0.0,82.0,6.0,0.2245370227069958,17.546125400527234
17651,183.0,83.0,0.0,83.0,6.0,0.15870422142553076,17.704829621952765
17652,183.0,84.0,0.0,84.0,6.0,0.18216968160881716,17.88699930356158
17653,183.0,85.0,0.0,85.0,1.0,0.0,17.88699930356158
17654,183.0,86.0,0.0,86.0,3.0,0.2794877389564897,18.16648704251807
17655,183.0,87.0,0.0,87.0,3.0,0.0,18.16648704251807
17656,183.0,88.0,0.0,88.0,0.0,0.12325565854824504,18.289742701066316
17657,183.0,89.0,0.0,89.0,6.0,0.4419319569723373,18.731674658038653
17658,183.0,90.0,0.0,90.0,6.0,0.4025312660474192,19.13420592408607
17659,183.0,91.0,0.0,91.0,6.0,0.0,19.13420592408607
17660,183.0,92.0,0.0,92.0,6.0,0.1938598477639666,19.32806577185004
17661,183.0,93.0,0.0,93.0,2.0,0.0,19.32806577185004
17662,183.0,94.0,0.0,94.0,4.0,0.0,19.32806577185004
17663,183.0,95.0,0.0,95.0,6.0,0.08569355050034418,19.413759322350383
17664,184.0,0.0,0.0,0.0,0.0,0.2090346472697647,0.2090346472697647
17665,184.0,1.0,0.0,1.0,1.0,0.22346138720261824,0.43249603447238294
17666,184.0,2.0,0.0,2.0,2.0,0.153056971216033,0.585553005688416
17667,184.0,3.0,0.0,3.0,3.0,0.0,0.585553005688416
17668,184.0,4.0,0.0,4.0,4.0,0.15027538281192757,0.7358283885003435
17669,184.0,5.0,0.0,5.0,5.0,0.3041591797941908,1.0399875682945343
17670,184.0,6.0,0.0,6.0,6.0,0.2624626141648409,1.3024501824593753
17671,184.0,7.0,0.0,7.0,7.0,0.0,1.3024501824593753
17672,184.0,8.0,0.0,8.0,5.0,0.25021711092646615,1.5526672933858414
17673,184.0,9.0,0.0,9.0,6.0,0.46120539576978026,2.0138726891556216
17674,184.0,10.0,0.0,10.0,1.0,0.1178259592096348,2.1316986483652562
17675,184.0,11.0,0.0,11.0,6.0,0.4832391209848758,2.614937769350132
17676,184.0,12.0,0.0,12.0,0.0,0.0,2.614937769350132
17677,184.0,13.0,0.0,13.0,6.0,0.25249491253368417,2.867432681883816
17678,184.0,14.0,0.0,14.0,2.0,0.21976599108420175,3.0871986729680176
17679,184.0,15.0,0.0,15.0,4.0,0.07493619689443067,3.1621348698624483
17680,184.0,16.0,0.0,16.0,5.0,0.03503381451770802,3.197168684380156
17681,184.0,17.0,0.0,17.0,6.0,0.3286820084901565,3.5258506928703124
17682,184.0,18.0,0.0,18.0,6.0,0.012116503352960235,3.537967196223273
17683,184.0,19.0,0.0,19.0,2.0,0.16196479063327046,3.6999319868565435
17684,184.0,20.0,0.0,20.0,1.0,0.0772841125499467,3.7772160994064903
17685,184.0,21.0,0.0,21.0,6.0,0.11636299692256234,3.8935790963290526
17686,184.0,22.0,0.0,22.0,3.0,0.6916736699244181,4.585252766253471
17687,184.0,23.0,0.0,23.0,3.0,0.5983165769124134,5.1835693431658845
17688,184.0,24.0,0.0,24.0,3.0,0.19564670942873996,5.379216052594624
17689,184.0,25.0,0.0,25.0,3.0,0.0,5.379216052594624
17690,184.0,26.0,0.0,26.0,3.0,0.350068861673392,5.729284914268016
17691,184.0,27.0,0.0,27.0,3.0,0.3124487689648274,6.041733683232843
17692,184.0,28.0,0.0,28.0,7.0,0.0,6.041733683232843
17693,184.0,29.0,0.0,29.0,3.0,0.47254251673467496,6.514276199967519
17694,184.0,30.0,0.0,30.0,3.0,0.00048590855662026,6.514762108524139
17695,184.0,31.0,0.0,31.0,5.0,0.0,6.514762108524139
17696,184.0,32.0,0.0,32.0,2.0,0.2641208848836428,6.778882993407782
17697,184.0,33.0,0.0,33.0,4.0,0.45159698088013056,7.2304799742879124
17698,184.0,34.0,0.0,34.0,4.0,0.10016360891352999,7.330643583201442
17699,184.0,35.0,0.0,35.0,6.0,0.351198302995685,7.681841886197127
17700,184.0,36.0,0.0,36.0,6.0,0.15870422142553076,7.840546107622657
17701,184.0,37.0,0.0,37.0,0.0,0.0,7.840546107622657
17702,184.0,38.0,0.0,38.0,3.0,0.0,7.840546107622657
17703,184.0,39.0,0.0,39.0,2.0,0.31838380442486014,8.158929912047517
17704,184.0,40.0,0.0,40.0,2.0,0.0,8.158929912047517
17705,184.0,41.0,0.0,41.0,4.0,0.28146556337815226,8.44039547542567
17706,184.0,42.0,0.0,42.0,6.0,0.5199951664423675,8.960390641868036
17707,184.0,43.0,0.0,43.0,6.0,0.3152014117071101,9.275592053575146
17708,184.0,44.0,0.0,44.0,6.0,0.08544920153663012,9.361041255111775
17709,184.0,45.0,0.0,45.0,4.0,0.07128856318987772,9.432329818301653
17710,184.0,46.0,0.0,46.0,1.0,0.0,9.432329818301653
17711,184.0,47.0,0.0,47.0,6.0,0.592467301916092,10.024797120217745
17712,184.0,48.0,0.0,48.0,6.0,0.08900059238186646,10.113797712599611
17713,184.0,49.0,0.0,49.0,6.0,0.4025312660474192,10.51632897864703
17714,184.0,50.0,0.0,50.0,6.0,0.060843244270408124,10.577172222917438
17715,184.0,51.0,0.0,51.0,3.0,0.5930123040989156,11.170184527016353
17716,184.0,52.0,0.0,52.0,3.0,0.108472937332383,11.278657464348736
17717,184.0,53.0,0.0,53.0,3.0,0.0,11.278657464348736
17718,184.0,54.0,0.0,54.0,6.0,0.06692797541129325,11.345585439760029
17719,184.0,55.0,0.0,55.0,5.0,0.049917863914325566,11.395503303674355
17720,184.0,56.0,0.0,56.0,3.0,0.24065638461266484,11.63615968828702
17721,184.0,57.0,0.0,57.0,4.0,0.3845164824990986,12.020676170786118
17722,184.0,58.0,0.0,58.0,4.0,0.31800611952542285,12.33868229031154
17723,184.0,59.0,0.0,59.0,4.0,0.1495593642703379,12.488241654581879
17724,184.0,60.0,0.0,60.0,2.0,0.032480183465739686,12.520721838047619
17725,184.0,61.0,0.0,61.0,6.0,0.05187143270467871,12.572593270752298
17726,184.0,62.0,0.0,62.0,3.0,0.12506065997339402,12.697653930725693
17727,184.0,63.0,0.0,63.0,4.0,0.619788147899107,13.3174420786248
17728,184.0,64.0,0.0,64.0,4.0,0.06308539271434067,13.38052747133914
17729,184.0,65.0,0.0,65.0,4.0,0.041223720141801624,13.421751191480942
17730,184.0,66.0,0.0,66.0,3.0,0.09565973087312887,13.51741092235407
17731,184.0,67.0,0.0,67.0,6.0,0.8206264844566112,14.338037406810681
17732,184.0,68.0,0.0,68.0,6.0,0.7074564648856323,15.045493871696314
17733,184.0,69.0,0.0,69.0,6.0,0.19275096950199988,15.238244841198314
17734,184.0,70.0,0.0,70.0,6.0,0.5064850022994652,15.74472984349778
17735,184.0,71.0,0.0,71.0,6.0,0.43814959519287755,16.18287943869066
17736,184.0,72.0,0.0,72.0,6.0,0.45154853925075483,16.634427977941414
17737,184.0,73.0,0.0,73.0,6.0,0.0,16.634427977941414
17738,184.0,74.0,0.0,74.0,6.0,0.36321665879061876,16.997644636732034
17739,184.0,75.0,0.0,75.0,6.0,0.18788376889070377,17.185528405622737
17740,184.0,76.0,0.0,76.0,6.0,0.09260082505258796,17.278129230675326
17741,184.0,77.0,0.0,77.0,6.0,0.45661860173922436,17.73474783241455
17742,184.0,78.0,0.0,78.0,6.0,0.07179891276627816,17.806546745180828
17743,184.0,79.0,0.0,79.0,6.0,0.38423498309596005,18.19078172827679
17744,184.0,80.0,0.0,80.0,6.0,0.2380098281042837,18.42879155638107
17745,184.0,81.0,0.0,81.0,6.0,0.36348110977950954,18.79227266616058
17746,184.0,82.0,0.0,82.0,6.0,0.1350995944228713,18.927372260583454
17747,184.0,83.0,0.0,83.0,6.0,0.5721185095518746,19.499490770135328
17748,184.0,84.0,0.0,84.0,6.0,0.012576657579367172,19.512067427714694
17749,184.0,85.0,0.0,85.0,6.0,0.45863258329410067,19.970700011008795
17750,184.0,86.0,0.0,86.0,6.0,0.38478252254705636,20.35548253355585
17751,184.0,87.0,0.0,87.0,6.0,0.08569355050034418,20.441176084056195
17752,184.0,88.0,0.0,88.0,6.0,0.5211461016164569,20.96232218567265
17753,184.0,89.0,0.0,89.0,6.0,0.09243667781140737,21.054758863484057
17754,184.0,90.0,0.0,90.0,6.0,0.2355975950006196,21.290356458484677
17755,184.0,91.0,0.0,91.0,6.0,0.10776919275082603,21.398125651235503
17756,184.0,92.0,0.0,92.0,4.0,0.0,21.398125651235503
17757,184.0,93.0,0.0,93.0,6.0,0.3116598759686686,21.709785527204172
17758,184.0,94.0,0.0,94.0,6.0,0.08473142129368774,21.79451694849786
17759,184.0,95.0,0.0,95.0,3.0,0.30727719064634834,22.10179413914421
17760,185.0,0.0,0.0,0.0,0.0,0.0,0.0
17761,185.0,1.0,0.0,1.0,1.0,0.3409891715042017,0.3409891715042017
17762,185.0,2.0,0.0,2.0,2.0,0.06114289961588151,0.4021320711200832
17763,185.0,3.0,0.0,3.0,3.0,0.03301525633795021,0.4351473274580334
17764,185.0,4.0,0.0,4.0,4.0,0.0,0.4351473274580334
17765,185.0,5.0,0.0,5.0,5.0,0.6427319227634976,1.0778792502215309
17766,185.0,6.0,0.0,6.0,6.0,0.5721185095518746,1.6499977597734055
17767,185.0,7.0,0.0,7.0,7.0,0.041228864090092084,1.6912266238634976
17768,185.0,8.0,0.0,8.0,5.0,0.0,1.6912266238634976
17769,185.0,9.0,0.0,9.0,6.0,0.05187143270467871,1.7430980565681764
17770,185.0,10.0,0.0,10.0,1.0,0.10131102734794921,1.8444090839161256
17771,185.0,11.0,0.0,11.0,5.0,0.22127064602955218,2.065679729945678
17772,185.0,12.0,0.0,12.0,6.0,0.09243667781140737,2.158116407757085
17773,185.0,13.0,0.0,13.0,5.0,0.12956159087489713,2.2876779986319824
17774,185.0,14.0,0.0,14.0,1.0,0.15694390699350397,2.4446219056254863
17775,185.0,15.0,0.0,15.0,2.0,0.0072074941480090105,2.4518293997734952
17776,185.0,16.0,0.0,16.0,7.0,0.0,2.4518293997734952
17777,185.0,17.0,0.0,17.0,3.0,0.10133948080521624,2.5531688805787116
17778,185.0,18.0,0.0,18.0,6.0,0.2091349837990253,2.7623038643777367
17779,185.0,19.0,0.0,19.0,0.0,0.21715257588084835,2.979456440258585
17780,185.0,20.0,0.0,20.0,4.0,0.15383977509268065,3.133296215351266
17781,185.0,21.0,0.0,21.0,5.0,0.3614743312712399,3.494770546622506
17782,185.0,22.0,0.0,22.0,5.0,0.25545532592559733,3.750225872548103
17783,185.0,23.0,0.0,23.0,1.0,0.11896244309851166,3.8691883156466145
17784,185.0,24.0,0.0,24.0,6.0,0.029858941276052695,3.899047256922667
17785,185.0,25.0,0.0,25.0,5.0,0.049917863914325566,3.9489651208369927
17786,185.0,26.0,0.0,26.0,0.0,0.0,3.9489651208369927
17787,185.0,27.0,0.0,27.0,4.0,0.3845164824990986,4.333481603336091
17788,185.0,28.0,0.0,28.0,4.0,0.3716799242424243,4.7051615275785155
17789,185.0,29.0,0.0,29.0,4.0,0.7468916268125877,5.452053154391103
17790,185.0,30.0,0.0,30.0,4.0,0.12114345880479456,5.573196613195897
17791,185.0,31.0,0.0,31.0,4.0,0.3541487541408539,5.927345367336751
17792,185.0,32.0,0.0,32.0,4.0,0.28973804014574706,6.217083407482498
17793,185.0,33.0,0.0,33.0,4.0,0.0,6.217083407482498
17794,185.0,34.0,0.0,34.0,4.0,0.181316232947323,6.398399640429821
17795,185.0,35.0,0.0,35.0,1.0,0.35164524988197277,6.750044890311793
17796,185.0,36.0,0.0,36.0,1.0,0.14690456218978679,6.8969494525015795
17797,185.0,37.0,0.0,37.0,5.0,0.4331310121324684,7.330080464634048
17798,185.0,38.0,0.0,38.0,5.0,0.05028223153043451,7.380362696164482
17799,185.0,39.0,0.0,39.0,3.0,0.0,7.380362696164482
17800,185.0,40.0,0.0,40.0,4.0,0.0,7.380362696164482
17801,185.0,41.0,0.0,41.0,6.0,0.7615432087357681,8.14190590490025
17802,185.0,42.0,0.0,42.0,6.0,0.4025312660474192,8.544437170947669
17803,185.0,43.0,0.0,43.0,6.0,0.19237477602684144,8.73681194697451
17804,185.0,44.0,0.0,44.0,6.0,0.18466604549596066,8.921477992470471
17805,185.0,45.0,0.0,45.0,6.0,0.08326994649709853,9.00474793896757
17806,185.0,46.0,0.0,46.0,6.0,0.23042860433100323,9.235176543298573
17807,185.0,47.0,0.0,47.0,1.0,0.39739577573671786,9.63257231903529
17808,185.0,48.0,0.0,48.0,1.0,0.0,9.63257231903529
17809,185.0,49.0,0.0,49.0,6.0,0.2030643176852566,9.835636636720547
17810,185.0,50.0,0.0,50.0,5.0,0.562081128391816,10.397717765112363
17811,185.0,51.0,0.0,51.0,5.0,0.13236637124382183,10.530084136356185
17812,185.0,52.0,0.0,52.0,5.0,0.25021711092646615,10.780301247282651
17813,185.0,53.0,0.0,53.0,5.0,0.13288998660895118,10.913191233891602
17814,185.0,54.0,0.0,54.0,6.0,0.40586275112066333,11.319053985012266
17815,185.0,55.0,0.0,55.0,6.0,0.04941931180611817,11.368473296818385
17816,185.0,56.0,0.0,56.0,2.0,0.043892043518105,11.412365340336489
17817,185.0,57.0,0.0,57.0,4.0,0.0,11.412365340336489
17818,185.0,58.0,0.0,58.0,5.0,0.00260008851080455,11.414965428847294
17819,185.0,59.0,0.0,59.0,6.0,0.15870422142553076,11.573669650272825
17820,185.0,60.0,0.0,60.0,1.0,0.8012578002674544,12.374927450540278
17821,185.0,61.0,0.0,61.0,1.0,0.5325149437924254,12.907442394332703
17822,185.0,62.0,0.0,62.0,1.0,0.3720624105248227,13.279504804857526
17823,185.0,63.0,0.0,63.0,1.0,0.22346138720261824,13.502966192060144
17824,185.0,64.0,0.0,64.0,1.0,0.11959474932936898,13.622560941389514
17825,185.0,65.0,0.0,65.0,1.0,0.0930474388599168,13.715608380249432
17826,185.0,66.0,0.0,66.0,1.0,0.09468128799662574,13.810289668246057
17827,185.0,67.0,0.0,67.0,1.0,0.1122698472049673,13.922559515451024
17828,185.0,68.0,0.0,68.0,7.0,0.14046681190174445,14.063026327352768
17829,185.0,69.0,0.0,69.0,1.0,0.06877401020269108,14.13180033755546
17830,185.0,70.0,0.0,70.0,6.0,0.5199951664423675,14.651795503997826
17831,185.0,71.0,0.0,71.0,6.0,0.754797882045112,15.406593386042939
17832,185.0,72.0,0.0,72.0,6.0,0.019802180604578484,15.426395566647518
17833,185.0,73.0,0.0,73.0,6.0,0.525530725813632,15.951926292461149
17834,185.0,74.0,0.0,74.0,6.0,0.7074564648856323,16.65938275734678
17835,185.0,75.0,0.0,75.0,6.0,0.002161454739645614,16.661544212086426
17836,185.0,76.0,0.0,76.0,6.0,0.8206264844566112,17.482170696543037
17837,185.0,77.0,0.0,77.0,6.0,0.456597589962221,17.93876828650526
17838,185.0,78.0,0.0,78.0,6.0,0.22700732154927955,18.16577560805454
17839,185.0,79.0,0.0,79.0,6.0,0.398606424860819,18.564382032915358
17840,185.0,80.0,0.0,80.0,6.0,0.709114106247022,19.27349613916238
17841,185.0,81.0,0.0,81.0,6.0,0.5048327715259897,19.77832891068837
17842,185.0,82.0,0.0,82.0,6.0,0.2380098281042837,20.01633873879265
17843,185.0,83.0,0.0,83.0,6.0,0.23958507229734452,20.255923811089996
17844,185.0,84.0,0.0,84.0,6.0,0.46120539576978026,20.717129206859777
17845,185.0,85.0,0.0,85.0,6.0,0.06692797541129325,20.78405718227107
17846,185.0,86.0,0.0,86.0,6.0,0.308924290481592,21.092981472752662
17847,185.0,87.0,0.0,87.0,6.0,0.060843244270408124,21.15382471702307
17848,185.0,88.0,0.0,88.0,6.0,0.2888924503251035,21.442717167348174
17849,185.0,89.0,0.0,89.0,6.0,0.3286820084901565,21.77139917583833
17850,185.0,90.0,0.0,90.0,6.0,0.41014276344445866,22.181541939282788
17851,185.0,91.0,0.0,91.0,6.0,0.08473142129368774,22.266273360576477
17852,185.0,92.0,0.0,92.0,6.0,0.1370475401392327,22.40332090071571
17853,185.0,93.0,0.0,93.0,6.0,0.46655973523908206,22.86988063595479
17854,185.0,94.0,0.0,94.0,6.0,0.12433874510598864,22.994219381060777
17855,185.0,95.0,0.0,95.0,6.0,0.1350995944228713,23.12931897548365
17856,186.0,0.0,0.0,0.0,0.0,0.0,0.0
17857,186.0,1.0,0.0,1.0,1.0,0.8012578002674544,0.8012578002674544
17858,186.0,2.0,0.0,2.0,2.0,0.047006242528397114,0.8482640427958515
17859,186.0,3.0,0.0,3.0,3.0,0.26702269374071647,1.115286736536568
17860,186.0,4.0,0.0,4.0,4.0,0.15383977509268065,1.2691265116292487
17861,186.0,5.0,0.0,5.0,5.0,0.3060716499089532,1.5751981615382018
17862,186.0,6.0,0.0,6.0,6.0,0.5609494988696637,2.1361476604078655
17863,186.0,7.0,0.0,7.0,7.0,0.4478551091326492,2.5840027695405148
17864,186.0,8.0,0.0,8.0,1.0,0.3728753173739762,2.956878086914491
17865,186.0,9.0,0.0,9.0,6.0,0.5398005436791784,3.496678630593669
17866,186.0,10.0,0.0,10.0,7.0,0.4763979432030655,3.9730765737967344
17867,186.0,11.0,0.0,11.0,1.0,0.15606839806007136,4.129144971856806
17868,186.0,12.0,0.0,12.0,6.0,0.18466604549596066,4.313811017352767
17869,186.0,13.0,0.0,13.0,7.0,0.11139279735658204,4.425203814709349
17870,186.0,14.0,0.0,14.0,5.0,0.0,4.425203814709349
17871,186.0,15.0,0.0,15.0,3.0,0.2794877389564897,4.704691553665838
17872,186.0,16.0,0.0,16.0,1.0,0.1122698472049673,4.816961400870805
17873,186.0,17.0,0.0,17.0,6.0,0.45661860173922436,5.2735800026100295
17874,186.0,18.0,0.0,18.0,6.0,0.02152766918353003,5.295107671793559
17875,186.0,19.0,0.0,19.0,4.0,0.5189731442966758,5.814080816090235
17876,186.0,20.0,0.0,20.0,4.0,0.024172346025505487,5.83825316211574
17877,186.0,21.0,0.0,21.0,7.0,0.12980887699241067,5.968062039108151
17878,186.0,22.0,0.0,22.0,3.0,0.1400797834114359,6.108141822519587
17879,186.0,23.0,0.0,23.0,1.0,0.2923975416172881,6.4005393641368755
17880,186.0,24.0,0.0,24.0,6.0,0.08569355050034418,6.4862329146372195
17881,186.0,25.0,0.0,25.0,1.0,0.32124548368694295,6.807478398324163
17882,186.0,26.0,0.0,26.0,2.0,0.0,6.807478398324163
17883,186.0,27.0,0.0,27.0,1.0,0.5325149437924254,7.339993342116588
17884,186.0,28.0,0.0,28.0,1.0,0.23376214866150832,7.573755490778097
17885,186.0,29.0,0.0,29.0,7.0,0.041228864090092084,7.614984354868189
17886,186.0,30.0,0.0,30.0,1.0,0.4208360768007997,8.035820431668988
17887,186.0,31.0,0.0,31.0,1.0,0.2977196118715112,8.333540043540498
17888,186.0,32.0,0.0,32.0,4.0,0.004890111547855993,8.338430155088355
17889,186.0,33.0,0.0,33.0,3.0,0.21444009859115623,8.552870253679512
17890,186.0,34.0,0.0,34.0,6.0,0.0,8.552870253679512
17891,186.0,35.0,0.0,35.0,1.0,0.0,8.552870253679512
17892,186.0,36.0,0.0,36.0,5.0,0.13288998660895118,8.685760240288463
17893,186.0,37.0,0.0,37.0,0.0,0.30193260026714136,8.987692840555605
17894,186.0,38.0,0.0,38.0,0.0,0.031745572507859386,9.019438413063463
17895,186.0,39.0,0.0,39.0,3.0,0.15771312543106009,9.177151538494524
17896,186.0,40.0,0.0,40.0,1.0,0.640526367398124,9.817677905892648
17897,186.0,41.0,0.0,41.0,1.0,0.0,9.817677905892648
17898,186.0,42.0,0.0,42.0,7.0,0.15961076329720134,9.97728866918985
17899,186.0,43.0,0.0,43.0,1.0,0.023156626925220768,10.000445296115071
17900,186.0,44.0,0.0,44.0,6.0,0.002161454739645614,10.002606750854717
17901,186.0,45.0,0.0,45.0,3.0,0.3885911041625654,10.391197855017282
17902,186.0,46.0,0.0,46.0,3.0,0.1800108644972652,10.571208719514548
17903,186.0,47.0,0.0,47.0,5.0,0.11740694843157064,10.688615667946118
17904,186.0,48.0,0.0,48.0,1.0,0.40114156826807473,11.089757236214194
17905,186.0,49.0,0.0,49.0,1.0,0.0766334705336081,11.166390706747801
17906,186.0,50.0,0.0,50.0,7.0,0.0,11.166390706747801
17907,186.0,51.0,0.0,51.0,4.0,0.3716799242424243,11.538070630990227
17908,186.0,52.0,0.0,52.0,4.0,0.0,11.538070630990227
17909,186.0,53.0,0.0,53.0,3.0,0.008668876753709993,11.546739507743936
17910,186.0,54.0,0.0,54.0,1.0,0.27119035406226066,11.817929861806197
17911,186.0,55.0,0.0,55.0,1.0,0.0,11.817929861806197
17912,186.0,56.0,0.0,56.0,6.0,0.470561563191029,12.288491424997227
17913,186.0,57.0,0.0,57.0,6.0,0.04941931180611817,12.337910736803346
17914,186.0,58.0,0.0,58.0,0.0,0.5485808382521186,12.886491575055464
17915,186.0,59.0,0.0,59.0,0.0,0.0,12.886491575055464
17916,186.0,60.0,0.0,60.0,0.0,0.0,12.886491575055464
17917,186.0,61.0,0.0,61.0,6.0,0.25249491253368417,13.138986487589149
17918,186.0,62.0,0.0,62.0,1.0,0.23702024352928716,13.376006731118435
17919,186.0,63.0,0.0,63.0,6.0,0.060843244270408124,13.436849975388844
17920,186.0,64.0,0.0,64.0,5.0,0.2305694971756699,13.667419472564514
17921,186.0,65.0,0.0,65.0,1.0,0.19166078110951457,13.85908025367403
17922,186.0,66.0,0.0,66.0,7.0,0.4573021530267772,14.316382406700807
17923,186.0,67.0,0.0,67.0,7.0,0.1578071467912929,14.4741895534921
17924,186.0,68.0,0.0,68.0,7.0,0.8098490283050879,15.284038581797187
17925,186.0,69.0,0.0,69.0,7.0,0.2908331151793469,15.574871696976533
17926,186.0,70.0,0.0,70.0,7.0,0.08463113415129656,15.65950283112783
17927,186.0,71.0,0.0,71.0,7.0,0.029232001322727855,15.688734832450557
17928,186.0,72.0,0.0,72.0,7.0,0.0739714121023839,15.762706244552941
17929,186.0,73.0,0.0,73.0,4.0,0.0,15.762706244552941
17930,186.0,74.0,0.0,74.0,3.0,0.12405932762911029,15.886765572182052
17931,186.0,75.0,0.0,75.0,5.0,0.040966979361581224,15.927732551543633
17932,186.0,76.0,0.0,76.0,1.0,0.5191650371090091,16.446897588652643
17933,186.0,77.0,0.0,77.0,1.0,0.09259758356345157,16.539495172216096
17934,186.0,78.0,0.0,78.0,1.0,0.0,16.539495172216096
17935,186.0,79.0,0.0,79.0,2.0,0.0009678536600830689,16.54046302587618
17936,186.0,80.0,0.0,80.0,6.0,0.5415728013366148,17.082035827212792
17937,186.0,81.0,0.0,81.0,6.0,0.012116503352960235,17.094152330565752
17938,186.0,82.0,0.0,82.0,7.0,0.09818265512943311,17.192334985695187
17939,186.0,83.0,0.0,83.0,6.0,0.12433874510598864,17.316673730801174
17940,186.0,84.0,0.0,84.0,1.0,0.43077514535649875,17.747448876157673
17941,186.0,85.0,0.0,85.0,1.0,0.11184940162260157,17.859298277780276
17942,186.0,86.0,0.0,86.0,3.0,0.07764731871057673,17.93694559649085
17943,186.0,87.0,0.0,87.0,1.0,0.01157769227695752,17.94852328876781
17944,186.0,88.0,0.0,88.0,7.0,0.0,17.94852328876781
17945,186.0,89.0,0.0,89.0,6.0,0.5199951664423675,18.468518455210177
17946,186.0,90.0,0.0,90.0,6.0,0.46120539576978026,18.929723850979958
17947,186.0,91.0,0.0,91.0,6.0,0.0,18.929723850979958
17948,186.0,92.0,0.0,92.0,6.0,0.456597589962221,19.38632144094218
17949,186.0,93.0,0.0,93.0,6.0,0.08473142129368774,19.47105286223587
17950,186.0,94.0,0.0,94.0,6.0,0.2690884433507071,19.740141305586576
17951,186.0,95.0,0.0,95.0,6.0,0.18216968160881716,19.92231098719539
17952,187.0,0.0,0.0,0.0,0.0,0.27268806162729475,0.27268806162729475
17953,187.0,1.0,0.0,1.0,1.0,0.18420213317850265,0.4568901948057974
17954,187.0,2.0,0.0,2.0,2.0,0.41746763913831586,0.8743578339441133
17955,187.0,3.0,0.0,3.0,3.0,0.19581372444038134,1.0701715583844946
17956,187.0,4.0,0.0,4.0,4.0,0.45969118074479987,1.5298627391292945
17957,187.0,5.0,0.0,5.0,5.0,0.2548228037622788,1.7846855428915733
17958,187.0,6.0,0.0,6.0,6.0,0.04396724673097683,1.8286527896225502
17959,187.0,7.0,0.0,7.0,7.0,0.15727691362384175,1.9859297032463918
17960,187.0,8.0,0.0,8.0,4.0,0.08483909213874269,2.0707687953851344
17961,187.0,9.0,0.0,9.0,2.0,0.0,2.0707687953851344
17962,187.0,10.0,0.0,10.0,0.0,0.48448669996828364,2.555255495353418
17963,187.0,11.0,0.0,11.0,5.0,0.5504746613797407,3.1057301567331588
17964,187.0,12.0,0.0,12.0,5.0,0.5289754288227388,3.6347055855558974
17965,187.0,13.0,0.0,13.0,5.0,0.0,3.6347055855558974
17966,187.0,14.0,0.0,14.0,0.0,0.0,3.6347055855558974
17967,187.0,15.0,0.0,15.0,3.0,0.05696293260850334,3.6916685181644007
17968,187.0,16.0,0.0,16.0,1.0,0.21643836357841792,3.9081068817428184
17969,187.0,17.0,0.0,17.0,7.0,0.45856256848509114,4.36666945022791
17970,187.0,18.0,0.0,18.0,7.0,0.09266762551682779,4.459337075744738
17971,187.0,19.0,0.0,19.0,4.0,0.07128856318987772,4.530625638934616
17972,187.0,20.0,0.0,20.0,5.0,0.31773180429062425,4.8483574432252405
17973,187.0,21.0,0.0,21.0,2.0,0.0,4.8483574432252405
17974,187.0,22.0,0.0,22.0,5.0,0.1189977910814536,4.9673552343066945
17975,187.0,23.0,0.0,23.0,1.0,0.025530299644546818,4.992885533951242
17976,187.0,24.0,0.0,24.0,6.0,0.2091349837990253,5.202020517750267
17977,187.0,25.0,0.0,25.0,0.0,0.0,5.202020517750267
17978,187.0,26.0,0.0,26.0,7.0,0.35893392020488385,5.560954437955151
17979,187.0,27.0,0.0,27.0,7.0,0.03880437980675808,5.599758817761909
17980,187.0,28.0,0.0,28.0,5.0,0.2899103974255209,5.88966921518743
17981,187.0,29.0,0.0,29.0,4.0,0.29965634577184486,6.189325560959275
17982,187.0,30.0,0.0,30.0,5.0,0.4083245810104282,6.597650141969703
17983,187.0,31.0,0.0,31.0,5.0,0.6074606983847354,7.205110840354439
17984,187.0,32.0,0.0,32.0,5.0,0.07525820400177534,7.280369044356214
17985,187.0,33.0,0.0,33.0,6.0,0.08569355050034418,7.366062594856558
17986,187.0,34.0,0.0,34.0,3.0,0.19564670942873996,7.561709304285298
17987,187.0,35.0,0.0,35.0,4.0,0.3815607206079411,7.943270024893239
17988,187.0,36.0,0.0,36.0,4.0,0.3482376111706019,8.291507636063841
17989,187.0,37.0,0.0,37.0,4.0,0.0,8.291507636063841
17990,187.0,38.0,0.0,38.0,5.0,0.008843280460235635,8.300350916524076
17991,187.0,39.0,0.0,39.0,7.0,0.4478551091326492,8.748206025656724
17992,187.0,40.0,0.0,40.0,7.0,0.2020575551425499,8.950263580799275
17993,187.0,41.0,0.0,41.0,7.0,0.4763979432030655,9.426661524002341
17994,187.0,42.0,0.0,42.0,7.0,0.6820921113526627,10.108753635355004
17995,187.0,43.0,0.0,43.0,7.0,0.3029126053848762,10.41166624073988
17996,187.0,44.0,0.0,44.0,7.0,0.0,10.41166624073988
17997,187.0,45.0,0.0,45.0,7.0,0.0,10.41166624073988
17998,187.0,46.0,0.0,46.0,0.0,0.049788940430507446,10.461455181170388
17999,187.0,47.0,0.0,47.0,3.0,0.31311875945201073,10.774573940622398
18000,187.0,48.0,0.0,48.0,3.0,0.5566120011411148,11.331185941763513
18001,187.0,49.0,0.0,49.0,3.0,0.00048590855662026,11.331671850320133
18002,187.0,50.0,0.0,50.0,5.0,0.0,11.331671850320133
18003,187.0,51.0,0.0,51.0,1.0,0.40114156826807473,11.732813418588208
18004,187.0,52.0,0.0,52.0,1.0,0.19166078110951457,11.924474199697723
18005,187.0,53.0,0.0,53.0,2.0,0.5537602076296071,12.47823440732733
18006,187.0,54.0,0.0,54.0,2.0,0.40364005699886474,12.881874464326195
18007,187.0,55.0,0.0,55.0,2.0,0.3981486247182143,13.280023089044409
18008,187.0,56.0,0.0,56.0,2.0,0.42591938102062793,13.705942470065038
18009,187.0,57.0,0.0,57.0,2.0,0.0009678536600830689,13.70691032372512
18010,187.0,58.0,0.0,58.0,2.0,0.31838380442486014,14.02529412814998
18011,187.0,59.0,0.0,59.0,2.0,0.44976625428900363,14.475060382438985
18012,187.0,60.0,0.0,60.0,2.0,0.0073944663165102,14.482454848755495
18013,187.0,61.0,0.0,61.0,1.0,0.23376214866150832,14.716216997417003
18014,187.0,62.0,0.0,62.0,4.0,0.2352620848249543,14.951479082241958
18015,187.0,63.0,0.0,63.0,3.0,0.15771312543106009,15.109192207673019
18016,187.0,64.0,0.0,64.0,2.0,0.4120778195142538,15.521270027187272
18017,187.0,65.0,0.0,65.0,2.0,0.482186826413389,16.00345685360066
18018,187.0,66.0,0.0,66.0,2.0,0.3004714236147025,16.303928277215363
18019,187.0,67.0,0.0,67.0,2.0,0.10287625647900679,16.40680453369437
18020,187.0,68.0,0.0,68.0,2.0,0.4915012396472239,16.898305773341594
18021,187.0,69.0,0.0,69.0,2.0,0.14808157325436302,17.046387346595957
18022,187.0,70.0,0.0,70.0,1.0,0.0772841125499467,17.123671459145903
18023,187.0,71.0,0.0,71.0,7.0,0.25759234324777713,17.38126380239368
18024,187.0,72.0,0.0,72.0,4.0,0.062174288129666674,17.443438090523347
18025,187.0,73.0,0.0,73.0,2.0,0.30371061480436934,17.747148705327717
18026,187.0,74.0,0.0,74.0,5.0,0.11740694843157064,17.86455565375929
18027,187.0,75.0,0.0,75.0,2.0,0.6213972006776474,18.48595285443694
18028,187.0,76.0,0.0,76.0,2.0,0.1670621200099897,18.65301497444693
18029,187.0,77.0,0.0,77.0,2.0,0.2992414906149762,18.952256465061904
18030,187.0,78.0,0.0,78.0,2.0,0.15868138789215788,19.110937852954063
18031,187.0,79.0,0.0,79.0,7.0,0.3523297046050333,19.463267557559096
18032,187.0,80.0,0.0,80.0,7.0,0.08845181773763568,19.55171937529673
18033,187.0,81.0,0.0,81.0,6.0,0.08544920153663012,19.63716857683336
18034,187.0,82.0,0.0,82.0,2.0,0.2641208848836428,19.901289461717003
18035,187.0,83.0,0.0,83.0,3.0,0.12846371562476425,20.029753177341767
18036,187.0,84.0,0.0,84.0,2.0,0.07046722414389026,20.100220401485657
18037,187.0,85.0,0.0,85.0,5.0,0.4299809133878022,20.53020131487346
18038,187.0,86.0,0.0,86.0,5.0,0.19914789524586868,20.729349210119327
18039,187.0,87.0,0.0,87.0,7.0,0.21001575520798305,20.93936496532731
18040,187.0,88.0,0.0,88.0,5.0,0.2248680210661569,21.16423298639347
18041,187.0,89.0,0.0,89.0,2.0,0.038723990899334274,21.202956977292803
18042,187.0,90.0,0.0,90.0,0.0,0.04556819691499105,21.248525174207796
18043,187.0,91.0,0.0,91.0,5.0,0.30212354745347314,21.55064872166127
18044,187.0,92.0,0.0,92.0,7.0,0.4259437601209804,21.976592481782248
18045,187.0,93.0,0.0,93.0,7.0,0.658941602314391,22.63553408409664
18046,187.0,94.0,0.0,94.0,7.0,0.26958034497069683,22.90511442906734
18047,187.0,95.0,0.0,95.0,7.0,0.02758892282854971,22.93270335189589
18048,188.0,0.0,0.0,0.0,0.0,0.0,0.0
18049,188.0,1.0,0.0,1.0,1.0,0.2107072265151842,0.2107072265151842
18050,188.0,2.0,0.0,2.0,2.0,0.1972278864460845,0.4079351129612687
18051,188.0,3.0,0.0,3.0,3.0,0.0,0.4079351129612687
18052,188.0,4.0,0.0,4.0,4.0,0.4202049514706216,0.8281400644318904
18053,188.0,5.0,0.0,5.0,5.0,0.43922493403029017,1.2673649984621806
18054,188.0,6.0,0.0,6.0,6.0,0.456597589962221,1.7239625884244016
18055,188.0,7.0,0.0,7.0,7.0,0.12476591514236375,1.8487285035667653
18056,188.0,8.0,0.0,8.0,6.0,0.592467301916092,2.4411958054828573
18057,188.0,9.0,0.0,9.0,5.0,0.4585537674797822,2.8997495729626395
18058,188.0,10.0,0.0,10.0,4.0,0.23110148611791392,3.1308510590805536
18059,188.0,11.0,0.0,11.0,6.0,0.3116598759686686,3.4425109350492225
18060,188.0,12.0,0.0,12.0,5.0,0.0,3.4425109350492225
18061,188.0,13.0,0.0,13.0,6.0,0.31122773400729964,3.753738669056522
18062,188.0,14.0,0.0,14.0,1.0,0.31376821855801423,4.067506887614536
18063,188.0,15.0,0.0,15.0,2.0,0.16196479063327046,4.229471678247807
18064,188.0,16.0,0.0,16.0,4.0,0.45969118074479987,4.689162858992606
18065,188.0,17.0,0.0,17.0,6.0,0.2358206865923345,4.924983545584941
18066,188.0,18.0,0.0,18.0,4.0,0.15383977509268065,5.078823320677621
18067,188.0,19.0,0.0,19.0,7.0,0.05537060155804675,5.134193922235668
18068,188.0,20.0,0.0,20.0,1.0,0.09271436829694825,5.2269082905326165
18069,188.0,21.0,0.0,21.0,6.0,0.18788376889070377,5.41479205942332
18070,188.0,22.0,0.0,22.0,5.0,0.5396395039110845,5.9544315633344045
18071,188.0,23.0,0.0,23.0,5.0,0.1988526429963335,6.153284206330738
18072,188.0,24.0,0.0,24.0,4.0,0.6166947510523849,6.769978957383122
18073,188.0,25.0,0.0,25.0,4.0,0.3378213837210231,7.107800341104145
18074,188.0,26.0,0.0,26.0,4.0,0.7468916268125877,7.854691967916732
18075,188.0,27.0,0.0,27.0,4.0,0.36899642420942863,8.223688392126162
18076,188.0,28.0,0.0,28.0,4.0,0.35410539327964946,8.577793785405811
18077,188.0,29.0,0.0,29.0,4.0,0.15261367299991715,8.730407458405729
18078,188.0,30.0,0.0,30.0,6.0,0.5211461016164569,9.251553560022186
18079,188.0,31.0,0.0,31.0,6.0,0.05187143270467871,9.303424992726866
18080,188.0,32.0,0.0,32.0,5.0,0.061655103827774414,9.36508009655464
18081,188.0,33.0,0.0,33.0,4.0,0.0,9.36508009655464
18082,188.0,34.0,0.0,34.0,2.0,0.0,9.36508009655464
18083,188.0,35.0,0.0,35.0,6.0,0.7074564648856323,10.072536561440273
18084,188.0,36.0,0.0,36.0,6.0,0.19237477602684144,10.264911337467115
18085,188.0,37.0,0.0,37.0,6.0,0.1370475401392327,10.401958877606347
18086,188.0,38.0,0.0,38.0,4.0,0.6273379479591693,11.029296825565517
18087,188.0,39.0,0.0,39.0,4.0,0.22645575073161234,11.255752576297128
18088,188.0,40.0,0.0,40.0,0.0,0.23944774434232982,11.495200320639459
18089,188.0,41.0,0.0,41.0,3.0,0.19564670942873996,11.690847030068198
18090,188.0,42.0,0.0,42.0,4.0,0.21617570620019438,11.907022736268393
18091,188.0,43.0,0.0,43.0,1.0,0.09259758356345157,11.999620319831845
18092,188.0,44.0,0.0,44.0,6.0,0.07179891276627816,12.071419232598123
18093,188.0,45.0,0.0,45.0,5.0,0.27855042756309173,12.349969660161214
18094,188.0,46.0,0.0,46.0,4.0,0.45159698088013056,12.801566641041346
18095,188.0,47.0,0.0,47.0,4.0,0.0,12.801566641041346
18096,188.0,48.0,0.0,48.0,0.0,0.1369825643388808,12.938549205380227
18097,188.0,49.0,0.0,49.0,5.0,0.15788754467582478,13.096436750056052
18098,188.0,50.0,0.0,50.0,4.0,0.6296318563139507,13.726068606370003
18099,188.0,51.0,0.0,51.0,4.0,0.3716799242424243,14.097748530612428
18100,188.0,52.0,0.0,52.0,4.0,0.07493619689443067,14.172684727506859
18101,188.0,53.0,0.0,53.0,6.0,0.754797882045112,14.927482609551971
18102,188.0,54.0,0.0,54.0,6.0,0.02152766918353003,14.949010278735502
18103,188.0,55.0,0.0,55.0,6.0,0.012116503352960235,14.961126782088462
18104,188.0,56.0,0.0,56.0,4.0,0.29965634577184486,15.260783127860307
18105,188.0,57.0,0.0,57.0,3.0,0.3394391447328553,15.600222272593163
18106,188.0,58.0,0.0,58.0,3.0,0.028731351967359188,15.628953624560522
18107,188.0,59.0,0.0,59.0,4.0,0.07465631834671323,15.703609942907235
18108,188.0,60.0,0.0,60.0,7.0,0.0,15.703609942907235
18109,188.0,61.0,0.0,61.0,5.0,0.05028223153043451,15.75389217443767
18110,188.0,62.0,0.0,62.0,4.0,0.42565478925164,16.17954696368931
18111,188.0,63.0,0.0,63.0,4.0,0.4262384419390214,16.605785405628332
18112,188.0,64.0,0.0,64.0,4.0,0.024172346025505487,16.629957751653837
18113,188.0,65.0,0.0,65.0,6.0,0.38423498309596005,17.0141927347498
18114,188.0,66.0,0.0,66.0,6.0,0.7615432087357681,17.775735943485568
18115,188.0,67.0,0.0,67.0,6.0,0.08326994649709853,17.859005889982665
18116,188.0,68.0,0.0,68.0,6.0,0.20751175649518033,18.066517646477845
18117,188.0,69.0,0.0,69.0,6.0,0.0,18.066517646477845
18118,188.0,70.0,0.0,70.0,1.0,0.7864352531193769,18.85295289959722
18119,188.0,71.0,0.0,71.0,1.0,0.19166078110951457,19.044613680706735
18120,188.0,72.0,0.0,72.0,1.0,0.44922488554479406,19.49383856625153
18121,188.0,73.0,0.0,73.0,1.0,0.17515766824041448,19.668996234491942
18122,188.0,74.0,0.0,74.0,1.0,0.05727556146362054,19.72627179595556
18123,188.0,75.0,0.0,75.0,1.0,0.236338495393307,19.96261029134887
18124,188.0,76.0,0.0,76.0,4.0,0.03512950138498507,19.997739792733856
18125,188.0,77.0,0.0,77.0,1.0,0.1252470864872485,20.122986879221106
18126,188.0,78.0,0.0,78.0,0.0,0.0,20.122986879221106
18127,188.0,79.0,0.0,79.0,6.0,0.39899739331314654,20.52198427253425
18128,188.0,80.0,0.0,80.0,6.0,0.11636299692256234,20.638347269456812
18129,188.0,81.0,0.0,81.0,5.0,0.13613113582277864,20.77447840527959
18130,188.0,82.0,0.0,82.0,4.0,0.0,20.77447840527959
18131,188.0,83.0,0.0,83.0,2.0,0.1588172883297803,20.93329569360937
18132,188.0,84.0,0.0,84.0,6.0,0.1938598477639666,21.127155541373337
18133,188.0,85.0,0.0,85.0,1.0,0.0,21.127155541373337
18134,188.0,86.0,0.0,86.0,6.0,0.2380098281042837,21.36516536947762
18135,188.0,87.0,0.0,87.0,4.0,0.13505835684833514,21.500223726325956
18136,188.0,88.0,0.0,88.0,6.0,0.08900059238186646,21.58922431870782
18137,188.0,89.0,0.0,89.0,3.0,0.15771312543106009,21.74693744413888
18138,188.0,90.0,0.0,90.0,5.0,0.31773180429062425,22.064669248429503
18139,188.0,91.0,0.0,91.0,5.0,0.0,22.064669248429503
18140,188.0,92.0,0.0,92.0,4.0,0.15027538281192757,22.21494463124143
18141,188.0,93.0,0.0,93.0,6.0,0.29928972735028064,22.51423435859171
18142,188.0,94.0,0.0,94.0,4.0,0.0,22.51423435859171
18143,188.0,95.0,0.0,95.0,6.0,0.18216968160881716,22.696404040200527
18144,189.0,0.0,0.0,0.0,0.0,0.14166395096102197,0.14166395096102197
18145,189.0,1.0,0.0,1.0,1.0,0.1250648719057287,0.2667288228667507
18146,189.0,2.0,0.0,2.0,2.0,0.025277121047566284,0.292005943914317
18147,189.0,3.0,0.0,3.0,3.0,0.0,0.292005943914317
18148,189.0,4.0,0.0,4.0,4.0,0.7468916268125877,1.0388975707269048
18149,189.0,5.0,0.0,5.0,5.0,0.16528919434875355,1.2041867650756584
18150,189.0,6.0,0.0,6.0,6.0,0.06692797541129325,1.2711147404869516
18151,189.0,7.0,0.0,7.0,7.0,0.031039358450981096,1.3021540989379328
18152,189.0,8.0,0.0,8.0,4.0,0.36899642420942863,1.6711505231473613
18153,189.0,9.0,0.0,9.0,4.0,0.0,1.6711505231473613
18154,189.0,10.0,0.0,10.0,5.0,0.2305694971756699,1.9017200203230313
18155,189.0,11.0,0.0,11.0,4.0,0.0,1.9017200203230313
18156,189.0,12.0,0.0,12.0,0.0,0.12685150903703096,2.0285715293600624
18157,189.0,13.0,0.0,13.0,1.0,0.8012578002674544,2.8298293296275165
18158,189.0,14.0,0.0,14.0,1.0,0.5325149437924254,3.362344273419942
18159,189.0,15.0,0.0,15.0,1.0,0.7864352531193769,4.148779526539319
18160,189.0,16.0,0.0,16.0,1.0,0.23895507602304034,4.387734602562359
18161,189.0,17.0,0.0,17.0,1.0,0.0766334705336081,4.464368073095967
18162,189.0,18.0,0.0,18.0,1.0,0.4208360768007997,4.885204149896767
18163,189.0,19.0,0.0,19.0,1.0,0.40114156826807473,5.286345718164841
18164,189.0,20.0,0.0,20.0,1.0,0.15606839806007136,5.442414116224913
18165,189.0,21.0,0.0,21.0,6.0,0.3045366457502025,5.746950761975115
18166,189.0,22.0,0.0,22.0,1.0,0.01157769227695752,5.7585284542520725
18167,189.0,23.0,0.0,23.0,5.0,0.027814322711726475,5.786342776963799
18168,189.0,24.0,0.0,24.0,6.0,0.22700732154927955,6.013350098513079
18169,189.0,25.0,0.0,25.0,7.0,0.0,6.013350098513079
18170,189.0,26.0,0.0,26.0,4.0,0.3815607206079411,6.394910819121019
18171,189.0,27.0,0.0,27.0,2.0,0.25637356125238836,6.651284380373408
18172,189.0,28.0,0.0,28.0,4.0,0.3505563668212525,7.00184074719466
18173,189.0,29.0,0.0,29.0,1.0,0.236338495393307,7.238179242587967
18174,189.0,30.0,0.0,30.0,4.0,0.03244158328874442,7.270620825876712
18175,189.0,31.0,0.0,31.0,3.0,0.12506065997339402,7.395681485850106
18176,189.0,32.0,0.0,32.0,1.0,0.27837232626576186,7.674053812115868
18177,189.0,33.0,0.0,33.0,2.0,0.20166360592346178,7.875717418039329
18178,189.0,34.0,0.0,34.0,6.0,0.19275096950199988,8.06846838754133
18179,189.0,35.0,0.0,35.0,0.0,0.0666793137692062,8.135147701310537
18180,189.0,36.0,0.0,36.0,1.0,0.15225671869257557,8.287404420003112
18181,189.0,37.0,0.0,37.0,1.0,0.31376821855801423,8.601172638561126
18182,189.0,38.0,0.0,38.0,4.0,0.16403310077668387,8.76520573933781
18183,189.0,39.0,0.0,39.0,1.0,0.11338444405026506,8.878590183388075
18184,189.0,40.0,0.0,40.0,2.0,0.03427022523850223,8.912860408626578
18185,189.0,41.0,0.0,41.0,6.0,0.7615432087357681,9.674403617362346
18186,189.0,42.0,0.0,42.0,6.0,0.0,9.674403617362346
18187,189.0,43.0,0.0,43.0,6.0,0.36321665879061876,10.037620276152964
18188,189.0,44.0,0.0,44.0,6.0,0.7377651793174987,10.775385455470463
18189,189.0,45.0,0.0,45.0,6.0,0.19237477602684144,10.967760231497305
18190,189.0,46.0,0.0,46.0,6.0,0.2676282183690528,11.235388449866358
18191,189.0,47.0,0.0,47.0,6.0,0.1440283701753274,11.379416820041685
18192,189.0,48.0,0.0,48.0,6.0,0.754797882045112,12.134214702086798
18193,189.0,49.0,0.0,49.0,6.0,0.5415728013366148,12.675787503423413
18194,189.0,50.0,0.0,50.0,6.0,0.4025312660474192,13.078318769470831
18195,189.0,51.0,0.0,51.0,6.0,0.9633601102069204,14.041678879677752
18196,189.0,52.0,0.0,52.0,6.0,0.4832391209848758,14.524918000662629
18197,189.0,53.0,0.0,53.0,6.0,0.04941931180611817,14.574337312468748
18198,189.0,54.0,0.0,54.0,6.0,0.5609494988696637,15.13528681133841
18199,189.0,55.0,0.0,55.0,6.0,0.40586275112066333,15.541149562459074
18200,189.0,56.0,0.0,56.0,6.0,0.10776919275082603,15.6489187552099
18201,189.0,57.0,0.0,57.0,6.0,0.5211461016164569,16.170064856826357
18202,189.0,58.0,0.0,58.0,6.0,0.0,16.170064856826357
18203,189.0,59.0,0.0,59.0,6.0,0.019802180604578484,16.189867037430936
18204,189.0,60.0,0.0,60.0,6.0,0.7074564648856323,16.897323502316567
18205,189.0,61.0,0.0,61.0,6.0,0.46120539576978026,17.358528898086348
18206,189.0,62.0,0.0,62.0,6.0,0.3152014117071101,17.67373030979346
18207,189.0,63.0,0.0,63.0,6.0,0.02152766918353003,17.69525797897699
18208,189.0,64.0,0.0,64.0,6.0,0.1370475401392327,17.832305519116222
18209,189.0,65.0,0.0,65.0,6.0,0.23958507229734452,18.071890591413567
18210,189.0,66.0,0.0,66.0,1.0,0.7343824664965894,18.806273057910158
18211,189.0,67.0,0.0,67.0,1.0,0.09468128799662574,18.900954345906783
18212,189.0,68.0,0.0,68.0,1.0,0.09843267325163044,18.999387019158412
18213,189.0,69.0,0.0,69.0,6.0,0.2358206865923345,19.235207705750746
18214,189.0,70.0,0.0,70.0,4.0,0.07465631834671323,19.309864024097458
18215,189.0,71.0,0.0,71.0,6.0,0.5198631933975867,19.829727217495044
18216,189.0,72.0,0.0,72.0,6.0,0.351198302995685,20.180925520490728
18217,189.0,73.0,0.0,73.0,6.0,0.8113111970305757,20.992236717521305
18218,189.0,74.0,0.0,74.0,6.0,0.1938598477639666,21.186096565285272
18219,189.0,75.0,0.0,75.0,6.0,0.0,21.186096565285272
18220,189.0,76.0,0.0,76.0,5.0,0.2548228037622788,21.44091936904755
18221,189.0,77.0,0.0,77.0,6.0,0.45863258329410067,21.89955195234165
18222,189.0,78.0,0.0,78.0,6.0,0.10821198863204971,22.0077639409737
18223,189.0,79.0,0.0,79.0,1.0,0.11896244309851166,22.12672638407221
18224,189.0,80.0,0.0,80.0,6.0,0.31122773400729964,22.43795411807951
18225,189.0,81.0,0.0,81.0,6.0,0.12433874510598864,22.562292863185498
18226,189.0,82.0,0.0,82.0,5.0,0.5289754288227388,23.091268292008237
18227,189.0,83.0,0.0,83.0,5.0,0.0488407511838819,23.14010904319212
18228,189.0,84.0,0.0,84.0,3.0,0.22459010399443233,23.364699147186553
18229,189.0,85.0,0.0,85.0,6.0,0.002161454739645614,23.3668606019262
18230,189.0,86.0,0.0,86.0,1.0,0.2977196118715112,23.66458021379771
18231,189.0,87.0,0.0,87.0,5.0,0.0,23.66458021379771
18232,189.0,88.0,0.0,88.0,1.0,0.15694390699350397,23.821524120791214
18233,189.0,89.0,0.0,89.0,6.0,0.20751175649518033,24.029035877286393
18234,189.0,90.0,0.0,90.0,3.0,0.5983165769124134,24.627352454198807
18235,189.0,91.0,0.0,91.0,3.0,0.042142145651259406,24.669494599850065
18236,189.0,92.0,0.0,92.0,3.0,0.0,24.669494599850065
18237,189.0,93.0,0.0,93.0,4.0,0.020723335122281958,24.690217934972345
18238,189.0,94.0,0.0,94.0,6.0,0.07179891276627816,24.762016847738625
18239,189.0,95.0,0.0,95.0,1.0,0.14690456218978679,24.90892140992841
18240,190.0,0.0,0.0,0.0,0.0,0.20745119701015383,0.20745119701015383
18241,190.0,1.0,0.0,1.0,1.0,0.14763267170963074,0.3550838687197846
18242,190.0,2.0,0.0,2.0,2.0,0.2064163726873327,0.5615002414071173
18243,190.0,3.0,0.0,3.0,3.0,0.13611159388976898,0.6976118352968863
18244,190.0,4.0,0.0,4.0,4.0,0.5189731442966758,1.2165849795935622
18245,190.0,5.0,0.0,5.0,5.0,0.43922493403029017,1.6558099136238522
18246,190.0,6.0,0.0,6.0,6.0,0.2690884433507071,1.9248983569745592
18247,190.0,7.0,0.0,7.0,7.0,0.45690301731070837,2.3818013742852675
18248,190.0,8.0,0.0,8.0,4.0,0.07465631834671323,2.4564576926319805
18249,190.0,9.0,0.0,9.0,7.0,0.3029126053848762,2.7593702980168566
18250,190.0,10.0,0.0,10.0,5.0,0.0,2.7593702980168566
18251,190.0,11.0,0.0,11.0,6.0,0.0,2.7593702980168566
18252,190.0,12.0,0.0,12.0,7.0,0.0,2.7593702980168566
18253,190.0,13.0,0.0,13.0,0.0,0.4680805035123675,3.227450801529224
18254,190.0,14.0,0.0,14.0,2.0,0.05386861899525439,3.2813194205244782
18255,190.0,15.0,0.0,15.0,0.0,0.18031182752271988,3.461631248047198
18256,190.0,16.0,0.0,16.0,4.0,0.0,3.461631248047198
18257,190.0,17.0,0.0,17.0,1.0,0.025530299644546818,3.487161547691745
18258,190.0,18.0,0.0,18.0,3.0,0.3530641579703023,3.8402257056620472
18259,190.0,19.0,0.0,19.0,3.0,0.04102795575974671,3.881253661421794
18260,190.0,20.0,0.0,20.0,0.0,0.2947614129510977,4.176015074372891
18261,190.0,21.0,0.0,21.0,5.0,0.26795080419067996,4.443965878563572
18262,190.0,22.0,0.0,22.0,7.0,0.14518903393281696,4.589154912496388
18263,190.0,23.0,0.0,23.0,0.0,0.09968082273709172,4.68883573523348
18264,190.0,24.0,0.0,24.0,5.0,0.023341935947433844,4.712177671180914
18265,190.0,25.0,0.0,25.0,6.0,0.3286820084901565,5.040859679671071
18266,190.0,26.0,0.0,26.0,6.0,0.0,5.040859679671071
18267,190.0,27.0,0.0,27.0,4.0,0.4262384419390214,5.467098121610092
18268,190.0,28.0,0.0,28.0,4.0,0.06660229217274866,5.5337004137828405
18269,190.0,29.0,0.0,29.0,2.0,0.0,5.5337004137828405
18270,190.0,30.0,0.0,30.0,7.0,0.4763979432030655,6.010098356985906
18271,190.0,31.0,0.0,31.0,7.0,0.0,6.010098356985906
18272,190.0,32.0,0.0,32.0,0.0,0.06806513547863605,6.078163492464542
18273,190.0,33.0,0.0,33.0,3.0,0.12506065997339402,6.203224152437936
18274,190.0,34.0,0.0,34.0,4.0,0.005519628586349254,6.208743781024285
18275,190.0,35.0,0.0,35.0,1.0,0.21643836357841792,6.4251821446027035
18276,190.0,36.0,0.0,36.0,7.0,0.03966389497905114,6.464846039581754
18277,190.0,37.0,0.0,37.0,5.0,0.2305694971756699,6.695415536757424
18278,190.0,38.0,0.0,38.0,0.0,0.47815931578689846,7.173574852544323
18279,190.0,39.0,0.0,39.0,0.0,0.1379763011203817,7.311551153664705
18280,190.0,40.0,0.0,40.0,0.0,0.0,7.311551153664705
18281,190.0,41.0,0.0,41.0,1.0,0.5459856231058668,7.857536776770571
18282,190.0,42.0,0.0,42.0,1.0,0.5102676826124355,8.367804459383006
18283,190.0,43.0,0.0,43.0,1.0,0.2336797832809992,8.601484242664005
18284,190.0,44.0,0.0,44.0,1.0,0.29885514167787697,8.900339384341882
18285,190.0,45.0,0.0,45.0,1.0,0.3728753173739762,9.273214701715858
18286,190.0,46.0,0.0,46.0,1.0,0.4978298030149915,9.771044504730849
18287,190.0,47.0,0.0,47.0,1.0,0.1250648719057287,9.896109376636577
18288,190.0,48.0,0.0,48.0,1.0,0.09767182935369328,9.99378120599027
18289,190.0,49.0,0.0,49.0,1.0,0.2107072265151842,10.204488432505455
18290,190.0,50.0,0.0,50.0,1.0,0.11959474932936898,10.324083181834824
18291,190.0,51.0,0.0,51.0,5.0,0.07695982053318112,10.401043002368006
18292,190.0,52.0,0.0,52.0,3.0,0.47254251673467496,10.873585519102681
18293,190.0,53.0,0.0,53.0,3.0,0.0,10.873585519102681
18294,190.0,54.0,0.0,54.0,1.0,0.11675306462359378,10.990338583726276
18295,190.0,55.0,0.0,55.0,6.0,0.0,10.990338583726276
18296,190.0,56.0,0.0,56.0,3.0,0.056484563299236415,11.046823147025512
18297,190.0,57.0,0.0,57.0,7.0,0.34149124243916545,11.388314389464677
18298,190.0,58.0,0.0,58.0,7.0,0.05537060155804675,11.443684991022723
18299,190.0,59.0,0.0,59.0,4.0,0.0,11.443684991022723
18300,190.0,60.0,0.0,60.0,1.0,0.185681072301442,11.629366063324165
18301,190.0,61.0,0.0,61.0,0.0,0.5344171398190677,12.163783203143232
18302,190.0,62.0,0.0,62.0,0.0,0.0,12.163783203143232
18303,190.0,63.0,0.0,63.0,5.0,0.38817062381795203,12.551953826961185
18304,190.0,64.0,0.0,64.0,5.0,0.5943235436047835,13.146277370565969
18305,190.0,65.0,0.0,65.0,5.0,0.03503381451770802,13.181311185083677
18306,190.0,66.0,0.0,66.0,5.0,0.16528919434875355,13.34660037943243
18307,190.0,67.0,0.0,67.0,5.0,0.0908247463196243,13.437425125752055
18308,190.0,68.0,0.0,68.0,1.0,0.4091289111380489,13.846554036890105
18309,190.0,69.0,0.0,69.0,1.0,0.32124548368694295,14.167799520577047
18310,190.0,70.0,0.0,70.0,1.0,0.11184940162260157,14.279648922199648
18311,190.0,71.0,0.0,71.0,2.0,0.0984534186733431,14.37810234087299
18312,190.0,72.0,0.0,72.0,0.0,0.0,14.37810234087299
18313,190.0,73.0,0.0,73.0,1.0,0.06877401020269108,14.446876351075682
18314,190.0,74.0,0.0,74.0,7.0,0.7375721814246866,15.184448532500369
18315,190.0,75.0,0.0,75.0,7.0,0.6859517409375426,15.870400273437912
18316,190.0,76.0,0.0,76.0,7.0,0.0,15.870400273437912
18317,190.0,77.0,0.0,77.0,7.0,0.029232001322727855,15.89963227476064
18318,190.0,78.0,0.0,78.0,7.0,0.4478551091326492,16.347487383893288
18319,190.0,79.0,0.0,79.0,7.0,0.08816257292987052,16.43564995682316
18320,190.0,80.0,0.0,80.0,7.0,0.2963231527000224,16.73197310952318
18321,190.0,81.0,0.0,81.0,7.0,0.4573021530267772,17.18927526254996
18322,190.0,82.0,0.0,82.0,7.0,0.26478666827767994,17.45406193082764
18323,190.0,83.0,0.0,83.0,7.0,0.0,17.45406193082764
18324,190.0,84.0,0.0,84.0,7.0,0.0512601046839897,17.50532203551163
18325,190.0,85.0,0.0,85.0,5.0,0.15886400702583056,17.66418604253746
18326,190.0,86.0,0.0,86.0,3.0,0.108472937332383,17.772658979869842
18327,190.0,87.0,0.0,87.0,1.0,0.0,17.772658979869842
18328,190.0,88.0,0.0,88.0,7.0,0.0,17.772658979869842
18329,190.0,89.0,0.0,89.0,5.0,0.061655103827774414,17.834314083697617
18330,190.0,90.0,0.0,90.0,0.0,0.16065957806136022,17.994973661758976
18331,190.0,91.0,0.0,91.0,4.0,0.10016360891352999,18.095137270672506
18332,190.0,92.0,0.0,92.0,6.0,0.2380098281042837,18.333147098776788
18333,190.0,93.0,0.0,93.0,6.0,0.46655973523908206,18.79970683401587
18334,190.0,94.0,0.0,94.0,6.0,0.0,18.79970683401587
18335,190.0,95.0,0.0,95.0,1.0,0.10131102734794921,18.90101786136382
18336,191.0,0.0,0.0,0.0,0.0,0.0,0.0
18337,191.0,1.0,0.0,1.0,1.0,0.0,0.0
18338,191.0,2.0,0.0,2.0,2.0,0.0,0.0
18339,191.0,3.0,0.0,3.0,3.0,0.3635186756069499,0.3635186756069499
18340,191.0,4.0,0.0,4.0,4.0,0.0,0.3635186756069499
18341,191.0,5.0,0.0,5.0,5.0,0.0,0.3635186756069499
18342,191.0,6.0,0.0,6.0,6.0,0.31122773400729964,0.6747464096142495
18343,191.0,7.0,0.0,7.0,7.0,0.658941602314391,1.3336880119286405
18344,191.0,8.0,0.0,8.0,7.0,0.314479252098775,1.6481672640274154
18345,191.0,9.0,0.0,9.0,3.0,0.3394391447328553,1.9876064087602707
18346,191.0,10.0,0.0,10.0,7.0,0.0512601046839897,2.0388665134442605
18347,191.0,11.0,0.0,11.0,6.0,0.308924290481592,2.3477908039258524
18348,191.0,12.0,0.0,12.0,3.0,0.48312616217283766,2.83091696609869
18349,191.0,13.0,0.0,13.0,3.0,0.12405932762911029,2.9549762937278006
18350,191.0,14.0,0.0,14.0,6.0,0.4419319569723373,3.396908250700138
18351,191.0,15.0,0.0,15.0,6.0,0.019802180604578484,3.416710431304716
18352,191.0,16.0,0.0,16.0,7.0,0.0,3.416710431304716
18353,191.0,17.0,0.0,17.0,3.0,0.3124487689648274,3.7291592002695433
18354,191.0,18.0,0.0,18.0,3.0,0.10133948080521624,3.8304986810747597
18355,191.0,19.0,0.0,19.0,6.0,0.002161454739645614,3.8326601358144052
18356,191.0,20.0,0.0,20.0,7.0,0.029232001322727855,3.8618921371371333
18357,191.0,21.0,0.0,21.0,0.0,0.23944774434232982,4.101339881479463
18358,191.0,22.0,0.0,22.0,1.0,0.39919928454817294,4.500539166027636
18359,191.0,23.0,0.0,23.0,1.0,0.19166078110951457,4.6921999471371505
18360,191.0,24.0,0.0,24.0,2.0,0.16196479063327046,4.854164737770421
18361,191.0,25.0,0.0,25.0,4.0,0.19670552128951685,5.050870259059938
18362,191.0,26.0,0.0,26.0,5.0,0.0,5.050870259059938
18363,191.0,27.0,0.0,27.0,3.0,0.0,5.050870259059938
18364,191.0,28.0,0.0,28.0,1.0,0.028670031367413643,5.079540290427351
18365,191.0,29.0,0.0,29.0,0.0,0.1369825643388808,5.216522854766232
18366,191.0,30.0,0.0,30.0,4.0,0.18805542412596601,5.404578278892198
18367,191.0,31.0,0.0,31.0,6.0,0.18216968160881716,5.5867479605010155
18368,191.0,32.0,0.0,32.0,3.0,0.056484563299236415,5.643232523800252
18369,191.0,33.0,0.0,33.0,2.0,0.05893971598014328,5.702172239780396
18370,191.0,34.0,0.0,34.0,7.0,0.05063330393183056,5.752805543712226
18371,191.0,35.0,0.0,35.0,4.0,0.5318065204421886,6.284612064154414
18372,191.0,36.0,0.0,36.0,4.0,0.8641538969732209,7.148765961127635
18373,191.0,37.0,0.0,37.0,4.0,0.06308539271434067,7.211851353841976
18374,191.0,38.0,0.0,38.0,4.0,0.0,7.211851353841976
18375,191.0,39.0,0.0,39.0,4.0,0.6296318563139507,7.841483210155927
18376,191.0,40.0,0.0,40.0,4.0,0.6166947510523849,8.458177961208312
18377,191.0,41.0,0.0,41.0,4.0,0.0,8.458177961208312
18378,191.0,42.0,0.0,42.0,4.0,0.2768550193866439,8.735032980594957
18379,191.0,43.0,0.0,43.0,4.0,0.04666036375174277,8.7816933443467
18380,191.0,44.0,0.0,44.0,4.0,0.23110148611791392,9.012794830464614
18381,191.0,45.0,0.0,45.0,4.0,0.22645575073161234,9.239250581196226
18382,191.0,46.0,0.0,46.0,6.0,0.19275096950199988,9.432001550698226
18383,191.0,47.0,0.0,47.0,0.0,0.0,9.432001550698226
18384,191.0,48.0,0.0,48.0,4.0,0.6273379479591693,10.059339498657396
18385,191.0,49.0,0.0,49.0,4.0,0.07151951990290359,10.1308590185603
18386,191.0,50.0,0.0,50.0,4.0,0.062174288129666674,10.193033306689966
18387,191.0,51.0,0.0,51.0,1.0,0.2977196118715112,10.490752918561476
18388,191.0,52.0,0.0,52.0,1.0,0.0772841125499467,10.568037031111423
18389,191.0,53.0,0.0,53.0,3.0,0.12261651967535435,10.690653550786777
18390,191.0,54.0,0.0,54.0,6.0,0.23042860433100323,10.92108215511778
18391,191.0,55.0,0.0,55.0,4.0,0.0,10.92108215511778
18392,191.0,56.0,0.0,56.0,7.0,0.21288313045197185,11.133965285569753
18393,191.0,57.0,0.0,57.0,6.0,0.04941931180611817,11.183384597375872
18394,191.0,58.0,0.0,58.0,3.0,0.0747189184831523,11.258103515859023
18395,191.0,59.0,0.0,59.0,7.0,0.1578071467912929,11.415910662650315
18396,191.0,60.0,0.0,60.0,4.0,0.03244158328874442,11.44835224593906
18397,191.0,61.0,0.0,61.0,1.0,0.04317602104936086,11.49152826698842
18398,191.0,62.0,0.0,62.0,2.0,0.1670621200099897,11.658590386998409
18399,191.0,63.0,0.0,63.0,7.0,0.2075341574424337,11.866124544440842
18400,191.0,64.0,0.0,64.0,4.0,0.05778005683271747,11.92390460127356
18401,191.0,65.0,0.0,65.0,6.0,0.04396724673097683,11.967871848004537
18402,191.0,66.0,0.0,66.0,3.0,0.108472937332383,12.07634478533692
18403,191.0,67.0,0.0,67.0,7.0,0.0,12.07634478533692
18404,191.0,68.0,0.0,68.0,5.0,0.040966979361581224,12.117311764698501
18405,191.0,69.0,0.0,69.0,4.0,0.13505835684833514,12.252370121546836
18406,191.0,70.0,0.0,70.0,2.0,0.2697227342029752,12.522092855749811
18407,191.0,71.0,0.0,71.0,2.0,0.38831574574861955,12.91040860149843
18408,191.0,72.0,0.0,72.0,2.0,0.26727365674660486,13.177682258245035
18409,191.0,73.0,0.0,73.0,2.0,0.14626881783373236,13.323951076078767
18410,191.0,74.0,0.0,74.0,2.0,0.2992414906149762,13.623192566693744
18411,191.0,75.0,0.0,75.0,2.0,0.04195847045540713,13.665151037149151
18412,191.0,76.0,0.0,76.0,0.0,0.18032739676781326,13.845478433916965
18413,191.0,77.0,0.0,77.0,4.0,0.6630452028905913,14.508523636807556
18414,191.0,78.0,0.0,78.0,4.0,0.41110112443122054,14.919624761238778
18415,191.0,79.0,0.0,79.0,4.0,0.16518765184318784,15.084812413081966
18416,191.0,80.0,0.0,80.0,4.0,0.14305431294694723,15.227866726028914
18417,191.0,81.0,0.0,81.0,4.0,0.35306467064568264,15.580931396674597
18418,191.0,82.0,0.0,82.0,4.0,0.181316232947323,15.76224762962192
18419,191.0,83.0,0.0,83.0,4.0,0.0,15.76224762962192
18420,191.0,84.0,0.0,84.0,3.0,0.0,15.76224762962192
18421,191.0,85.0,0.0,85.0,2.0,0.04961298748480245,15.811860617106722
18422,191.0,86.0,0.0,86.0,1.0,0.14996651879064163,15.961827135897364
18423,191.0,87.0,0.0,87.0,4.0,0.3505563668212525,16.312383502718617
18424,191.0,88.0,0.0,88.0,4.0,0.4269573308108327,16.73934083352945
18425,191.0,89.0,0.0,89.0,4.0,0.3815607206079411,17.12090155413739
18426,191.0,90.0,0.0,90.0,4.0,0.3482376111706019,17.469139165307993
18427,191.0,91.0,0.0,91.0,4.0,0.45159698088013056,17.920736146188123
18428,191.0,92.0,0.0,92.0,4.0,0.6928212275644872,18.61355737375261
18429,191.0,93.0,0.0,93.0,4.0,0.0702652958566233,18.68382266960923
18430,191.0,94.0,0.0,94.0,4.0,0.01616105790717103,18.699983727516404
18431,191.0,95.0,0.0,95.0,4.0,0.1365648802244922,18.836548607740895
18432,192.0,0.0,0.0,0.0,0.0,0.14166395096102197,0.14166395096102197
18433,192.0,1.0,0.0,1.0,1.0,0.19166078110951457,0.33332473207053653
18434,192.0,2.0,0.0,2.0,2.0,0.038723990899334274,0.3720487229698708
18435,192.0,3.0,0.0,3.0,3.0,0.31311875945201073,0.6851674824218815
18436,192.0,4.0,0.0,4.0,4.0,0.041223720141801624,0.7263912025636832
18437,192.0,5.0,0.0,5.0,5.0,0.4585537674797822,1.1849449700434653
18438,192.0,6.0,0.0,6.0,6.0,0.525530725813632,1.7104756958570975
18439,192.0,7.0,0.0,7.0,7.0,0.658941602314391,2.3694172981714887
18440,192.0,8.0,0.0,8.0,7.0,0.0,2.3694172981714887
18441,192.0,9.0,0.0,9.0,6.0,0.0,2.3694172981714887
18442,192.0,10.0,0.0,10.0,5.0,0.02856175595510002,2.397979054126589
18443,192.0,11.0,0.0,11.0,3.0,0.030472832457272593,2.4284518865838614
18444,192.0,12.0,0.0,12.0,1.0,0.06877401020269108,2.4972258967865524
18445,192.0,13.0,0.0,13.0,7.0,0.05537060155804675,2.5525964983445992
18446,192.0,14.0,0.0,14.0,0.0,0.0766001135159025,2.6291966118605017
18447,192.0,15.0,0.0,15.0,6.0,0.029858941276052695,2.6590555531365543
18448,192.0,16.0,0.0,16.0,5.0,0.562081128391816,3.22113668152837
18449,192.0,17.0,0.0,17.0,5.0,0.4299809133878022,3.6511175949161725
18450,192.0,18.0,0.0,18.0,5.0,0.13613113582277864,3.787248730738951
18451,192.0,19.0,0.0,19.0,5.0,0.0,3.787248730738951
18452,192.0,20.0,0.0,20.0,4.0,0.15383977509268065,3.941088505831632
18453,192.0,21.0,0.0,21.0,2.0,0.482186826413389,4.423275332245021
18454,192.0,22.0,0.0,22.0,2.0,0.4604115321070168,4.883686864352038
18455,192.0,23.0,0.0,23.0,2.0,0.1113616455486472,4.995048509900685
18456,192.0,24.0,0.0,24.0,7.0,0.02758892282854971,5.022637432729234
18457,192.0,25.0,0.0,25.0,3.0,0.042142145651259406,5.064779578380493
18458,192.0,26.0,0.0,26.0,2.0,0.3746667969555425,5.439446375336036
18459,192.0,27.0,0.0,27.0,2.0,0.043892043518105,5.483338418854141
18460,192.0,28.0,0.0,28.0,1.0,0.5325149437924254,6.015853362646567
18461,192.0,29.0,0.0,29.0,1.0,0.29156994495680316,6.30742330760337
18462,192.0,30.0,0.0,30.0,1.0,0.01157769227695752,6.319000999880328
18463,192.0,31.0,0.0,31.0,6.0,0.12433874510598864,6.443339744986316
18464,192.0,32.0,0.0,32.0,5.0,0.12956159087489713,6.572901335861213
18465,192.0,33.0,0.0,33.0,0.0,0.33003064520520264,6.902931981066416
18466,192.0,34.0,0.0,34.0,0.0,0.0,6.902931981066416
18467,192.0,35.0,0.0,35.0,2.0,0.30371061480436934,7.206642595870786
18468,192.0,36.0,0.0,36.0,4.0,0.10016360891352999,7.306806204784316
18469,192.0,37.0,0.0,37.0,2.0,0.31838380442486014,7.625190009209176
18470,192.0,38.0,0.0,38.0,2.0,0.26727365674660486,7.8924636659557805
18471,192.0,39.0,0.0,39.0,1.0,0.640526367398124,8.532990033353904
18472,192.0,40.0,0.0,40.0,1.0,0.14996651879064163,8.682956552144546
18473,192.0,41.0,0.0,41.0,1.0,0.0766334705336081,8.759590022678154
18474,192.0,42.0,0.0,42.0,5.0,0.07377049642032883,8.833360519098482
18475,192.0,43.0,0.0,43.0,7.0,0.0,8.833360519098482
18476,192.0,44.0,0.0,44.0,2.0,0.27508209868767286,9.108442617786155
18477,192.0,45.0,0.0,45.0,2.0,0.2732812363944383,9.381723854180594
18478,192.0,46.0,0.0,46.0,1.0,0.14300684882151335,9.524730703002108
18479,192.0,47.0,0.0,47.0,6.0,0.4025312660474192,9.927261969049527
18480,192.0,48.0,0.0,48.0,6.0,0.0,9.927261969049527
18481,192.0,49.0,0.0,49.0,2.0,0.0,9.927261969049527
18482,192.0,50.0,0.0,50.0,3.0,0.05696293260850334,9.98422490165803
18483,192.0,51.0,0.0,51.0,5.0,0.13236637124382183,10.116591272901852
18484,192.0,52.0,0.0,52.0,1.0,0.29885514167787697,10.415446414579728
18485,192.0,53.0,0.0,53.0,1.0,0.0772841125499467,10.492730527129675
18486,192.0,54.0,0.0,54.0,2.0,0.21976599108420175,10.712496518213877
18487,192.0,55.0,0.0,55.0,4.0,0.0,10.712496518213877
18488,192.0,56.0,0.0,56.0,0.0,0.20745119701015383,10.919947715224032
18489,192.0,57.0,0.0,57.0,6.0,0.5609494988696637,11.480897214093694
18490,192.0,58.0,0.0,58.0,6.0,0.456597589962221,11.937494804055916
18491,192.0,59.0,0.0,59.0,6.0,0.38423498309596005,12.321729787151876
18492,192.0,60.0,0.0,60.0,6.0,0.02152766918353003,12.343257456335406
18493,192.0,61.0,0.0,61.0,6.0,0.8113111970305757,13.154568653365981
18494,192.0,62.0,0.0,62.0,6.0,0.012576657579367172,13.16714531094535
18495,192.0,63.0,0.0,63.0,6.0,0.528994261355651,13.696139572301
18496,192.0,64.0,0.0,64.0,6.0,0.9633601102069204,14.65949968250792
18497,192.0,65.0,0.0,65.0,6.0,0.10821198863204971,14.76771167113997
18498,192.0,66.0,0.0,66.0,6.0,0.22700732154927955,14.99471899268925
18499,192.0,67.0,0.0,67.0,6.0,0.592467301916092,15.587186294605342
18500,192.0,68.0,0.0,68.0,6.0,0.46621206372626145,16.053398358331602
18501,192.0,69.0,0.0,69.0,6.0,0.2358206865923345,16.289219044923936
18502,192.0,70.0,0.0,70.0,6.0,0.1440283701753274,16.433247415099263
18503,192.0,71.0,0.0,71.0,6.0,0.0206337541478017,16.453881169247065
18504,192.0,72.0,0.0,72.0,6.0,0.25249491253368417,16.70637608178075
18505,192.0,73.0,0.0,73.0,6.0,0.36321665879061876,17.06959274057137
18506,192.0,74.0,0.0,74.0,6.0,0.2245370227069958,17.294129763278367
18507,192.0,75.0,0.0,75.0,6.0,0.20104993189686238,17.495179695175228
18508,192.0,76.0,0.0,76.0,6.0,0.43814959519287755,17.933329290368107
18509,192.0,77.0,0.0,77.0,6.0,0.19237477602684144,18.12570406639495
18510,192.0,78.0,0.0,78.0,6.0,0.18216968160881716,18.307873748003765
18511,192.0,79.0,0.0,79.0,6.0,0.2355975950006196,18.543471343004384
18512,192.0,80.0,0.0,80.0,6.0,0.3286820084901565,18.87215335149454
18513,192.0,81.0,0.0,81.0,6.0,0.10776919275082603,18.979922544245365
18514,192.0,82.0,0.0,82.0,6.0,0.46655973523908206,19.446482279484446
18515,192.0,83.0,0.0,83.0,6.0,0.08900059238186646,19.53548287186631
18516,192.0,84.0,0.0,84.0,5.0,0.5943235436047835,20.129806415471094
18517,192.0,85.0,0.0,85.0,5.0,0.13548217890407577,20.26528859437517
18518,192.0,86.0,0.0,86.0,5.0,0.0,20.26528859437517
18519,192.0,87.0,0.0,87.0,2.0,0.4915012396472239,20.756789834022396
18520,192.0,88.0,0.0,88.0,2.0,0.3195571986524608,21.076347032674857
18521,192.0,89.0,0.0,89.0,2.0,0.2992414906149762,21.37558852328983
18522,192.0,90.0,0.0,90.0,2.0,0.08113905787797616,21.456727581167808
18523,192.0,91.0,0.0,91.0,6.0,0.12662947121033713,21.583357052378144
18524,192.0,92.0,0.0,92.0,2.0,0.14808157325436302,21.731438625632507
18525,192.0,93.0,0.0,93.0,1.0,0.0,21.731438625632507
18526,192.0,94.0,0.0,94.0,0.0,0.05684979826683998,21.788288423899346
18527,192.0,95.0,0.0,95.0,6.0,0.0,21.788288423899346
18528,193.0,0.0,0.0,0.0,0.0,0.0,0.0
18529,193.0,1.0,0.0,1.0,1.0,0.1252470864872485,0.1252470864872485
18530,193.0,2.0,0.0,2.0,2.0,0.38831574574861955,0.5135628322358681
18531,193.0,3.0,0.0,3.0,3.0,0.0,0.5135628322358681
18532,193.0,4.0,0.0,4.0,4.0,0.21617570620019438,0.7297385384360624
18533,193.0,5.0,0.0,5.0,5.0,0.040966979361581224,0.7707055177976436
18534,193.0,6.0,0.0,6.0,6.0,0.08544920153663012,0.8561547193342738
18535,193.0,7.0,0.0,7.0,7.0,0.08845181773763568,0.9446065370719094
18536,193.0,8.0,0.0,8.0,2.0,0.5537602076296071,1.4983667447015165
18537,193.0,9.0,0.0,9.0,2.0,0.289774682159023,1.7881414268605396
18538,193.0,10.0,0.0,10.0,4.0,0.2459794118468931,2.0341208387074325
18539,193.0,11.0,0.0,11.0,2.0,0.2641208848836428,2.2982417235910755
18540,193.0,12.0,0.0,12.0,1.0,0.2923975416172881,2.5906392652083636
18541,193.0,13.0,0.0,13.0,2.0,0.27508209868767286,2.8657213638960366
18542,193.0,14.0,0.0,14.0,7.0,0.0,2.8657213638960366
18543,193.0,15.0,0.0,15.0,6.0,0.4832391209848758,3.3489604848809122
18544,193.0,16.0,0.0,16.0,6.0,0.0,3.3489604848809122
18545,193.0,17.0,0.0,17.0,4.0,0.03244158328874442,3.3814020681696566
18546,193.0,18.0,0.0,18.0,2.0,0.0,3.3814020681696566
18547,193.0,19.0,0.0,19.0,1.0,0.29471142430324837,3.676113492472905
18548,193.0,20.0,0.0,20.0,5.0,0.5943235436047835,4.270437036077689
18549,193.0,21.0,0.0,21.0,5.0,0.30212354745347314,4.572560583531162
18550,193.0,22.0,0.0,22.0,5.0,0.1271290746976771,4.69968965822884
18551,193.0,23.0,0.0,23.0,1.0,0.625716871682588,5.325406529911428
18552,193.0,24.0,0.0,24.0,1.0,0.39051636555348407,5.715922895464912
18553,193.0,25.0,0.0,25.0,1.0,0.3461068524360502,6.062029747900962
18554,193.0,26.0,0.0,26.0,1.0,0.15694390699350397,6.218973654894467
18555,193.0,27.0,0.0,27.0,5.0,0.0,6.218973654894467
18556,193.0,28.0,0.0,28.0,1.0,0.35845450021337216,6.577428155107839
18557,193.0,29.0,0.0,29.0,1.0,0.0,6.577428155107839
18558,193.0,30.0,0.0,30.0,0.0,0.3052502660187513,6.88267842112659
18559,193.0,31.0,0.0,31.0,0.0,0.0,6.88267842112659
18560,193.0,32.0,0.0,32.0,3.0,0.0747189184831523,6.957397339609742
18561,193.0,33.0,0.0,33.0,2.0,0.0,6.957397339609742
18562,193.0,34.0,0.0,34.0,6.0,0.19275096950199988,7.150148309111742
18563,193.0,35.0,0.0,35.0,1.0,0.0930474388599168,7.243195747971659
18564,193.0,36.0,0.0,36.0,4.0,0.0,7.243195747971659
18565,193.0,37.0,0.0,37.0,2.0,0.05386861899525439,7.2970643669669135
18566,193.0,38.0,0.0,38.0,6.0,0.525530725813632,7.822595092780546
18567,193.0,39.0,0.0,39.0,6.0,0.18216968160881716,8.004764774389363
18568,193.0,40.0,0.0,40.0,6.0,0.7377651793174987,8.742529953706862
18569,193.0,41.0,0.0,41.0,6.0,0.6681191236917254,9.410649077398588
18570,193.0,42.0,0.0,42.0,6.0,0.45661860173922436,9.867267679137813
18571,193.0,43.0,0.0,43.0,6.0,0.2030643176852566,10.07033199682307
18572,193.0,44.0,0.0,44.0,6.0,0.46621206372626145,10.536544060549332
18573,193.0,45.0,0.0,45.0,6.0,0.2091349837990253,10.745679044348357
18574,193.0,46.0,0.0,46.0,6.0,0.12662947121033713,10.872308515558695
18575,193.0,47.0,0.0,47.0,6.0,0.528994261355651,11.401302776914346
18576,193.0,48.0,0.0,48.0,6.0,0.012116503352960235,11.413419280267306
18577,193.0,49.0,0.0,49.0,6.0,0.4419319569723373,11.855351237239644
18578,193.0,50.0,0.0,50.0,6.0,0.2355975950006196,12.090948832240263
18579,193.0,51.0,0.0,51.0,6.0,0.5415728013366148,12.632521633576879
18580,193.0,52.0,0.0,52.0,6.0,0.7615432087357681,13.394064842312646
18581,193.0,53.0,0.0,53.0,6.0,0.030996621679545998,13.425061463992192
18582,193.0,54.0,0.0,54.0,6.0,0.2245370227069958,13.649598486699187
18583,193.0,55.0,0.0,55.0,6.0,0.2888924503251035,13.93849093702429
18584,193.0,56.0,0.0,56.0,6.0,0.15948567313383155,14.097976610158122
18585,193.0,57.0,0.0,57.0,5.0,0.16528919434875355,14.263265804506876
18586,193.0,58.0,0.0,58.0,6.0,0.40586275112066333,14.66912855562754
18587,193.0,59.0,0.0,59.0,6.0,0.5398005436791784,15.208929099306717
18588,193.0,60.0,0.0,60.0,6.0,0.07179891276627816,15.280728012072995
18589,193.0,61.0,0.0,61.0,6.0,0.15870422142553076,15.439432233498525
18590,193.0,62.0,0.0,62.0,1.0,0.0,15.439432233498525
18591,193.0,63.0,0.0,63.0,6.0,0.22700732154927955,15.666439555047805
18592,193.0,64.0,0.0,64.0,6.0,0.06692797541129325,15.733367530459098
18593,193.0,65.0,0.0,65.0,5.0,0.05296194787752387,15.786329478336622
18594,193.0,66.0,0.0,66.0,2.0,0.2697227342029752,16.056052212539598
18595,193.0,67.0,0.0,67.0,6.0,0.3045366457502025,16.360588858289802
18596,193.0,68.0,0.0,68.0,6.0,0.709114106247022,17.069702964536823
18597,193.0,69.0,0.0,69.0,6.0,0.0,17.069702964536823
18598,193.0,70.0,0.0,70.0,6.0,0.14053761898862807,17.21024058352545
18599,193.0,71.0,0.0,71.0,2.0,0.1656307552320488,17.3758713387575
18600,193.0,72.0,0.0,72.0,7.0,0.5091692201750498,17.88504055893255
18601,193.0,73.0,0.0,73.0,7.0,0.02758892282854971,17.912629481761098
18602,193.0,74.0,0.0,74.0,7.0,0.0512601046839897,17.963889586445088
18603,193.0,75.0,0.0,75.0,6.0,0.1350995944228713,18.09898918086796
18604,193.0,76.0,0.0,76.0,1.0,0.15225671869257557,18.251245899560537
18605,193.0,77.0,0.0,77.0,3.0,0.3437000409382609,18.594945940498796
18606,193.0,78.0,0.0,78.0,3.0,0.3635186756069499,18.958464616105747
18607,193.0,79.0,0.0,79.0,3.0,0.08066953314049238,19.03913414924624
18608,193.0,80.0,0.0,80.0,3.0,0.20186904139831627,19.24100319064456
18609,193.0,81.0,0.0,81.0,0.0,0.08603304056370302,19.32703623120826
18610,193.0,82.0,0.0,82.0,6.0,0.2380098281042837,19.565046059312543
18611,193.0,83.0,0.0,83.0,6.0,0.14418838926849195,19.709234448581036
18612,193.0,84.0,0.0,84.0,2.0,0.07183681467559985,19.781071263256635
18613,193.0,85.0,0.0,85.0,3.0,0.26702269374071647,20.048093956997352
18614,193.0,86.0,0.0,86.0,6.0,0.18788376889070377,20.235977725888056
18615,193.0,87.0,0.0,87.0,1.0,0.11959474932936898,20.355572475217425
18616,193.0,88.0,0.0,88.0,3.0,0.08963784878726973,20.445210324004695
18617,193.0,89.0,0.0,89.0,6.0,0.019802180604578484,20.465012504609273
18618,193.0,90.0,0.0,90.0,4.0,0.3505563668212525,20.815568871430525
18619,193.0,91.0,0.0,91.0,4.0,0.35662687216539196,21.172195743595918
18620,193.0,92.0,0.0,92.0,4.0,0.6630452028905913,21.835240946486508
18621,193.0,93.0,0.0,93.0,4.0,0.6928212275644872,22.528062174050994
18622,193.0,94.0,0.0,94.0,4.0,0.3815607206079411,22.909622894658934
18623,193.0,95.0,0.0,95.0,4.0,0.28973804014574706,23.19936093480468
18624,194.0,0.0,0.0,0.0,0.0,0.0,0.0
18625,194.0,1.0,0.0,1.0,1.0,0.21643836357841792,0.21643836357841792
18626,194.0,2.0,0.0,2.0,2.0,0.04195847045540713,0.2583968340338251
18627,194.0,3.0,0.0,3.0,3.0,0.0,0.2583968340338251
18628,194.0,4.0,0.0,4.0,4.0,0.3505563668212525,0.6089532008550775
18629,194.0,5.0,0.0,5.0,5.0,0.19914789524586868,0.8081010961009463
18630,194.0,6.0,0.0,6.0,6.0,0.38478252254705636,1.1928836186480027
18631,194.0,7.0,0.0,7.0,7.0,0.12980887699241067,1.3226924956404134
18632,194.0,8.0,0.0,8.0,6.0,0.7615432087357681,2.0842357043761814
18633,194.0,9.0,0.0,9.0,6.0,0.4832391209848758,2.567474825361057
18634,194.0,10.0,0.0,10.0,4.0,0.15383977509268065,2.721314600453738
18635,194.0,11.0,0.0,11.0,6.0,0.07179891276627816,2.793113513220016
18636,194.0,12.0,0.0,12.0,1.0,0.3409891715042017,3.134102684724218
18637,194.0,13.0,0.0,13.0,5.0,0.056443085324379784,3.190545770048598
18638,194.0,14.0,0.0,14.0,6.0,0.38423498309596005,3.574780753144558
18639,194.0,15.0,0.0,15.0,6.0,0.754797882045112,4.3295786351896695
18640,194.0,16.0,0.0,16.0,6.0,0.06692797541129325,4.396506610600962
18641,194.0,17.0,0.0,17.0,1.0,0.185681072301442,4.582187682902404
18642,194.0,18.0,0.0,18.0,7.0,0.08463113415129656,4.6668188170537
18643,194.0,19.0,0.0,19.0,4.0,0.45159698088013056,5.118415797933831
18644,194.0,20.0,0.0,20.0,4.0,0.0,5.118415797933831
18645,194.0,21.0,0.0,21.0,6.0,0.7330812715508707,5.851497069484702
18646,194.0,22.0,0.0,22.0,6.0,0.0,5.851497069484702
18647,194.0,23.0,0.0,23.0,6.0,0.19237477602684144,6.043871845511543
18648,194.0,24.0,0.0,24.0,2.0,0.0,6.043871845511543
18649,194.0,25.0,0.0,25.0,6.0,0.6681191236917254,6.711990969203268
18650,194.0,26.0,0.0,26.0,6.0,0.4025312660474192,7.114522235250687
18651,194.0,27.0,0.0,27.0,6.0,0.15948567313383155,7.274007908384519
18652,194.0,28.0,0.0,28.0,1.0,0.11959474932936898,7.393602657713888
18653,194.0,29.0,0.0,29.0,6.0,0.2888924503251035,7.682495108038991
18654,194.0,30.0,0.0,30.0,6.0,0.1938598477639666,7.876354955802958
18655,194.0,31.0,0.0,31.0,0.0,0.01574852489682053,7.892103480699778
18656,194.0,32.0,0.0,32.0,3.0,0.0,7.892103480699778
18657,194.0,33.0,0.0,33.0,6.0,0.36348110977950954,8.255584590479287
18658,194.0,34.0,0.0,34.0,6.0,0.0989051148392537,8.35448970531854
18659,194.0,35.0,0.0,35.0,4.0,0.12626645153161312,8.480756156850154
18660,194.0,36.0,0.0,36.0,5.0,0.09067390774368256,8.571430064593835
18661,194.0,37.0,0.0,37.0,6.0,0.09260082505258796,8.664030889646423
18662,194.0,38.0,0.0,38.0,1.0,0.38990649885735673,9.05393738850378
18663,194.0,39.0,0.0,39.0,1.0,0.9959745150176808,10.04991190352146
18664,194.0,40.0,0.0,40.0,1.0,0.1581141854724727,10.208026088993932
18665,194.0,41.0,0.0,41.0,1.0,0.23376214866150832,10.441788237655441
18666,194.0,42.0,0.0,42.0,1.0,0.7371334889638141,11.178921726619254
18667,194.0,43.0,0.0,43.0,1.0,0.1521898058916304,11.331111532510885
18668,194.0,44.0,0.0,44.0,1.0,0.40114156826807473,11.73225310077896
18669,194.0,45.0,0.0,45.0,1.0,0.0772841125499467,11.809537213328907
18670,194.0,46.0,0.0,46.0,1.0,0.236338495393307,12.045875708722214
18671,194.0,47.0,0.0,47.0,1.0,0.15694390699350397,12.202819615715718
18672,194.0,48.0,0.0,48.0,7.0,0.3632416151092178,12.566061230824936
18673,194.0,49.0,0.0,49.0,7.0,0.6415126605240132,13.207573891348948
18674,194.0,50.0,0.0,50.0,7.0,0.0,13.207573891348948
18675,194.0,51.0,0.0,51.0,7.0,0.2963231527000224,13.503897044048971
18676,194.0,52.0,0.0,52.0,6.0,0.709114106247022,14.213011150295992
18677,194.0,53.0,0.0,53.0,6.0,0.3731406200505958,14.586151770346587
18678,194.0,54.0,0.0,54.0,6.0,0.4419319569723373,15.028083727318926
18679,194.0,55.0,0.0,55.0,6.0,0.5048327715259897,15.532916498844916
18680,194.0,56.0,0.0,56.0,6.0,0.14418838926849195,15.677104888113409
18681,194.0,57.0,0.0,57.0,6.0,0.029858941276052695,15.706963829389462
18682,194.0,58.0,0.0,58.0,7.0,0.4259437601209804,16.13290758951044
18683,194.0,59.0,0.0,59.0,7.0,0.2094357913069121,16.342343380817354
18684,194.0,60.0,0.0,60.0,6.0,0.2245370227069958,16.56688040352435
18685,194.0,61.0,0.0,61.0,1.0,0.9645942569749285,17.53147466049928
18686,194.0,62.0,0.0,62.0,1.0,0.35164524988197277,17.883119910381254
18687,194.0,63.0,0.0,63.0,1.0,0.0,17.883119910381254
18688,194.0,64.0,0.0,64.0,1.0,0.028670031367413643,17.91178994174867
18689,194.0,65.0,0.0,65.0,7.0,0.0741373058509058,17.985927247599573
18690,194.0,66.0,0.0,66.0,6.0,0.528994261355651,18.514921508955226
18691,194.0,67.0,0.0,67.0,6.0,0.7074564648856323,19.222377973840857
18692,194.0,68.0,0.0,68.0,6.0,0.1350995944228713,19.35747756826373
18693,194.0,69.0,0.0,69.0,6.0,0.10821198863204971,19.46568955689578
18694,194.0,70.0,0.0,70.0,4.0,0.10013514850155053,19.56582470539733
18695,194.0,71.0,0.0,71.0,6.0,0.5609494988696637,20.126774204266994
18696,194.0,72.0,0.0,72.0,6.0,0.0,20.126774204266994
18697,194.0,73.0,0.0,73.0,1.0,0.0,20.126774204266994
18698,194.0,74.0,0.0,74.0,6.0,0.5398005436791784,20.66657474794617
18699,194.0,75.0,0.0,75.0,6.0,0.002161454739645614,20.668736202685817
18700,194.0,76.0,0.0,76.0,6.0,0.12662947121033713,20.795365673896153
18701,194.0,77.0,0.0,77.0,1.0,0.4978298030149915,21.293195476911144
18702,194.0,78.0,0.0,78.0,1.0,0.29885514167787697,21.59205061858902
18703,194.0,79.0,0.0,79.0,1.0,0.625716871682588,22.21776749027161
18704,194.0,80.0,0.0,80.0,1.0,0.4091289111380489,22.626896401409656
18705,194.0,81.0,0.0,81.0,1.0,0.24526319585689446,22.87215959726655
18706,194.0,82.0,0.0,82.0,1.0,0.7343824664965894,23.60654206376314
18707,194.0,83.0,0.0,83.0,1.0,0.31376821855801423,23.920310282321154
18708,194.0,84.0,0.0,84.0,1.0,0.23702024352928716,24.15733052585044
18709,194.0,85.0,0.0,85.0,1.0,0.17515766824041448,24.332488194090853
18710,194.0,86.0,0.0,86.0,1.0,0.0,24.332488194090853
18711,194.0,87.0,0.0,87.0,6.0,0.3152014117071101,24.647689605797964
18712,194.0,88.0,0.0,88.0,6.0,0.46761061637242407,25.11530022217039
18713,194.0,89.0,0.0,89.0,6.0,0.3045366457502025,25.419836867920594
18714,194.0,90.0,0.0,90.0,6.0,0.012576657579367172,25.43241352549996
18715,194.0,91.0,0.0,91.0,7.0,0.029232001322727855,25.46164552682269
18716,194.0,92.0,0.0,92.0,1.0,0.0,25.46164552682269
18717,194.0,93.0,0.0,93.0,6.0,0.456597589962221,25.91824311678491
18718,194.0,94.0,0.0,94.0,6.0,0.08569355050034418,26.003936667285256
18719,194.0,95.0,0.0,95.0,5.0,0.13548217890407577,26.139418846189333
18720,195.0,0.0,0.0,0.0,0.0,0.0,0.0
18721,195.0,1.0,0.0,1.0,1.0,0.0772841125499467,0.0772841125499467
18722,195.0,2.0,0.0,2.0,2.0,0.1656307552320488,0.2429148677819955
18723,195.0,3.0,0.0,3.0,3.0,0.13611159388976898,0.37902646167176446
18724,195.0,4.0,0.0,4.0,4.0,0.03244158328874442,0.41146804496050887
18725,195.0,5.0,0.0,5.0,5.0,0.001891977950375154,0.41336002291088403
18726,195.0,6.0,0.0,6.0,6.0,0.5199951664423675,0.9333551893532516
18727,195.0,7.0,0.0,7.0,7.0,0.0,0.9333551893532516
18728,195.0,8.0,0.0,8.0,6.0,0.36321665879061876,1.2965718481438704
18729,195.0,9.0,0.0,9.0,6.0,0.3116598759686686,1.608231724112539
18730,195.0,10.0,0.0,10.0,6.0,0.5064850022994652,2.1147167264120044
18731,195.0,11.0,0.0,11.0,6.0,0.5048327715259897,2.619549497937994
18732,195.0,12.0,0.0,12.0,2.0,0.0,2.619549497937994
18733,195.0,13.0,0.0,13.0,6.0,0.11636299692256234,2.7359124948605564
18734,195.0,14.0,0.0,14.0,3.0,0.26702269374071647,3.0029351886012727
18735,195.0,15.0,0.0,15.0,6.0,0.29928972735028064,3.3022249159515535
18736,195.0,16.0,0.0,16.0,1.0,0.2336797832809992,3.5359046992325527
18737,195.0,17.0,0.0,17.0,6.0,0.19275096950199988,3.7286556687345525
18738,195.0,18.0,0.0,18.0,3.0,0.0,3.7286556687345525
18739,195.0,19.0,0.0,19.0,4.0,0.15383977509268065,3.882495443827233
18740,195.0,20.0,0.0,20.0,6.0,0.1440283701753274,4.0265238140025605
18741,195.0,21.0,0.0,21.0,1.0,0.0,4.0265238140025605
18742,195.0,22.0,0.0,22.0,5.0,0.6074606983847354,4.633984512387296
18743,195.0,23.0,0.0,23.0,5.0,0.05028223153043451,4.68426674391773
18744,195.0,24.0,0.0,24.0,5.0,0.12956159087489713,4.813828334792627
18745,195.0,25.0,0.0,25.0,0.0,0.0,4.813828334792627
18746,195.0,26.0,0.0,26.0,7.0,0.24291591879383728,5.056744253586465
18747,195.0,27.0,0.0,27.0,6.0,0.02152766918353003,5.078271922769995
18748,195.0,28.0,0.0,28.0,7.0,0.0,5.078271922769995
18749,195.0,29.0,0.0,29.0,6.0,0.10776919275082603,5.186041115520821
18750,195.0,30.0,0.0,30.0,5.0,0.190094615722883,5.3761357312437035
18751,195.0,31.0,0.0,31.0,4.0,0.6166947510523849,5.992830482296088
18752,195.0,32.0,0.0,32.0,4.0,0.4262384419390214,6.419068924235109
18753,195.0,33.0,0.0,33.0,4.0,0.0,6.419068924235109
18754,195.0,34.0,0.0,34.0,4.0,0.0,6.419068924235109
18755,195.0,35.0,0.0,35.0,2.0,0.4120778195142538,6.831146743749363
18756,195.0,36.0,0.0,36.0,2.0,0.273959930967197,7.10510667471656
18757,195.0,37.0,0.0,37.0,2.0,0.537148762474358,7.642255437190919
18758,195.0,38.0,0.0,38.0,2.0,0.5913394163650157,8.233594853555934
18759,195.0,39.0,0.0,39.0,2.0,0.3083246732118922,8.541919526767826
18760,195.0,40.0,0.0,40.0,2.0,0.40138850547070165,8.943308032238528
18761,195.0,41.0,0.0,41.0,2.0,0.0009678536600830689,8.94427588589861
18762,195.0,42.0,0.0,42.0,2.0,0.4833660339380995,9.42764191983671
18763,195.0,43.0,0.0,43.0,2.0,0.08113905787797616,9.508780977714686
18764,195.0,44.0,0.0,44.0,2.0,0.0,9.508780977714686
18765,195.0,45.0,0.0,45.0,6.0,0.5609494988696637,10.06973047658435
18766,195.0,46.0,0.0,46.0,6.0,0.5211461016164569,10.590876578200808
18767,195.0,47.0,0.0,47.0,6.0,0.709114106247022,11.29999068444783
18768,195.0,48.0,0.0,48.0,6.0,0.18788376889070377,11.487874453338533
18769,195.0,49.0,0.0,49.0,6.0,0.25249491253368417,11.740369365872217
18770,195.0,50.0,0.0,50.0,6.0,0.002161454739645614,11.742530820611863
18771,195.0,51.0,0.0,51.0,6.0,0.470561563191029,12.213092383802893
18772,195.0,52.0,0.0,52.0,6.0,0.46655973523908206,12.679652119041975
18773,195.0,53.0,0.0,53.0,6.0,0.43814959519287755,13.117801714234853
18774,195.0,54.0,0.0,54.0,6.0,0.2888924503251035,13.406694164559957
18775,195.0,55.0,0.0,55.0,6.0,0.19720425874379977,13.603898423303756
18776,195.0,56.0,0.0,56.0,6.0,0.12433874510598864,13.728237168409745
18777,195.0,57.0,0.0,57.0,3.0,0.030472832457272593,13.758710000867017
18778,195.0,58.0,0.0,58.0,6.0,0.0,13.758710000867017
18779,195.0,59.0,0.0,59.0,5.0,0.07527754375067446,13.833987544617692
18780,195.0,60.0,0.0,60.0,2.0,0.1905422112228126,14.024529755840504
18781,195.0,61.0,0.0,61.0,4.0,0.005519628586349254,14.030049384426853
18782,195.0,62.0,0.0,62.0,6.0,0.40586275112066333,14.435912135547516
18783,195.0,63.0,0.0,63.0,6.0,0.45661860173922436,14.89253073728674
18784,195.0,64.0,0.0,64.0,6.0,0.2355975950006196,15.12812833228736
18785,195.0,65.0,0.0,65.0,6.0,0.36348110977950954,15.49160944206687
18786,195.0,66.0,0.0,66.0,6.0,0.3045366457502025,15.796146087817073
18787,195.0,67.0,0.0,67.0,6.0,0.10821198863204971,15.904358076449123
18788,195.0,68.0,0.0,68.0,2.0,0.043892043518105,15.948250119967227
18789,195.0,69.0,0.0,69.0,6.0,0.5398005436791784,16.488050663646405
18790,195.0,70.0,0.0,70.0,6.0,0.08569355050034418,16.57374421414675
18791,195.0,71.0,0.0,71.0,6.0,0.4025312660474192,16.976275480194168
18792,195.0,72.0,0.0,72.0,6.0,0.0,16.976275480194168
18793,195.0,73.0,0.0,73.0,1.0,0.19166078110951457,17.167936261303684
18794,195.0,74.0,0.0,74.0,6.0,0.7615432087357681,17.929479470039453
18795,195.0,75.0,0.0,75.0,6.0,0.2245370227069958,18.15401649274645
18796,195.0,76.0,0.0,76.0,6.0,0.7330812715508707,18.88709776429732
18797,195.0,77.0,0.0,77.0,6.0,0.4832391209848758,19.370336885282196
18798,195.0,78.0,0.0,78.0,6.0,0.41014276344445866,19.780479648726654
18799,195.0,79.0,0.0,79.0,6.0,0.0,19.780479648726654
18800,195.0,80.0,0.0,80.0,6.0,0.39899739331314654,20.1794770420398
18801,195.0,81.0,0.0,81.0,6.0,0.0,20.1794770420398
18802,195.0,82.0,0.0,82.0,6.0,0.45154853925075483,20.631025581290555
18803,195.0,83.0,0.0,83.0,6.0,0.15948567313383155,20.790511254424388
18804,195.0,84.0,0.0,84.0,6.0,0.012576657579367172,20.803087912003754
18805,195.0,85.0,0.0,85.0,2.0,0.11886118707131776,20.92194909907507
18806,195.0,86.0,0.0,86.0,6.0,0.1370475401392327,21.058996639214303
18807,195.0,87.0,0.0,87.0,5.0,0.490234345716472,21.549230984930777
18808,195.0,88.0,0.0,88.0,5.0,0.09069293668371073,21.639923921614486
18809,195.0,89.0,0.0,89.0,5.0,0.49945965498331496,22.1393835765978
18810,195.0,90.0,0.0,90.0,5.0,0.16528919434875355,22.304672770946553
18811,195.0,91.0,0.0,91.0,5.0,0.2305694971756699,22.53524226812222
18812,195.0,92.0,0.0,92.0,5.0,0.15886400702583056,22.69410627514805
18813,195.0,93.0,0.0,93.0,6.0,0.22700732154927955,22.92111359669733
18814,195.0,94.0,0.0,94.0,1.0,0.11675306462359378,23.037866661320926
18815,195.0,95.0,0.0,95.0,6.0,0.05187143270467871,23.089738094025606
18816,196.0,0.0,0.0,0.0,0.0,0.10101189254963196,0.10101189254963196
18817,196.0,1.0,0.0,1.0,1.0,0.7343824664965894,0.8353943590462214
18818,196.0,2.0,0.0,2.0,2.0,0.032480183465739686,0.8678745425119611
18819,196.0,3.0,0.0,3.0,3.0,0.1800108644972652,1.0478854070092263
18820,196.0,4.0,0.0,4.0,4.0,0.31800611952542285,1.3658915265346492
18821,196.0,5.0,0.0,5.0,5.0,0.07377049642032883,1.439662022954978
18822,196.0,6.0,0.0,6.0,6.0,0.2355975950006196,1.6752596179555974
18823,196.0,7.0,0.0,7.0,7.0,0.18383185769136598,1.8590914756469634
18824,196.0,8.0,0.0,8.0,1.0,0.236338495393307,2.0954299710402706
18825,196.0,9.0,0.0,9.0,1.0,0.18474591588561104,2.2801758869258815
18826,196.0,10.0,0.0,10.0,4.0,0.42565478925164,2.7058306761775217
18827,196.0,11.0,0.0,11.0,6.0,0.528994261355651,3.2348249375331726
18828,196.0,12.0,0.0,12.0,6.0,0.08326994649709853,3.318094884030271
18829,196.0,13.0,0.0,13.0,4.0,0.1365648802244922,3.4546597642547634
18830,196.0,14.0,0.0,14.0,7.0,0.14518903393281696,3.59984879818758
18831,196.0,15.0,0.0,15.0,3.0,0.0,3.59984879818758
18832,196.0,16.0,0.0,16.0,1.0,0.23702024352928716,3.8368690417168674
18833,196.0,17.0,0.0,17.0,0.0,0.04177638852618539,3.878645430243053
18834,196.0,18.0,0.0,18.0,1.0,0.185681072301442,4.064326502544495
18835,196.0,19.0,0.0,19.0,4.0,0.7468916268125877,4.811218129357083
18836,196.0,20.0,0.0,20.0,4.0,0.3845164824990986,5.195734611856182
18837,196.0,21.0,0.0,21.0,4.0,0.004890111547855993,5.2006247234040375
18838,196.0,22.0,0.0,22.0,5.0,0.07041269781241034,5.271037421216448
18839,196.0,23.0,0.0,23.0,6.0,0.5398005436791784,5.810837964895627
18840,196.0,24.0,0.0,24.0,6.0,0.46621206372626145,6.277050028621888
18841,196.0,25.0,0.0,25.0,6.0,0.5198631933975867,6.796913222019475
18842,196.0,26.0,0.0,26.0,6.0,0.29928972735028064,7.096202949369755
18843,196.0,27.0,0.0,27.0,6.0,0.019802180604578484,7.116005129974334
18844,196.0,28.0,0.0,28.0,4.0,0.3716799242424243,7.487685054216758
18845,196.0,29.0,0.0,29.0,1.0,0.15606839806007136,7.64375345227683
18846,196.0,30.0,0.0,30.0,2.0,0.5201526156790977,8.163906067955928
18847,196.0,31.0,0.0,31.0,2.0,0.0,8.163906067955928
18848,196.0,32.0,0.0,32.0,4.0,0.11081989247498787,8.274725960430915
18849,196.0,33.0,0.0,33.0,7.0,0.3191817414767788,8.593907701907694
18850,196.0,34.0,0.0,34.0,6.0,0.470561563191029,9.064469265098724
18851,196.0,35.0,0.0,35.0,6.0,0.6681191236917254,9.73258838879045
18852,196.0,36.0,0.0,36.0,6.0,0.7330812715508707,10.465669660341321
18853,196.0,37.0,0.0,37.0,6.0,0.3045366457502025,10.770206306091524
18854,196.0,38.0,0.0,38.0,6.0,0.5048327715259897,11.275039077617514
18855,196.0,39.0,0.0,39.0,6.0,0.5199951664423675,11.795034244059881
18856,196.0,40.0,0.0,40.0,6.0,0.2030643176852566,11.998098561745138
18857,196.0,41.0,0.0,41.0,6.0,0.38478252254705636,12.382881084292194
18858,196.0,42.0,0.0,42.0,6.0,0.23958507229734452,12.622466156589539
18859,196.0,43.0,0.0,43.0,6.0,0.398606424860819,13.021072581450358
18860,196.0,44.0,0.0,44.0,6.0,0.10776919275082603,13.128841774201184
18861,196.0,45.0,0.0,45.0,7.0,0.0,13.128841774201184
18862,196.0,46.0,0.0,46.0,6.0,0.40586275112066333,13.534704525321848
18863,196.0,47.0,0.0,47.0,6.0,0.41014276344445866,13.944847288766306
18864,196.0,48.0,0.0,48.0,1.0,0.09767182935369328,14.04251911812
18865,196.0,49.0,0.0,49.0,6.0,0.4025312660474192,14.445050384167418
18866,196.0,50.0,0.0,50.0,6.0,0.46120539576978026,14.906255779937199
18867,196.0,51.0,0.0,51.0,6.0,0.08473142129368774,14.990987201230887
18868,196.0,52.0,0.0,52.0,4.0,0.014489782945512395,15.005476984176399
18869,196.0,53.0,0.0,53.0,6.0,0.36348110977950954,15.368958093955909
18870,196.0,54.0,0.0,54.0,6.0,0.45661860173922436,15.825576695695133
18871,196.0,55.0,0.0,55.0,6.0,0.10821198863204971,15.933788684327183
18872,196.0,56.0,0.0,56.0,2.0,0.26727365674660486,16.201062341073786
18873,196.0,57.0,0.0,57.0,6.0,0.8206264844566112,17.021688825530397
18874,196.0,58.0,0.0,58.0,6.0,0.7615432087357681,17.783232034266167
18875,196.0,59.0,0.0,59.0,6.0,0.3731406200505958,18.156372654316762
18876,196.0,60.0,0.0,60.0,6.0,0.0,18.156372654316762
18877,196.0,61.0,0.0,61.0,6.0,0.0,18.156372654316762
18878,196.0,62.0,0.0,62.0,6.0,0.12433874510598864,18.28071139942275
18879,196.0,63.0,0.0,63.0,2.0,0.289774682159023,18.570486081581773
18880,196.0,64.0,0.0,64.0,1.0,0.2217983483299603,18.792284429911735
18881,196.0,65.0,0.0,65.0,6.0,0.18466604549596066,18.976950475407694
18882,196.0,66.0,0.0,66.0,4.0,0.22645575073161234,19.203406226139307
18883,196.0,67.0,0.0,67.0,2.0,0.1905422112228126,19.39394843736212
18884,196.0,68.0,0.0,68.0,6.0,0.0,19.39394843736212
18885,196.0,69.0,0.0,69.0,3.0,0.12846371562476425,19.522412152986885
18886,196.0,70.0,0.0,70.0,1.0,0.06877401020269108,19.591186163189576
18887,196.0,71.0,0.0,71.0,6.0,0.39899739331314654,19.99018355650272
18888,196.0,72.0,0.0,72.0,6.0,0.38423498309596005,20.374418539598683
18889,196.0,73.0,0.0,73.0,6.0,0.3116598759686686,20.68607841556735
18890,196.0,74.0,0.0,74.0,4.0,0.15027538281192757,20.836353798379278
18891,196.0,75.0,0.0,75.0,6.0,0.0,20.836353798379278
18892,196.0,76.0,0.0,76.0,5.0,0.23571743285633687,21.072071231235615
18893,196.0,77.0,0.0,77.0,0.0,0.0,21.072071231235615
18894,196.0,78.0,0.0,78.0,2.0,0.15436321182083243,21.226434443056448
18895,196.0,79.0,0.0,79.0,6.0,0.012576657579367172,21.239011100635814
18896,196.0,80.0,0.0,80.0,5.0,0.5504746613797407,21.789485762015556
18897,196.0,81.0,0.0,81.0,5.0,0.0,21.789485762015556
18898,196.0,82.0,0.0,82.0,4.0,0.062174288129666674,21.851660050145224
18899,196.0,83.0,0.0,83.0,7.0,0.8098490283050879,22.66150907845031
18900,196.0,84.0,0.0,84.0,7.0,0.0,22.66150907845031
18901,196.0,85.0,0.0,85.0,7.0,0.21288313045197185,22.874392208902282
18902,196.0,86.0,0.0,86.0,7.0,0.0,22.874392208902282
18903,196.0,87.0,0.0,87.0,6.0,0.709114106247022,23.583506315149304
18904,196.0,88.0,0.0,88.0,6.0,0.0,23.583506315149304
18905,196.0,89.0,0.0,89.0,6.0,0.525530725813632,24.109037040962935
18906,196.0,90.0,0.0,90.0,6.0,0.14053761898862807,24.249574659951563
18907,196.0,91.0,0.0,91.0,5.0,0.4034908793754677,24.65306553932703
18908,196.0,92.0,0.0,92.0,5.0,0.07527754375067446,24.728343083077704
18909,196.0,93.0,0.0,93.0,6.0,0.19720425874379977,24.925547341821503
18910,196.0,94.0,0.0,94.0,6.0,0.06692797541129325,24.992475317232795
18911,196.0,95.0,0.0,95.0,1.0,0.14690456218978679,25.13937987942258
18912,197.0,0.0,0.0,0.0,0.0,0.16628996392507772,0.16628996392507772
18913,197.0,1.0,0.0,1.0,1.0,0.2975171656525792,0.4638071295776569
18914,197.0,2.0,0.0,2.0,2.0,0.38831574574861955,0.8521228753262764
18915,197.0,3.0,0.0,3.0,3.0,0.12261651967535435,0.9747393950016308
18916,197.0,4.0,0.0,4.0,4.0,0.4202049514706216,1.3949443464722524
18917,197.0,5.0,0.0,5.0,5.0,0.3041591797941908,1.6991035262664433
18918,197.0,6.0,0.0,6.0,6.0,0.18466604549596066,1.8837695717624041
18919,197.0,7.0,0.0,7.0,7.0,0.0,1.8837695717624041
18920,197.0,8.0,0.0,8.0,4.0,0.11081989247498787,1.994589464237392
18921,197.0,9.0,0.0,9.0,2.0,0.0,1.994589464237392
18922,197.0,10.0,0.0,10.0,5.0,0.1011811837154788,2.095770647952871
18923,197.0,11.0,0.0,11.0,1.0,0.18420213317850265,2.2799727811313737
18924,197.0,12.0,0.0,12.0,6.0,0.18216968160881716,2.4621424627401907
18925,197.0,13.0,0.0,13.0,0.0,0.0,2.4621424627401907
18926,197.0,14.0,0.0,14.0,3.0,0.3437000409382609,2.8058425036784516
18927,197.0,15.0,0.0,15.0,4.0,0.15590532879380598,2.9617478324722577
18928,197.0,16.0,0.0,16.0,1.0,0.3409891715042017,3.3027370039764596
18929,197.0,17.0,0.0,17.0,3.0,0.7077056663835212,4.010442670359981
18930,197.0,18.0,0.0,18.0,3.0,0.27979422998214515,4.290236900342126
18931,197.0,19.0,0.0,19.0,3.0,0.21444009859115623,4.504676998933283
18932,197.0,20.0,0.0,20.0,1.0,0.09468128799662574,4.599358286929909
18933,197.0,21.0,0.0,21.0,3.0,0.042142145651259406,4.641500432581168
18934,197.0,22.0,0.0,22.0,5.0,0.1405045273169124,4.782004959898081
18935,197.0,23.0,0.0,23.0,2.0,0.25637356125238836,5.038378521150469
18936,197.0,24.0,0.0,24.0,6.0,0.23042860433100323,5.268807125481472
18937,197.0,25.0,0.0,25.0,4.0,0.0,5.268807125481472
18938,197.0,26.0,0.0,26.0,2.0,0.153056971216033,5.421864096697505
18939,197.0,27.0,0.0,27.0,7.0,0.0741373058509058,5.496001402548411
18940,197.0,28.0,0.0,28.0,3.0,0.6774497976451884,6.1734512001935995
18941,197.0,29.0,0.0,29.0,3.0,0.19321782807184884,6.366669028265449
18942,197.0,30.0,0.0,30.0,3.0,0.06695124930527994,6.4336202775707285
18943,197.0,31.0,0.0,31.0,6.0,0.41014276344445866,6.843763041015187
18944,197.0,32.0,0.0,32.0,6.0,0.0,6.843763041015187
18945,197.0,33.0,0.0,33.0,1.0,0.0,6.843763041015187
18946,197.0,34.0,0.0,34.0,5.0,0.0,6.843763041015187
18947,197.0,35.0,0.0,35.0,3.0,0.0,6.843763041015187
18948,197.0,36.0,0.0,36.0,2.0,0.19935097092522613,7.043114011940413
18949,197.0,37.0,0.0,37.0,0.0,0.0,7.043114011940413
18950,197.0,38.0,0.0,38.0,6.0,0.9633601102069204,8.006474122147333
18951,197.0,39.0,0.0,39.0,6.0,0.11636299692256234,8.122837119069896
18952,197.0,40.0,0.0,40.0,6.0,0.1938598477639666,8.316696966833863
18953,197.0,41.0,0.0,41.0,6.0,0.4419319569723373,8.758628923806201
18954,197.0,42.0,0.0,42.0,6.0,0.29928972735028064,9.057918651156482
18955,197.0,43.0,0.0,43.0,6.0,0.709114106247022,9.767032757403504
18956,197.0,44.0,0.0,44.0,6.0,0.2676282183690528,10.034660975772557
18957,197.0,45.0,0.0,45.0,6.0,0.25249491253368417,10.287155888306241
18958,197.0,46.0,0.0,46.0,6.0,0.2690884433507071,10.556244331656949
18959,197.0,47.0,0.0,47.0,6.0,0.38478252254705636,10.941026854204004
18960,197.0,48.0,0.0,48.0,6.0,0.18788376889070377,11.128910623094708
18961,197.0,49.0,0.0,49.0,6.0,0.0,11.128910623094708
18962,197.0,50.0,0.0,50.0,2.0,0.5913394163650157,11.720250039459723
18963,197.0,51.0,0.0,51.0,2.0,0.0,11.720250039459723
18964,197.0,52.0,0.0,52.0,3.0,0.0,11.720250039459723
18965,197.0,53.0,0.0,53.0,4.0,0.0,11.720250039459723
18966,197.0,54.0,0.0,54.0,6.0,0.1440283701753274,11.86427840963505
18967,197.0,55.0,0.0,55.0,2.0,0.3083246732118922,12.172603082846942
18968,197.0,56.0,0.0,56.0,2.0,0.26727365674660486,12.439876739593547
18969,197.0,57.0,0.0,57.0,6.0,0.08900059238186646,12.528877331975414
18970,197.0,58.0,0.0,58.0,2.0,0.1905422112228126,12.719419543198226
18971,197.0,59.0,0.0,59.0,1.0,0.0,12.719419543198226
18972,197.0,60.0,0.0,60.0,6.0,0.308924290481592,13.028343833679818
18973,197.0,61.0,0.0,61.0,2.0,0.2641208848836428,13.29246471856346
18974,197.0,62.0,0.0,62.0,6.0,0.36321665879061876,13.655681377354078
18975,197.0,63.0,0.0,63.0,6.0,0.45863258329410067,14.114313960648179
18976,197.0,64.0,0.0,64.0,6.0,0.19275096950199988,14.30706493015018
18977,197.0,65.0,0.0,65.0,6.0,0.0,14.30706493015018
18978,197.0,66.0,0.0,66.0,3.0,0.003936487151784531,14.311001417301965
18979,197.0,67.0,0.0,67.0,7.0,0.008325910589010882,14.319327327890976
18980,197.0,68.0,0.0,68.0,2.0,0.043892043518105,14.36321937140908
18981,197.0,69.0,0.0,69.0,5.0,0.0,14.36321937140908
18982,197.0,70.0,0.0,70.0,6.0,0.012116503352960235,14.37533587476204
18983,197.0,71.0,0.0,71.0,6.0,0.15948567313383155,14.534821547895872
18984,197.0,72.0,0.0,72.0,2.0,0.1656307552320488,14.700452303127921
18985,197.0,73.0,0.0,73.0,3.0,0.5254767966993704,15.225929099827292
18986,197.0,74.0,0.0,74.0,3.0,0.07352085026470992,15.299449950092002
18987,197.0,75.0,0.0,75.0,3.0,0.48312616217283766,15.78257611226484
18988,197.0,76.0,0.0,76.0,3.0,0.2794877389564897,16.06206385122133
18989,197.0,77.0,0.0,77.0,3.0,0.3394391447328553,16.401502995954182
18990,197.0,78.0,0.0,78.0,3.0,0.2656910608312819,16.667194056785466
18991,197.0,79.0,0.0,79.0,3.0,0.0,16.667194056785466
18992,197.0,80.0,0.0,80.0,4.0,0.15383977509268065,16.821033831878147
18993,197.0,81.0,0.0,81.0,6.0,0.46621206372626145,17.287245895604407
18994,197.0,82.0,0.0,82.0,6.0,0.08326994649709853,17.370515842101504
18995,197.0,83.0,0.0,83.0,3.0,0.0,17.370515842101504
18996,197.0,84.0,0.0,84.0,6.0,0.0206337541478017,17.391149596249306
18997,197.0,85.0,0.0,85.0,1.0,0.26917241091670174,17.66032200716601
18998,197.0,86.0,0.0,86.0,1.0,0.11675306462359378,17.777075071789604
18999,197.0,87.0,0.0,87.0,2.0,0.5201526156790977,18.297227687468702
19000,197.0,88.0,0.0,88.0,2.0,0.11327101634064082,18.410498703809342
19001,197.0,89.0,0.0,89.0,2.0,0.4604115321070168,18.87091023591636
19002,197.0,90.0,0.0,90.0,2.0,0.038723990899334274,18.909634226815694
19003,197.0,91.0,0.0,91.0,2.0,0.5927850394971269,19.50241926631282
19004,197.0,92.0,0.0,92.0,2.0,0.0,19.50241926631282
19005,197.0,93.0,0.0,93.0,2.0,0.273959930967197,19.77637919728002
19006,197.0,94.0,0.0,94.0,2.0,0.0,19.77637919728002
19007,197.0,95.0,0.0,95.0,6.0,0.0,19.77637919728002
19008,198.0,0.0,0.0,0.0,0.0,0.0,0.0
19009,198.0,1.0,0.0,1.0,1.0,0.09468128799662574,0.09468128799662574
19010,198.0,2.0,0.0,2.0,2.0,0.20166360592346178,0.2963448939200875
19011,198.0,3.0,0.0,3.0,3.0,0.0,0.2963448939200875
19012,198.0,4.0,0.0,4.0,4.0,0.0,0.2963448939200875
19013,198.0,5.0,0.0,5.0,5.0,0.26795080419067996,0.5642956981107674
19014,198.0,6.0,0.0,6.0,6.0,0.46120539576978026,1.0255010938805476
19015,198.0,7.0,0.0,7.0,7.0,0.05537060155804675,1.0808716954385944
19016,198.0,8.0,0.0,8.0,6.0,0.41014276344445866,1.4910144588830532
19017,198.0,9.0,0.0,9.0,6.0,0.7330812715508707,2.2240957304339237
19018,198.0,10.0,0.0,10.0,6.0,0.14053761898862807,2.3646333494225518
19019,198.0,11.0,0.0,11.0,5.0,0.1208852646021139,2.4855186140246657
19020,198.0,12.0,0.0,12.0,2.0,0.15868138789215788,2.6442000019168237
19021,198.0,13.0,0.0,13.0,6.0,0.04941931180611817,2.693619313722942
19022,198.0,14.0,0.0,14.0,1.0,0.03476387852119797,2.7283831922441397
19023,198.0,15.0,0.0,15.0,6.0,0.12662947121033713,2.855012663454477
19024,198.0,16.0,0.0,16.0,7.0,0.08816257292987052,2.9431752363843477
19025,198.0,17.0,0.0,17.0,5.0,0.22127064602955218,3.1644458824139
19026,198.0,18.0,0.0,18.0,2.0,0.08011626779528125,3.2445621502091813
19027,198.0,19.0,0.0,19.0,6.0,0.5398005436791784,3.78436269388836
19028,198.0,20.0,0.0,20.0,6.0,0.08473142129368774,3.8690941151820475
19029,198.0,21.0,0.0,21.0,0.0,0.0,3.8690941151820475
19030,198.0,22.0,0.0,22.0,3.0,0.10567512643772035,3.974769241619768
19031,198.0,23.0,0.0,23.0,4.0,0.23110148611791392,4.205870727737682
19032,198.0,24.0,0.0,24.0,6.0,0.030996621679545998,4.236867349417228
19033,198.0,25.0,0.0,25.0,5.0,0.0,4.236867349417228
19034,198.0,26.0,0.0,26.0,4.0,0.3378213837210231,4.574688733138251
19035,198.0,27.0,0.0,27.0,4.0,0.5401870119994172,5.114875745137668
19036,198.0,28.0,0.0,28.0,4.0,0.181316232947323,5.29619197808499
19037,198.0,29.0,0.0,29.0,4.0,0.3628567677526115,5.659048745837602
19038,198.0,30.0,0.0,30.0,4.0,0.062174288129666674,5.721223033967268
19039,198.0,31.0,0.0,31.0,6.0,0.0,5.721223033967268
19040,198.0,32.0,0.0,32.0,2.0,0.025277121047566284,5.746500155014835
19041,198.0,33.0,0.0,33.0,4.0,0.020723335122281958,5.767223490137117
19042,198.0,34.0,0.0,34.0,7.0,0.0512601046839897,5.818483594821107
19043,198.0,35.0,0.0,35.0,1.0,0.14788550522949867,5.966369100050605
19044,198.0,36.0,0.0,36.0,6.0,0.0206337541478017,5.9870028541984075
19045,198.0,37.0,0.0,37.0,3.0,0.07153296251594632,6.058535816714354
19046,198.0,38.0,0.0,38.0,5.0,0.49945965498331496,6.5579954716976685
19047,198.0,39.0,0.0,39.0,5.0,0.24447138445430638,6.802466856151975
19048,198.0,40.0,0.0,40.0,5.0,0.0,6.802466856151975
19049,198.0,41.0,0.0,41.0,4.0,0.3406652420848293,7.143132098236804
19050,198.0,42.0,0.0,42.0,4.0,0.07493619689443067,7.218068295131235
19051,198.0,43.0,0.0,43.0,6.0,0.39899739331314654,7.617065688444381
19052,198.0,44.0,0.0,44.0,6.0,0.10821198863204971,7.725277677076431
19053,198.0,45.0,0.0,45.0,5.0,0.13538863996928308,7.860666317045713
19054,198.0,46.0,0.0,46.0,1.0,0.2336797832809992,8.094346100326712
19055,198.0,47.0,0.0,47.0,1.0,0.04317602104936086,8.137522121376072
19056,198.0,48.0,0.0,48.0,6.0,0.1350995944228713,8.272621715798945
19057,198.0,49.0,0.0,49.0,4.0,0.14305431294694723,8.415676028745892
19058,198.0,50.0,0.0,50.0,2.0,0.08113905787797616,8.496815086623869
19059,198.0,51.0,0.0,51.0,6.0,0.45154853925075483,8.948363625874624
19060,198.0,52.0,0.0,52.0,6.0,0.2030643176852566,9.15142794355988
19061,198.0,53.0,0.0,53.0,6.0,0.0,9.15142794355988
19062,198.0,54.0,0.0,54.0,5.0,0.07695982053318112,9.228387764093062
19063,198.0,55.0,0.0,55.0,4.0,0.15383977509268065,9.382227539185743
19064,198.0,56.0,0.0,56.0,7.0,0.26958034497069683,9.65180788415644
19065,198.0,57.0,0.0,57.0,7.0,0.15884992243992793,9.810657806596367
19066,198.0,58.0,0.0,58.0,0.0,0.3052502660187513,10.115908072615118
19067,198.0,59.0,0.0,59.0,0.0,0.22870024692555282,10.344608319540672
19068,198.0,60.0,0.0,60.0,0.0,0.13959975313410164,10.484208072674774
19069,198.0,61.0,0.0,61.0,0.0,0.14603725991723326,10.630245332592008
19070,198.0,62.0,0.0,62.0,6.0,0.04396724673097683,10.674212579322985
19071,198.0,63.0,0.0,63.0,4.0,0.05778005683271747,10.731992636155702
19072,198.0,64.0,0.0,64.0,7.0,0.3191817414767788,11.051174377632481
19073,198.0,65.0,0.0,65.0,7.0,0.18383185769136598,11.235006235323848
19074,198.0,66.0,0.0,66.0,7.0,0.15961076329720134,11.39461699862105
19075,198.0,67.0,0.0,67.0,3.0,0.0,11.39461699862105
19076,198.0,68.0,0.0,68.0,0.0,0.20745119701015383,11.602068195631205
19077,198.0,69.0,0.0,69.0,5.0,0.0,11.602068195631205
19078,198.0,70.0,0.0,70.0,7.0,0.0,11.602068195631205
19079,198.0,71.0,0.0,71.0,6.0,0.08544920153663012,11.687517397167834
19080,198.0,72.0,0.0,72.0,0.0,0.19270071571413808,11.880218112881973
19081,198.0,73.0,0.0,73.0,1.0,0.14300684882151335,12.023224961703487
19082,198.0,74.0,0.0,74.0,2.0,0.41746763913831586,12.440692600841803
19083,198.0,75.0,0.0,75.0,2.0,0.0,12.440692600841803
19084,198.0,76.0,0.0,76.0,4.0,0.31800611952542285,12.758698720367226
19085,198.0,77.0,0.0,77.0,4.0,0.3541487541408539,13.11284747450808
19086,198.0,78.0,0.0,78.0,4.0,0.6166947510523849,13.729542225560465
19087,198.0,79.0,0.0,79.0,4.0,0.3716799242424243,14.10122214980289
19088,198.0,80.0,0.0,80.0,4.0,0.01616105790717103,14.117383207710061
19089,198.0,81.0,0.0,81.0,4.0,0.6296318563139507,14.747015064024012
19090,198.0,82.0,0.0,82.0,4.0,0.3482376111706019,15.095252675194613
19091,198.0,83.0,0.0,83.0,4.0,0.4262384419390214,15.521491117133635
19092,198.0,84.0,0.0,84.0,4.0,0.08739218446663143,15.608883301600267
19093,198.0,85.0,0.0,85.0,4.0,0.2459794118468931,15.85486271344716
19094,198.0,86.0,0.0,86.0,4.0,0.5189731442966758,16.373835857743835
19095,198.0,87.0,0.0,87.0,4.0,0.20497945959324024,16.578815317337074
19096,198.0,88.0,0.0,88.0,4.0,0.041223720141801624,16.620039037478875
19097,198.0,89.0,0.0,89.0,4.0,0.0,16.620039037478875
19098,198.0,90.0,0.0,90.0,4.0,0.22645575073161234,16.84649478821049
19099,198.0,91.0,0.0,91.0,4.0,0.1365648802244922,16.98305966843498
19100,198.0,92.0,0.0,92.0,4.0,0.28973804014574706,17.272797708580725
19101,198.0,93.0,0.0,93.0,4.0,0.19670552128951685,17.46950322987024
19102,198.0,94.0,0.0,94.0,4.0,0.35410539327964946,17.82360862314989
19103,198.0,95.0,0.0,95.0,4.0,0.08483909213874269,17.908447715288634
19104,199.0,0.0,0.0,0.0,0.0,0.10953556120793838,0.10953556120793838
19105,199.0,1.0,0.0,1.0,1.0,0.44922488554479406,0.5587604467527324
19106,199.0,2.0,0.0,2.0,2.0,0.08011626779528125,0.6388767145480136
19107,199.0,3.0,0.0,3.0,3.0,0.08263274320301577,0.7215094577510294
19108,199.0,4.0,0.0,4.0,4.0,0.03244158328874442,0.7539510410397738
19109,199.0,5.0,0.0,5.0,5.0,0.18916438735281615,0.94311542839259
19110,199.0,6.0,0.0,6.0,6.0,0.0,0.94311542839259
19111,199.0,7.0,0.0,7.0,7.0,0.6415126605240132,1.5846280889166033
19112,199.0,8.0,0.0,8.0,7.0,0.24291591879383728,1.8275440077104406
19113,199.0,9.0,0.0,9.0,1.0,0.27119035406226066,2.098734361772701
19114,199.0,10.0,0.0,10.0,7.0,0.13016600678161144,2.2289003685543123
19115,199.0,11.0,0.0,11.0,1.0,0.39919928454817294,2.628099653102485
19116,199.0,12.0,0.0,12.0,5.0,0.07826673374384487,2.70636638684633
19117,199.0,13.0,0.0,13.0,1.0,0.05668020652621607,2.7630465933725463
19118,199.0,14.0,0.0,14.0,7.0,0.3191817414767788,3.082228334849325
19119,199.0,15.0,0.0,15.0,0.0,0.04220093898319513,3.12442927383252
19120,199.0,16.0,0.0,16.0,7.0,0.6820921113526627,3.8065213851851825
19121,199.0,17.0,0.0,17.0,7.0,0.3497936611859112,4.156315046371094
19122,199.0,18.0,0.0,18.0,7.0,0.0,4.156315046371094
19123,199.0,19.0,0.0,19.0,3.0,0.0,4.156315046371094
19124,199.0,20.0,0.0,20.0,2.0,0.16196479063327046,4.318279837004364
19125,199.0,21.0,0.0,21.0,1.0,0.031550322030998015,4.349830159035362
19126,199.0,22.0,0.0,22.0,4.0,0.15590532879380598,4.505735487829168
19127,199.0,23.0,0.0,23.0,7.0,0.2442715151719623,4.75000700300113
19128,199.0,24.0,0.0,24.0,7.0,0.14518903393281696,4.895196036933947
19129,199.0,25.0,0.0,25.0,6.0,0.08900059238186646,4.9841966293158135
19130,199.0,26.0,0.0,26.0,5.0,0.0,4.9841966293158135
19131,199.0,27.0,0.0,27.0,2.0,0.1731947690353173,5.157391398351131
19132,199.0,28.0,0.0,28.0,7.0,0.0,5.157391398351131
19133,199.0,29.0,0.0,29.0,1.0,0.27391822828331297,5.4313096266344445
19134,199.0,30.0,0.0,30.0,1.0,0.640526367398124,6.071835994032568
19135,199.0,31.0,0.0,31.0,1.0,0.14300684882151335,6.214842842854082
19136,199.0,32.0,0.0,32.0,1.0,0.35845450021337216,6.573297343067454
19137,199.0,33.0,0.0,33.0,1.0,0.39051636555348407,6.963813708620938
19138,199.0,34.0,0.0,34.0,1.0,0.1122698472049673,7.076083555825905
19139,199.0,35.0,0.0,35.0,4.0,0.2965977540714963,7.372681309897401
19140,199.0,36.0,0.0,36.0,4.0,0.0,7.372681309897401
19141,199.0,37.0,0.0,37.0,1.0,0.0,7.372681309897401
19142,199.0,38.0,0.0,38.0,7.0,0.0,7.372681309897401
19143,199.0,39.0,0.0,39.0,0.0,0.17361444276394056,7.546295752661342
19144,199.0,40.0,0.0,40.0,2.0,0.2992414906149762,7.845537243276318
19145,199.0,41.0,0.0,41.0,2.0,0.0,7.845537243276318
19146,199.0,42.0,0.0,42.0,1.0,0.4208360768007997,8.266373320077118
19147,199.0,43.0,0.0,43.0,1.0,0.236338495393307,8.502711815470425
19148,199.0,44.0,0.0,44.0,1.0,0.055820590489851885,8.558532405960277
19149,199.0,45.0,0.0,45.0,7.0,0.10038865027494817,8.658921056235224
19150,199.0,46.0,0.0,46.0,6.0,0.09260082505258796,8.751521881287811
19151,199.0,47.0,0.0,47.0,0.0,0.0,8.751521881287811
19152,199.0,48.0,0.0,48.0,3.0,0.042142145651259406,8.793664026939071
19153,199.0,49.0,0.0,49.0,1.0,0.3177036958205914,9.111367722759663
19154,199.0,50.0,0.0,50.0,1.0,0.2217983483299603,9.333166071089623
19155,199.0,51.0,0.0,51.0,7.0,0.0,9.333166071089623
19156,199.0,52.0,0.0,52.0,1.0,0.028670031367413643,9.361836102457037
19157,199.0,53.0,0.0,53.0,5.0,0.0,9.361836102457037
19158,199.0,54.0,0.0,54.0,4.0,0.01616105790717103,9.377997160364208
19159,199.0,55.0,0.0,55.0,2.0,0.11886118707131776,9.496858347435525
19160,199.0,56.0,0.0,56.0,1.0,0.15694390699350397,9.65380225442903
19161,199.0,57.0,0.0,57.0,7.0,0.0,9.65380225442903
19162,199.0,58.0,0.0,58.0,1.0,0.40114156826807473,10.054943822697105
19163,199.0,59.0,0.0,59.0,1.0,0.35164524988197277,10.406589072579077
19164,199.0,60.0,0.0,60.0,1.0,0.18420213317850265,10.59079120575758
19165,199.0,61.0,0.0,61.0,1.0,0.5325149437924254,11.123306149550004
19166,199.0,62.0,0.0,62.0,1.0,0.7371334889638141,11.860439638513817
19167,199.0,63.0,0.0,63.0,1.0,0.09468128799662574,11.955120926510443
19168,199.0,64.0,0.0,64.0,1.0,0.26917241091670174,12.224293337427145
19169,199.0,65.0,0.0,65.0,1.0,0.0,12.224293337427145
19170,199.0,66.0,0.0,66.0,1.0,0.11338444405026506,12.33767778147741
19171,199.0,67.0,0.0,67.0,1.0,0.9959745150176808,13.33365229649509
19172,199.0,68.0,0.0,68.0,1.0,0.21774518083343142,13.551397477328521
19173,199.0,69.0,0.0,69.0,1.0,0.3461068524360502,13.89750432976457
19174,199.0,70.0,0.0,70.0,1.0,0.04845925959332829,13.945963589357898
19175,199.0,71.0,0.0,71.0,1.0,0.10131102734794921,14.047274616705847
19176,199.0,72.0,0.0,72.0,1.0,0.0,14.047274616705847
19177,199.0,73.0,0.0,73.0,1.0,0.0930474388599168,14.140322055565765
19178,199.0,74.0,0.0,74.0,6.0,0.10776919275082603,14.248091248316591
19179,199.0,75.0,0.0,75.0,1.0,0.7864352531193769,15.034526501435968
19180,199.0,76.0,0.0,76.0,1.0,0.11896244309851166,15.15348894453448
19181,199.0,77.0,0.0,77.0,1.0,0.5191650371090091,15.672653981643489
19182,199.0,78.0,0.0,78.0,1.0,0.1521898058916304,15.82484378753512
19183,199.0,79.0,0.0,79.0,1.0,0.43077514535649875,16.25561893289162
19184,199.0,80.0,0.0,80.0,1.0,0.05727556146362054,16.312894494355238
19185,199.0,81.0,0.0,81.0,1.0,0.32124548368694295,16.63413997804218
19186,199.0,82.0,0.0,82.0,1.0,0.0,16.63413997804218
19187,199.0,83.0,0.0,83.0,2.0,0.5201526156790977,17.15429259372128
19188,199.0,84.0,0.0,84.0,2.0,0.0,17.15429259372128
19189,199.0,85.0,0.0,85.0,2.0,0.19935097092522613,17.353643564646507
19190,199.0,86.0,0.0,86.0,1.0,0.0,17.353643564646507
19191,199.0,87.0,0.0,87.0,2.0,0.38831574574861955,17.741959310395128
19192,199.0,88.0,0.0,88.0,2.0,0.11327101634064082,17.855230326735768
19193,199.0,89.0,0.0,89.0,7.0,0.041228864090092084,17.89645919082586
19194,199.0,90.0,0.0,90.0,2.0,0.3083246732118922,18.20478386403775
19195,199.0,91.0,0.0,91.0,2.0,0.27508209868767286,18.479865962725423
19196,199.0,92.0,0.0,92.0,2.0,0.0,18.479865962725423
19197,199.0,93.0,0.0,93.0,1.0,0.39739577573671786,18.877261738462142
19198,199.0,94.0,0.0,94.0,1.0,0.21643836357841792,19.09370010204056
19199,199.0,95.0,0.0,95.0,1.0,0.11959474932936898,19.21329485136993
